{"date": "2024/10/08/, 15:43:46", "conf_id": 9, "data_type": "random\n", "num_data_points": 1, "s_rank": 0, "unitary": "[[-0.24866696+0.58742286j,-0.44704345-0.43151574j,-0.35669027-0.20570733j,-0.10517633+0.1626036j],[0.10596805-0.19687975j,-0.30269685-0.15056416j,0.18246286+0.30440582j,-0.83484447-0.11310748j],[0.26054512-0.52548482j,0.0285017-0.50723956j,-0.43110112+0.17165838j,0.15243271+0.39915801j],[0.42978035+0.11991271j,-0.17224126-0.46030424j,0.6827807-0.15164662j,0.26483638+0.0061855j]]", "databatch_0": {"databatch": "[[[-0.05012474+0.22127544j,0.12734145-0.15668901j,0.02782199+0.05051984j,-0.16151511+0.37167767j],[0.14567095+0.110306j,-0.11281021-0.05375086j,-0.01639116-0.04239441j,0.27927989+0.50898365j],[0.18634099-0.03919098j,-0.20605792-0.02393237j,0.0197494-0.07138802j,0.27750977+0.10162602j],[-0.12051519+0.06068917j,0.06497505-0.01559109j,0.00380134-0.00675199j,-0.37686039+0.1232733j]]]", "initial param values": "[4.11900788,1.2204184,0.20322754,1.71054189,1.03417006,3.80066301]", "nelder_mead": {"type": "gradient-free", "0": {"maxiter": 100, "fatol": 1e-05, "xatol": 1e-05, "duration": 0.04637789726257324, "fun": "0.25354631843152764", "nit": "100", "nfev": "161", "status": "2", "success": "False", "message": "Maximum number of iterations has been exceeded.", "x": "[7.66640364 0.79138694 0.02542115 2.63874298 1.23261563 4.48516553]", "final_simplex": "(array([[7.66640364, 0.79138694, 0.02542115, 2.63874298, 1.23261563,\n        4.48516553],\n       [7.75524094, 0.81062059, 0.01869815, 2.59696014, 1.20844233,\n        4.63015673],\n       [7.64862801, 0.7836067 , 0.02288006, 2.63450309, 1.24047387,\n        4.58111958],\n       [7.59814205, 0.77696205, 0.0294646 , 2.61081242, 1.24060256,\n        4.45918212],\n       [7.66838606, 0.72847026, 0.02315044, 2.62747315, 1.28634301,\n        4.55916843],\n       [7.56543558, 0.71933415, 0.02196078, 2.68652928, 1.30043177,\n        4.53940953],\n       [7.73399772, 0.72492041, 0.0166251 , 2.67408903, 1.28241627,\n        4.60810184]]), array([0.25354632, 0.25382615, 0.25388907, 0.25442757, 0.2553759 ,\n       0.25566193, 0.25606453]))", "callback": [0.980210471883321, 0.6576326215975662, 0.5651135043699718, 0.5454651378087879, 0.38774859443818877, 0.29987333952987205, 0.29063172598656917, 0.2624660258290912, 0.25902678292082304, 0.2561646433784184]}, "1": {"maxiter": 100, "fatol": 1e-05, "xatol": 1e-10, "duration": 0.03534412384033203, "fun": "0.25354631843152764", "nit": "100", "nfev": "161", "status": "2", "success": "False", "message": "Maximum number of iterations has been exceeded.", "x": "[7.66640364 0.79138694 0.02542115 2.63874298 1.23261563 4.48516553]", "final_simplex": "(array([[7.66640364, 0.79138694, 0.02542115, 2.63874298, 1.23261563,\n        4.48516553],\n       [7.75524094, 0.81062059, 0.01869815, 2.59696014, 1.20844233,\n        4.63015673],\n       [7.64862801, 0.7836067 , 0.02288006, 2.63450309, 1.24047387,\n        4.58111958],\n       [7.59814205, 0.77696205, 0.0294646 , 2.61081242, 1.24060256,\n        4.45918212],\n       [7.66838606, 0.72847026, 0.02315044, 2.62747315, 1.28634301,\n        4.55916843],\n       [7.56543558, 0.71933415, 0.02196078, 2.68652928, 1.30043177,\n        4.53940953],\n       [7.73399772, 0.72492041, 0.0166251 , 2.67408903, 1.28241627,\n        4.60810184]]), array([0.25354632, 0.25382615, 0.25388907, 0.25442757, 0.2553759 ,\n       0.25566193, 0.25606453]))", "callback": [0.980210471883321, 0.6576326215975662, 0.5651135043699718, 0.5454651378087879, 0.38774859443818877, 0.29987333952987205, 0.29063172598656917, 0.2624660258290912, 0.25902678292082304, 0.2561646433784184]}, "2": {"maxiter": 100, "fatol": 1e-10, "xatol": 1e-05, "duration": 0.03867602348327637, "fun": "0.25354631843152764", "nit": "100", "nfev": "161", "status": "2", "success": "False", "message": "Maximum number of iterations has been exceeded.", "x": "[7.66640364 0.79138694 0.02542115 2.63874298 1.23261563 4.48516553]", "final_simplex": "(array([[7.66640364, 0.79138694, 0.02542115, 2.63874298, 1.23261563,\n        4.48516553],\n       [7.75524094, 0.81062059, 0.01869815, 2.59696014, 1.20844233,\n        4.63015673],\n       [7.64862801, 0.7836067 , 0.02288006, 2.63450309, 1.24047387,\n        4.58111958],\n       [7.59814205, 0.77696205, 0.0294646 , 2.61081242, 1.24060256,\n        4.45918212],\n       [7.66838606, 0.72847026, 0.02315044, 2.62747315, 1.28634301,\n        4.55916843],\n       [7.56543558, 0.71933415, 0.02196078, 2.68652928, 1.30043177,\n        4.53940953],\n       [7.73399772, 0.72492041, 0.0166251 , 2.67408903, 1.28241627,\n        4.60810184]]), array([0.25354632, 0.25382615, 0.25388907, 0.25442757, 0.2553759 ,\n       0.25566193, 0.25606453]))", "callback": [0.980210471883321, 0.6576326215975662, 0.5651135043699718, 0.5454651378087879, 0.38774859443818877, 0.29987333952987205, 0.29063172598656917, 0.2624660258290912, 0.25902678292082304, 0.2561646433784184]}, "3": {"maxiter": 100, "fatol": 1e-10, "xatol": 1e-10, "duration": 0.04240107536315918, "fun": "0.25354631843152764", "nit": "100", "nfev": "161", "status": "2", "success": "False", "message": "Maximum number of iterations has been exceeded.", "x": "[7.66640364 0.79138694 0.02542115 2.63874298 1.23261563 4.48516553]", "final_simplex": "(array([[7.66640364, 0.79138694, 0.02542115, 2.63874298, 1.23261563,\n        4.48516553],\n       [7.75524094, 0.81062059, 0.01869815, 2.59696014, 1.20844233,\n        4.63015673],\n       [7.64862801, 0.7836067 , 0.02288006, 2.63450309, 1.24047387,\n        4.58111958],\n       [7.59814205, 0.77696205, 0.0294646 , 2.61081242, 1.24060256,\n        4.45918212],\n       [7.66838606, 0.72847026, 0.02315044, 2.62747315, 1.28634301,\n        4.55916843],\n       [7.56543558, 0.71933415, 0.02196078, 2.68652928, 1.30043177,\n        4.53940953],\n       [7.73399772, 0.72492041, 0.0166251 , 2.67408903, 1.28241627,\n        4.60810184]]), array([0.25354632, 0.25382615, 0.25388907, 0.25442757, 0.2553759 ,\n       0.25566193, 0.25606453]))", "callback": [0.980210471883321, 0.6576326215975662, 0.5651135043699718, 0.5454651378087879, 0.38774859443818877, 0.29987333952987205, 0.29063172598656917, 0.2624660258290912, 0.25902678292082304, 0.2561646433784184]}, "4": {"maxiter": 500, "fatol": 1e-05, "xatol": 1e-05, "duration": 0.20454096794128418, "fun": "0.18399115092785723", "nit": "500", "nfev": "771", "status": "2", "success": "False", "message": "Maximum number of iterations has been exceeded.", "x": "[ 7.05285675  0.62834772 -1.18051245  1.75588201  2.98334818  5.09639465]", "final_simplex": "(array([[ 7.05285675,  0.62834772, -1.18051245,  1.75588201,  2.98334818,\n         5.09639465],\n       [ 7.05840201,  0.62781998, -1.17794719,  1.75691399,  2.98434416,\n         5.10157291],\n       [ 7.05127215,  0.63362494, -1.18522535,  1.75042117,  2.98772373,\n         5.0968224 ],\n       [ 7.04839706,  0.62241745, -1.18457459,  1.75134117,  2.99147519,\n         5.10498894],\n       [ 7.05202963,  0.63043925, -1.18665594,  1.75120967,  2.98691096,\n         5.09425035],\n       [ 7.05397271,  0.6275883 , -1.17862272,  1.75475407,  2.98420845,\n         5.10223995],\n       [ 7.06460085,  0.63197784, -1.17977973,  1.75302554,  2.97080106,\n         5.10011633]]), array([0.18399115, 0.18399486, 0.18399632, 0.18399639, 0.18399744,\n       0.18399823, 0.18399932]))", "callback": [0.980210471883321, 0.6576326215975662, 0.5651135043699718, 0.5454651378087879, 0.38774859443818877, 0.29987333952987205, 0.29063172598656917, 0.2624660258290912, 0.25902678292082304, 0.2561646433784184, 0.25319237009598927, 0.2505429201983045, 0.25015849178445126, 0.2500461873413218, 0.24997156177829383, 0.24978115914235732, 0.24899541298074257, 0.24821496598164638, 0.2471229050972379, 0.2441220030203063, 0.24109775396855526, 0.24029533161718097, 0.23977776688424834, 0.23967054521524211, 0.23963934855290114, 0.23962399621840236, 0.2395892203886496, 0.23952273545495406, 0.23927547427474738, 0.23794179213351907, 0.23501489361100836, 0.23287049693270645, 0.23028942546052977, 0.22884284721085513, 0.2256800903167968, 0.2101019118716566, 0.1927172594801596, 0.1877647222996741, 0.1849875067504143, 0.1849875067504143, 0.18452240243758955, 0.18452240243758955, 0.1844845375801366, 0.18447112036255753, 0.1844380080167095, 0.18421117329445658, 0.18406968444531602, 0.18401288775946245, 0.18401288775946245, 0.1839997175407524]}, "5": {"maxiter": 500, "fatol": 1e-05, "xatol": 1e-10, "duration": 0.19913601875305176, "fun": "0.18399115092785723", "nit": "500", "nfev": "771", "status": "2", "success": "False", "message": "Maximum number of iterations has been exceeded.", "x": "[ 7.05285675  0.62834772 -1.18051245  1.75588201  2.98334818  5.09639465]", "final_simplex": "(array([[ 7.05285675,  0.62834772, -1.18051245,  1.75588201,  2.98334818,\n         5.09639465],\n       [ 7.05840201,  0.62781998, -1.17794719,  1.75691399,  2.98434416,\n         5.10157291],\n       [ 7.05127215,  0.63362494, -1.18522535,  1.75042117,  2.98772373,\n         5.0968224 ],\n       [ 7.04839706,  0.62241745, -1.18457459,  1.75134117,  2.99147519,\n         5.10498894],\n       [ 7.05202963,  0.63043925, -1.18665594,  1.75120967,  2.98691096,\n         5.09425035],\n       [ 7.05397271,  0.6275883 , -1.17862272,  1.75475407,  2.98420845,\n         5.10223995],\n       [ 7.06460085,  0.63197784, -1.17977973,  1.75302554,  2.97080106,\n         5.10011633]]), array([0.18399115, 0.18399486, 0.18399632, 0.18399639, 0.18399744,\n       0.18399823, 0.18399932]))", "callback": [0.980210471883321, 0.6576326215975662, 0.5651135043699718, 0.5454651378087879, 0.38774859443818877, 0.29987333952987205, 0.29063172598656917, 0.2624660258290912, 0.25902678292082304, 0.2561646433784184, 0.25319237009598927, 0.2505429201983045, 0.25015849178445126, 0.2500461873413218, 0.24997156177829383, 0.24978115914235732, 0.24899541298074257, 0.24821496598164638, 0.2471229050972379, 0.2441220030203063, 0.24109775396855526, 0.24029533161718097, 0.23977776688424834, 0.23967054521524211, 0.23963934855290114, 0.23962399621840236, 0.2395892203886496, 0.23952273545495406, 0.23927547427474738, 0.23794179213351907, 0.23501489361100836, 0.23287049693270645, 0.23028942546052977, 0.22884284721085513, 0.2256800903167968, 0.2101019118716566, 0.1927172594801596, 0.1877647222996741, 0.1849875067504143, 0.1849875067504143, 0.18452240243758955, 0.18452240243758955, 0.1844845375801366, 0.18447112036255753, 0.1844380080167095, 0.18421117329445658, 0.18406968444531602, 0.18401288775946245, 0.18401288775946245, 0.1839997175407524]}, "6": {"maxiter": 500, "fatol": 1e-10, "xatol": 1e-05, "duration": 0.20491504669189453, "fun": "0.18399115092785723", "nit": "500", "nfev": "771", "status": "2", "success": "False", "message": "Maximum number of iterations has been exceeded.", "x": "[ 7.05285675  0.62834772 -1.18051245  1.75588201  2.98334818  5.09639465]", "final_simplex": "(array([[ 7.05285675,  0.62834772, -1.18051245,  1.75588201,  2.98334818,\n         5.09639465],\n       [ 7.05840201,  0.62781998, -1.17794719,  1.75691399,  2.98434416,\n         5.10157291],\n       [ 7.05127215,  0.63362494, -1.18522535,  1.75042117,  2.98772373,\n         5.0968224 ],\n       [ 7.04839706,  0.62241745, -1.18457459,  1.75134117,  2.99147519,\n         5.10498894],\n       [ 7.05202963,  0.63043925, -1.18665594,  1.75120967,  2.98691096,\n         5.09425035],\n       [ 7.05397271,  0.6275883 , -1.17862272,  1.75475407,  2.98420845,\n         5.10223995],\n       [ 7.06460085,  0.63197784, -1.17977973,  1.75302554,  2.97080106,\n         5.10011633]]), array([0.18399115, 0.18399486, 0.18399632, 0.18399639, 0.18399744,\n       0.18399823, 0.18399932]))", "callback": [0.980210471883321, 0.6576326215975662, 0.5651135043699718, 0.5454651378087879, 0.38774859443818877, 0.29987333952987205, 0.29063172598656917, 0.2624660258290912, 0.25902678292082304, 0.2561646433784184, 0.25319237009598927, 0.2505429201983045, 0.25015849178445126, 0.2500461873413218, 0.24997156177829383, 0.24978115914235732, 0.24899541298074257, 0.24821496598164638, 0.2471229050972379, 0.2441220030203063, 0.24109775396855526, 0.24029533161718097, 0.23977776688424834, 0.23967054521524211, 0.23963934855290114, 0.23962399621840236, 0.2395892203886496, 0.23952273545495406, 0.23927547427474738, 0.23794179213351907, 0.23501489361100836, 0.23287049693270645, 0.23028942546052977, 0.22884284721085513, 0.2256800903167968, 0.2101019118716566, 0.1927172594801596, 0.1877647222996741, 0.1849875067504143, 0.1849875067504143, 0.18452240243758955, 0.18452240243758955, 0.1844845375801366, 0.18447112036255753, 0.1844380080167095, 0.18421117329445658, 0.18406968444531602, 0.18401288775946245, 0.18401288775946245, 0.1839997175407524]}, "7": {"maxiter": 500, "fatol": 1e-10, "xatol": 1e-10, "duration": 0.19513583183288574, "fun": "0.18399115092785723", "nit": "500", "nfev": "771", "status": "2", "success": "False", "message": "Maximum number of iterations has been exceeded.", "x": "[ 7.05285675  0.62834772 -1.18051245  1.75588201  2.98334818  5.09639465]", "final_simplex": "(array([[ 7.05285675,  0.62834772, -1.18051245,  1.75588201,  2.98334818,\n         5.09639465],\n       [ 7.05840201,  0.62781998, -1.17794719,  1.75691399,  2.98434416,\n         5.10157291],\n       [ 7.05127215,  0.63362494, -1.18522535,  1.75042117,  2.98772373,\n         5.0968224 ],\n       [ 7.04839706,  0.62241745, -1.18457459,  1.75134117,  2.99147519,\n         5.10498894],\n       [ 7.05202963,  0.63043925, -1.18665594,  1.75120967,  2.98691096,\n         5.09425035],\n       [ 7.05397271,  0.6275883 , -1.17862272,  1.75475407,  2.98420845,\n         5.10223995],\n       [ 7.06460085,  0.63197784, -1.17977973,  1.75302554,  2.97080106,\n         5.10011633]]), array([0.18399115, 0.18399486, 0.18399632, 0.18399639, 0.18399744,\n       0.18399823, 0.18399932]))", "callback": [0.980210471883321, 0.6576326215975662, 0.5651135043699718, 0.5454651378087879, 0.38774859443818877, 0.29987333952987205, 0.29063172598656917, 0.2624660258290912, 0.25902678292082304, 0.2561646433784184, 0.25319237009598927, 0.2505429201983045, 0.25015849178445126, 0.2500461873413218, 0.24997156177829383, 0.24978115914235732, 0.24899541298074257, 0.24821496598164638, 0.2471229050972379, 0.2441220030203063, 0.24109775396855526, 0.24029533161718097, 0.23977776688424834, 0.23967054521524211, 0.23963934855290114, 0.23962399621840236, 0.2395892203886496, 0.23952273545495406, 0.23927547427474738, 0.23794179213351907, 0.23501489361100836, 0.23287049693270645, 0.23028942546052977, 0.22884284721085513, 0.2256800903167968, 0.2101019118716566, 0.1927172594801596, 0.1877647222996741, 0.1849875067504143, 0.1849875067504143, 0.18452240243758955, 0.18452240243758955, 0.1844845375801366, 0.18447112036255753, 0.1844380080167095, 0.18421117329445658, 0.18406968444531602, 0.18401288775946245, 0.18401288775946245, 0.1839997175407524]}, "8": {"maxiter": 1000, "fatol": 1e-05, "xatol": 1e-05, "duration": 0.2970097064971924, "fun": "0.18339171948380717", "nit": "722", "nfev": "1121", "status": "0", "success": "True", "message": "Optimization terminated successfully.", "x": "[ 7.0432496   0.71982605 -1.25816206  1.77947203  2.95093073  5.06276811]", "final_simplex": "(array([[ 7.0432496 ,  0.71982605, -1.25816206,  1.77947203,  2.95093073,\n         5.06276811],\n       [ 7.04325548,  0.71981879, -1.25815649,  1.77947209,  2.95092604,\n         5.06277732],\n       [ 7.04324676,  0.71982193, -1.25816164,  1.77946967,  2.9509381 ,\n         5.06277302],\n       [ 7.04324779,  0.71983256, -1.25816244,  1.77947568,  2.95092403,\n         5.06276979],\n       [ 7.04325508,  0.71982453, -1.25815341,  1.77947496,  2.95092675,\n         5.06277506],\n       [ 7.04325009,  0.71982894, -1.2581643 ,  1.77947619,  2.95093391,\n         5.06276934],\n       [ 7.04325186,  0.71982686, -1.25816422,  1.77946869,  2.9509311 ,\n         5.06277197]]), array([0.18339172, 0.18339172, 0.18339172, 0.18339172, 0.18339172,\n       0.18339172, 0.18339172]))", "callback": [0.980210471883321, 0.6576326215975662, 0.5651135043699718, 0.5454651378087879, 0.38774859443818877, 0.29987333952987205, 0.29063172598656917, 0.2624660258290912, 0.25902678292082304, 0.2561646433784184, 0.25319237009598927, 0.2505429201983045, 0.25015849178445126, 0.2500461873413218, 0.24997156177829383, 0.24978115914235732, 0.24899541298074257, 0.24821496598164638, 0.2471229050972379, 0.2441220030203063, 0.24109775396855526, 0.24029533161718097, 0.23977776688424834, 0.23967054521524211, 0.23963934855290114, 0.23962399621840236, 0.2395892203886496, 0.23952273545495406, 0.23927547427474738, 0.23794179213351907, 0.23501489361100836, 0.23287049693270645, 0.23028942546052977, 0.22884284721085513, 0.2256800903167968, 0.2101019118716566, 0.1927172594801596, 0.1877647222996741, 0.1849875067504143, 0.1849875067504143, 0.18452240243758955, 0.18452240243758955, 0.1844845375801366, 0.18447112036255753, 0.1844380080167095, 0.18421117329445658, 0.18406968444531602, 0.18401288775946245, 0.18401288775946245, 0.1839997175407524, 0.18398842570253526, 0.18397648936539757, 0.18393832032647117, 0.18387409117852727, 0.1837890009664671, 0.18361276334344534, 0.1835432763984608, 0.18348878436838223, 0.18345077273925947, 0.1833979073947698, 0.1833979073947698, 0.1833929991706571, 0.18339200481135243, 0.18339181394740522, 0.18339175776411898, 0.18339172759791122, 0.18339172176399, 0.18339172022054062, 0.18339171968943924, 0.1833917195652195, 0.18339171951676492, 0.18339171949763933, 0.18339171948380717]}, "9": {"maxiter": 1000, "fatol": 1e-05, "xatol": 1e-10, "duration": 0.3491029739379883, "fun": "0.1833917194625787", "nit": "839", "nfev": "1370", "status": "0", "success": "True", "message": "Optimization terminated successfully.", "x": "[ 7.04324635  0.71981187 -1.25814255  1.77948441  2.95092484  5.06277461]", "final_simplex": "(array([[ 7.04324635,  0.71981187, -1.25814255,  1.77948441,  2.95092484,\n         5.06277461],\n       [ 7.04324635,  0.71981187, -1.25814255,  1.77948441,  2.95092484,\n         5.06277461],\n       [ 7.04324635,  0.71981187, -1.25814255,  1.77948441,  2.95092484,\n         5.06277461],\n       [ 7.04324635,  0.71981187, -1.25814255,  1.77948441,  2.95092484,\n         5.06277461],\n       [ 7.04324635,  0.71981187, -1.25814255,  1.77948441,  2.95092484,\n         5.06277461],\n       [ 7.04324635,  0.71981187, -1.25814255,  1.77948441,  2.95092484,\n         5.06277461],\n       [ 7.04324635,  0.71981187, -1.25814255,  1.77948441,  2.95092484,\n         5.06277461]]), array([0.18339172, 0.18339172, 0.18339172, 0.18339172, 0.18339172,\n       0.18339172, 0.18339172]))", "callback": [0.980210471883321, 0.6576326215975662, 0.5651135043699718, 0.5454651378087879, 0.38774859443818877, 0.29987333952987205, 0.29063172598656917, 0.2624660258290912, 0.25902678292082304, 0.2561646433784184, 0.25319237009598927, 0.2505429201983045, 0.25015849178445126, 0.2500461873413218, 0.24997156177829383, 0.24978115914235732, 0.24899541298074257, 0.24821496598164638, 0.2471229050972379, 0.2441220030203063, 0.24109775396855526, 0.24029533161718097, 0.23977776688424834, 0.23967054521524211, 0.23963934855290114, 0.23962399621840236, 0.2395892203886496, 0.23952273545495406, 0.23927547427474738, 0.23794179213351907, 0.23501489361100836, 0.23287049693270645, 0.23028942546052977, 0.22884284721085513, 0.2256800903167968, 0.2101019118716566, 0.1927172594801596, 0.1877647222996741, 0.1849875067504143, 0.1849875067504143, 0.18452240243758955, 0.18452240243758955, 0.1844845375801366, 0.18447112036255753, 0.1844380080167095, 0.18421117329445658, 0.18406968444531602, 0.18401288775946245, 0.18401288775946245, 0.1839997175407524, 0.18398842570253526, 0.18397648936539757, 0.18393832032647117, 0.18387409117852727, 0.1837890009664671, 0.18361276334344534, 0.1835432763984608, 0.18348878436838223, 0.18345077273925947, 0.1833979073947698, 0.1833979073947698, 0.1833929991706571, 0.18339200481135243, 0.18339181394740522, 0.18339175776411898, 0.18339172759791122, 0.18339172176399, 0.18339172022054062, 0.18339171968943924, 0.1833917195652195, 0.18339171951676492, 0.18339171949763933, 0.18339171948380717, 0.18339171946587074, 0.18339171946375776, 0.18339171946271848, 0.18339171946261623, 0.1833917194625908, 0.18339171946258426, 0.18339171946258148, 0.18339171946257937, 0.18339171946257893, 0.18339171946257882, 0.18339171946257882]}, "10": {"maxiter": 1000, "fatol": 1e-10, "xatol": 1e-05, "duration": 0.2991058826446533, "fun": "0.18339171948380717", "nit": "722", "nfev": "1121", "status": "0", "success": "True", "message": "Optimization terminated successfully.", "x": "[ 7.0432496   0.71982605 -1.25816206  1.77947203  2.95093073  5.06276811]", "final_simplex": "(array([[ 7.0432496 ,  0.71982605, -1.25816206,  1.77947203,  2.95093073,\n         5.06276811],\n       [ 7.04325548,  0.71981879, -1.25815649,  1.77947209,  2.95092604,\n         5.06277732],\n       [ 7.04324676,  0.71982193, -1.25816164,  1.77946967,  2.9509381 ,\n         5.06277302],\n       [ 7.04324779,  0.71983256, -1.25816244,  1.77947568,  2.95092403,\n         5.06276979],\n       [ 7.04325508,  0.71982453, -1.25815341,  1.77947496,  2.95092675,\n         5.06277506],\n       [ 7.04325009,  0.71982894, -1.2581643 ,  1.77947619,  2.95093391,\n         5.06276934],\n       [ 7.04325186,  0.71982686, -1.25816422,  1.77946869,  2.9509311 ,\n         5.06277197]]), array([0.18339172, 0.18339172, 0.18339172, 0.18339172, 0.18339172,\n       0.18339172, 0.18339172]))", "callback": [0.980210471883321, 0.6576326215975662, 0.5651135043699718, 0.5454651378087879, 0.38774859443818877, 0.29987333952987205, 0.29063172598656917, 0.2624660258290912, 0.25902678292082304, 0.2561646433784184, 0.25319237009598927, 0.2505429201983045, 0.25015849178445126, 0.2500461873413218, 0.24997156177829383, 0.24978115914235732, 0.24899541298074257, 0.24821496598164638, 0.2471229050972379, 0.2441220030203063, 0.24109775396855526, 0.24029533161718097, 0.23977776688424834, 0.23967054521524211, 0.23963934855290114, 0.23962399621840236, 0.2395892203886496, 0.23952273545495406, 0.23927547427474738, 0.23794179213351907, 0.23501489361100836, 0.23287049693270645, 0.23028942546052977, 0.22884284721085513, 0.2256800903167968, 0.2101019118716566, 0.1927172594801596, 0.1877647222996741, 0.1849875067504143, 0.1849875067504143, 0.18452240243758955, 0.18452240243758955, 0.1844845375801366, 0.18447112036255753, 0.1844380080167095, 0.18421117329445658, 0.18406968444531602, 0.18401288775946245, 0.18401288775946245, 0.1839997175407524, 0.18398842570253526, 0.18397648936539757, 0.18393832032647117, 0.18387409117852727, 0.1837890009664671, 0.18361276334344534, 0.1835432763984608, 0.18348878436838223, 0.18345077273925947, 0.1833979073947698, 0.1833979073947698, 0.1833929991706571, 0.18339200481135243, 0.18339181394740522, 0.18339175776411898, 0.18339172759791122, 0.18339172176399, 0.18339172022054062, 0.18339171968943924, 0.1833917195652195, 0.18339171951676492, 0.18339171949763933, 0.18339171948380717]}, "11": {"maxiter": 1000, "fatol": 1e-10, "xatol": 1e-10, "duration": 0.36336803436279297, "fun": "0.1833917194625787", "nit": "839", "nfev": "1370", "status": "0", "success": "True", "message": "Optimization terminated successfully.", "x": "[ 7.04324635  0.71981187 -1.25814255  1.77948441  2.95092484  5.06277461]", "final_simplex": "(array([[ 7.04324635,  0.71981187, -1.25814255,  1.77948441,  2.95092484,\n         5.06277461],\n       [ 7.04324635,  0.71981187, -1.25814255,  1.77948441,  2.95092484,\n         5.06277461],\n       [ 7.04324635,  0.71981187, -1.25814255,  1.77948441,  2.95092484,\n         5.06277461],\n       [ 7.04324635,  0.71981187, -1.25814255,  1.77948441,  2.95092484,\n         5.06277461],\n       [ 7.04324635,  0.71981187, -1.25814255,  1.77948441,  2.95092484,\n         5.06277461],\n       [ 7.04324635,  0.71981187, -1.25814255,  1.77948441,  2.95092484,\n         5.06277461],\n       [ 7.04324635,  0.71981187, -1.25814255,  1.77948441,  2.95092484,\n         5.06277461]]), array([0.18339172, 0.18339172, 0.18339172, 0.18339172, 0.18339172,\n       0.18339172, 0.18339172]))", "callback": [0.980210471883321, 0.6576326215975662, 0.5651135043699718, 0.5454651378087879, 0.38774859443818877, 0.29987333952987205, 0.29063172598656917, 0.2624660258290912, 0.25902678292082304, 0.2561646433784184, 0.25319237009598927, 0.2505429201983045, 0.25015849178445126, 0.2500461873413218, 0.24997156177829383, 0.24978115914235732, 0.24899541298074257, 0.24821496598164638, 0.2471229050972379, 0.2441220030203063, 0.24109775396855526, 0.24029533161718097, 0.23977776688424834, 0.23967054521524211, 0.23963934855290114, 0.23962399621840236, 0.2395892203886496, 0.23952273545495406, 0.23927547427474738, 0.23794179213351907, 0.23501489361100836, 0.23287049693270645, 0.23028942546052977, 0.22884284721085513, 0.2256800903167968, 0.2101019118716566, 0.1927172594801596, 0.1877647222996741, 0.1849875067504143, 0.1849875067504143, 0.18452240243758955, 0.18452240243758955, 0.1844845375801366, 0.18447112036255753, 0.1844380080167095, 0.18421117329445658, 0.18406968444531602, 0.18401288775946245, 0.18401288775946245, 0.1839997175407524, 0.18398842570253526, 0.18397648936539757, 0.18393832032647117, 0.18387409117852727, 0.1837890009664671, 0.18361276334344534, 0.1835432763984608, 0.18348878436838223, 0.18345077273925947, 0.1833979073947698, 0.1833979073947698, 0.1833929991706571, 0.18339200481135243, 0.18339181394740522, 0.18339175776411898, 0.18339172759791122, 0.18339172176399, 0.18339172022054062, 0.18339171968943924, 0.1833917195652195, 0.18339171951676492, 0.18339171949763933, 0.18339171948380717, 0.18339171946587074, 0.18339171946375776, 0.18339171946271848, 0.18339171946261623, 0.1833917194625908, 0.18339171946258426, 0.18339171946258148, 0.18339171946257937, 0.18339171946257893, 0.18339171946257882, 0.18339171946257882]}}, "bfgs": {"type": "gradient", "0": {"maxiter": 100, "gtol": 1e-05, "xrtol": 1e-05, "eps": 1e-05, "duration": 0.0712580680847168, "fun": "0.1833917196151983", "jac": "[-5.03219688e-07 -3.45389273e-06 -2.73797651e-06 -2.53191912e-06\n -2.38454811e-06 -1.69564363e-07]", "hess_inv": "[[10.55540071 -1.34594721 -5.91844017  1.61973561 10.7145392  -0.82586683]\n [-1.34594721 12.53756421 -8.26154441  0.30581879 -4.47322413 -6.52310392]\n [-5.91844017 -8.26154441 18.37593434 -7.14117819 -7.67179867  5.53511088]\n [ 1.61973561  0.30581879 -7.14117819  6.93729805  5.12087998 -0.67726503]\n [10.7145392  -4.47322413 -7.67179867  5.12087998 18.44439948  0.86272181]\n [-0.82586683 -6.52310392  5.53511088 -0.67726503  0.86272181  6.43734479]]", "nfev": "252", "njev": "36", "status": "0", "success": "True", "message": "Optimization terminated successfully.", "x": "[ 5.52308566 -2.42178415  1.88348174  4.50367434 -0.19073334  1.92118351]", "nit": "30", "callback": [0.7953463077105932, 0.6532486394251524, 0.36642064641821315, 0.24842662633536572, 0.2418117663856828, 0.23269376187358748, 0.21745859126339429, 0.20453444174578728, 0.20334304051764052, 0.20181996549259873, 0.19960659038945305, 0.1979378855690559, 0.19715024188546693, 0.19671474305214498, 0.1960266017642196, 0.19505656163216267, 0.19412923313080632, 0.1926212852798913, 0.19011495187896887, 0.18742173984086907, 0.18561777989814443, 0.18398997804345907, 0.1835400991960049, 0.1834304309801309, 0.18339650507854466, 0.18339220029047, 0.18339189009825652, 0.18339175573950883, 0.18339172219557798, 0.1833917196151983]}, "1": {"maxiter": 100, "gtol": 1e-05, "xrtol": 1e-05, "eps": 1e-10, "duration": 0.07151603698730469, "fun": "0.18339171949736854", "jac": "[-3.33066880e-06 -2.22044587e-06 -1.11022293e-06 -1.11022293e-06\n -3.33066880e-06  3.33066880e-06]", "hess_inv": "[[ 11.79893927  -0.5198128   -7.84250197   2.24935054  12.49667039\n   -1.24259374]\n [ -0.5198128   12.97252801 -10.00092609   1.17826827  -3.25303797\n   -6.75266286]\n [ -7.84250197 -10.00092609  21.9819533   -8.30327581 -10.23059142\n    6.47983899]\n [  2.24935054   1.17826827  -8.30327581   7.12580021   5.94544833\n   -1.18068498]\n [ 12.49667039  -3.25303797 -10.23059142   5.94544833  20.93668762\n    0.31561819]\n [ -1.24259374  -6.75266286   6.47983899  -1.18068498   0.31561819\n    6.40530307]]", "nfev": "252", "njev": "36", "status": "0", "success": "True", "message": "Optimization terminated successfully.", "x": "[ 5.52310501 -2.42179502  1.88346949  4.50370367 -0.19068626  1.92119424]", "nit": "30", "callback": [0.7954135853347996, 0.6531018703238436, 0.36583150097669703, 0.2483886025122557, 0.24181837144617002, 0.23264696569844634, 0.21738990042126882, 0.204528596018274, 0.20333035170603952, 0.2017977325395247, 0.19953778402537903, 0.1978878599140511, 0.19718593677321872, 0.19669963881814145, 0.19596434328146373, 0.1950644254786551, 0.19407422903384663, 0.19247542915300064, 0.189842565776436, 0.18747301089187685, 0.18574685888217612, 0.18452770805122998, 0.18354482606796585, 0.1834368963644396, 0.18339741095127948, 0.1833924579037396, 0.18339199159696162, 0.1833917450240372, 0.18339172061674003, 0.18339171949736854]}, "2": {"maxiter": 100, "gtol": 1e-05, "xrtol": 1e-10, "eps": 1e-05, "duration": 0.07001662254333496, "fun": "0.1833917196151983", "jac": "[-5.03219688e-07 -3.45389273e-06 -2.73797651e-06 -2.53191912e-06\n -2.38454811e-06 -1.69564363e-07]", "hess_inv": "[[10.55540071 -1.34594721 -5.91844017  1.61973561 10.7145392  -0.82586683]\n [-1.34594721 12.53756421 -8.26154441  0.30581879 -4.47322413 -6.52310392]\n [-5.91844017 -8.26154441 18.37593434 -7.14117819 -7.67179867  5.53511088]\n [ 1.61973561  0.30581879 -7.14117819  6.93729805  5.12087998 -0.67726503]\n [10.7145392  -4.47322413 -7.67179867  5.12087998 18.44439948  0.86272181]\n [-0.82586683 -6.52310392  5.53511088 -0.67726503  0.86272181  6.43734479]]", "nfev": "252", "njev": "36", "status": "0", "success": "True", "message": "Optimization terminated successfully.", "x": "[ 5.52308566 -2.42178415  1.88348174  4.50367434 -0.19073334  1.92118351]", "nit": "30", "callback": [0.7953463077105932, 0.6532486394251524, 0.36642064641821315, 0.24842662633536572, 0.2418117663856828, 0.23269376187358748, 0.21745859126339429, 0.20453444174578728, 0.20334304051764052, 0.20181996549259873, 0.19960659038945305, 0.1979378855690559, 0.19715024188546693, 0.19671474305214498, 0.1960266017642196, 0.19505656163216267, 0.19412923313080632, 0.1926212852798913, 0.19011495187896887, 0.18742173984086907, 0.18561777989814443, 0.18398997804345907, 0.1835400991960049, 0.1834304309801309, 0.18339650507854466, 0.18339220029047, 0.18339189009825652, 0.18339175573950883, 0.18339172219557798, 0.1833917196151983]}, "3": {"maxiter": 100, "gtol": 1e-05, "xrtol": 1e-10, "eps": 1e-10, "duration": 0.06631588935852051, "fun": "0.18339171949736854", "jac": "[-3.33066880e-06 -2.22044587e-06 -1.11022293e-06 -1.11022293e-06\n -3.33066880e-06  3.33066880e-06]", "hess_inv": "[[ 11.79893927  -0.5198128   -7.84250197   2.24935054  12.49667039\n   -1.24259374]\n [ -0.5198128   12.97252801 -10.00092609   1.17826827  -3.25303797\n   -6.75266286]\n [ -7.84250197 -10.00092609  21.9819533   -8.30327581 -10.23059142\n    6.47983899]\n [  2.24935054   1.17826827  -8.30327581   7.12580021   5.94544833\n   -1.18068498]\n [ 12.49667039  -3.25303797 -10.23059142   5.94544833  20.93668762\n    0.31561819]\n [ -1.24259374  -6.75266286   6.47983899  -1.18068498   0.31561819\n    6.40530307]]", "nfev": "252", "njev": "36", "status": "0", "success": "True", "message": "Optimization terminated successfully.", "x": "[ 5.52310501 -2.42179502  1.88346949  4.50370367 -0.19068626  1.92119424]", "nit": "30", "callback": [0.7954135853347996, 0.6531018703238436, 0.36583150097669703, 0.2483886025122557, 0.24181837144617002, 0.23264696569844634, 0.21738990042126882, 0.204528596018274, 0.20333035170603952, 0.2017977325395247, 0.19953778402537903, 0.1978878599140511, 0.19718593677321872, 0.19669963881814145, 0.19596434328146373, 0.1950644254786551, 0.19407422903384663, 0.19247542915300064, 0.189842565776436, 0.18747301089187685, 0.18574685888217612, 0.18452770805122998, 0.18354482606796585, 0.1834368963644396, 0.18339741095127948, 0.1833924579037396, 0.18339199159696162, 0.1833917450240372, 0.18339172061674003, 0.18339171949736854]}, "4": {"maxiter": 100, "gtol": 1e-10, "xrtol": 1e-05, "eps": 1e-05, "duration": 0.0675039291381836, "fun": "0.1833917195044249", "jac": "[-2.38575826e-07 -1.14530607e-07 -1.57529545e-07 -3.45934392e-07\n  5.47895063e-08  6.63913369e-09]", "hess_inv": "[[10.62473093 -1.09284705 -6.01278918  1.63014699 11.13360933 -0.86955472]\n [-1.09284705 12.74590845 -8.5655244   0.51225934 -3.93880558 -6.64091058]\n [-6.01278918 -8.5655244  18.5020436  -7.16486816 -8.18582278  5.59220785]\n [ 1.63014699  0.51225934 -7.16486816  6.89921922  5.41810379 -0.69363608]\n [11.13360933 -3.93880558 -8.18582278  5.41810379 19.59279373  0.6566289 ]\n [-0.86955472 -6.64091058  5.59220785 -0.69363608  0.6566289   6.46244657]]", "nfev": "259", "njev": "37", "status": "0", "success": "True", "message": "Optimization terminated successfully.", "x": "[ 5.52310129 -2.42177335  1.88346307  4.50368758 -0.1907032   1.92117636]", "nit": "31", "callback": [0.7953463077105932, 0.6532486394251524, 0.36642064641821315, 0.24842662633536572, 0.2418117663856828, 0.23269376187358748, 0.21745859126339429, 0.20453444174578728, 0.20334304051764052, 0.20181996549259873, 0.19960659038945305, 0.1979378855690559, 0.19715024188546693, 0.19671474305214498, 0.1960266017642196, 0.19505656163216267, 0.19412923313080632, 0.1926212852798913, 0.19011495187896887, 0.18742173984086907, 0.18561777989814443, 0.18398997804345907, 0.1835400991960049, 0.1834304309801309, 0.18339650507854466, 0.18339220029047, 0.18339189009825652, 0.18339175573950883, 0.18339172219557798, 0.1833917196151983, 0.1833917195044249]}, "5": {"maxiter": 100, "gtol": 1e-10, "xrtol": 1e-05, "eps": 1e-10, "duration": 0.07370877265930176, "fun": "0.18339171948103883", "jac": "[ 4.44089173e-06 -1.11022293e-06  2.22044587e-06  3.33066880e-06\n -2.22044587e-06  1.11022293e-06]", "hess_inv": "[[ 9.16808609 -2.8140074  -3.09320783  1.30261174 10.02862608  0.63034649]\n [-2.8140074  12.53968409 -7.93770977  0.16786105 -6.43255472 -5.99904041]\n [-3.09320783 -7.93770977 16.16354551 -6.34918877 -4.41335928  4.26486215]\n [ 1.30261174  0.16786105 -6.34918877  6.80689429  5.17840181 -0.40299083]\n [10.02862608 -6.43255472 -4.41335928  5.17840181 19.29452239  2.6490484 ]\n [ 0.63034649 -5.99904041  4.26486215 -0.40299083  2.6490484   5.56548314]]", "nfev": "266", "njev": "38", "status": "0", "success": "True", "message": "Optimization terminated successfully.", "x": "[ 5.52311937 -2.42179277  1.88345719  4.50371004 -0.19066606  1.92118978]", "nit": "31", "callback": [0.7954135853347996, 0.6531018703238436, 0.36583150097669703, 0.2483886025122557, 0.24181837144617002, 0.23264696569844634, 0.21738990042126882, 0.204528596018274, 0.20333035170603952, 0.2017977325395247, 0.19953778402537903, 0.1978878599140511, 0.19718593677321872, 0.19669963881814145, 0.19596434328146373, 0.1950644254786551, 0.19407422903384663, 0.19247542915300064, 0.189842565776436, 0.18747301089187685, 0.18574685888217612, 0.18452770805122998, 0.18354482606796585, 0.1834368963644396, 0.18339741095127948, 0.1833924579037396, 0.18339199159696162, 0.1833917450240372, 0.18339172061674003, 0.18339171949736854, 0.18339171948103883]}, "6": {"maxiter": 100, "gtol": 1e-10, "xrtol": 1e-10, "eps": 1e-05, "duration": 0.15294694900512695, "fun": "0.18339171949950117", "jac": "[-3.99680289e-10 -1.77635684e-10 -1.77635684e-10 -3.88578059e-10\n  4.10782519e-10 -5.32907052e-10]", "hess_inv": "[[10.92228728 -1.02489561 -6.32296933  1.96127469 11.50282549 -0.9507963 ]\n [-1.02489561 12.76134975 -8.64549079  0.55991728 -3.8534566  -6.65501359]\n [-6.32296933 -8.64549079 18.81051687 -7.48940725 -8.58753117  5.63759397]\n [ 1.96127469  0.55991728 -7.48940725  7.30086901  5.78744883 -0.76509331]\n [11.50282549 -3.8534566  -8.58753117  5.78744883 20.05377825  0.55636832]\n [-0.9507963  -6.65501359  5.63759397 -0.76509331  0.55636832  6.39996868]]", "nfev": "558", "njev": "78", "status": "2", "success": "False", "message": "Desired error not necessarily achieved due to precision loss.", "x": "[ 5.52310286 -2.42177303  1.88346133  4.50368916 -0.1907013   1.92117588]", "nit": "33", "callback": [0.7953463077105932, 0.6532486394251524, 0.36642064641821315, 0.24842662633536572, 0.2418117663856828, 0.23269376187358748, 0.21745859126339429, 0.20453444174578728, 0.20334304051764052, 0.20181996549259873, 0.19960659038945305, 0.1979378855690559, 0.19715024188546693, 0.19671474305214498, 0.1960266017642196, 0.19505656163216267, 0.19412923313080632, 0.1926212852798913, 0.19011495187896887, 0.18742173984086907, 0.18561777989814443, 0.18398997804345907, 0.1835400991960049, 0.1834304309801309, 0.18339650507854466, 0.18339220029047, 0.18339189009825652, 0.18339175573950883, 0.18339172219557798, 0.1833917196151983, 0.1833917195044249, 0.18339171949952204, 0.18339171949950117]}, "7": {"maxiter": 100, "gtol": 1e-10, "xrtol": 1e-10, "eps": 1e-10, "duration": 0.10411190986633301, "fun": "0.18339171946679722", "jac": "[ 1.11022293e-06 -3.33066880e-06 -1.11022293e-06  0.00000000e+00\n -2.22044587e-06 -1.11022293e-06]", "hess_inv": "[[  1.58690291   0.53080006  -4.27566009   3.94518969   3.08179362\n    0.06803188]\n [  0.53080006   6.9892749   -2.71584072  -2.01053955  -3.91813403\n   -3.59598967]\n [ -4.27566009  -2.71584072  20.10726421 -18.59354887 -12.84300876\n   -2.32999229]\n [  3.94518969  -2.01053955 -18.59354887  25.16930039  18.75410594\n    6.72021491]\n [  3.08179362  -3.91813403 -12.84300876  18.75410594  15.57009929\n    5.56738974]\n [  0.06803188  -3.59598967  -2.32999229   6.72021491   5.56738974\n    5.32179224]]", "nfev": "406", "njev": "58", "status": "0", "success": "True", "message": "Optimization terminated successfully.", "x": "[ 5.52312075 -2.42177782  1.88344736  4.50370095 -0.19067572  1.92117877]", "nit": "35", "callback": [0.7954135853347996, 0.6531018703238436, 0.36583150097669703, 0.2483886025122557, 0.24181837144617002, 0.23264696569844634, 0.21738990042126882, 0.204528596018274, 0.20333035170603952, 0.2017977325395247, 0.19953778402537903, 0.1978878599140511, 0.19718593677321872, 0.19669963881814145, 0.19596434328146373, 0.1950644254786551, 0.19407422903384663, 0.19247542915300064, 0.189842565776436, 0.18747301089187685, 0.18574685888217612, 0.18452770805122998, 0.18354482606796585, 0.1834368963644396, 0.18339741095127948, 0.1833924579037396, 0.18339199159696162, 0.1833917450240372, 0.18339172061674003, 0.18339171949736854, 0.18339171948103883, 0.1833917194751442, 0.18339171946802546, 0.18339171946679722, 0.18339171946679722]}, "8": {"maxiter": 500, "gtol": 1e-05, "xrtol": 1e-05, "eps": 1e-05, "duration": 0.07077503204345703, "fun": "0.1833917196151983", "jac": "[-5.03219688e-07 -3.45389273e-06 -2.73797651e-06 -2.53191912e-06\n -2.38454811e-06 -1.69564363e-07]", "hess_inv": "[[10.55540071 -1.34594721 -5.91844017  1.61973561 10.7145392  -0.82586683]\n [-1.34594721 12.53756421 -8.26154441  0.30581879 -4.47322413 -6.52310392]\n [-5.91844017 -8.26154441 18.37593434 -7.14117819 -7.67179867  5.53511088]\n [ 1.61973561  0.30581879 -7.14117819  6.93729805  5.12087998 -0.67726503]\n [10.7145392  -4.47322413 -7.67179867  5.12087998 18.44439948  0.86272181]\n [-0.82586683 -6.52310392  5.53511088 -0.67726503  0.86272181  6.43734479]]", "nfev": "252", "njev": "36", "status": "0", "success": "True", "message": "Optimization terminated successfully.", "x": "[ 5.52308566 -2.42178415  1.88348174  4.50367434 -0.19073334  1.92118351]", "nit": "30", "callback": [0.7953463077105932, 0.6532486394251524, 0.36642064641821315, 0.24842662633536572, 0.2418117663856828, 0.23269376187358748, 0.21745859126339429, 0.20453444174578728, 0.20334304051764052, 0.20181996549259873, 0.19960659038945305, 0.1979378855690559, 0.19715024188546693, 0.19671474305214498, 0.1