{"conf_id": 39, "data_type": "random\n", "num_data_points": 2, "s_rank": 0, "unitary": "[[-0.24866696+0.58742286j,-0.44704345-0.43151574j,-0.35669027-0.20570733j,-0.10517633+0.1626036j],[0.10596805-0.19687975j,-0.30269685-0.15056416j,0.18246286+0.30440582j,-0.83484447-0.11310748j],[0.26054512-0.52548482j,0.0285017-0.50723956j,-0.43110112+0.17165838j,0.15243271+0.39915801j],[0.42978035+0.11991271j,-0.17224126-0.46030424j,0.6827807-0.15164662j,0.26483638+0.0061855j]]", "databatch_0": {"databatch": "[[[-0.06300239-0.04620654j,0.03289648+0.05084253j,0.16502296-0.16705344j,0.37861209+0.1728649j],[0.18163558-0.17880321j,-0.13639298-0.09839146j,0.14241266+0.0957635j,0.27590408+0.0420877j],[-0.01189538+0.33634699j,0.26757936-0.05601322j,0.03634047+0.19273847j,0.17428914+0.19607489j],[0.06044469+0.08608449j,0.04264832+0.15272631j,0.41875502+0.12102015j,0.00324197-0.19937147j]],[[-0.00784424-0.4056485j,0.27176838+0.1455474j,-0.09489616+0.22268155j,-0.05653322+0.02169305j],[-0.24281817+0.01533938j,-0.3131997+0.12919544j,-0.00388059+0.01375077j,-0.04388397-0.05642958j],[-0.12658516-0.06554055j,0.02405375+0.00223652j,0.1005304-0.22803518j,0.07827578+0.39180822j],[0.03958563+0.08717657j,0.11180982+0.09261178j,0.34104006-0.18224292j,0.13472662-0.24129576j]]]", "nelder_mead": {"0": {"maxiter": 100, "fatol": 1e-05, "xatol": 1e-05, "duration": 0.04182600975036621, "fun": "0.6253738403320312", "nit": "100", "nfev": "156", "status": "2", "success": "False", "message": "Maximum number of iterations has been exceeded.", "x": "[1.64736722 4.0812406  8.61682789 4.6997824  2.47910055 2.21969576]", "final_simplex": "(array([[1.64736722, 4.0812406 , 8.61682789, 4.6997824 , 2.47910055,\n        2.21969576],\n       [1.56726437, 4.22999713, 8.50413447, 4.24240623, 2.41441877,\n        2.18183423],\n       [1.41206627, 4.1007223 , 8.42563102, 4.70758391, 2.32279189,\n        2.10215015],\n       [1.50965255, 4.25957712, 8.67715226, 4.46207967, 2.25260544,\n        1.96788012],\n       [1.72931417, 4.30705174, 8.5110184 , 4.29792327, 2.10845994,\n        2.26755215],\n       [1.42808127, 4.27038324, 8.47247757, 4.30056051, 2.30721248,\n        1.89074077],\n       [1.39288034, 4.06083895, 8.24934507, 4.56147239, 2.27946356,\n        2.13842222]]), array([0.62537384, 0.63570476, 0.64295059, 0.64554656, 0.65061343,\n       0.65231568, 0.65355128]))"}, "1": {"maxiter": 100, "fatol": 1e-05, "xatol": 1e-10, "duration": 0.0348362922668457, "fun": "0.6253738403320312", "nit": "100", "nfev": "156", "status": "2", "success": "False", "message": "Maximum number of iterations has been exceeded.", "x": "[1.64736722 4.0812406  8.61682789 4.6997824  2.47910055 2.21969576]", "final_simplex": "(array([[1.64736722, 4.0812406 , 8.61682789, 4.6997824 , 2.47910055,\n        2.21969576],\n       [1.56726437, 4.22999713, 8.50413447, 4.24240623, 2.41441877,\n        2.18183423],\n       [1.41206627, 4.1007223 , 8.42563102, 4.70758391, 2.32279189,\n        2.10215015],\n       [1.50965255, 4.25957712, 8.67715226, 4.46207967, 2.25260544,\n        1.96788012],\n       [1.72931417, 4.30705174, 8.5110184 , 4.29792327, 2.10845994,\n        2.26755215],\n       [1.42808127, 4.27038324, 8.47247757, 4.30056051, 2.30721248,\n        1.89074077],\n       [1.39288034, 4.06083895, 8.24934507, 4.56147239, 2.27946356,\n        2.13842222]]), array([0.62537384, 0.63570476, 0.64295059, 0.64554656, 0.65061343,\n       0.65231568, 0.65355128]))"}, "2": {"maxiter": 100, "fatol": 1e-10, "xatol": 1e-05, "duration": 0.033490896224975586, "fun": "0.6253738403320312", "nit": "100", "nfev": "156", "status": "2", "success": "False", "message": "Maximum number of iterations has been exceeded.", "x": "[1.64736722 4.0812406  8.61682789 4.6997824  2.47910055 2.21969576]", "final_simplex": "(array([[1.64736722, 4.0812406 , 8.61682789, 4.6997824 , 2.47910055,\n        2.21969576],\n       [1.56726437, 4.22999713, 8.50413447, 4.24240623, 2.41441877,\n        2.18183423],\n       [1.41206627, 4.1007223 , 8.42563102, 4.70758391, 2.32279189,\n        2.10215015],\n       [1.50965255, 4.25957712, 8.67715226, 4.46207967, 2.25260544,\n        1.96788012],\n       [1.72931417, 4.30705174, 8.5110184 , 4.29792327, 2.10845994,\n        2.26755215],\n       [1.42808127, 4.27038324, 8.47247757, 4.30056051, 2.30721248,\n        1.89074077],\n       [1.39288034, 4.06083895, 8.24934507, 4.56147239, 2.27946356,\n        2.13842222]]), array([0.62537384, 0.63570476, 0.64295059, 0.64554656, 0.65061343,\n       0.65231568, 0.65355128]))"}, "3": {"maxiter": 100, "fatol": 1e-10, "xatol": 1e-10, "duration": 0.032318115234375, "fun": "0.6253738403320312", "nit": "100", "nfev": "156", "status": "2", "success": "False", "message": "Maximum number of iterations has been exceeded.", "x": "[1.64736722 4.0812406  8.61682789 4.6997824  2.47910055 2.21969576]", "final_simplex": "(array([[1.64736722, 4.0812406 , 8.61682789, 4.6997824 , 2.47910055,\n        2.21969576],\n       [1.56726437, 4.22999713, 8.50413447, 4.24240623, 2.41441877,\n        2.18183423],\n       [1.41206627, 4.1007223 , 8.42563102, 4.70758391, 2.32279189,\n        2.10215015],\n       [1.50965255, 4.25957712, 8.67715226, 4.46207967, 2.25260544,\n        1.96788012],\n       [1.72931417, 4.30705174, 8.5110184 , 4.29792327, 2.10845994,\n        2.26755215],\n       [1.42808127, 4.27038324, 8.47247757, 4.30056051, 2.30721248,\n        1.89074077],\n       [1.39288034, 4.06083895, 8.24934507, 4.56147239, 2.27946356,\n        2.13842222]]), array([0.62537384, 0.63570476, 0.64295059, 0.64554656, 0.65061343,\n       0.65231568, 0.65355128]))"}, "4": {"maxiter": 500, "fatol": 1e-05, "xatol": 1e-05, "duration": 0.08955812454223633, "fun": "0.6152573823928833", "nit": "239", "nfev": "422", "status": "0", "success": "True", "message": "Optimization terminated successfully.", "x": "[1.50227641 4.06497133 8.62266305 4.63772948 2.65762672 2.45671858]", "final_simplex": "(array([[1.50227641, 4.06497133, 8.62266305, 4.63772948, 2.65762672,\n        2.45671858],\n       [1.50227471, 4.0649768 , 8.62266341, 4.63772981, 2.65762965,\n        2.45671495],\n       [1.50227548, 4.06497359, 8.62266591, 4.63773494, 2.65762695,\n        2.45671918],\n       [1.50227475, 4.06497784, 8.62266618, 4.63772968, 2.65762643,\n        2.45671577],\n       [1.50227305, 4.06497355, 8.62266679, 4.63773225, 2.65762937,\n        2.45671705],\n       [1.50227482, 4.06497607, 8.62266581, 4.63772944, 2.6576309 ,\n        2.45671736],\n       [1.50227384, 4.0649751 , 8.62266485, 4.63773084, 2.65762878,\n        2.45671708]]), array([0.61525738, 0.61525738, 0.61525738, 0.61525738, 0.61525738,\n       0.61525738, 0.61525738]))"}, "5": {"maxiter": 500, "fatol": 1e-05, "xatol": 1e-10, "duration": 0.1140437126159668, "fun": "0.6152573823928833", "nit": "255", "nfev": "550", "status": "0", "success": "True", "message": "Optimization terminated successfully.", "x": "[1.50227641 4.06497133 8.62266305 4.63772948 2.65762672 2.45671858]", "final_simplex": "(array([[1.50227641, 4.06497133, 8.62266305, 4.63772948, 2.65762672,\n        2.45671858],\n       [1.50227641, 4.06497133, 8.62266305, 4.63772948, 2.65762672,\n        2.45671858],\n       [1.50227641, 4.06497133, 8.62266305, 4.63772948, 2.65762672,\n        2.45671858],\n       [1.50227641, 4.06497133, 8.62266305, 4.63772948, 2.65762672,\n        2.45671858],\n       [1.50227641, 4.06497133, 8.62266305, 4.63772948, 2.65762672,\n        2.45671858],\n       [1.50227641, 4.06497133, 8.62266305, 4.63772948, 2.65762672,\n        2.45671858],\n       [1.50227641, 4.06497133, 8.62266305, 4.63772948, 2.65762672,\n        2.45671858]]), array([0.61525738, 0.61525738, 0.61525738, 0.61525738, 0.61525738,\n       0.61525738, 0.61525738]))"}, "6": {"maxiter": 500, "fatol": 1e-10, "xatol": 1e-05, "duration": 0.10280799865722656, "fun": "0.6152573823928833", "nit": "239", "nfev": "422", "status": "0", "success": "True", "message": "Optimization terminated successfully.", "x": "[1.50227641 4.06497133 8.62266305 4.63772948 2.65762672 2.45671858]", "final_simplex": "(array([[1.50227641, 4.06497133, 8.62266305, 4.63772948, 2.65762672,\n        2.45671858],\n       [1.50227471, 4.0649768 , 8.62266341, 4.63772981, 2.65762965,\n        2.45671495],\n       [1.50227548, 4.06497359, 8.62266591, 4.63773494, 2.65762695,\n        2.45671918],\n       [1.50227475, 4.06497784, 8.62266618, 4.63772968, 2.65762643,\n        2.45671577],\n       [1.50227305, 4.06497355, 8.62266679, 4.63773225, 2.65762937,\n        2.45671705],\n       [1.50227482, 4.06497607, 8.62266581, 4.63772944, 2.6576309 ,\n        2.45671736],\n       [1.50227384, 4.0649751 , 8.62266485, 4.63773084, 2.65762878,\n        2.45671708]]), array([0.61525738, 0.61525738, 0.61525738, 0.61525738, 0.61525738,\n       0.61525738, 0.61525738]))"}, "7": {"maxiter": 500, "fatol": 1e-10, "xatol": 1e-10, "duration": 0.1359548568725586, "fun": "0.6152573823928833", "nit": "255", "nfev": "550", "status": "0", "success": "True", "message": "Optimization terminated successfully.", "x": "[1.50227641 4.06497133 8.62266305 4.63772948 2.65762672 2.45671858]", "final_simplex": "(array([[1.50227641, 4.06497133, 8.62266305, 4.63772948, 2.65762672,\n        2.45671858],\n       [1.50227641, 4.06497133, 8.62266305, 4.63772948, 2.65762672,\n        2.45671858],\n       [1.50227641, 4.06497133, 8.62266305, 4.63772948, 2.65762672,\n        2.45671858],\n       [1.50227641, 4.06497133, 8.62266305, 4.63772948, 2.65762672,\n        2.45671858],\n       [1.50227641, 4.06497133, 8.62266305, 4.63772948, 2.65762672,\n        2.45671858],\n       [1.50227641, 4.06497133, 8.62266305, 4.63772948, 2.65762672,\n        2.45671858],\n       [1.50227641, 4.06497133, 8.62266305, 4.63772948, 2.65762672,\n        2.45671858]]), array([0.61525738, 0.61525738, 0.61525738, 0.61525738, 0.61525738,\n       0.61525738, 0.61525738]))"}, "8": {"maxiter": 1000, "fatol": 1e-05, "xatol": 1e-05, "duration": 0.09288883209228516, "fun": "0.6152573823928833", "nit": "239", "nfev": "422", "status": "0", "success": "True", "message": "Optimization terminated successfully.", "x": "[1.50227641 4.06497133 8.62266305 4.63772948 2.65762672 2.45671858]", "final_simplex": "(array([[1.50227641, 4.06497133, 8.62266305, 4.63772948, 2.65762672,\n        2.45671858],\n       [1.50227471, 4.0649768 , 8.62266341, 4.63772981, 2.65762965,\n        2.45671495],\n       [1.50227548, 4.06497359, 8.62266591, 4.63773494, 2.65762695,\n        2.45671918],\n       [1.50227475, 4.06497784, 8.62266618, 4.63772968, 2.65762643,\n        2.45671577],\n       [1.50227305, 4.06497355, 8.62266679, 4.63773225, 2.65762937,\n        2.45671705],\n       [1.50227482, 4.06497607, 8.62266581, 4.63772944, 2.6576309 ,\n        2.45671736],\n       [1.50227384, 4.0649751 , 8.62266485, 4.63773084, 2.65762878,\n        2.45671708]]), array([0.61525738, 0.61525738, 0.61525738, 0.61525738, 0.61525738,\n       0.61525738, 0.61525738]))"}, "9": {"maxiter": 1000, "fatol": 1e-05, "xatol": 1e-10, "duration": 0.11955595016479492, "fun": "0.6152573823928833", "nit": "255", "nfev": "550", "status": "0", "success": "True", "message": "Optimization terminated successfully.", "x": "[1.50227641 4.06497133 8.62266305 4.63772948 2.65762672 2.45671858]", "final_simplex": "(array([[1.50227641, 4.06497133, 8.62266305, 4.63772948, 2.65762672,\n        2.45671858],\n       [1.50227641, 4.06497133, 8.62266305, 4.63772948, 2.65762672,\n        2.45671858],\n       [1.50227641, 4.06497133, 8.62266305, 4.63772948, 2.65762672,\n        2.45671858],\n       [1.50227641, 4.06497133, 8.62266305, 4.63772948, 2.65762672,\n        2.45671858],\n       [1.50227641, 4.06497133, 8.62266305, 4.63772948, 2.65762672,\n        2.45671858],\n       [1.50227641, 4.06497133, 8.62266305, 4.63772948, 2.65762672,\n        2.45671858],\n       [1.50227641, 4.06497133, 8.62266305, 4.63772948, 2.65762672,\n        2.45671858]]), array([0.61525738, 0.61525738, 0.61525738, 0.61525738, 0.61525738,\n       0.61525738, 0.61525738]))"}, "10": {"maxiter": 1000, "fatol": 1e-10, "xatol": 1e-05, "duration": 0.08779215812683105, "fun": "0.6152573823928833", "nit": "239", "nfev": "422", "status": "0", "success": "True", "message": "Optimization terminated successfully.", "x": "[1.50227641 4.06497133 8.62266305 4.63772948 2.65762672 2.45671858]", "final_simplex": "(array([[1.50227641, 4.06497133, 8.62266305, 4.63772948, 2.65762672,\n        2.45671858],\n       [1.50227471, 4.0649768 , 8.62266341, 4.63772981, 2.65762965,\n        2.45671495],\n       [1.50227548, 4.06497359, 8.62266591, 4.63773494, 2.65762695,\n        2.45671918],\n       [1.50227475, 4.06497784, 8.62266618, 4.63772968, 2.65762643,\n        2.45671577],\n       [1.50227305, 4.06497355, 8.62266679, 4.63773225, 2.65762937,\n        2.45671705],\n       [1.50227482, 4.06497607, 8.62266581, 4.63772944, 2.6576309 ,\n        2.45671736],\n       [1.50227384, 4.0649751 , 8.62266485, 4.63773084, 2.65762878,\n        2.45671708]]), array([0.61525738, 0.61525738, 0.61525738, 0.61525738, 0.61525738,\n       0.61525738, 0.61525738]))"}, "11": {"maxiter": 1000, "fatol": 1e-10, "xatol": 1e-10, "duration": 0.11568522453308105, "fun": "0.6152573823928833", "nit": "255", "nfev": "550", "status": "0", "success": "True", "message": "Optimization terminated successfully.", "x": "[1.50227641 4.06497133 8.62266305 4.63772948 2.65762672 2.45671858]", "final_simplex": "(array([[1.50227641, 4.06497133, 8.62266305, 4.63772948, 2.65762672,\n        2.45671858],\n       [1.50227641, 4.06497133, 8.62266305, 4.63772948, 2.65762672,\n        2.45671858],\n       [1.50227641, 4.06497133, 8.62266305, 4.63772948, 2.65762672,\n        2.45671858],\n       [1.50227641, 4.06497133, 8.62266305, 4.63772948, 2.65762672,\n        2.45671858],\n       [1.50227641, 4.06497133, 8.62266305, 4.63772948, 2.65762672,\n        2.45671858],\n       [1.50227641, 4.06497133, 8.62266305, 4.63772948, 2.65762672,\n        2.45671858],\n       [1.50227641, 4.06497133, 8.62266305, 4.63772948, 2.65762672,\n        2.45671858]]), array([0.61525738, 0.61525738, 0.61525738, 0.61525738, 0.61525738,\n       0.61525738, 0.61525738]))"}}, "bfgs": {"0": {"maxiter": 100, "gtol": 1e-05, "xrtol": 1e-05, "eps": 1e-05, "duration": 0.05370283126831055, "fun": "0.8822129964828491", "jac": "[0. 0. 0. 0. 0. 0.]", "hess_inv": "[[ 4.13402814  0.00975073 -4.17696031 -1.54572058  1.53754906 -1.18207251]\n [ 0.00975073  0.02608412 -0.03607656 -0.03858072  0.01579208 -0.01487094]\n [-4.17696031 -0.03607656  4.35854703  1.63586652 -1.6047359   1.25012507]\n [-1.54572058 -0.03858072  1.63586652  1.23890473 -1.20347584  0.59066391]\n [ 1.53754906  0.01579208 -1.6047359  -1.20347584  1.19080211 -0.57733937]\n [-1.18207251 -0.01487094  1.25012507  0.59066391 -0.57733937  1.23787487]]", "nfev": "252", "njev": "36", "status": "0", "success": "True", "message": "Optimization terminated successfully.", "x": "[1.07672278 2.95493214 5.67811595 4.78270482 3.2397387  6.03030252]", "nit": "20"}, "1": {"maxiter": 100, "gtol": 1e-05, "xrtol": 1e-05, "eps": 1e-10, "duration": 0.0015492439270019531, "fun": "0.9109926223754883", "jac": "[0. 0. 0. 0. 0. 0.]", "hess_inv": "[[1 0 0 0 0 0]\n [0 1 0 0 0 0]\n [0 0 1 0 0 0]\n [0 0 0 1 0 0]\n [0 0 0 0 1 0]\n [0 0 0 0 0 1]]", "nfev": "7", "njev": "1", "status": "0", "success": "True", "message": "Optimization terminated successfully.", "x": "[1.08993102 2.29942561 5.65217405 6.04609197 3.56265705 6.11099295]", "nit": "0"}, "2": {"maxiter": 100, "gtol": 1e-05, "xrtol": 1e-10, "eps": 1e-05, "duration": 0.05402708053588867, "fun": "0.8822129964828491", "jac": "[0. 0. 0. 0. 0. 0.]", "hess_inv": "[[ 4.13402814  0.00975073 -4.17696031 -1.54572058  1.53754906 -1.18207251]\n [ 0.00975073  0.02608412 -0.03607656 -0.03858072  0.01579208 -0.01487094]\n [-4.17696031 -0.03607656  4.35854703  1.63586652 -1.6047359   1.25012507]\n [-1.54572058 -0.03858072  1.63586652  1.23890473 -1.20347584  0.59066391]\n [ 1.53754906  0.01579208 -1.6047359  -1.20347584  1.19080211 -0.57733937]\n [-1.18207251 -0.01487094  1.25012507  0.59066391 -0.57733937  1.23787487]]", "nfev": "252", "njev": "36", "status": "0", "success": "True", "message": "Optimization terminated successfully.", "x": "[1.07672278 2.95493214 5.67811595 4.78270482 3.2397387  6.03030252]", "nit": "20"}, "3": {"maxiter": 100, "gtol": 1e-05, "xrtol": 1e-10, "eps": 1e-10, "duration": 0.001500844955444336, "fun": "0.9109926223754883", "jac": "[0. 0. 0. 0. 0. 0.]", "hess_inv": "[[1 0 0 0 0 0]\n [0 1 0 0 0 0]\n [0 0 1 0 0 0]\n [0 0 0 1 0 0]\n [0 0 0 0 1 0]\n [0 0 0 0 0 1]]", "nfev": "7", "njev": "1", "status": "0", "success": "True", "message": "Optimization terminated successfully.", "x": "[1.08993102 2.29942561 5.65217405 6.04609197 3.56265705 6.11099295]", "nit": "0"}, "4": {"maxiter": 100, "gtol": 1e-10, "xrtol": 1e-05, "eps": 1e-05, "duration": 0.057456254959106445, "fun": "0.8822129964828491", "jac": "[0. 0. 0. 0. 0. 0.]", "hess_inv": "[[ 4.13402814  0.00975073 -4.17696031 -1.54572058  1.53754906 -1.18207251]\n [ 0.00975073  0.02608412 -0.03607656 -0.03858072  0.01579208 -0.01487094]\n [-4.17696031 -0.03607656  4.35854703  1.63586652 -1.6047359   1.25012507]\n [-1.54572058 -0.03858072  1.63586652  1.23890473 -1.20347584  0.59066391]\n [ 1.53754906  0.01579208 -1.6047359  -1.20347584  1.19080211 -0.57733937]\n [-1.18207251 -0.01487094  1.25012507  0.59066391 -0.57733937  1.23787487]]", "nfev": "252", "njev": "36", "status": "0", "success": "True", "message": "Optimization terminated successfully.", "x": "[1.07672278 2.95493214 5.67811595 4.78270482 3.2397387  6.03030252]", "nit": "20"}, "5": {"maxiter": 100, "gtol": 1e-10, "xrtol": 1e-05, "eps": 1e-10, "duration": 0.0016021728515625, "fun": "0.9109926223754883", "jac": "[0. 0. 0. 0. 0. 0.]", "hess_inv": "[[1 0 0 0 0 0]\n [0 1 0 0 0 0]\n [0 0 1 0 0 0]\n [0 0 0 1 0 0]\n [0 0 0 0 1 0]\n [0 0 0 0 0 1]]", "nfev": "7", "njev": "1", "status": "0", "success": "True", "message": "Optimization terminated successfully.", "x": "[1.08993102 2.29942561 5.65217405 6.04609197 3.56265705 6.11099295]", "nit": "0"}, "6": {"maxiter": 100, "gtol": 1e-10, "xrtol": 1e-10, "eps": 1e-05, "duration": 0.07294631004333496, "fun": "0.8822129964828491", "jac": "[0. 0. 0. 0. 0. 0.]", "hess_inv": "[[ 4.13402814  0.00975073 -4.17696031 -1.54572058  1.53754906 -1.18207251]\n [ 0.00975073  0.02608412 -0.03607656 -0.03858072  0.01579208 -0.01487094]\n [-4.17696031 -0.03607656  4.35854703  1.63586652 -1.6047359   1.25012507]\n [-1.54572058 -0.03858072  1.63586652  1.23890473 -1.20347584  0.59066391]\n [ 1.53754906  0.01579208 -1.6047359  -1.20347584  1.19080211 -0.57733937]\n [-1.18207251 -0.01487094  1.25012507  0.59066391 -0.57733937  1.23787487]]", "nfev": "252", "njev": "36", "status": "0", "success": "True", "message": "Optimization terminated successfully.", "x": "[1.07672278 2.95493214 5.67811595 4.78270482 3.2397387  6.03030252]", "nit": "20"}, "7": {"maxiter": 100, "gtol": 1e-10, "xrtol": 1e-10, "eps": 1e-10, "duration": 0.0016040802001953125, "fun": "0.9109926223754883", "jac": "[0. 0. 0. 0. 0. 0.]", "hess_inv": "[[1 0 0 0 0 0]\n [0 1 0 0 0 0]\n [0 0 1 0 0 0]\n [0 0 0 1 0 0]\n [0 0 0 0 1 0]\n [0 0 0 0 0 1]]", "nfev": "7", "njev": "1", "status": "0", "success": "True", "message": "Optimization terminated successfully.", "x": "[1.08993102 2.29942561 5.65217405 6.04609197 3.56265705 6.11099295]", "nit": "0"}, "8": {"maxiter": 500, "gtol": 1e-05, "xrtol": 1e-05, "eps": 1e-05, "duration": 0.06607508659362793, "fun": "0.8822129964828491", "jac": "[0. 0. 0. 0. 0. 0.]", "hess_inv": "[[ 4.13402814  0.00975073 -4.17696031 -1.54572058  1.53754906 -1.18207251]\n [ 0.00975073  0.02608412 -0.03607656 -0.03858072  0.01579208 -0.01487094]\n [-4.17696031 -0.03607656  4.35854703  1.63586652 -1.6047359   1.25012507]\n [-1.54572058 -0.03858072  1.63586652  1.23890473 -1.20347584  0.59066391]\n [ 1.53754906  0.01579208 -1.6047359  -1.20347584  1.19080211 -0.57733937]\n [-1.18207251 -0.01487094  1.25012507  0.59066391 -0.57733937  1.23787487]]", "nfev": "252", "njev": "36", "status": "0", "success": "True", "message": "Optimization terminated successfully.", "x": "[1.07672278 2.95493214 5.67811595 4.78270482 3.2397387  6.03030252]", "nit": "20"}, "9": {"maxiter": 500, "gtol": 1e-05, "xrtol": 1e-05, "eps": 1e-10, "duration": 0.0014781951904296875, "fun": "0.9109926223754883", "jac": "[0. 0. 0. 0. 0. 0.]", "hess_inv": "[[1 0 0 0 0 0]\n [0 1 0 0 0 0]\n [0 0 1 0 0 0]\n [0 0 0 1 0 0]\n [0 0 0 0 1 0]\n [0 0 0 0 0 1]]", "nfev": "7", "njev": "1", "status": "0", "success": "True", "message": "Optimization terminated successfully.", "x": "[1.08993102 2.29942561 5.65217405 6.04609197 3.56265705 6.11099295]", "nit": "0"}, "10": {"maxiter": 500, "gtol": 1e-05, "xrtol": 1e-10, "eps": 1e-05, "duration": 0.09575796127319336, "fun": "0.8822129964828491", "jac": "[0. 0. 0. 0. 0. 0.]", "hess_inv": "[[ 4.13402814  0.00975073 -4.17696031 -1.54572058  1.53754906 -1.18207251]\n [ 0.00975073  0.02608412 -0.03607656 -0.03858072  0.01579208 -0.01487094]\n [-4.17696031 -0.03607656  4.35854703  1.63586652 -1.6047359   1.25012507]\n [-1.54572058 -0.03858072  1.63586652  1.23890473 -1.20347584  0.59066391]\n [ 1.53754906  0.01579208 -1.6047359  -1.20347584  1.19080211 -0.57733937]\n [-1.18207251 -0.01487094  1.25012507  0.59066391 -0.57733937  1.23787487]]", "nfev": "252", "njev": "36", "status": "0", "success": "True", "message": "Optimization terminated successfully.", "x": "[1.07672278 2.95493214 5.67811595 4.78270482 3.2397387  6.03030252]", "nit": "20"}, "11": {"maxiter": 500, "gtol": 1e-05, "xrtol": 1e-10, "eps": 1e-10, "duration": 0.0014710426330566406, "fun": "0.9109926223754883", "jac": "[0. 0. 0. 0. 0. 0.]", "hess_inv": "[[1 0 0 0 0 0]\n [0 1 0 0 0 0]\n [0 0 1 0 0 0]\n [0 0 0 1 0 0]\n [0 0 0 0 1 0]\n [0 0 0 0 0 1]]", "nfev": "7", "njev": "1", "status": "0", "success": "True", "message": "Optimization terminated successfully.", "x": "[1.08993102 2.29942561 5.65217405 6.04609197 3.56265705 6.11099295]", "nit": "0"}, "12": {"maxiter": 500, "gtol": 1e-10, "xrtol": 1e-05, "eps": 1e-05, "duration": 0.05590081214904785, "fun": "0.8822129964828491", "jac": "[0. 0. 0. 0. 0. 0.]", "hess_inv": "[[ 4.13402814  0.00975073 -4.17696031 -1.54572058  1.53754906 -1.18207251]\n [ 0.00975073  0.02608412 -0.03607656 -0.03858072  0.01579208 -0.01487094]\n [-4.17696031 -0.03607656  4.35854703  1.63586652 -1.6047359   1.25012507]\n [-1.54572058 -0.03858072  1.63586652  1.23890473 -1.20347584  0.59066391]\n [ 1.53754906  0.01579208 -1.6047359  -1.20347584  1.19080211 -0.57733937]\n [-1.18207251 -0.01487094  1.25012507  0.59066391 -0.57733937  1.23787487]]", "nfev": "252", "njev": "36", "status": "0", "success": "True", "message": "Optimization terminated successfully.", "x": "[1.07672278 2.95493214 5.67811595 4.78270482 3.2397387  6.03030252]", "nit": "20"}, "13": {"maxiter": 500, "gtol": 1e-10, "xrtol": 1e-05, "eps": 1e-10, "duration": 0.0019140243530273438, "fun": "0.9109926223754883", "jac": "[0. 0. 0. 0. 0. 0.]", "hess_inv": "[[1 0 0 0 0 0]\n [0 1 0 0 0 0]\n [0 0 1 0 0 0]\n [0 0 0 1 0 0]\n [0 0 0 0 1 0]\n [0 0 0 0 0 1]]", "nfev": "7", "njev": "1", "status": "0", "success": "True", "message": "Optimization terminated successfully.", "x": "[1.08993102 2.29942561 5.65217405 6.04609197 3.56265705 6.11099295]", "nit": "0"}, "14": {"maxiter": 500, "gtol": 1e-10, "xrtol": 1e-10, "eps": 1e-05, "duration": 0.05447888374328613, "fun": "0.8822129964828491", "jac": "[0. 0. 0. 0. 0. 0.]", "hess_inv": "[[ 4.13402814  0.00975073 -4.17696031 -1.54572058  1.53754906 -1.18207251]\n [ 0.00975073  0.02608412 -0.03607656 -0.03858072  0.01579208 -0.01487094]\n [-4.17696031 -0.03607656  4.35854703  1.63586652 -1.6047359   1.25012507]\n [-1.54572058 -0.03858072  1.63586652  1.23890473 -1.20347584  0.59066391]\n [ 1.53754906  0.01579208 -1.6047359  -1.20347584  1.19080211 -0.57733937]\n [-1.18207251 -0.01487094  1.25012507  0.59066391 -0.57733937  1.23787487]]", "nfev": "252", "njev": "36", "status": "0", "success": "True", "message": "Optimization terminated successfully.", "x": "[1.07672278 2.95493214 5.67811595 4.78270482 3.2397387  6.03030252]", "nit": "20"}, "15": {"maxiter": 500, "gtol": 1e-10, "xrtol": 1e-10, "eps": 1e-10, "duration": 0.001481771469116211, "fun": "0.9109926223754883", "jac": "[0. 0. 0. 0. 0. 0.]", "hess_inv": "[[1 0 0 0 0 0]\n [0 1 0 0 0 0]\n [0 0 1 0 0 0]\n [0 0 0 1 0 0]\n [0 0 0 0 1 0]\n [0 0 0 0 0 1]]", "nfev": "7", "njev": "1", "status": "0", "success": "True", "message": "Optimization terminated successfully.", "x": "[1.08993102 2.29942561 5.65217405 6.04609197 3.56265705 6.11099295]", "nit": "0"}, "16": {"maxiter": 1000, "gtol": 1e-05, "xrtol": 1e-05, "eps": 1e-05, "duration": 0.05592679977416992, "fun": "0.8822129964828491", "jac": "[0. 0. 0. 0. 0. 0.]", "hess_inv": "[[ 4.13402814  0.00975073 -4.17696031 -1.54572058  1.53754906 -1.18207251]\n [ 0.00975073  0.02608412 -0.03607656 -0.03858072  0.01579208 -0.01487094]\n [-4.17696031 -0.03607656  4.35854703  1.63586652 -1.6047359   1.25012507]\n [-1.54572058 -0.03858072  1.63586652  1.23890473 -1.20347584  0.59066391]\n [ 1.53754906  0.01579208 -1.6047359  -1.20347584  1.19080211 -0.57733937]\n [-1.18207251 -0.01487094  1.25012507  0.59066391 -0.57733937  1.23787487]]", "nfev": "252", "njev": "36", "status": "0", "success": "True", "message": "Optimization terminated successfully.", "x": "[1.07672278 2.95493214 5.67811595 4.78270482 3.2397387  6.03030252]", "nit": "20"}, "17": {"maxiter": 1000, "gtol": 1e-05, "xrtol": 1e-05, "eps": 1e-10, "duration": 0.0015230178833007812, "fun": "0.9109926223754883", "jac": "[0. 0. 0. 0. 0. 0.]", "hess_inv": "[[1 0 0 0 0 0]\n [0 1 0 0 0 0]\n [0 0 1 0 0 0]\n [0 0 0 1 0 0]\n [0 0 0 0 1 0]\n [0 0 0 0 0 1]]", "nfev": "7", "njev": "1", "status": "0", "success": "True", "message": "Optimization terminated successfully.", "x": "[1.08993102 2.29942561 5.65217405 6.04609197 3.56265705 6.11099295]", "nit": "0"}, "18": {"maxiter": 1000, "gtol": 1e-05, "xrtol": 1e-10, "eps": 1e-05, "duration": 0.05490422248840332, "fun": "0.8822129964828491", "jac": "[0. 0. 0. 0. 0. 0.]", "hess_inv": "[[ 4.13402814  0.00975073 -4.17696031 -1.54572058  1.53754906 -1.18207251]\n [ 0.00975073  0.02608412 -0.03607656 -0.03858072  0.01579208 -0.01487094]\n [-4.17696031 -0.03607656  4.35854703  1.63586652 -1.6047359   1.25012507]\n [-1.54572058 -0.03858072  1.63586652  1.23890473 -1.20347584  0.59066391]\n [ 1.53754906  0.01579208 -1.6047359  -1.20347584  1.19080211 -0.57733937]\n [-1.18207251 -0.01487094  1.25012507  0.59066391 -0.57733937  1.23787487]]", "nfev": "252", "njev": "36", "status": "0", "success": "True", "message": "Optimization terminated successfully.", "x": "[1.07672278 2.95493214 5.67811595 4.78270482 3.2397387  6.03030252]", "nit": "20"}, "19": {"maxiter": 1000, "gtol": 1e-05, "xrtol": 1e-10, "eps": 1e-10, "duration": 0.0016739368438720703, "fun": "0.9109926223754883", "jac": "[0. 0. 0. 0. 0. 0.]", "hess_inv": "[[1 0 0 0 0 0]\n [0 1 0 0 0 0]\n [0 0 1 0 0 0]\n [0 0 0 1 0 0]\n [0 0 0 0 1 0]\n [0 0 0 0 0 1]]", "nfev": "7", "njev": "1", "status": "0", "success": "True", "message": "Optimization terminated successfully.", "x": "[1.08993102 2.29942561 5.65217405 6.04609197 3.56265705 6.11099295]", "nit": "0"}, "20": {"maxiter": 1000, "gtol": 1e-10, "xrtol": 1e-05, "eps": 1e-05, "duration": 0.05440998077392578, "fun": "0.8822129964828491", "jac": "[0. 0. 0. 0. 0. 0.]", "hess_inv": "[[ 4.13402814  0.00975073 -4.17696031 -1.54572058  1.53754906 -1.18207251]\n [ 0.00975073  0.02608412 -0.03607656 -0.03858072  0.01579208 -0.01487094]\n [-4.17696031 -0.03607656  4.35854703  1.63586652 -1.6047359   1.25012507]\n [-1.54572058 -0.03858072  1.63586652  1.23890473 -1.20347584  0.59066391]\n [ 1.53754906  0.01579208 -1.6047359  -1.20347584  1.19080211 -0.57733937]\n [-1.18207251 -0.01487094  1.25012507  0.59066391 -0.57733937  1.23787487]]", "nfev": "252", "njev": "36", "status": "0", "success": "True", "message": "Optimization terminated successfully.", "x": "[1.07672278 2.95493214 5.67811595 4.78270482 3.2397387  6.03030252]", "nit": "20"}, "21": {"maxiter": 1000, "gtol": 1e-10, "xrtol": 1e-05, "eps": 1e-10, "duration": 0.0014259815216064453, "fun": "0.9109926223754883", "jac": "[0. 0. 0. 0. 0. 0.]", "hess_inv": "[[1 0 0 0 0 0]\n [0 1 0 0 0 0]\n [0 0 1 0 0 0]\n [0 0 0 1 0 0]\n [0 0 0 0 1 0]\n [0 0 0 0 0 1]]", "nfev": "7", "njev": "1", "status": "0", "success": "True", "message": "Optimization terminated successfully.", "x": "[1.08993102 2.29942561 5.65217405 6.04609197 3.56265705 6.11099295]", "nit": "0"}, "22": {"maxiter": 1000, "gtol": 1e-10, "xrtol": 1e-10, "eps": 1e-05, "duration": 0.054219961166381836, "fun": "0.8822129964828491", "jac": "[0. 0. 0. 0. 0. 0.]", "hess_inv": "[[ 4.13402814  0.00975073 -4.17696031 -1.54572058  1.53754906 -1.18207251]\n [ 0.00975073  0.02608412 -0.03607656 -0.03858072  0.01579208 -0.01487094]\n [-4.17696031 -0.03607656  4.35854703  1.63586652 -1.6047359   1.25012507]\n [-1.54572058 -0.03858072  1.63586652  1.23890473 -1.20347584  0.59066391]\n [ 1.53754906  0.01579208 -1.6047359  -1.20347584  1.19080211 -0.57733937]\n [-1.18207251 -0.01487094  1.25012507  0.59066391 -0.57733937  1.23787487]]", "nfev": "252", "njev": "36", "status": "0", "success": "True", "message": "Optimization terminated successfully.", "x": "[1.07672278 2.95493214 5.67811595 4.78270482 3.2397387  6.03030252]", "nit": "20"}, "23": {"maxiter": 1000, "gtol": 1e-10, "xrtol": 1e-10, "eps": 1e-10, "duration": 0.0014982223510742188, "fun": "0.9109926223754883", "jac": "[0. 0. 0. 0. 0. 0.]", "hess_inv": "[[1 0 0 0 0 0]\n [0 1 0 0 0 0]\n [0 0 1 0 0 0]\n [0 0 0 1 0 0]\n [0 0 0 0 1 0]\n [0 0 0 0 0 1]]", "nfev": "7", "njev": "1", "status": "0", "success": "True", "message": "Optimization terminated successfully.", "x": "[1.08993102 2.29942561 5.65217405 6.04609197 3.56265705 6.11099295]", "nit": "0"}}, "cobyla": {"0": {"maxiter": 100, "tol": 1e-05, "catol": 1e-05, "duration": 0.020956993103027344, "x": "[3.65062299 1.18835215 6.24612898 7.89111631 4.80075233 6.03679321]", "status": "2", "success": "False", "message": "Maximum number of function evaluations has been exceeded.", "nfev": "100", "fun": "0.655600905418396", "maxcv": "0.0"}, "1": {"maxiter": 100, "tol": 1e-05, "catol": 1e-10, "duration": 0.02053999900817871, "x": "[3.65062299 1.18835215 6.24612898 7.89111631 4.80075233 6.03679321]", "status": "2", "success": "False", "message": "Maximum number of function evaluations has been exceeded.", "nfev": "100", "fun": "0.655600905418396", "maxcv": "0.0"}, "2": {"maxiter": 100, "tol": 1e-10, "catol": 1e-05, "duration": 0.020727157592773438, "x": "[3.65062299 1.18835215 6.24612898 7.89111631 4.80075233 6.03679321]", "status": "2", "success": "False", "message": "Maximum number of function evaluations has been exceeded.", "nfev": "100", "fun": "0.655600905418396", "maxcv": "0.0"}, "3": {"maxiter": 100, "tol": 1e-10, "catol": 1e-10, "duration": 0.020557880401611328, "x": "[3.65062299 1.18835215 6.24612898 7.89111631 4.80075233 6.03679321]", "status": "2", "success": "False", "message": "Maximum number of function evaluations has been exceeded.", "nfev": "100", "fun": "0.655600905418396", "maxcv": "0.0"}, "4": {"maxiter": 500, "tol": 1e-05, "catol": 1e-05, "duration": 0.09049010276794434, "x": "[4.77997435 0.92324079 5.48030666 7.92827644 5.79920152 5.59928626]", "status": "1", "success": "True", "message": "Optimization terminated successfully.", "nfev": "436", "fun": "0.6152575016021729", "maxcv": "0.0"}, "5": {"maxiter": 500, "tol": 1e-05, "catol": 1e-10, "duration": 0.08976006507873535, "x": "[4.77997435 0.92324079 5.48030666 7.92827644 5.79920152 5.59928626]", "status": "1", "success": "True", "message": "Optimization terminated successfully.", "nfev": "436", "fun": "0.6152575016021729", "maxcv": "0.0"}, "6": {"maxiter": 500, "tol": 1e-10, "catol": 1e-05, "duration": 0.09476518630981445, "x": "[4.77997435 0.92324079 5.48030666 7.92827644 5.79920152 5.59928626]", "status": "1", "success": "True", "message": "Optimization terminated successfully.", "nfev": "469", "fun": "0.6152575016021729", "maxcv": "0.0"}, "7": {"maxiter": 500, "tol": 1e-10, "catol": 1e-10, "duration": 0.09386491775512695, "x": "[4.77997435 0.92324079 5.48030666 7.92827644 5.79920152 5.59928626]", "status": "1", "success": "True", "message": "Optimization terminated successfully.", "nfev": "469", "fun": "0.6152575016021729", "maxcv": "0.0"}, "8": {"maxiter": 1000, "tol": 1e-05, "catol": 1e-05, "duration": 0.08672404289245605, "x": "[4.77997435 0.92324079 5.48030666 7.92827644 5.79920152 5.59928626]", "status": "1", "success": "True", "message": "Optimization terminated successfully.", "nfev": "436", "fun": "0.6152575016021729", "maxcv": "0.0"}, "9": {"maxiter": 1000, "tol": 1e-05, "catol": 1e-10, "duration": 0.08867096900939941, "x": "[4.77997435 0.92324079 5.48030666 7.92827644 5.79920152 5.59928626]", "status": "1", "success": "True", "message": "Optimization terminated successfully.", "nfev": "436", "fun": "0.6152575016021729", "maxcv": "0.0"}, "10": {"maxiter": 1000, "tol": 1e-10, "catol": 1e-05, "duration": 0.09596109390258789, "x": "[4.77997435 0.92324079 5.48030666 7.92827644 5.79920152 5.59928626]", "status": "1", "success": "True", "message": "Optimization terminated successfully.", "nfev": "469", "fun": "0.6152575016021729", "maxcv": "0.0"}, "11": {"maxiter": 1000, "tol": 1e-10, "catol": 1e-10, "duration": 0.09643101692199707, "x": "[4.77997435 0.92324079 5.48030666 7.92827644 5.79920152 5.59928626]", "status": "1", "success": "True", "message": "Optimization terminated successfully.", "nfev": "469", "fun": "0.6152575016021729", "maxcv": "0.0"}}, "powell": {"0": {"maxiter": 100, "ftol": 1e-05, "xtol": 1e-05, "duration": 0.11683082580566406, "fun": "0.5068972706794739", "direc": "[[ 0.          0.          0.          0.          0.          1.        ]\n [-0.15591256  0.03351235 -0.03722597 -0.02964061 -0.0929162  -0.0511268 ]\n [ 0.          0.          1.          0.          0.          0.        ]\n [ 0.          0.          0.          1.          0.          0.        ]\n [ 0.          0.          0.          0.          1.          0.        ]\n [ 0.00235516  0.01568466 -0.00827645 -0.00114602 -0.00429792 -0.00678349]]", "nit": "6", "nfev": "550", "status": "0", "success": "True", "message": "Optimization terminated successfully.", "x": "[1.10862345 0.02824337 4.40088216 8.06546837 2.76258392 5.33369915]"}, "1": {"maxiter": 100, "ftol": 1e-05, "xtol": 1e-10, "duration": 0.26389598846435547, "fun": "0.5068972706794739", "direc": "[[ 0.          0.          0.          0.          0.          1.        ]\n [-0.15484828  0.03434431 -0.03761206 -0.02961666 -0.09223305 -0.05135957]\n [ 0.          0.          1.          0.          0.          0.        ]\n [ 0.          0.          0.          1.          0.          0.        ]\n [ 0.          0.          0.          0.          1.          0.        ]\n [ 0.00252802  0.01577824 -0.00862788 -0.00115072 -0.00441434 -0.00708509]]", "nit": "6", "nfev": "1265", "status": "0", "success": "True", "message": "Optimization terminated successfully.", "x": "[1.10869798 0.02822644 4.40076369 8.06552668 2.76269994 5.33374377]"}, "2": {"maxiter": 100, "ftol": 1e-10, "xtol": 1e-05, "duration": 0.1378650665283203, "fun": "0.5068972706794739", "direc": "[[ 0.          0.          0.          0.          0.          1.        ]\n [-0.15591256  0.03351235 -0.03722597 -0.02964061 -0.0929162  -0.0511268 ]\n [ 0.          0.          1.          0.          0.          0.        ]\n [ 0.          0.          0.          1.          0.          0.        ]\n [ 0.          0.          0.          0.          1.          0.        ]\n [ 0.00235516  0.01568466 -0.00827645 -0.00114602 -0.00429792 -0.00678349]]", "nit": "7", "nfev": "669", "status": "0", "success": "True", "message": "Optimization terminated successfully.", "x": "[1.10882988 0.02808458 4.40083852 8.06545784 2.7626764  5.33354412]"}, "3": {"maxiter": 100, "ftol": 1e-10, "xtol": 1e-10, "duration": 0.30649900436401367, "fun": "0.5068972706794739", "direc": "[[ 0.          0.          0.          0.          0.          1.        ]\n [-0.15484828  0.03434431 -0.03761206 -0.02961666 -0.09223305 -0.05135957]\n [ 0.          0.          1.          0.          0.          0.        ]\n [ 0.          0.          0.          1.          0.          0.        ]\n [ 0.          0.          0.          0.          1.          0.        ]\n [ 0.00252802  0.01577824 -0.00862788 -0.00115072 -0.00441434 -0.00708509]]", "nit": "7", "nfev": "1504", "status": "0", "success": "True", "message": "Optimization terminated successfully.", "x": "[1.10880642 0.0280876  4.40084184 8.06545891 2.76267515 5.33355405]"}, "4": {"maxiter": 500, "ftol": 1e-05, "xtol": 1e-05, "duration": 0.11212491989135742, "fun": "0.5068972706794739", "direc": "[[ 0.          0.          0.          0.          0.          1.        ]\n [-0.15591256  0.03351235 -0.03722597 -0.02964061 -0.0929162  -0.0511268 ]\n [ 0.          0.          1.          0.          0.          0.        ]\n [ 0.          0.          0.          1.          0.          0.        ]\n [ 0.          0.          0.          0.          1.          0.        ]\n [ 0.00235516  0.01568466 -0.00827645 -0.00114602 -0.00429792 -0.00678349]]", "nit": "6", "nfev": "550", "status": "0", "success": "True", "message": "Optimization terminated successfully.", "x": "[1.10862345 0.02824337 4.40088216 8.06546837 2.76258392 5.33369915]"}, "5": {"maxiter": 500, "ftol": 1e-05, "xtol": 1e-10, "duration": 0.2535679340362549, "fun": "0.5068972706794739", "direc": "[[ 0.          0.          0.          0.          0.          1.        ]\n [-0.15484828  0.03434431 -0.03761206 -0.02961666 -0.09223305 -0.05135957]\n [ 0.          0.          1.          0.          0.          0.        ]\n [ 0.          0.          0.          1.          0.          0.        ]\n [ 0.          0.          0.          0.          1.          0.        ]\n [ 0.00252802  0.01577824 -0.00862788 -0.00115072 -0.00441434 -0.00708509]]", "nit": "6", "nfev": "1265", "status": "0", "success": "True", "message": "Optimization terminated successfully.", "x": "[1.10869798 0.02822644 4.40076369 8.06552668 2.76269994 5.33374377]"}, "6": {"maxiter": 500, "ftol": 1e-10, "xtol": 1e-05, "duration": 0.1341850757598877, "fun": "0.5068972706794739", "direc": "[[ 0.          0.          0.          0.          0.          1.        ]\n [-0.15591256  0.03351235 -0.03722597 -0.02964061 -0.0929162  -0.0511268 ]\n [ 0.          0.          1.          0.          0.          0.        ]\n [ 0.          0.          0.          1.          0.          0.        ]\n [ 0.          0.          0.          0.          1.          0.        ]\n [ 0.00235516  0.01568466 -0.00827645 -0.00114602 -0.00429792 -0.00678349]]", "nit": "7", "nfev": "669", "status": "0", "success": "True", "message": "Optimization terminated successfully.", "x": "[1.10882988 0.02808458 4.40083852 8.06545784 2.7626764  5.33354412]"}, "7": {"maxiter": 500, "ftol": 1e-10, "xtol": 1e-10, "duration": 0.3016197681427002, "fun": "0.5068972706794739", "direc": "[[ 0.          0.          0.          0.          0.          1.        ]\n [-0.15484828  0.03434431 -0.03761206 -0.02961666 -0.09223305 -0.05135957]\n [ 0.          0.          1.          0.          0.          0.        ]\n [ 0.          0.          0.          1.          0.          0.        ]\n [ 0.          0.          0.          0.          1.          0.        ]\n [ 0.00252802  0.01577824 -0.00862788 -0.00115072 -0.00441434 -0.00708509]]", "nit": "7", "nfev": "1504", "status": "0", "success": "True", "message": "Optimization terminated successfully.", "x": "[1.10880642 0.0280876  4.40084184 8.06545891 2.76267515 5.33355405]"}, "8": {"maxiter": 1000, "ftol": 1e-05, "xtol": 1e-05, "duration": 0.11063075065612793, "fun": "0.5068972706794739", "direc": "[[ 0.          0.    