{"date": "2024/10/08/, 15:58:37", "conf_id": 10, "data_type": "random\n", "num_data_points": 1, "s_rank": 0, "unitary": "[[-0.45070455-0.02711853j,0.78437395-0.06613086j,0.06358678+0.19963393j,-0.07343613+0.35668523j],[-0.01890143-0.03813363j,0.32408202+0.25557629j,0.05872864-0.68979805j,0.55466693-0.20227297j],[-0.11215405+0.64023111j,-0.13344055+0.29565494j,-0.49012687-0.19046288j,-0.04241254+0.44046348j],[0.55771659+0.24656916j,0.31851997-0.05798805j,0.28761525-0.34294258j,-0.56718418+0.03616933j]]", "databatch_0": {"databatch": "[[[-0.22050833-0.13826777j,0.0007044-0.09354267j,-0.06469118+0.08001349j,-0.03834947-0.1512912j],[0.12055698-0.04461869j,-0.04450315-0.04520032j,0.04984929-0.12202348j,-0.43594289+0.28089956j],[-0.43069217-0.00074036j,0.13286521+0.06579084j,-0.07559421-0.13850831j,-0.16257475+0.1837869j],[0.00874133-0.10409884j,0.14590901+0.38376716j,0.12654374-0.23992015j,0.18284941-0.05111795j]]]", "initial param values": "[5.44457874,2.73738696,0.60417582,4.97435872,1.70581371,0.52444853]", "nelder_mead": {"type": "gradient-free", "0": {"maxiter": 100, "fatol": 1e-05, "xatol": 1e-05, "duration": 0.04729795455932617, "fun": "0.43900391266674077", "nit": "100", "nfev": "149", "status": "2", "success": "False", "message": "Maximum number of iterations has been exceeded.", "x": "[5.74969775 4.2277585  0.6456609  3.51136797 1.8676728  0.31759631]", "final_simplex": "(array([[5.74969775, 4.2277585 , 0.6456609 , 3.51136797, 1.8676728 ,\n        0.31759631],\n       [5.70518306, 4.24264277, 0.65707751, 3.38655022, 1.80287395,\n        0.35689254],\n       [5.826057  , 4.25691158, 0.60314155, 3.35844229, 1.92203594,\n        0.32235644],\n       [5.76755175, 4.10206625, 0.62845303, 3.41939756, 1.90432551,\n        0.34481904],\n       [5.7411966 , 4.27656188, 0.58642776, 3.41089523, 1.9115796 ,\n        0.33046789],\n       [5.83011091, 4.2453747 , 0.59342284, 3.40120461, 1.8790405 ,\n        0.34433391],\n       [5.82848966, 4.14432456, 0.59645577, 3.42140538, 1.93662647,\n        0.32525611]]), array([0.43900391, 0.439569  , 0.43977277, 0.44039421, 0.44085907,\n       0.44203992, 0.442064  ]))", "callback": [0.8563775646751859, 0.634085465501651, 0.5361201049661983, 0.500924449698075, 0.4857630076095454, 0.4630599313678878, 0.46228793401170876, 0.4523728867707709, 0.4466521082595959, 0.4408590709695508]}, "1": {"maxiter": 100, "fatol": 1e-05, "xatol": 1e-10, "duration": 0.04209589958190918, "fun": "0.43900391266674077", "nit": "100", "nfev": "149", "status": "2", "success": "False", "message": "Maximum number of iterations has been exceeded.", "x": "[5.74969775 4.2277585  0.6456609  3.51136797 1.8676728  0.31759631]", "final_simplex": "(array([[5.74969775, 4.2277585 , 0.6456609 , 3.51136797, 1.8676728 ,\n        0.31759631],\n       [5.70518306, 4.24264277, 0.65707751, 3.38655022, 1.80287395,\n        0.35689254],\n       [5.826057  , 4.25691158, 0.60314155, 3.35844229, 1.92203594,\n        0.32235644],\n       [5.76755175, 4.10206625, 0.62845303, 3.41939756, 1.90432551,\n        0.34481904],\n       [5.7411966 , 4.27656188, 0.58642776, 3.41089523, 1.9115796 ,\n        0.33046789],\n       [5.83011091, 4.2453747 , 0.59342284, 3.40120461, 1.8790405 ,\n        0.34433391],\n       [5.82848966, 4.14432456, 0.59645577, 3.42140538, 1.93662647,\n        0.32525611]]), array([0.43900391, 0.439569  , 0.43977277, 0.44039421, 0.44085907,\n       0.44203992, 0.442064  ]))", "callback": [0.8563775646751859, 0.634085465501651, 0.5361201049661983, 0.500924449698075, 0.4857630076095454, 0.4630599313678878, 0.46228793401170876, 0.4523728867707709, 0.4466521082595959, 0.4408590709695508]}, "2": {"maxiter": 100, "fatol": 1e-10, "xatol": 1e-05, "duration": 0.03817009925842285, "fun": "0.43900391266674077", "nit": "100", "nfev": "149", "status": "2", "success": "False", "message": "Maximum number of iterations has been exceeded.", "x": "[5.74969775 4.2277585  0.6456609  3.51136797 1.8676728  0.31759631]", "final_simplex": "(array([[5.74969775, 4.2277585 , 0.6456609 , 3.51136797, 1.8676728 ,\n        0.31759631],\n       [5.70518306, 4.24264277, 0.65707751, 3.38655022, 1.80287395,\n        0.35689254],\n       [5.826057  , 4.25691158, 0.60314155, 3.35844229, 1.92203594,\n        0.32235644],\n       [5.76755175, 4.10206625, 0.62845303, 3.41939756, 1.90432551,\n        0.34481904],\n       [5.7411966 , 4.27656188, 0.58642776, 3.41089523, 1.9115796 ,\n        0.33046789],\n       [5.83011091, 4.2453747 , 0.59342284, 3.40120461, 1.8790405 ,\n        0.34433391],\n       [5.82848966, 4.14432456, 0.59645577, 3.42140538, 1.93662647,\n        0.32525611]]), array([0.43900391, 0.439569  , 0.43977277, 0.44039421, 0.44085907,\n       0.44203992, 0.442064  ]))", "callback": [0.8563775646751859, 0.634085465501651, 0.5361201049661983, 0.500924449698075, 0.4857630076095454, 0.4630599313678878, 0.46228793401170876, 0.4523728867707709, 0.4466521082595959, 0.4408590709695508]}, "3": {"maxiter": 100, "fatol": 1e-10, "xatol": 1e-10, "duration": 0.04272198677062988, "fun": "0.43900391266674077", "nit": "100", "nfev": "149", "status": "2", "success": "False", "message": "Maximum number of iterations has been exceeded.", "x": "[5.74969775 4.2277585  0.6456609  3.51136797 1.8676728  0.31759631]", "final_simplex": "(array([[5.74969775, 4.2277585 , 0.6456609 , 3.51136797, 1.8676728 ,\n        0.31759631],\n       [5.70518306, 4.24264277, 0.65707751, 3.38655022, 1.80287395,\n        0.35689254],\n       [5.826057  , 4.25691158, 0.60314155, 3.35844229, 1.92203594,\n        0.32235644],\n       [5.76755175, 4.10206625, 0.62845303, 3.41939756, 1.90432551,\n        0.34481904],\n       [5.7411966 , 4.27656188, 0.58642776, 3.41089523, 1.9115796 ,\n        0.33046789],\n       [5.83011091, 4.2453747 , 0.59342284, 3.40120461, 1.8790405 ,\n        0.34433391],\n       [5.82848966, 4.14432456, 0.59645577, 3.42140538, 1.93662647,\n        0.32525611]]), array([0.43900391, 0.439569  , 0.43977277, 0.44039421, 0.44085907,\n       0.44203992, 0.442064  ]))", "callback": [0.8563775646751859, 0.634085465501651, 0.5361201049661983, 0.500924449698075, 0.4857630076095454, 0.4630599313678878, 0.46228793401170876, 0.4523728867707709, 0.4466521082595959, 0.4408590709695508]}, "4": {"maxiter": 500, "fatol": 1e-05, "xatol": 1e-05, "duration": 0.20888781547546387, "fun": "0.3401692278410493", "nit": "468", "nfev": "723", "status": "0", "success": "True", "message": "Optimization terminated successfully.", "x": "[4.97533677 3.86960535 2.69040077 4.41660067 1.53914693 1.3139798 ]", "final_simplex": "(array([[4.97533677, 3.86960535, 2.69040077, 4.41660067, 1.53914693,\n        1.3139798 ],\n       [4.97533741, 3.86961126, 2.69039966, 4.41660322, 1.53914043,\n        1.31398109],\n       [4.9753353 , 3.86961101, 2.69040859, 4.41660645, 1.53914178,\n        1.31398375],\n       [4.97533309, 3.86961221, 2.69040433, 4.4166076 , 1.5391408 ,\n        1.31398843],\n       [4.97533859, 3.8696134 , 2.69040139, 4.41659675, 1.53914118,\n        1.31398362],\n       [4.97533627, 3.8696071 , 2.69040379, 4.41659975, 1.53913694,\n        1.31397675],\n       [4.97534288, 3.86959963, 2.69039652, 4.41659178, 1.53914223,\n        1.31397302]]), array([0.34016923, 0.34016923, 0.34016923, 0.34016923, 0.34016923,\n       0.34016923, 0.34016923]))", "callback": [0.8563775646751859, 0.634085465501651, 0.5361201049661983, 0.500924449698075, 0.4857630076095454, 0.4630599313678878, 0.46228793401170876, 0.4523728867707709, 0.4466521082595959, 0.4408590709695508, 0.4356631805182075, 0.4140257361251528, 0.40521883413253434, 0.3967095567837057, 0.3923899569816771, 0.39029215008625384, 0.3898017805998545, 0.38964563641797645, 0.3895574958874046, 0.3894405472934369, 0.38931353984430705, 0.388905089817454, 0.3865217951661204, 0.38059499977622036, 0.36686836090997677, 0.35826940079775393, 0.35550129953343645, 0.3497900064499211, 0.3444916808219378, 0.34167957604832855, 0.3413470713708613, 0.34071661793747454, 0.3404043489106787, 0.34025883810473023, 0.3402304674217712, 0.34020724671849867, 0.340188106494006, 0.3401752058372428, 0.34017111272456635, 0.34017003853294203, 0.3401693223986525, 0.34016924780353464, 0.3401692343061691, 0.34016922919094394, 0.3401692280645038, 0.34016922787716497, 0.3401692278516397]}, "5": {"maxiter": 500, "fatol": 1e-05, "xatol": 1e-10, "duration": 0.2369699478149414, "fun": "0.34016922783434467", "nit": "500", "nfev": "772", "status": "2", "success": "False", "message": "Maximum number of iterations has been exceeded.", "x": "[4.97533764 3.86960734 2.69040399 4.41660147 1.5391419  1.31398617]", "final_simplex": "(array([[4.97533764, 3.86960734, 2.69040399, 4.41660147, 1.5391419 ,\n        1.31398617],\n       [4.97533698, 3.8696091 , 2.69040496, 4.41660328, 1.53914184,\n        1.31398681],\n       [4.97533751, 3.86960838, 2.69040261, 4.41660159, 1.53914231,\n        1.31398529],\n       [4.97533789, 3.86960597, 2.6904013 , 4.41660076, 1.53914445,\n        1.31398485],\n       [4.97533698, 3.86960647, 2.69040436, 4.41660201, 1.53914216,\n        1.31398427],\n       [4.97533725, 3.86960736, 2.69040386, 4.41660111, 1.53914365,\n        1.31398652],\n       [4.97533811, 3.86960838, 2.69040348, 4.41660018, 1.53914229,\n        1.31398457]]), array([0.34016923, 0.34016923, 0.34016923, 0.34016923, 0.34016923,\n       0.34016923, 0.34016923]))", "callback": [0.8563775646751859, 0.634085465501651, 0.5361201049661983, 0.500924449698075, 0.4857630076095454, 0.4630599313678878, 0.46228793401170876, 0.4523728867707709, 0.4466521082595959, 0.4408590709695508, 0.4356631805182075, 0.4140257361251528, 0.40521883413253434, 0.3967095567837057, 0.3923899569816771, 0.39029215008625384, 0.3898017805998545, 0.38964563641797645, 0.3895574958874046, 0.3894405472934369, 0.38931353984430705, 0.388905089817454, 0.3865217951661204, 0.38059499977622036, 0.36686836090997677, 0.35826940079775393, 0.35550129953343645, 0.3497900064499211, 0.3444916808219378, 0.34167957604832855, 0.3413470713708613, 0.34071661793747454, 0.3404043489106787, 0.34025883810473023, 0.3402304674217712, 0.34020724671849867, 0.340188106494006, 0.3401752058372428, 0.34017111272456635, 0.34017003853294203, 0.3401693223986525, 0.34016924780353464, 0.3401692343061691, 0.34016922919094394, 0.3401692280645038, 0.34016922787716497, 0.3401692278516397, 0.34016922783884807, 0.34016922783616865, 0.34016922783491255]}, "6": {"maxiter": 500, "fatol": 1e-10, "xatol": 1e-05, "duration": 0.21754193305969238, "fun": "0.3401692278410493", "nit": "468", "nfev": "723", "status": "0", "success": "True", "message": "Optimization terminated successfully.", "x": "[4.97533677 3.86960535 2.69040077 4.41660067 1.53914693 1.3139798 ]", "final_simplex": "(array([[4.97533677, 3.86960535, 2.69040077, 4.41660067, 1.53914693,\n        1.3139798 ],\n       [4.97533741, 3.86961126, 2.69039966, 4.41660322, 1.53914043,\n        1.31398109],\n       [4.9753353 , 3.86961101, 2.69040859, 4.41660645, 1.53914178,\n        1.31398375],\n       [4.97533309, 3.86961221, 2.69040433, 4.4166076 , 1.5391408 ,\n        1.31398843],\n       [4.97533859, 3.8696134 , 2.69040139, 4.41659675, 1.53914118,\n        1.31398362],\n       [4.97533627, 3.8696071 , 2.69040379, 4.41659975, 1.53913694,\n        1.31397675],\n       [4.97534288, 3.86959963, 2.69039652, 4.41659178, 1.53914223,\n        1.31397302]]), array([0.34016923, 0.34016923, 0.34016923, 0.34016923, 0.34016923,\n       0.34016923, 0.34016923]))", "callback": [0.8563775646751859, 0.634085465501651, 0.5361201049661983, 0.500924449698075, 0.4857630076095454, 0.4630599313678878, 0.46228793401170876, 0.4523728867707709, 0.4466521082595959, 0.4408590709695508, 0.4356631805182075, 0.4140257361251528, 0.40521883413253434, 0.3967095567837057, 0.3923899569816771, 0.39029215008625384, 0.3898017805998545, 0.38964563641797645, 0.3895574958874046, 0.3894405472934369, 0.38931353984430705, 0.388905089817454, 0.3865217951661204, 0.38059499977622036, 0.36686836090997677, 0.35826940079775393, 0.35550129953343645, 0.3497900064499211, 0.3444916808219378, 0.34167957604832855, 0.3413470713708613, 0.34071661793747454, 0.3404043489106787, 0.34025883810473023, 0.3402304674217712, 0.34020724671849867, 0.340188106494006, 0.3401752058372428, 0.34017111272456635, 0.34017003853294203, 0.3401693223986525, 0.34016924780353464, 0.3401692343061691, 0.34016922919094394, 0.3401692280645038, 0.34016922787716497, 0.3401692278516397]}, "7": {"maxiter": 500, "fatol": 1e-10, "xatol": 1e-10, "duration": 0.2098691463470459, "fun": "0.34016922783434467", "nit": "500", "nfev": "772", "status": "2", "success": "False", "message": "Maximum number of iterations has been exceeded.", "x": "[4.97533764 3.86960734 2.69040399 4.41660147 1.5391419  1.31398617]", "final_simplex": "(array([[4.97533764, 3.86960734, 2.69040399, 4.41660147, 1.5391419 ,\n        1.31398617],\n       [4.97533698, 3.8696091 , 2.69040496, 4.41660328, 1.53914184,\n        1.31398681],\n       [4.97533751, 3.86960838, 2.69040261, 4.41660159, 1.53914231,\n        1.31398529],\n       [4.97533789, 3.86960597, 2.6904013 , 4.41660076, 1.53914445,\n        1.31398485],\n       [4.97533698, 3.86960647, 2.69040436, 4.41660201, 1.53914216,\n        1.31398427],\n       [4.97533725, 3.86960736, 2.69040386, 4.41660111, 1.53914365,\n        1.31398652],\n       [4.97533811, 3.86960838, 2.69040348, 4.41660018, 1.53914229,\n        1.31398457]]), array([0.34016923, 0.34016923, 0.34016923, 0.34016923, 0.34016923,\n       0.34016923, 0.34016923]))", "callback": [0.8563775646751859, 0.634085465501651, 0.5361201049661983, 0.500924449698075, 0.4857630076095454, 0.4630599313678878, 0.46228793401170876, 0.4523728867707709, 0.4466521082595959, 0.4408590709695508, 0.4356631805182075, 0.4140257361251528, 0.40521883413253434, 0.3967095567837057, 0.3923899569816771, 0.39029215008625384, 0.3898017805998545, 0.38964563641797645, 0.3895574958874046, 0.3894405472934369, 0.38931353984430705, 0.388905089817454, 0.3865217951661204, 0.38059499977622036, 0.36686836090997677, 0.35826940079775393, 0.35550129953343645, 0.3497900064499211, 0.3444916808219378, 0.34167957604832855, 0.3413470713708613, 0.34071661793747454, 0.3404043489106787, 0.34025883810473023, 0.3402304674217712, 0.34020724671849867, 0.340188106494006, 0.3401752058372428, 0.34017111272456635, 0.34017003853294203, 0.3401693223986525, 0.34016924780353464, 0.3401692343061691, 0.34016922919094394, 0.3401692280645038, 0.34016922787716497, 0.3401692278516397, 0.34016922783884807, 0.34016922783616865, 0.34016922783491255]}, "8": {"maxiter": 1000, "fatol": 1e-05, "xatol": 1e-05, "duration": 0.18877315521240234, "fun": "0.3401692278410493", "nit": "468", "nfev": "723", "status": "0", "success": "True", "message": "Optimization terminated successfully.", "x": "[4.97533677 3.86960535 2.69040077 4.41660067 1.53914693 1.3139798 ]", "final_simplex": "(array([[4.97533677, 3.86960535, 2.69040077, 4.41660067, 1.53914693,\n        1.3139798 ],\n       [4.97533741, 3.86961126, 2.69039966, 4.41660322, 1.53914043,\n        1.31398109],\n       [4.9753353 , 3.86961101, 2.69040859, 4.41660645, 1.53914178,\n        1.31398375],\n       [4.97533309, 3.86961221, 2.69040433, 4.4166076 , 1.5391408 ,\n        1.31398843],\n       [4.97533859, 3.8696134 , 2.69040139, 4.41659675, 1.53914118,\n        1.31398362],\n       [4.97533627, 3.8696071 , 2.69040379, 4.41659975, 1.53913694,\n        1.31397675],\n       [4.97534288, 3.86959963, 2.69039652, 4.41659178, 1.53914223,\n        1.31397302]]), array([0.34016923, 0.34016923, 0.34016923, 0.34016923, 0.34016923,\n       0.34016923, 0.34016923]))", "callback": [0.8563775646751859, 0.634085465501651, 0.5361201049661983, 0.500924449698075, 0.4857630076095454, 0.4630599313678878, 0.46228793401170876, 0.4523728867707709, 0.4466521082595959, 0.4408590709695508, 0.4356631805182075, 0.4140257361251528, 0.40521883413253434, 0.3967095567837057, 0.3923899569816771, 0.39029215008625384, 0.3898017805998545, 0.38964563641797645, 0.3895574958874046, 0.3894405472934369, 0.38931353984430705, 0.388905089817454, 0.3865217951661204, 0.38059499977622036, 0.36686836090997677, 0.35826940079775393, 0.35550129953343645, 0.3497900064499211, 0.3444916808219378, 0.34167957604832855, 0.3413470713708613, 0.34071661793747454, 0.3404043489106787, 0.34025883810473023, 0.3402304674217712, 0.34020724671849867, 0.340188106494006, 0.3401752058372428, 0.34017111272456635, 0.34017003853294203, 0.3401693223986525, 0.34016924780353464, 0.3401692343061691, 0.34016922919094394, 0.3401692280645038, 0.34016922787716497, 0.3401692278516397]}, "9": {"maxiter": 1000, "fatol": 1e-05, "xatol": 1e-10, "duration": 0.30026984214782715, "fun": "0.3401692278323607", "nit": "651", "nfev": "1062", "status": "0", "success": "True", "message": "Optimization terminated successfully.", "x": "[4.97534045 3.86960803 2.69040556 4.41660337 1.53914124 1.31398612]", "final_simplex": "(array([[4.97534045, 3.86960803, 2.69040556, 4.41660337, 1.53914124,\n        1.31398612],\n       [4.97534045, 3.86960803, 2.69040556, 4.41660337, 1.53914124,\n        1.31398612],\n       [4.97534045, 3.86960803, 2.69040556, 4.41660337, 1.53914124,\n        1.31398612],\n       [4.97534045, 3.86960803, 2.69040556, 4.41660337, 1.53914124,\n        1.31398612],\n       [4.97534045, 3.86960803, 2.69040556, 4.41660337, 1.53914124,\n        1.31398612],\n       [4.97534045, 3.86960803, 2.69040556, 4.41660337, 1.53914124,\n        1.31398612],\n       [4.97534045, 3.86960803, 2.69040556, 4.41660337, 1.53914124,\n        1.31398612]]), array([0.34016923, 0.34016923, 0.34016923, 0.34016923, 0.34016923,\n       0.34016923, 0.34016923]))", "callback": [0.8563775646751859, 0.634085465501651, 0.5361201049661983, 0.500924449698075, 0.4857630076095454, 0.4630599313678878, 0.46228793401170876, 0.4523728867707709, 0.4466521082595959, 0.4408590709695508, 0.4356631805182075, 0.4140257361251528, 0.40521883413253434, 0.3967095567837057, 0.3923899569816771, 0.39029215008625384, 0.3898017805998545, 0.38964563641797645, 0.3895574958874046, 0.3894405472934369, 0.38931353984430705, 0.388905089817454, 0.3865217951661204, 0.38059499977622036, 0.36686836090997677, 0.35826940079775393, 0.35550129953343645, 0.3497900064499211, 0.3444916808219378, 0.34167957604832855, 0.3413470713708613, 0.34071661793747454, 0.3404043489106787, 0.34025883810473023, 0.3402304674217712, 0.34020724671849867, 0.340188106494006, 0.3401752058372428, 0.34017111272456635, 0.34017003853294203, 0.3401693223986525, 0.34016924780353464, 0.3401692343061691, 0.34016922919094394, 0.3401692280645038, 0.34016922787716497, 0.3401692278516397, 0.34016922783884807, 0.34016922783616865, 0.34016922783491255, 0.34016922783434467, 0.3401692278337275, 0.3401692278331784, 0.3401692278327981, 0.3401692278325803, 0.34016922783245196, 0.340169227832387, 0.3401692278323689, 0.34016922783236825, 0.34016922783236225, 0.34016922783236136, 0.3401692278323609, 0.3401692278323607, 0.3401692278323607, 0.3401692278323607, 0.3401692278323607]}, "10": {"maxiter": 1000, "fatol": 1e-10, "xatol": 1e-05, "duration": 0.21197009086608887, "fun": "0.3401692278410493", "nit": "468", "nfev": "723", "status": "0", "success": "True", "message": "Optimization terminated successfully.", "x": "[4.97533677 3.86960535 2.69040077 4.41660067 1.53914693 1.3139798 ]", "final_simplex": "(array([[4.97533677, 3.86960535, 2.69040077, 4.41660067, 1.53914693,\n        1.3139798 ],\n       [4.97533741, 3.86961126, 2.69039966, 4.41660322, 1.53914043,\n        1.31398109],\n       [4.9753353 , 3.86961101, 2.69040859, 4.41660645, 1.53914178,\n        1.31398375],\n       [4.97533309, 3.86961221, 2.69040433, 4.4166076 , 1.5391408 ,\n        1.31398843],\n       [4.97533859, 3.8696134 , 2.69040139, 4.41659675, 1.53914118,\n        1.31398362],\n       [4.97533627, 3.8696071 , 2.69040379, 4.41659975, 1.53913694,\n        1.31397675],\n       [4.97534288, 3.86959963, 2.69039652, 4.41659178, 1.53914223,\n        1.31397302]]), array([0.34016923, 0.34016923, 0.34016923, 0.34016923, 0.34016923,\n       0.34016923, 0.34016923]))", "callback": [0.8563775646751859, 0.634085465501651, 0.5361201049661983, 0.500924449698075, 0.4857630076095454, 0.4630599313678878, 0.46228793401170876, 0.4523728867707709, 0.4466521082595959, 0.4408590709695508, 0.4356631805182075, 0.4140257361251528, 0.40521883413253434, 0.3967095567837057, 0.3923899569816771, 0.39029215008625384, 0.3898017805998545, 0.38964563641797645, 0.3895574958874046, 0.3894405472934369, 0.38931353984430705, 0.388905089817454, 0.3865217951661204, 0.38059499977622036, 0.36686836090997677, 0.35826940079775393, 0.35550129953343645, 0.3497900064499211, 0.3444916808219378, 0.34167957604832855, 0.3413470713708613, 0.34071661793747454, 0.3404043489106787, 0.34025883810473023, 0.3402304674217712, 0.34020724671849867, 0.340188106494006, 0.3401752058372428, 0.34017111272456635, 0.34017003853294203, 0.3401693223986525, 0.34016924780353464, 0.3401692343061691, 0.34016922919094394, 0.3401692280645038, 0.34016922787716497, 0.3401692278516397]}, "11": {"maxiter": 1000, "fatol": 1e-10, "xatol": 1e-10, "duration": 0.29718589782714844, "fun": "0.3401692278323607", "nit": "651", "nfev": "1062", "status": "0", "success": "True", "message": "Optimization terminated successfully.", "x": "[4.97534045 3.86960803 2.69040556 4.41660337 1.53914124 1.31398612]", "final_simplex": "(array([[4.97534045, 3.86960803, 2.69040556, 4.41660337, 1.53914124,\n        1.31398612],\n       [4.97534045, 3.86960803, 2.69040556, 4.41660337, 1.53914124,\n        1.31398612],\n       [4.97534045, 3.86960803, 2.69040556, 4.41660337, 1.53914124,\n        1.31398612],\n       [4.97534045, 3.86960803, 2.69040556, 4.41660337, 1.53914124,\n        1.31398612],\n       [4.97534045, 3.86960803, 2.69040556, 4.41660337, 1.53914124,\n        1.31398612],\n       [4.97534045, 3.86960803, 2.69040556, 4.41660337, 1.53914124,\n        1.31398612],\n       [4.97534045, 3.86960803, 2.69040556, 4.41660337, 1.53914124,\n        1.31398612]]), array([0.34016923, 0.34016923, 0.34016923, 0.34016923, 0.34016923,\n       0.34016923, 0.34016923]))", "callback": [0.8563775646751859, 0.634085465501651, 0.5361201049661983, 0.500924449698075, 0.4857630076095454, 0.4630599313678878, 0.46228793401170876, 0.4523728867707709, 0.4466521082595959, 0.4408590709695508, 0.4356631805182075, 0.4140257361251528, 0.40521883413253434, 0.3967095567837057, 0.3923899569816771, 0.39029215008625384, 0.3898017805998545, 0.38964563641797645, 0.3895574958874046, 0.3894405472934369, 0.38931353984430705, 0.388905089817454, 0.3865217951661204, 0.38059499977622036, 0.36686836090997677, 0.35826940079775393, 0.35550129953343645, 0.3497900064499211, 0.3444916808219378, 0.34167957604832855, 0.3413470713708613, 0.34071661793747454, 0.3404043489106787, 0.34025883810473023, 0.3402304674217712, 0.34020724671849867, 0.340188106494006, 0.3401752058372428, 0.34017111272456635, 0.34017003853294203, 0.3401693223986525, 0.34016924780353464, 0.3401692343061691, 0.34016922919094394, 0.3401692280645038, 0.34016922787716497, 0.3401692278516397, 0.34016922783884807, 0.34016922783616865, 0.34016922783491255, 0.34016922783434467, 0.3401692278337275, 0.3401692278331784, 0.3401692278327981, 0.3401692278325803, 0.34016922783245196, 0.340169227832387, 0.3401692278323689, 0.34016922783236825, 0.34016922783236225, 0.34016922783236136, 0.3401692278323609, 0.3401692278323607, 0.3401692278323607, 0.3401692278323607, 0.3401692278323607]}}, "bfgs": {"type": "gradient", "0": {"maxiter": 100, "gtol": 1e-05, "xrtol": 1e-05, "eps": 1e-05, "duration": 0.05237984657287598, "fun": "0.34016922796632865", "jac": "[ 1.22460930e-06 -3.50854901e-06 -8.41593462e-07  1.47150070e-06\n  1.87350135e-07  1.13167253e-06]", "hess_inv": "[[ 3.46649723 -1.29132532 -1.63603795 -1.26033013  0.9593894  -1.29637743]\n [-1.29132532  7.82119426  3.98900075  4.36787646 -4.28451741  4.38722179]\n [-1.63603795  3.98900075 11.14587921  5.47219804 -6.11891531  5.15881766]\n [-1.26033013  4.36787646  5.47219804  6.66572011 -3.86229762  3.57876188]\n [ 0.9593894  -4.28451741 -6.11891531 -3.86229762  7.3866089  -2.73219202]\n [-1.29637743  4.38722179  5.15881766  3.57876188 -2.73219202  6.88003779]]", "nfev": "189", "njev": "27", "status": "0", "success": "True", "message": "Optimization terminated successfully.", "x": "[4.97534542 3.86956781 2.69036957 4.41657505 1.53916472 1.31395492]", "nit": "23", "callback": [0.5175938210824161, 0.4762010014566852, 0.40952152779174755, 0.3848885899633323, 0.3777978781204028, 0.37243898578997614, 0.36515231712810037, 0.3610375815757749, 0.3577066417657291, 0.3551956744265252, 0.352863877970901, 0.3502954378998452, 0.3469454049575531, 0.34382862046461793, 0.3413954883819239, 0.3407942954877772, 0.34039634937058916, 0.3402365059790273, 0.3401792345730005, 0.34017028521849446, 0.34016927693488497, 0.3401692297634715, 0.34016922796632865]}, "1": {"maxiter": 100, "gtol": 1e-05, "xrtol": 1e-05, "eps": 1e-10, "duration": 0.05344271659851074, "fun": "0.34016922797040183", "jac": "[-2.22044587e-06 -6.66133760e-06 -3.33066880e-06 -4.44089173e-06\n  0.00000000e+00 -3.33066880e-06]", "hess_inv": "[[ 3.43938515 -1.30188482 -1.66417464 -1.29848182  0.97522813 -1.31640622]\n [-1.30188482  7.87650656  3.97621432  4.35296807 -4.30022765  4.48750046]\n [-1.66417464  3.97621432 11.06030183  5.34487475 -6.09311837  5.11816216]\n [-1.29848182  4.35296807  5.34487475  6.5075086  -3.8126269   3.59392204]\n [ 0.97522813 -4.30022765 -6.09311837 -3.8126269   7.40162175 -2.74257816]\n [-1.31640622  4.48750046  5.11816216  3.59392204 -2.74257816  7.10541175]]", "nfev": "189", "njev": "27", "status": "0", "success": "True", "message": "Optimization terminated successfully.", "x": "[4.97534446 3.86956899 2.69037791 4.41657498 1.53916572 1.31394891]", "nit": "23", "callback": [0.5175944043654662, 0.47620120107206076, 0.40952109227958833, 0.3848891619340019, 0.3777983667380287, 0.3724394801538118, 0.3651530786082513, 0.3610382005640034, 0.3577077021183164, 0.3551957567408881, 0.35286446582818265, 0.3502951825993046, 0.3469463608492429, 0.3438273831348998, 0.3413975708535263, 0.34079512323532224, 0.34039798048426917, 0.3402371002861879, 0.3401790635276267, 0.3401702748011024, 0.3401692755894814, 0.3401692296026675, 0.34016922797040183]}, "2": {"maxiter": 100, "gtol": 1e-05, "xrtol": 1e-10, "eps": 1e-05, "duration": 0.05507993698120117, "fun": "0.34016922796632865", "jac": "[ 1.22460930e-06 -3.50854901e-06 -8.41593462e-07  1.47150070e-06\n  1.87350135e-07  1.13167253e-06]", "hess_inv": "[[ 3.46649723 -1.29132532 -1.63603795 -1.26033013  0.9593894  -1.29637743]\n [-1.29132532  7.82119426  3.98900075  4.36787646 -4.28451741  4.38722179]\n [-1.63603795  3.98900075 11.14587921  5.47219804 -6.11891531  5.15881766]\n [-1.26033013  4.36787646  5.47219804  6.66572011 -3.86229762  3.57876188]\n [ 0.9593894  -4.28451741 -6.11891531 -3.86229762  7.3866089  -2.73219202]\n [-1.29637743  4.38722179  5.15881766  3.57876188 -2.73219202  6.88003779]]", "nfev": "189", "njev": "27", "status": "0", "success": "True", "message": "Optimization terminated successfully.", "x": "[4.97534542 3.86956781 2.69036957 4.41657505 1.53916472 1.31395492]", "nit": "23", "callback": [0.5175938210824161, 0.4762010014566852, 0.40952152779174755, 0.3848885899633323, 0.3777978781204028, 0.37243898578997614, 0.36515231712810037, 0.3610375815757749, 0.3577066417657291, 0.3551956744265252, 0.352863877970901, 0.3502954378998452, 0.3469454049575531, 0.34382862046461793, 0.3413954883819239, 0.3407942954877772, 0.34039634937058916, 0.3402365059790273, 0.3401792345730005, 0.34017028521849446, 0.34016927693488497, 0.3401692297634715, 0.34016922796632865]}, "3": {"maxiter": 100, "gtol": 1e-05, "xrtol": 1e-10, "eps": 1e-10, "duration": 0.05722188949584961, "fun": "0.34016922797040183", "jac": "[-2.22044587e-06 -6.66133760e-06 -3.33066880e-06 -4.44089173e-06\n  0.00000000e+00 -3.33066880e-06]", "hess_inv": "[[ 3.43938515 -1.30188482 -1.66417464 -1.29848182  0.97522813 -1.31640622]\n [-1.30188482  7.87650656  3.97621432  4.35296807 -4.30022765  4.48750046]\n [-1.66417464  3.97621432 11.06030183  5.34487475 -6.09311837  5.11816216]\n [-1.29848182  4.35296807  5.34487475  6.5075086  -3.8126269   3.59392204]\n [ 0.97522813 -4.30022765 -6.09311837 -3.8126269   7.40162175 -2.74257816]\n [-1.31640622  4.48750046  5.11816216  3.59392204 -2.74257816  7.10541175]]", "nfev": "189", "njev": "27", "status": "0", "success": "True", "message": "Optimization terminated successfully.", "x": "[4.97534446 3.86956899 2.69037791 4.41657498 1.53916572 1.31394891]", "nit": "23", "callback": [0.5175944043654662, 0.47620120107206076, 0.40952109227958833, 0.3848891619340019, 0.3777983667380287, 0.3724394801538118, 0.3651530786082513, 0.3610382005640034, 0.3577077021183164, 0.3551957567408881, 0.35286446582818265, 0.3502951825993046, 0.3469463608492429, 0.3438273831348998, 0.3413975708535263, 0.34079512323532224, 0.34039798048426917, 0.3402371002861879, 0.3401790635276267, 0.3401702748011024, 0.3401692755894814, 0.3401692296026675, 0.34016922797040183]}, "4": {"maxiter": 100, "gtol": 1e-10, "xrtol": 1e-05, "eps": 1e-05, "duration": 0.06001091003417969, "fun": "0.3401692278917673", "jac": "[-1.69975145e-08  2.04714024e-07  1.50446322e-07  3.40283357e-08\n  5.05928632e-08 -2.47801779e-07]", "hess_inv": "[[ 3.31060347 -0.75125225 -1.31682265 -1.05511172  0.60614766 -1.08700943]\n [-0.75125225  7.25145014  3.77927561  4.12071613 -4.06113211  3.99209048]\n [-1.31682265  3.77927561 11.10940021  5.37138614 -6.08453611  4.95750476]\n [-1.05511172  4.12071613  5.37138614  6.56087312 -3.7538389   3.42083698]\n [ 0.60614766 -4.06113211 -6.08453611 -3.7538389   7.35524975 -2.5116268 ]\n [-1.08700943  3.99209048  4.95750476  3.42083698 -2.5116268   6.68264015]]", "nfev": "196", "njev": "28", "status": "0", "success": "True", "message": "Optimization terminated successfully.", "x": "[4.97534029 3.86958753 2.69038142 4.4165825  1.5391516  1.3139623 ]", "nit": "24", "callback": [0.5175938210824161, 0.4762010014566852, 0.40952152779174755, 0.3848885899633323, 0.3777978781204028, 0.37243898578997614, 0.36515231712810037, 0.3610375815757749, 0.3577066417657291, 0.3551956744265252, 0.352863877970901, 0.3502954378998452, 0.3469454049575531, 0.34382862046461793, 0.3413954883819239, 0.3407942954877772, 0.34039634937058916, 0.3402365059790273, 0.3401792345730005, 0.34017028521849446, 0.34016927693488497, 0.3401692297634715, 0.34016922796632865, 0.3401692278917673]}, "5": {"maxiter": 100, "gtol": 1e-10, "xrtol": 1e-05, "eps": 1e-10, "duration": 0.05255293846130371, "fun": "0.3401692278943227", "jac": "[ 3.33066880e-06 -2.22044587e-06  4.44089173e-06  2.22044587e-06\n  0.00000000e+00 -5.55111466e-06]", "hess_inv": "[[ 3.76731824  0.16499843  0.27666169  0.07819447 -0.40992797 -0.23029909]\n [ 0.16499843  5.49863559  2.28891634  2.45109618 -3.03485195  2.11597663]\n [ 0.27666169  2.28891634 10.5199857   4.1438412  -5.63655141  3.16026321]\n [ 0.07819447  2.45109618  4.1438412   5.0199194  -2.90031138  1.63494057]\n [-0.40992797 -3.03485195 -5.63655141 -2.90031138  7.02472049 -1.29577505]\n [-0.23029909  2.11597663  3.16026321  1.63494057 -1.29577505  4.85541897]]", "nfev": "203", "njev": "29", "status": "0", "success": "True", "message": "Optimization terminated successfully.", "x": "[4.97534745 3.86958776 2.69040187 4.4165924  1.53914858 1.31396318]", "nit": "24", "callback": [0.5175944043654662, 0.47620120107206076, 0.40952109227958833, 0.3848891619340019, 0.3777983667380287, 0.3724394801538118, 0.3651530786082513, 0.3610382005640034, 0.3577077021183164, 0.3551957567408881, 0.35286446582818265, 0.3502951825993046, 0.3469463608492429, 0.3438273831348998, 0.3413975708535263, 0.34079512323532224, 0.34039798048426917, 0.3402371002861879, 0.3401790635276267, 0.3401702748011024, 0.3401692755894814, 0.3401692296026675, 0.34016922797040183, 0.3401692278943227]}, "6": {"maxiter": 100, "gtol": 1e-10, "xrtol": 1e-10, "eps": 1e-05, "duration": 0.12025213241577148, "fun": "0.3401692278917673", "jac": "[-1.69975145e-08  2.04714024e-07  1.50446322e-07  3.40283357e-08\n  5.05928632e-08 -2.47801779e-07]", "hess_inv": "[[ 3.31055431 -0.71859297 -1.26126071 -1.00917963  0.5689883  -1.10769862]\n [-0.71859297  7.00101542  3.49062675  3.89694803 -3.83516699  4.02489843]\n [-1.26126071  3.49062675 10.85297691  5.18476927 -5.85682732  4.92546864]\n [-1.00917963  3.89694803  5.18476927  6.42757831 -3.58253631  3.38485702]\n [ 0.5689883  -3.83516699 -5.85682732 -3.58253631  7.1654144  -2.51124832]\n [-1.10769862  4.02489843  4.92546864  3.38485702 -2.51124832  6.74231237]]", "nfev": "425", "njev": "59", "status": "2", "success": "False", "message": "Desired error not necessarily achieved due to precision loss.", "x": "[4.97534029 3.86958753 2.69038142 4.4165825  1.5391516  1.3139623 ]", "nit": "24", "callback": [0.5175938210824161, 0.4762010014566852, 0.40952152779174755, 0.3848885899633323, 0.3777978781204028, 0.37243898578997614, 0.36515231712810037, 0.3610375815757749, 0.3577066417657291, 0.3551956744265252, 0.352863877970901, 0.3502954378998452, 0.3469454049575531, 0.34382862046461793, 0.3413954883819239, 0.3407942954877772, 0.34039634937058916, 0.3402365059790273, 0.3401792345730005, 0.34017028521849446, 0.34016927693488497, 0.3401692297634715, 0.34016922796632865, 0.3401692278917673]}, "7": {"maxiter": 100, "gtol": 1e-10, "xrtol": 1e-10, "eps": 1e-10, "duration": 0.15894412994384766, "fun": "0.34016922783452774", "jac": "[ 1.11022293e-06 -1.11022293e-06  1.11022293e-06  1.11022293e-06\n  0.00000000e+00  1.11022293e-06]", "hess_inv": "[[ 0.05695932  0.11135323  0.13480843  0.05500506 -0.06761186  0.01693022]\n [ 0.11135323  0.67752635  0.81688449  0.13202977 -0.38016283  0.22113951]\n [ 0.13480843  0.81688449  1.00572664  0.13901468 -0.43969005  0.25702578]\n [ 0.05500506  0.13202977  0.13901468  0.08731749 -0.08691357  0.03177428]\n [-0.06761186 -0.38016283 -0.43969005 -0.08691357  0.24468211 -0.13405463]\n [ 0.01693022  0.22113951  0.25702578  0.03177428 -0.13405463  0.11143008]]", "nfev": "551", "njev": "77", "status": "2", "success": "False", "message": "Desired error not necessarily achieved due to precision loss.", "x": "[4.97534147 3.86960566 2.69040301 4.41659877 1.5391441  1.31398555]", "nit": "35", "callback": [0.5175944043654662, 0.47620120107206076, 0.40952109227958833, 0.3848891619340019, 0.3777983667380287, 0.3724394801538118, 0.3651530786082513, 0.3610382005640034, 0.3577077021183164, 0.3551957567408881, 0.35286446582818265, 0.3502951825993046, 0.3469463608492429, 0.3438273831348998, 0.3413975708535263, 0.34079512323532224, 0.34039798048426917, 0.3402371002861879, 0.3401790635276267, 0.3401702748011024, 0.3401692755894814, 0.3401692296026675, 0.34016922797040183, 0.3401692278943227, 0.34016922784070236, 0.34016922783805636, 0.3401692278378158, 0.3401692278376478, 0.34016922783764736, 0.34016922783763515, 0.34016922783668413, 0.3401692278354065, 0.3401692278351389, 0.34016922783492487, 0.34016922783452774]}, "8": {"maxiter": 500, "gtol": 1e-05, "xrtol": 1e-05, "eps": 1e-05, "duration": 0.06074023246765137, "fun": "0.34016922796632865", "jac": "[ 1.22460930e-06 -3.50854901e-06 -8.41593462e-07  1.47150070e-06\n  1.87350135e-07  1.13167253e-06]", "hess_inv": "[[ 3.46649723 -1.29132532 -1.63603795 -1.26033013  0.9593894  -1.29637743]\n [-1.29132532  7.82119426  3.98900075  4.36787646 -4.28451741  4.38722179]\n [-1.63603795  3.98900075 11.14587921  5.47219804 -6.11891531  5.15881766]\n [-1.26033013  4.36787646  5.47219804  6.66572011 -3.86229762  3.57876188]\n [ 0.9593894  -4.28451741 -6.11891531 -3.86229762  7.3866089  -2.73219202]\n [-1.29637743  4.38722179  5.15881766  3.57876188 -2.73219202  6.88003779]]", "nfev": "189", "njev": "27", "status": "0", "success": "True", "message": "Optimization terminated successfully.", "x": "[4.97534542 3.86956781 2.69036957 4.41657505 1.53916472 1.31395492]", "nit": "23", "callback": [0.5175938210824161, 0.4762010014566852, 0.40952152779174755, 0.3848885899633323, 0.3777978781204028, 0.37243898578997614, 0.36515231712810037, 0.3610375815757749, 0.3577066417657291, 0.3551956744265252, 0.352863877970901, 0.3502954378998452, 0.3469454049575531, 0.34382862046461793, 0.3413954883819239, 0.3407942954877772, 0.34039634937058916, 0.3402365059790273, 0.3401792345730005, 0.34017028521849446, 0.34016927693488497, 0.3401692297634715, 0.34016922796632865]}, "9": {"maxiter": 500, "gtol": 1e-05, "xrtol": 1e-05, "eps": 1e-10, "duration": 0.05406808853149414, "fun": "0.34016922797040183", "jac": "[-2.22044587e-06 -6.66133760e-06 -3.33066880e-06 -4.44089173e-06\n  0.00000000e+00 -3.33066880e-06]", "hess_inv": "[[ 3.43938515 -1.30188482 -1.66417464 -1.29848182  0.97522813 -1.31640622]\n [-1.30188482  7.87650656  3.97621432  4.35296807 -4.30022765  4.48750046]\n [-1.66417464  3.97621432 11.06030183  5.34487475 -6.09311837  5.11816216]\n [-1.29848182  4.35296807  5.34487475  6.5075086  -3.8126269   3.59392204]\n [ 0.97522813 -4.30022765 -6.09311837 -3.8126269   7.40162175 -2.74257816]\n [-1.31640622  4.48750046  5.11816216  3.59392204 -2.74257816  7.10541175]]", "nfev": "189", "njev": "27", "status": "0", "success": "True", "message": "Optimization terminated successfully.", "x": "[4.97534446 3.86956899 2.69037791 4.41657498 1.53916572 1.31394891]", "nit": "23", "callback": [0.5175944043654662, 0.47620120107206076, 0.40952109227958833, 0.3848891619340019, 0.3777983667380287, 0.3724394801538118, 0.3651530786082513, 0.3610382005640034, 0.3577077021183164, 0.3551957567408881, 0.35286446582818265, 0.3502951825993046, 0.3469463608492429, 0.3438273831348998, 0.3413975708535263, 0.34079512323532224, 0.34039798048426917, 0.3402371002861879, 0.3401790635276267, 0.3401702748011024, 0.3401692755894814, 0.3401692296026675, 0.34016922797040183]}, "10": {"maxiter": 500, "gtol": 1e-05, "xrtol": 1e-10, "eps": 1e-05, "duration": 0.05537891387939453, "fun": "0.34016922796632865", "jac": "[ 1.22460930e-06 -3.50854901e-06 -8.41593462e-07  1.47150070e-06\n  1.87350135e-07  1.13167253e-06]", "hess_inv": "[[ 3.46649723 -1.29132532 -1.63603795 -1.26033013  0.9593894  -1.29637743]\n [-1.29132532  7.82119426  3.98900075  4.36787646 -4.28451741  4.38722179]\n [-1.63603795  3.98900075 11.14587921  5.47219804 -6.11891531  5.15881766]\n [-1.26033013  4.36787646  5.47219804  6.66572011 -3.86229762  3.57876188]\n [ 0.9593894  -4.28451741 -6.11891531 -3.86229762  7.3866089  -2.73219202]\n [-1.29637743  4.38722179  5.15881766  3.57876188 -2.73219202  6.88003779]]", "nfev": "189", "njev": "27", "status": "0", "success": "True", "message": "Optimization terminated successfully.", "x": "[4.97534542 3.86956781 2.69036957 4.41657505 1.53916472 1.31395492]", "nit": "23", "callback": [0.5175938210824161, 0.4762010014566852, 0.40952152779174755, 0.3848885899633323, 0.3777978781204028, 0.37243898578997614, 0.36515231712810037, 0.3610375815757749, 0.3577066417657291, 0.3551956744265252, 0.352863877970901, 0.3502954378998452, 0.3469454049575531, 0.34382862046461793, 0.3413954883819239, 0.3407942954877772, 0.34039634937058916, 0.3402365059790273, 0.3401792345730005, 0.34017028521849446, 0.34016927693488497, 0.3401692297634715, 0.34016922796632865]}, "11": {"maxiter": 500, "gtol": 1e-05, "xrtol": 1e-10, "eps": 1e-10, "duration": 0.06039595603942871, "fun": "0.34016922797040183", "jac": "[-2.22044587e-06 -6.66133760e-06 -3.33066880e-06 -4.44089173e-06\n  0.00000000e+00 -3.33066880e-06]", "hess_inv": "[[ 3.43938515 -1.30188482 -1.66417464 -1.29848182  0.97522813 -1.31640622]\n [-1.30188482  7.87650656  3.97621432  4.35296807 -4.30022765  4.48750046]\n [-1.66417464  3.97621432 11.06030183  5.34487475 -6.09311837  5.11816216]\n [-1.29848182  4.35296807  5.34487475  6.5075086  -3.8126269   3.59392204]\n [ 0.97522813 -4.30022765 -6.09311837 -3.8126269   7.40162175 -2.74257816]\n [-1.31640622  4.48750046  5.11816216  3.59392204 -2.74257816  7.10541175]]", "nfev": "189", "njev": "27", "status": "0", "success": "True", "message": "Optimization t