{"date": "2024/10/08/, 18:45:27", "conf_id": 21, "data_type": "random\n", "num_data_points": 2, "s_rank": 0, "unitary": "[[-0.56303964-0.00798273j,-0.21670212-0.15784972j,-0.06047197-0.73952673j,-0.01438004+0.24552571j],[-0.06976756+0.23474685j,-0.01275565-0.5435098j,-0.02703657-0.08917885j,-0.08210486-0.79311774j],[-0.38559961+0.10714929j,0.5933431-0.2687392j,-0.24060861+0.29149289j,-0.45147719+0.26241743j],[-0.50180421+0.45931857j,-0.11617175+0.44134496j,0.49642745+0.22684508j,-0.08544628-0.15407063j]]", "databatch_0": {"databatch": "[[[-0.09742541+0.10331464j,-0.12213221-0.00333875j,-0.13265878+0.09270072j,0.04526118-0.05472582j],[-0.38276946-0.19185166j,-0.09616655-0.3556018j,-0.38264145-0.30279848j,0.19725614+0.08329968j],[0.14712313+0.07516279j,0.03605049+0.13749543j,0.14674438+0.11797155j,-0.07586455-0.03272699j],[-0.19734061-0.18521414j,0.0058141-0.23278118j,-0.17727043-0.25241151j,0.10450291+0.08601517j]],[[0.10266853-0.10093211j,0.23319304+0.11176509j,-0.03052019-0.02540776j,-0.00726933+0.22386035j],[0.04605064+0.01956382j,-0.00491674+0.08973289j,0.00410536-0.01317611j,-0.07285555+0.02740111j],[0.15681666+0.00461397j,0.08799151+0.26769393j,-0.0030384-0.04316659j,-0.18153705+0.16313249j],[-0.30094113+0.10172236j,-0.35563432-0.44618041j,0.03617983+0.079804j,0.22968716-0.43757737j]]]", "initial param values": "[4.37432948,2.10008411,1.61721755,0.25920064,2.97187978,6.22658872]", "nelder_mead": {"type": "gradient-free", "0": {"maxiter": 100, "fatol": 1e-05, "xatol": 1e-05, "duration": 0.05488324165344238, "fun": "0.49976655257160196", "nit": "100", "nfev": "153", "status": "2", "success": "False", "message": "Maximum number of iterations has been exceeded.", "x": "[6.89207705 0.96815376 0.81747936 0.54256208 2.05228314 6.03301604]", "final_simplex": "(array([[6.89207705, 0.96815376, 0.81747936, 0.54256208, 2.05228314,\n        6.03301604],\n       [6.85251006, 0.94951244, 0.85453687, 0.51127299, 2.03587109,\n        6.29090264],\n       [6.95035656, 0.9083222 , 0.82195573, 0.53036024, 2.05662869,\n        6.10481799],\n       [6.6340562 , 1.06558726, 0.94541832, 0.46027554, 2.35345935,\n        6.16975457],\n       [6.92371777, 1.03825629, 0.95038328, 0.45132008, 2.06962983,\n        6.22317446],\n       [7.06905647, 0.90455778, 0.84028422, 0.50630384, 1.87965015,\n        6.18049003],\n       [6.82317388, 1.04099002, 0.99080338, 0.44915187, 2.10486548,\n        6.17187015]]), array([0.49976655, 0.50168764, 0.5028628 , 0.50401643, 0.50629017,\n       0.50710883, 0.50737185]))", "callback": [0.7690126961215893, 0.5970903194096358, 0.5525343839108554, 0.542066843732084, 0.5357922016998337, 0.5198365779560727, 0.5182033570265594, 0.516976451671636, 0.5144524030778158, 0.5062901712364535]}, "1": {"maxiter": 100, "fatol": 1e-05, "xatol": 1e-10, "duration": 0.03855109214782715, "fun": "0.49976655257160196", "nit": "100", "nfev": "153", "status": "2", "success": "False", "message": "Maximum number of iterations has been exceeded.", "x": "[6.89207705 0.96815376 0.81747936 0.54256208 2.05228314 6.03301604]", "final_simplex": "(array([[6.89207705, 0.96815376, 0.81747936, 0.54256208, 2.05228314,\n        6.03301604],\n       [6.85251006, 0.94951244, 0.85453687, 0.51127299, 2.03587109,\n        6.29090264],\n       [6.95035656, 0.9083222 , 0.82195573, 0.53036024, 2.05662869,\n        6.10481799],\n       [6.6340562 , 1.06558726, 0.94541832, 0.46027554, 2.35345935,\n        6.16975457],\n       [6.92371777, 1.03825629, 0.95038328, 0.45132008, 2.06962983,\n        6.22317446],\n       [7.06905647, 0.90455778, 0.84028422, 0.50630384, 1.87965015,\n        6.18049003],\n       [6.82317388, 1.04099002, 0.99080338, 0.44915187, 2.10486548,\n        6.17187015]]), array([0.49976655, 0.50168764, 0.5028628 , 0.50401643, 0.50629017,\n       0.50710883, 0.50737185]))", "callback": [0.7690126961215893, 0.5970903194096358, 0.5525343839108554, 0.542066843732084, 0.5357922016998337, 0.5198365779560727, 0.5182033570265594, 0.516976451671636, 0.5144524030778158, 0.5062901712364535]}, "2": {"maxiter": 100, "fatol": 1e-10, "xatol": 1e-05, "duration": 0.0452418327331543, "fun": "0.49976655257160196", "nit": "100", "nfev": "153", "status": "2", "success": "False", "message": "Maximum number of iterations has been exceeded.", "x": "[6.89207705 0.96815376 0.81747936 0.54256208 2.05228314 6.03301604]", "final_simplex": "(array([[6.89207705, 0.96815376, 0.81747936, 0.54256208, 2.05228314,\n        6.03301604],\n       [6.85251006, 0.94951244, 0.85453687, 0.51127299, 2.03587109,\n        6.29090264],\n       [6.95035656, 0.9083222 , 0.82195573, 0.53036024, 2.05662869,\n        6.10481799],\n       [6.6340562 , 1.06558726, 0.94541832, 0.46027554, 2.35345935,\n        6.16975457],\n       [6.92371777, 1.03825629, 0.95038328, 0.45132008, 2.06962983,\n        6.22317446],\n       [7.06905647, 0.90455778, 0.84028422, 0.50630384, 1.87965015,\n        6.18049003],\n       [6.82317388, 1.04099002, 0.99080338, 0.44915187, 2.10486548,\n        6.17187015]]), array([0.49976655, 0.50168764, 0.5028628 , 0.50401643, 0.50629017,\n       0.50710883, 0.50737185]))", "callback": [0.7690126961215893, 0.5970903194096358, 0.5525343839108554, 0.542066843732084, 0.5357922016998337, 0.5198365779560727, 0.5182033570265594, 0.516976451671636, 0.5144524030778158, 0.5062901712364535]}, "3": {"maxiter": 100, "fatol": 1e-10, "xatol": 1e-10, "duration": 0.04527711868286133, "fun": "0.49976655257160196", "nit": "100", "nfev": "153", "status": "2", "success": "False", "message": "Maximum number of iterations has been exceeded.", "x": "[6.89207705 0.96815376 0.81747936 0.54256208 2.05228314 6.03301604]", "final_simplex": "(array([[6.89207705, 0.96815376, 0.81747936, 0.54256208, 2.05228314,\n        6.03301604],\n       [6.85251006, 0.94951244, 0.85453687, 0.51127299, 2.03587109,\n        6.29090264],\n       [6.95035656, 0.9083222 , 0.82195573, 0.53036024, 2.05662869,\n        6.10481799],\n       [6.6340562 , 1.06558726, 0.94541832, 0.46027554, 2.35345935,\n        6.16975457],\n       [6.92371777, 1.03825629, 0.95038328, 0.45132008, 2.06962983,\n        6.22317446],\n       [7.06905647, 0.90455778, 0.84028422, 0.50630384, 1.87965015,\n        6.18049003],\n       [6.82317388, 1.04099002, 0.99080338, 0.44915187, 2.10486548,\n        6.17187015]]), array([0.49976655, 0.50168764, 0.5028628 , 0.50401643, 0.50629017,\n       0.50710883, 0.50737185]))", "callback": [0.7690126961215893, 0.5970903194096358, 0.5525343839108554, 0.542066843732084, 0.5357922016998337, 0.5198365779560727, 0.5182033570265594, 0.516976451671636, 0.5144524030778158, 0.5062901712364535]}, "4": {"maxiter": 500, "fatol": 1e-05, "xatol": 1e-05, "duration": 0.21744108200073242, "fun": "0.18072117764189666", "nit": "500", "nfev": "773", "status": "2", "success": "False", "message": "Maximum number of iterations has been exceeded.", "x": "[ 6.33835463  3.10617131 -0.57348721  1.82286016  3.1490566   6.28076576]", "final_simplex": "(array([[ 6.33835463,  3.10617131, -0.57348721,  1.82286016,  3.1490566 ,\n         6.28076576],\n       [ 6.33841438,  3.10692118, -0.57420334,  1.82272468,  3.14908486,\n         6.2807528 ],\n       [ 6.33836295,  3.10590144, -0.57321654,  1.8227398 ,  3.14913261,\n         6.28080663],\n       [ 6.33833273,  3.10659452, -0.57379855,  1.82274245,  3.14911519,\n         6.28075668],\n       [ 6.33838082,  3.10405522, -0.57127969,  1.82280917,  3.14898925,\n         6.28082276],\n       [ 6.33848799,  3.10576576, -0.57293873,  1.82270168,  3.14927892,\n         6.28070846],\n       [ 6.33845453,  3.10723174, -0.57447764,  1.82279141,  3.14922315,\n         6.28081703]]), array([0.18072118, 0.18072118, 0.18072118, 0.18072118, 0.18072118,\n       0.18072118, 0.18072118]))", "callback": [0.7690126961215893, 0.5970903194096358, 0.5525343839108554, 0.542066843732084, 0.5357922016998337, 0.5198365779560727, 0.5182033570265594, 0.516976451671636, 0.5144524030778158, 0.5062901712364535, 0.49396752282272804, 0.47764926295165244, 0.4389880642083719, 0.35808234750859524, 0.30471868082220577, 0.24315564895647335, 0.22667442570367857, 0.20355996661366982, 0.19764130217988618, 0.18958817085211144, 0.1822266761437341, 0.18109126133105113, 0.18083482688232122, 0.1807621053334647, 0.18073045532177157, 0.18072391562162426, 0.180722105534737, 0.18072170673882137, 0.18072162384558055, 0.18072161308128454, 0.18072161095924488, 0.18072161039904988, 0.18072161030100498, 0.18072161012891663, 0.1807216099242609, 0.18072160966080242, 0.18072160931088455, 0.18072160830825057, 0.18072160618781152, 0.18072159984331826, 0.18072158850953335, 0.18072156601222222, 0.18072149545378247, 0.18072138828667939, 0.1807212909075786, 0.18072125625682633, 0.18072123402771068, 0.18072122354559006, 0.1807211920957893, 0.1807211788636779]}, "5": {"maxiter": 500, "fatol": 1e-05, "xatol": 1e-10, "duration": 0.2247459888458252, "fun": "0.18072117764189666", "nit": "500", "nfev": "773", "status": "2", "success": "False", "message": "Maximum number of iterations has been exceeded.", "x": "[ 6.33835463  3.10617131 -0.57348721  1.82286016  3.1490566   6.28076576]", "final_simplex": "(array([[ 6.33835463,  3.10617131, -0.57348721,  1.82286016,  3.1490566 ,\n         6.28076576],\n       [ 6.33841438,  3.10692118, -0.57420334,  1.82272468,  3.14908486,\n         6.2807528 ],\n       [ 6.33836295,  3.10590144, -0.57321654,  1.8227398 ,  3.14913261,\n         6.28080663],\n       [ 6.33833273,  3.10659452, -0.57379855,  1.82274245,  3.14911519,\n         6.28075668],\n       [ 6.33838082,  3.10405522, -0.57127969,  1.82280917,  3.14898925,\n         6.28082276],\n       [ 6.33848799,  3.10576576, -0.57293873,  1.82270168,  3.14927892,\n         6.28070846],\n       [ 6.33845453,  3.10723174, -0.57447764,  1.82279141,  3.14922315,\n         6.28081703]]), array([0.18072118, 0.18072118, 0.18072118, 0.18072118, 0.18072118,\n       0.18072118, 0.18072118]))", "callback": [0.7690126961215893, 0.5970903194096358, 0.5525343839108554, 0.542066843732084, 0.5357922016998337, 0.5198365779560727, 0.5182033570265594, 0.516976451671636, 0.5144524030778158, 0.5062901712364535, 0.49396752282272804, 0.47764926295165244, 0.4389880642083719, 0.35808234750859524, 0.30471868082220577, 0.24315564895647335, 0.22667442570367857, 0.20355996661366982, 0.19764130217988618, 0.18958817085211144, 0.1822266761437341, 0.18109126133105113, 0.18083482688232122, 0.1807621053334647, 0.18073045532177157, 0.18072391562162426, 0.180722105534737, 0.18072170673882137, 0.18072162384558055, 0.18072161308128454, 0.18072161095924488, 0.18072161039904988, 0.18072161030100498, 0.18072161012891663, 0.1807216099242609, 0.18072160966080242, 0.18072160931088455, 0.18072160830825057, 0.18072160618781152, 0.18072159984331826, 0.18072158850953335, 0.18072156601222222, 0.18072149545378247, 0.18072138828667939, 0.1807212909075786, 0.18072125625682633, 0.18072123402771068, 0.18072122354559006, 0.1807211920957893, 0.1807211788636779]}, "6": {"maxiter": 500, "fatol": 1e-10, "xatol": 1e-05, "duration": 0.24321317672729492, "fun": "0.18072117764189666", "nit": "500", "nfev": "773", "status": "2", "success": "False", "message": "Maximum number of iterations has been exceeded.", "x": "[ 6.33835463  3.10617131 -0.57348721  1.82286016  3.1490566   6.28076576]", "final_simplex": "(array([[ 6.33835463,  3.10617131, -0.57348721,  1.82286016,  3.1490566 ,\n         6.28076576],\n       [ 6.33841438,  3.10692118, -0.57420334,  1.82272468,  3.14908486,\n         6.2807528 ],\n       [ 6.33836295,  3.10590144, -0.57321654,  1.8227398 ,  3.14913261,\n         6.28080663],\n       [ 6.33833273,  3.10659452, -0.57379855,  1.82274245,  3.14911519,\n         6.28075668],\n       [ 6.33838082,  3.10405522, -0.57127969,  1.82280917,  3.14898925,\n         6.28082276],\n       [ 6.33848799,  3.10576576, -0.57293873,  1.82270168,  3.14927892,\n         6.28070846],\n       [ 6.33845453,  3.10723174, -0.57447764,  1.82279141,  3.14922315,\n         6.28081703]]), array([0.18072118, 0.18072118, 0.18072118, 0.18072118, 0.18072118,\n       0.18072118, 0.18072118]))", "callback": [0.7690126961215893, 0.5970903194096358, 0.5525343839108554, 0.542066843732084, 0.5357922016998337, 0.5198365779560727, 0.5182033570265594, 0.516976451671636, 0.5144524030778158, 0.5062901712364535, 0.49396752282272804, 0.47764926295165244, 0.4389880642083719, 0.35808234750859524, 0.30471868082220577, 0.24315564895647335, 0.22667442570367857, 0.20355996661366982, 0.19764130217988618, 0.18958817085211144, 0.1822266761437341, 0.18109126133105113, 0.18083482688232122, 0.1807621053334647, 0.18073045532177157, 0.18072391562162426, 0.180722105534737, 0.18072170673882137, 0.18072162384558055, 0.18072161308128454, 0.18072161095924488, 0.18072161039904988, 0.18072161030100498, 0.18072161012891663, 0.1807216099242609, 0.18072160966080242, 0.18072160931088455, 0.18072160830825057, 0.18072160618781152, 0.18072159984331826, 0.18072158850953335, 0.18072156601222222, 0.18072149545378247, 0.18072138828667939, 0.1807212909075786, 0.18072125625682633, 0.18072123402771068, 0.18072122354559006, 0.1807211920957893, 0.1807211788636779]}, "7": {"maxiter": 500, "fatol": 1e-10, "xatol": 1e-10, "duration": 0.22072410583496094, "fun": "0.18072117764189666", "nit": "500", "nfev": "773", "status": "2", "success": "False", "message": "Maximum number of iterations has been exceeded.", "x": "[ 6.33835463  3.10617131 -0.57348721  1.82286016  3.1490566   6.28076576]", "final_simplex": "(array([[ 6.33835463,  3.10617131, -0.57348721,  1.82286016,  3.1490566 ,\n         6.28076576],\n       [ 6.33841438,  3.10692118, -0.57420334,  1.82272468,  3.14908486,\n         6.2807528 ],\n       [ 6.33836295,  3.10590144, -0.57321654,  1.8227398 ,  3.14913261,\n         6.28080663],\n       [ 6.33833273,  3.10659452, -0.57379855,  1.82274245,  3.14911519,\n         6.28075668],\n       [ 6.33838082,  3.10405522, -0.57127969,  1.82280917,  3.14898925,\n         6.28082276],\n       [ 6.33848799,  3.10576576, -0.57293873,  1.82270168,  3.14927892,\n         6.28070846],\n       [ 6.33845453,  3.10723174, -0.57447764,  1.82279141,  3.14922315,\n         6.28081703]]), array([0.18072118, 0.18072118, 0.18072118, 0.18072118, 0.18072118,\n       0.18072118, 0.18072118]))", "callback": [0.7690126961215893, 0.5970903194096358, 0.5525343839108554, 0.542066843732084, 0.5357922016998337, 0.5198365779560727, 0.5182033570265594, 0.516976451671636, 0.5144524030778158, 0.5062901712364535, 0.49396752282272804, 0.47764926295165244, 0.4389880642083719, 0.35808234750859524, 0.30471868082220577, 0.24315564895647335, 0.22667442570367857, 0.20355996661366982, 0.19764130217988618, 0.18958817085211144, 0.1822266761437341, 0.18109126133105113, 0.18083482688232122, 0.1807621053334647, 0.18073045532177157, 0.18072391562162426, 0.180722105534737, 0.18072170673882137, 0.18072162384558055, 0.18072161308128454, 0.18072161095924488, 0.18072161039904988, 0.18072161030100498, 0.18072161012891663, 0.1807216099242609, 0.18072160966080242, 0.18072160931088455, 0.18072160830825057, 0.18072160618781152, 0.18072159984331826, 0.18072158850953335, 0.18072156601222222, 0.18072149545378247, 0.18072138828667939, 0.1807212909075786, 0.18072125625682633, 0.18072123402771068, 0.18072122354559006, 0.1807211920957893, 0.1807211788636779]}, "8": {"maxiter": 1000, "fatol": 1e-05, "xatol": 1e-05, "duration": 0.2698249816894531, "fun": "0.18072117265165843", "nit": "586", "nfev": "921", "status": "0", "success": "True", "message": "Optimization terminated successfully.", "x": "[ 6.33829621  3.1015587  -0.56897474  1.82281489  3.1488671   6.28072772]", "final_simplex": "(array([[ 6.33829621,  3.1015587 , -0.56897474,  1.82281489,  3.1488671 ,\n         6.28072772],\n       [ 6.33829574,  3.10155044, -0.56896683,  1.822815  ,  3.14886654,\n         6.28072762],\n       [ 6.33829583,  3.10154981, -0.56896589,  1.82281505,  3.14886669,\n         6.28072751],\n       [ 6.33829586,  3.10155148, -0.56896766,  1.8228149 ,  3.14886696,\n         6.28072764],\n       [ 6.33829621,  3.10154909, -0.56896548,  1.8228153 ,  3.14886679,\n         6.28072788],\n       [ 6.33829649,  3.10155521, -0.56897114,  1.82281486,  3.14886734,\n         6.28072752],\n       [ 6.33829599,  3.10155826, -0.56897426,  1.82281526,  3.14886693,\n         6.28072756]]), array([0.18072117, 0.18072117, 0.18072117, 0.18072117, 0.18072117,\n       0.18072117, 0.18072117]))", "callback": [0.7690126961215893, 0.5970903194096358, 0.5525343839108554, 0.542066843732084, 0.5357922016998337, 0.5198365779560727, 0.5182033570265594, 0.516976451671636, 0.5144524030778158, 0.5062901712364535, 0.49396752282272804, 0.47764926295165244, 0.4389880642083719, 0.35808234750859524, 0.30471868082220577, 0.24315564895647335, 0.22667442570367857, 0.20355996661366982, 0.19764130217988618, 0.18958817085211144, 0.1822266761437341, 0.18109126133105113, 0.18083482688232122, 0.1807621053334647, 0.18073045532177157, 0.18072391562162426, 0.180722105534737, 0.18072170673882137, 0.18072162384558055, 0.18072161308128454, 0.18072161095924488, 0.18072161039904988, 0.18072161030100498, 0.18072161012891663, 0.1807216099242609, 0.18072160966080242, 0.18072160931088455, 0.18072160830825057, 0.18072160618781152, 0.18072159984331826, 0.18072158850953335, 0.18072156601222222, 0.18072149545378247, 0.18072138828667939, 0.1807212909075786, 0.18072125625682633, 0.18072123402771068, 0.18072122354559006, 0.1807211920957893, 0.1807211788636779, 0.1807211754111251, 0.18072117346114225, 0.1807211728874515, 0.18072117270587162, 0.18072117266522003, 0.18072117265309418, 0.18072117265215815, 0.18072117265177168, 0.18072117265166798]}, "9": {"maxiter": 1000, "fatol": 1e-05, "xatol": 1e-10, "duration": 0.317612886428833, "fun": "0.1807211726516479", "nit": "677", "nfev": "1141", "status": "0", "success": "True", "message": "Optimization terminated successfully.", "x": "[ 6.33829602  3.10155072 -0.56896703  1.82281505  3.1488667   6.28072773]", "final_simplex": "(array([[ 6.33829602,  3.10155072, -0.56896703,  1.82281505,  3.1488667 ,\n         6.28072773],\n       [ 6.33829602,  3.10155072, -0.56896703,  1.82281505,  3.1488667 ,\n         6.28072773],\n       [ 6.33829602,  3.10155072, -0.56896703,  1.82281505,  3.1488667 ,\n         6.28072773],\n       [ 6.33829602,  3.10155072, -0.56896703,  1.82281505,  3.1488667 ,\n         6.28072773],\n       [ 6.33829602,  3.10155072, -0.56896703,  1.82281505,  3.1488667 ,\n         6.28072773],\n       [ 6.33829602,  3.10155072, -0.56896703,  1.82281505,  3.1488667 ,\n         6.28072773],\n       [ 6.33829602,  3.10155072, -0.56896703,  1.82281505,  3.1488667 ,\n         6.28072773]]), array([0.18072117, 0.18072117, 0.18072117, 0.18072117, 0.18072117,\n       0.18072117, 0.18072117]))", "callback": [0.7690126961215893, 0.5970903194096358, 0.5525343839108554, 0.542066843732084, 0.5357922016998337, 0.5198365779560727, 0.5182033570265594, 0.516976451671636, 0.5144524030778158, 0.5062901712364535, 0.49396752282272804, 0.47764926295165244, 0.4389880642083719, 0.35808234750859524, 0.30471868082220577, 0.24315564895647335, 0.22667442570367857, 0.20355996661366982, 0.19764130217988618, 0.18958817085211144, 0.1822266761437341, 0.18109126133105113, 0.18083482688232122, 0.1807621053334647, 0.18073045532177157, 0.18072391562162426, 0.180722105534737, 0.18072170673882137, 0.18072162384558055, 0.18072161308128454, 0.18072161095924488, 0.18072161039904988, 0.18072161030100498, 0.18072161012891663, 0.1807216099242609, 0.18072160966080242, 0.18072160931088455, 0.18072160830825057, 0.18072160618781152, 0.18072159984331826, 0.18072158850953335, 0.18072156601222222, 0.18072149545378247, 0.18072138828667939, 0.1807212909075786, 0.18072125625682633, 0.18072123402771068, 0.18072122354559006, 0.1807211920957893, 0.1807211788636779, 0.1807211754111251, 0.18072117346114225, 0.1807211728874515, 0.18072117270587162, 0.18072117266522003, 0.18072117265309418, 0.18072117265215815, 0.18072117265177168, 0.18072117265166798, 0.18072117265165133, 0.18072117265164978, 0.1807211726516489, 0.1807211726516481, 0.180721172651648, 0.180721172651648, 0.1807211726516479, 0.1807211726516479, 0.1807211726516479]}, "10": {"maxiter": 1000, "fatol": 1e-10, "xatol": 1e-05, "duration": 0.266772985458374, "fun": "0.18072117265165843", "nit": "586", "nfev": "921", "status": "0", "success": "True", "message": "Optimization terminated successfully.", "x": "[ 6.33829621  3.1015587  -0.56897474  1.82281489  3.1488671   6.28072772]", "final_simplex": "(array([[ 6.33829621,  3.1015587 , -0.56897474,  1.82281489,  3.1488671 ,\n         6.28072772],\n       [ 6.33829574,  3.10155044, -0.56896683,  1.822815  ,  3.14886654,\n         6.28072762],\n       [ 6.33829583,  3.10154981, -0.56896589,  1.82281505,  3.14886669,\n         6.28072751],\n       [ 6.33829586,  3.10155148, -0.56896766,  1.8228149 ,  3.14886696,\n         6.28072764],\n       [ 6.33829621,  3.10154909, -0.56896548,  1.8228153 ,  3.14886679,\n         6.28072788],\n       [ 6.33829649,  3.10155521, -0.56897114,  1.82281486,  3.14886734,\n         6.28072752],\n       [ 6.33829599,  3.10155826, -0.56897426,  1.82281526,  3.14886693,\n         6.28072756]]), array([0.18072117, 0.18072117, 0.18072117, 0.18072117, 0.18072117,\n       0.18072117, 0.18072117]))", "callback": [0.7690126961215893, 0.5970903194096358, 0.5525343839108554, 0.542066843732084, 0.5357922016998337, 0.5198365779560727, 0.5182033570265594, 0.516976451671636, 0.5144524030778158, 0.5062901712364535, 0.49396752282272804, 0.47764926295165244, 0.4389880642083719, 0.35808234750859524, 0.30471868082220577, 0.24315564895647335, 0.22667442570367857, 0.20355996661366982, 0.19764130217988618, 0.18958817085211144, 0.1822266761437341, 0.18109126133105113, 0.18083482688232122, 0.1807621053334647, 0.18073045532177157, 0.18072391562162426, 0.180722105534737, 0.18072170673882137, 0.18072162384558055, 0.18072161308128454, 0.18072161095924488, 0.18072161039904988, 0.18072161030100498, 0.18072161012891663, 0.1807216099242609, 0.18072160966080242, 0.18072160931088455, 0.18072160830825057, 0.18072160618781152, 0.18072159984331826, 0.18072158850953335, 0.18072156601222222, 0.18072149545378247, 0.18072138828667939, 0.1807212909075786, 0.18072125625682633, 0.18072123402771068, 0.18072122354559006, 0.1807211920957893, 0.1807211788636779, 0.1807211754111251, 0.18072117346114225, 0.1807211728874515, 0.18072117270587162, 0.18072117266522003, 0.18072117265309418, 0.18072117265215815, 0.18072117265177168, 0.18072117265166798]}, "11": {"maxiter": 1000, "fatol": 1e-10, "xatol": 1e-10, "duration": 0.3250141143798828, "fun": "0.1807211726516479", "nit": "677", "nfev": "1141", "status": "0", "success": "True", "message": "Optimization terminated successfully.", "x": "[ 6.33829602  3.10155072 -0.56896703  1.82281505  3.1488667   6.28072773]", "final_simplex": "(array([[ 6.33829602,  3.10155072, -0.56896703,  1.82281505,  3.1488667 ,\n         6.28072773],\n       [ 6.33829602,  3.10155072, -0.56896703,  1.82281505,  3.1488667 ,\n         6.28072773],\n       [ 6.33829602,  3.10155072, -0.56896703,  1.82281505,  3.1488667 ,\n         6.28072773],\n       [ 6.33829602,  3.10155072, -0.56896703,  1.82281505,  3.1488667 ,\n         6.28072773],\n       [ 6.33829602,  3.10155072, -0.56896703,  1.82281505,  3.1488667 ,\n         6.28072773],\n       [ 6.33829602,  3.10155072, -0.56896703,  1.82281505,  3.1488667 ,\n         6.28072773],\n       [ 6.33829602,  3.10155072, -0.56896703,  1.82281505,  3.1488667 ,\n         6.28072773]]), array([0.18072117, 0.18072117, 0.18072117, 0.18072117, 0.18072117,\n       0.18072117, 0.18072117]))", "callback": [0.7690126961215893, 0.5970903194096358, 0.5525343839108554, 0.542066843732084, 0.5357922016998337, 0.5198365779560727, 0.5182033570265594, 0.516976451671636, 0.5144524030778158, 0.5062901712364535, 0.49396752282272804, 0.47764926295165244, 0.4389880642083719, 0.35808234750859524, 0.30471868082220577, 0.24315564895647335, 0.22667442570367857, 0.20355996661366982, 0.19764130217988618, 0.18958817085211144, 0.1822266761437341, 0.18109126133105113, 0.18083482688232122, 0.1807621053334647, 0.18073045532177157, 0.18072391562162426, 0.180722105534737, 0.18072170673882137, 0.18072162384558055, 0.18072161308128454, 0.18072161095924488, 0.18072161039904988, 0.18072161030100498, 0.18072161012891663, 0.1807216099242609, 0.18072160966080242, 0.18072160931088455, 0.18072160830825057, 0.18072160618781152, 0.18072159984331826, 0.18072158850953335, 0.18072156601222222, 0.18072149545378247, 0.18072138828667939, 0.1807212909075786, 0.18072125625682633, 0.18072123402771068, 0.18072122354559006, 0.1807211920957893, 0.1807211788636779, 0.1807211754111251, 0.18072117346114225, 0.1807211728874515, 0.18072117270587162, 0.18072117266522003, 0.18072117265309418, 0.18072117265215815, 0.18072117265177168, 0.18072117265166798, 0.18072117265165133, 0.18072117265164978, 0.1807211726516489, 0.1807211726516481, 0.180721172651648, 0.180721172651648, 0.1807211726516479, 0.1807211726516479, 0.1807211726516479]}}, "bfgs": {"type": "gradient", "0": {"maxiter": 100, "gtol": 1e-05, "xrtol": 1e-05, "eps": 1e-05, "duration": 0.09211993217468262, "fun": "0.18072117272535393", "jac": "[ 2.56283883e-07 -1.43189904e-06 -1.52955426e-06 -4.95703478e-07\n  6.91868784e-07 -2.78443935e-06]", "hess_inv": "[[ 4.95791589e+00  5.63226071e+01 -5.33881657e+01 -1.17393784e+00\n   5.21478471e+00  2.09247719e-01]\n [ 5.63226071e+01  2.75792564e+03 -2.66753607e+03 -2.82063376e+01\n   1.33723781e+02  6.83739919e+00]\n [-5.33881657e+01 -2.66753607e+03  2.58452772e+03  2.60477092e+01\n  -1.26545411e+02 -7.66453394e+00]\n [-1.17393784e+00 -2.82063376e+01  2.60477092e+01  3.28826999e+00\n  -1.81262267e+00  1.88228758e-01]\n [ 5.21478471e+00  1.33723781e+02 -1.26545411e+02 -1.81262267e+00\n   1.27507748e+01  3.20237905e-01]\n [ 2.09247719e-01  6.83739919e+00 -7.66453394e+00  1.88228758e-01\n   3.20237905e-01  3.26546024e+00]]", "nfev": "322", "njev": "46", "status": "0", "success": "True", "message": "Optimization terminated successfully.", "x": "[ 6.33828312  3.10144285 -0.56887702  1.82281268  3.14884279  6.28071526]", "nit": "40", "callback": [0.6169929492286936, 0.34275342224013716, 0.2873448250970012, 0.25505296779302233, 0.23908498793399324, 0.21504473480963593, 0.19449357205882245, 0.18651406578039742, 0.18358844101294014, 0.18246776006228482, 0.18174010449956124, 0.18146193604883898, 0.18125632380706813, 0.1811439169381016, 0.1811145215585166, 0.1811116768749812, 0.18111154076021263, 0.18111151940318526, 0.18111149105144797, 0.1811114419807205, 0.18111135240794796, 0.18111118517712388, 0.18111087005243764, 0.18111027443640249, 0.18110915305423403, 0.18110710517582485, 0.18110392961100774, 0.18110088863151141, 0.1810730561989531, 0.18102398367350303, 0.1809432061585181, 0.1808533879895996, 0.18076017186749116, 0.18073371212303546, 0.18072486396389476, 0.18072251714069343, 0.1807214823228439, 0.18072117751298422, 0.18072117323520165, 0.18072117272535393]}, "1": {"maxiter": 100, "gtol": 1e-05, "xrtol": 1e-05, "eps": 1e-10, "duration": 0.09981083869934082, "fun": "0.18072117789705122", "jac": "[ 0.00000000e+00 -4.44089173e-06 -5.55111466e-06 -2.22044587e-06\n -2.22044587e-06 -5.55111466e-06]", "hess_inv": "[[ 4.14505145e+00  2.34330670e+01 -2.16583583e+01 -9.08296902e-01\n   3.48889311e+00  1.77763621e-01]\n [ 2.34330670e+01  1.09264263e+03 -1.05794232e+03 -1.29388004e+01\n   5.41934953e+01 -3.78569843e+00]\n [-2.16583583e+01 -1.05794232e+03  1.02875459e+03  1.12447428e+01\n  -4.95390656e+01  2.53082404e+00]\n [-9.08296902e-01 -1.29388004e+01  1.12447428e+01  3.31089988e+00\n  -1.24439059e+00 -5.46984331e-03]\n [ 3.48889311e+00  5.41934953e+01 -4.95390656e+01 -1.24439059e+00\n   9.25748674e+00 -1.58001203e-01]\n [ 1.77763621e-01 -3.78569843e+00  2.53082404e+00 -5.46984331e-03\n  -1.58001203e-01  3.51011005e+00]]", "nfev": "343", "njev": "49", "status": "0", "success": "True", "message": "Optimization terminated successfully.", "x": "[ 6.33842611  3.10743248 -0.57466962  1.82275626  3.14915015  6.28070204]", "nit": "43", "callback": [0.616990780161943, 0.3427431619807022, 0.2873406391099421, 0.25504885633446306, 0.2390805509097127, 0.21503970058464994, 0.19448874920756531, 0.18651282844043038, 0.18358849340599415, 0.18246795064730947, 0.18173993166172786, 0.18146178859747886, 0.18125627723372384, 0.18114379068970643, 0.1811145112887922, 0.1811116597151683, 0.18111152514244488, 0.18111150301576884, 0.18111147519445026, 0.18111142546897008, 0.18111133272623792, 0.18111115865826, 0.18111082500624476, 0.18111019080304092, 0.18110901172243876, 0.18110685022927064, 0.18110383044019307, 0.18110059835875658, 0.18109492162244722, 0.18108448151667644, 0.18106569406821493, 0.18103200740965464, 0.18097282667235104, 0.18087437558696995, 0.1807485842735067, 0.18073659861084646, 0.1807260551750668, 0.1807230517197963, 0.180721406357086, 0.1807212243634565, 0.18072120261149693, 0.1807211824833136, 0.18072117789705122]}, "2": {"maxiter": 100, "gtol": 1e-05, "xrtol": 1e-10, "eps": 1e-05, "duration": 0.09405779838562012, "fun": "0.18072117272535393", "jac": "[ 2.56283883e-07 -1.43189904e-06 -1.52955426e-06 -4.95703478e-07\n  6.91868784e-07 -2.78443935e-06]", "hess_inv": "[[ 4.95791589e+00  5.63226071e+01 -5.33881657e+01 -1.17393784e+00\n   5.21478471e+00  2.09247719e-01]\n [ 5.63226071e+01  2.75792564e+03 -2.66753607e+03 -2.82063376e+01\n   1.33723781e+02  6.83739919e+00]\n [-5.33881657e+01 -2.66753607e+03  2.58452772e+03  2.60477092e+01\n  -1.26545411e+02 -7.66453394e+00]\n [-1.17393784e+00 -2.82063376e+01  2.60477092e+01  3.28826999e+00\n  -1.81262267e+00  1.88228758e-01]\n [ 5.21478471e+00  1.33723781e+02 -1.26545411e+02 -1.81262267e+00\n   1.27507748e+01  3.20237905e-01]\n [ 2.09247719e-01  6.83739919e+00 -7.66453394e+00  1.88228758e-01\n   3.20237905e-01  3.26546024e+00]]", "nfev": "322", "njev": "46", "status": "0", "success": "True", "message": "Optimization terminated successfully.", "x": "[ 6.33828312  3.10144285 -0.56887702  1.82281268  3.14884279  6.28071526]", "nit": "40", "callback": [0.6169929492286936, 0.34275342224013716, 0.2873448250970012, 0.25505296779302233, 0.23908498793399324, 0.21504473480963593, 0.19449357205882245, 0.18651406578039742, 0.18358844101294014, 0.18246776006228482, 0.18174010449956124, 0.18146193604883898, 0.18125632380706813, 0.1811439169381016, 0.1811145215585166, 0.1811116768749812, 0.18111154076021263, 0.18111151940318526, 0.18111149105144797, 0.1811114419807205, 0.18111135240794796, 0.18111118517712388, 0.18111087005243764, 0.18111027443640249, 0.18110915305423403, 0.18110710517582485, 0.18110392961100774, 0.18110088863151141, 0.1810730561989531, 0.18102398367350303, 0.1809432061585181, 0.1808533879895996, 0.18076017186749116, 0.18073371212303546, 0.18072486396389476, 0.18072251714069343, 0.1807214823228439, 0.18072117751298422, 0.18072117323520165, 0.18072117272535393]}, "3": {"maxiter": 100, "gtol": 1e-05, "xrtol": 1e-10, "eps": 1e-10, "duration": 0.10091400146484375, "fun": "0.18072117789705122", "jac": "[ 0.00000000e+00 -4.44089173e-06 -5.55111466e-06 -2.22044587e-06\n -2.22044587e-06 -5.55111466e-06]", "hess_inv": "[[ 4.14505145e+00  2.34330670e+01 -2.16583583e+01 -9.08296902e-01\n   3.48889311e+00  1.77763621e-01]\n [ 2.34330670e+01  1.09264263e+03 -1.05794232e+03 -1.29388004e+01\n   5.41934953e+01 -3.78569843e+00]\n [-2.16583583e+01 -1.05794232e+03  1.02875459e+03  1.12447428e+01\n  -4.95390656e+01  2.53082404e+00]\n [-9.08296902e-01 -1.29388004e+01  1.12447428e+01  3.31089988e+00\n  -1.24439059e+00 -5.46984331e-03]\n [ 3.48889311e+00  5.41934953e+01 -4.95390656e+01 -1.24439059e+00\n   9.25748674e+00 -1.58001203e-01]\n [ 1.77763621e-01 -3.78569843e+00  2.53082404e+00 -5.46984331e-03\n  -1.58001203e-01  3.51011005e+00]]", "nfev": "343", "njev": "49", "status": "0", "success": "True", "message": "Optimization terminated successfully.", "x": "[ 6.33842611  3.10743248 -0.57466962  1.82275626  3.14915015  6.28070204]", "nit": "43", "callback": [0.616990780161943, 0.3427431619807022, 0.2873406391099421, 0.25504885633446306, 0.2390805509097127, 0.21503970058464994, 0.19448874920756531, 0.18651282844043038, 0.18358849340599415, 0.18246795064730947, 0.18173993166172786, 0.18146178859747886, 0.18125627723372384, 0.18114379068970643, 0.1811145112887922, 0.1811116597151683, 0.18111152514244488, 0.18111150301576884, 0.18111147519445026, 0.18111142546897008, 0.18111133272623792, 0.18111115865826, 0.18111082500624476, 0.18111019080304092, 0.18110901172243876, 0.18110685022927064, 0.18110383044019307, 0.18110059835875658, 0.18109492162244722, 0.18108448151667644, 0.18106569406821493, 0.18103200740965464, 0.18097282667235104, 0.18087437558696995, 0.1807485842735067, 0.18073659861084646, 0.1807260551750668, 0.1807230517197963, 0.180721406357086, 0.1807212243634565, 0.18072120261149693, 0.1807211824833136, 0.18072117789705122]}, "4": {"maxiter": 100, "gtol": 1e-10, "xrtol": 1e-05, "eps": 1e-05, "duration": 0.10901927947998047, "fun": "0.18072117271850463", "jac": "[ 4.18665103e-08 -1.78268511e-07 -1.87105886e-07 -2.43127740e-07\n  1.38111744e-07 -5.19584376e-09]", "hess_inv": "[[ 5.18029744e+00  6.68608513e+01 -6.36868264e+01 -1.23584869e+00\n   5.69307077e+00 -3.20054368e-01]\n [ 6.68608513e+01  3.21880003e+03 -3.11717793e+03 -3.23714283e+01\n   1.55970256e+02 -1.24461967e+01]\n [-6.36868264e+01 -3.11717793e+03  3.02319302e+03  3.01424316e+01\n  -1.48278243e+02  1.10666279e+01]\n [-1.23584869e+00 -3.23714283e+01  3.01424316e+01  3.26612164e+00\n  -1.95912371e+00  5.21022019e-01]\n [ 5.69307077e+00  1.55970256e+02 -1.48278243e+02 -1.95912371e+00\n   1.37748368e+01 -7.55197622e-01]\n [-3.20054368e-01 -1.24461967e+01  1.10666279e+01  5.21022019e-01\n  -7.55197622e-01  3.65201809e+00]]", "nfev": "404", "njev": "56", "status": "2", "success": "False", "message": "Desired error not necessarily achieved due to precision loss.", "x": "[ 6.33827597  3.10114991 -0.56859219  1.82281619  3.14882782  6.28072528]", "nit": "41", "callback": [0.6169929492286936, 0.34275342224013716, 0.2873448250970012, 0.25505296779302233, 0.23908498793399324, 0.21504473480963593, 0.19449357205882245, 0.18651406578039742, 0.18358844101294014, 0.18246776006228482, 0.18174010449956124, 0.18146193604883898, 0.18125632380706813, 0.1811439169381016, 0.1811145215585166, 0.1811116768749812, 0.18111154076021263, 0.18111151940318526, 0.18111149105144797, 0.1811114419807205, 0.18111135240794796, 0.18111118517712388, 0.18111087005243764, 0.18111027443640249, 0.18110915305423403, 0.18110710517582485, 0.18110392961100774, 0.18110088863151141, 0.1810730561989531, 0.18102398367350303, 0.1809432061585181, 0.1808533879895996, 0.18076017186749116, 0.18073371212303546, 0.18072486396389476, 0.18072251714069343, 0.1807214823228439, 0.18072117751298422, 0.18072117323520165, 0.18072117272535393, 0.18072117271850463]}, "5": {"maxiter": 100, "gtol": 1e-10, "xrtol": 1e-05, "eps": 1e-10, "duration": 0.14010286331176758, "fun": "0.1807211744749746", "jac": "[1.11022293e-06 2.44249045e-05 2.44249045e-05 1.77635669e-05\n 2.22044587e-06 1.66533440e-05]", "hess_inv": "[[ 2.30910608e+01  1.00494871e+03 -9.84621653e+02 -1.65286211e+01\n   4.04492049e+01 -1.18853584e+01]\n [ 1.00494871e+03  5.09511433e+04 -4.99523664e+04 -8.17722596e+02\n   1.97186704e+03 -6.05540386e+02]\n [-9.84621653e+02 -4.99523664e+04  4.89767191e+04  8.00306417e+02\n  -1.93144390e+03  5.91860667e+02]\n [-1.65286211e+01 -8.17722596e+02  8.00306417e+02  1.58540180e+01\n  -3.20467154e+01  9.42145775e+00]\n [ 4.04492049e+01  1.97186704e+03 -1.93144390e+03 -3.20467154e+01\n   8.10337614e+01 -2.41756988e+01]\n [-1.18853584e+01 -6.05540386e+02  5.91860667e+02  9.42145775e+00\n  -2.41756988e+01  1.01024866e+01]]", "nfev": "448", "njev": "64", "status": "0", "success": "True", "message": "Optimization terminated successfully.", "x": "[ 6.33833654  3.10267036 -0.56997997  1.82284201  3.14898718  6.28077685]", "nit": "45", "callback": [0.616990780161943, 0.3427431619807022, 0.2873406391099421, 0.25504885633446306, 0.2390805509097127, 0.21503970058464994, 0.19448874920756531, 0.18651282844043038, 0.18358849340599415, 0.18246795064730947, 0.18173993166172786, 0.18146178859747886, 0.18125627723372384, 0.18114379068970643, 0.1811145112887922, 0.1811116597151683, 0.18111152514244488, 0.18111150301576884, 0.18111147519445026, 0.18111142546897008, 0.18111133272623792, 0.18111115865826, 0.18111082500624476, 0.18111019080304092, 0.18110901172243876, 0.18110685022927064, 0.18110383044019307, 0.18110059835875658, 0.18109492162244722, 0.18108448151667644, 0.18106569406821493, 0.18103200740965464, 0.18097282667235104, 0.18087437558696995, 0.1807485842735067, 0.18073659861084646, 0.1807260551750668, 0.1807230517197963, 0.180721406357086, 0.1807212243634565, 0.18072120261149693, 0.1807211824833136, 0.18072117789705122, 0.1807211744749746, 0.1807211744749746]}, "6": {"maxiter": 100, "gtol": 1e-10, "xrtol": 1e-10, "eps": 1e-05, "duration": 0.11424779891967773, "fun": "0.18072117271850463", "jac": "[ 4.18665103e-08 -1.78268511e-07 -1.87105886e-07 -2.43127740e-07\n  1.38111744e-07 -5.19584376e-09]", "hess_inv": "[[ 5.18029744e+00  6.68608513e+01 -6.36868264e+01 -1.23584869e+00\n   5.69307077e+00 -3.20054368e-01]\n [ 6.68608513e+01  3.21880003e+03 -3.11717793e+03 -3.23714283e+01\n   1.55970256e+02 -1.24461967e+01]\n [-6.36868264e+01 -3.11717793e+03  3.02319302e+03  3.01424316e+01\n  -1.48278243e+02  1.10666279e+01]\n [-1.23584869e+00 -3.23714283e+01  3.01424316e+01  3.26612164e+00\n  -1.95912371e+00  5.21022019e-01]\n [ 5.69307077e+00  1.55970256e+02 -1.48278243e+02 -1.95912371e+00\n   1.37748368e+01 -7.55197622e-01]\n [-3.20054368e-01 -1.24461967e+01  1.10666279e+01  5.21022019e-01\n  -7.55197622e-01  3.65201809e+00]]", "nfev": "404", "njev": "56", "status": "2", "success": "False", "message": "Desired error not necessarily achieved due to precision loss.", "x": "[ 6.33827597  3.10114991 -0.56859219  1.82281619  3.14882782  6.28072528]", "nit": "41", "callback": [0.6169929492286936, 0.34275342224013716, 0.2873448250970012, 0.25505296779302233, 0.23908498793399324, 0.21504473480963593, 0.19449357205882245, 0.18651406578039742, 0.18358844101294014, 0.18246776006228482, 0.18174010449956124, 0.18146193604883898, 0.18125632380706813, 0.1811439169381016, 0.1811145215585166, 0.1811116768749812, 0.18111154076021263, 0.18111151940318526, 0.18111149105144797, 0.1811114419807205, 0.18111135240794796, 0.18111118517712388, 0.18111087005243764, 0.18111027443640249, 0.18110915305423403, 0.18110710517582485, 0.18110392961100774, 0.18110088863151141, 0.1810730561989531, 0.18102398367350303, 0.1809432061585181, 0.1808533879895996, 0.18076017186749116, 0.18073371212303546, 0.18072486396389476, 0.18072251714069343, 0.1807214823228439, 0.18072117751298422, 0.18072117323520165, 0.18072117272535393, 0.18072117271850463]}, "7": {"maxiter": 100, "gtol": 1e-10, "xrtol": 1e-10, "eps": 1e-10, "duration": 0.12825989723205566, "fun": "0.1807211744749746", "jac": "[1.11022293e-06 2.44249045e-05 2.44249045e-05 1.77635669e-05\n 2.22044587e-06 1.66533440e-05]", "hess_inv": "[[ 4.32715600e+00  3.14022378e+01 -2.95223418e+01 -1.01864344e+00\n   3.49568866e+00 -7.16372288e-01]\n [ 3.14022378e+01  4.61280015e+02 -4.20100880e+02 -1.35201629e+01\n   5.44995471e+01 -2.61886629e+01]\n [-2.95223418e+01 -4.20100880e+02  3.83926378e+02  1.13637526e+01\n  -5.04045294e+01  2.34925340e+01]\n [-1.01864344e+00 -1.35201629e+01  1.13637526e+01  3.04606451e+00\n  -1.49975982e+00  1.92680599e-01]\n [ 3.49568866e+00  5.44995471e+01 -5.04045294e+01 -1.49975982e+00\n   8.25797307e+00 -2.17910692e+00]\n [-7.16372288e-01 -2.61886629e+01  2.34925340e+01  1.92680599e-01\n  -2.17910692e+00  3.45518956e+00]]", "nfev": "448", "njev": "64", "status": "2", "success": "False", "message": "Desired error not necessarily achieved due to precision loss.", "x": "[ 6.33833654  3.10267036 -0.56997997  1.82284201  3.14898718  6.28077685]", "nit": "45", "callback": [0.616990780161943, 