{"date": "2024/10/08/, 18:15:34", "conf_id": 19, "data_type": "random\n", "num_data_points": 1, "s_rank": 0, "unitary": "[[-0.24866696+0.58742286j,-0.44704345-0.43151574j,-0.35669027-0.20570733j,-0.10517633+0.1626036j],[0.10596805-0.19687975j,-0.30269685-0.15056416j,0.18246286+0.30440582j,-0.83484447-0.11310748j],[0.26054512-0.52548482j,0.0285017-0.50723956j,-0.43110112+0.17165838j,0.15243271+0.39915801j],[0.42978035+0.11991271j,-0.17224126-0.46030424j,0.6827807-0.15164662j,0.26483638+0.0061855j]]", "databatch_0": {"databatch": "[[[-0.21908533-0.13624612j,0.12982317-0.16818675j,0.15854887+0.06305537j,0.23718657+0.14174072j],[-0.20776521-0.04618502j,-0.24118812+0.17600298j,0.0644187+0.25471753j,-0.07564452-0.13817242j],[-0.21115346+0.20523562j,0.25172726-0.20764155j,-0.22845126+0.20843514j,-0.03001425-0.06405185j],[-0.12695665-0.11070172j,-0.0177713-0.25243822j,0.15832437-0.13589838j,-0.27884589+0.21682239j]]]", "initial param values": "[6.07673015,4.32746399,4.7664053,4.18968613,2.29662504,5.70238283]", "nelder_mead": {"type": "gradient-free", "0": {"maxiter": 100, "fatol": 1e-05, "xatol": 1e-05, "duration": 0.05440211296081543, "fun": "0.6789108622325191", "nit": "100", "nfev": "158", "status": "2", "success": "False", "message": "Maximum number of iterations has been exceeded.", "x": "[7.36532992 4.49926978 1.98121925 3.94288153 2.73559464 8.50852285]", "final_simplex": "(array([[7.36532992, 4.49926978, 1.98121925, 3.94288153, 2.73559464,\n        8.50852285],\n       [7.32399461, 4.4997438 , 1.94965217, 4.03329471, 2.71922732,\n        8.50694475],\n       [7.38475871, 4.54459221, 1.96578182, 4.01419834, 2.67509812,\n        8.47020136],\n       [7.35778461, 4.55865125, 1.97543685, 3.99436527, 2.66558848,\n        8.45221623],\n       [7.30979597, 4.53191229, 1.99661575, 3.98659347, 2.67170314,\n        8.4572974 ],\n       [7.30016594, 4.53345162, 2.03641094, 4.06729021, 2.70370057,\n        8.45818235],\n       [7.3462081 , 4.50477344, 1.97914051, 4.00698942, 2.64119045,\n        8.38491129]]), array([0.67891086, 0.67942946, 0.68018855, 0.68023628, 0.68047303,\n       0.68060117, 0.68088581]))", "callback": [0.9119177704228385, 0.8397104571584264, 0.7518690168708558, 0.7232397383918543, 0.7097939912567162, 0.6909038310182716, 0.6840081655454784, 0.6830086650518632, 0.6822111294355158, 0.6808858078282436]}, "1": {"maxiter": 100, "fatol": 1e-05, "xatol": 1e-10, "duration": 0.04236102104187012, "fun": "0.6789108622325191", "nit": "100", "nfev": "158", "status": "2", "success": "False", "message": "Maximum number of iterations has been exceeded.", "x": "[7.36532992 4.49926978 1.98121925 3.94288153 2.73559464 8.50852285]", "final_simplex": "(array([[7.36532992, 4.49926978, 1.98121925, 3.94288153, 2.73559464,\n        8.50852285],\n       [7.32399461, 4.4997438 , 1.94965217, 4.03329471, 2.71922732,\n        8.50694475],\n       [7.38475871, 4.54459221, 1.96578182, 4.01419834, 2.67509812,\n        8.47020136],\n       [7.35778461, 4.55865125, 1.97543685, 3.99436527, 2.66558848,\n        8.45221623],\n       [7.30979597, 4.53191229, 1.99661575, 3.98659347, 2.67170314,\n        8.4572974 ],\n       [7.30016594, 4.53345162, 2.03641094, 4.06729021, 2.70370057,\n        8.45818235],\n       [7.3462081 , 4.50477344, 1.97914051, 4.00698942, 2.64119045,\n        8.38491129]]), array([0.67891086, 0.67942946, 0.68018855, 0.68023628, 0.68047303,\n       0.68060117, 0.68088581]))", "callback": [0.9119177704228385, 0.8397104571584264, 0.7518690168708558, 0.7232397383918543, 0.7097939912567162, 0.6909038310182716, 0.6840081655454784, 0.6830086650518632, 0.6822111294355158, 0.6808858078282436]}, "2": {"maxiter": 100, "fatol": 1e-10, "xatol": 1e-05, "duration": 0.051425933837890625, "fun": "0.6789108622325191", "nit": "100", "nfev": "158", "status": "2", "success": "False", "message": "Maximum number of iterations has been exceeded.", "x": "[7.36532992 4.49926978 1.98121925 3.94288153 2.73559464 8.50852285]", "final_simplex": "(array([[7.36532992, 4.49926978, 1.98121925, 3.94288153, 2.73559464,\n        8.50852285],\n       [7.32399461, 4.4997438 , 1.94965217, 4.03329471, 2.71922732,\n        8.50694475],\n       [7.38475871, 4.54459221, 1.96578182, 4.01419834, 2.67509812,\n        8.47020136],\n       [7.35778461, 4.55865125, 1.97543685, 3.99436527, 2.66558848,\n        8.45221623],\n       [7.30979597, 4.53191229, 1.99661575, 3.98659347, 2.67170314,\n        8.4572974 ],\n       [7.30016594, 4.53345162, 2.03641094, 4.06729021, 2.70370057,\n        8.45818235],\n       [7.3462081 , 4.50477344, 1.97914051, 4.00698942, 2.64119045,\n        8.38491129]]), array([0.67891086, 0.67942946, 0.68018855, 0.68023628, 0.68047303,\n       0.68060117, 0.68088581]))", "callback": [0.9119177704228385, 0.8397104571584264, 0.7518690168708558, 0.7232397383918543, 0.7097939912567162, 0.6909038310182716, 0.6840081655454784, 0.6830086650518632, 0.6822111294355158, 0.6808858078282436]}, "3": {"maxiter": 100, "fatol": 1e-10, "xatol": 1e-10, "duration": 0.044379234313964844, "fun": "0.6789108622325191", "nit": "100", "nfev": "158", "status": "2", "success": "False", "message": "Maximum number of iterations has been exceeded.", "x": "[7.36532992 4.49926978 1.98121925 3.94288153 2.73559464 8.50852285]", "final_simplex": "(array([[7.36532992, 4.49926978, 1.98121925, 3.94288153, 2.73559464,\n        8.50852285],\n       [7.32399461, 4.4997438 , 1.94965217, 4.03329471, 2.71922732,\n        8.50694475],\n       [7.38475871, 4.54459221, 1.96578182, 4.01419834, 2.67509812,\n        8.47020136],\n       [7.35778461, 4.55865125, 1.97543685, 3.99436527, 2.66558848,\n        8.45221623],\n       [7.30979597, 4.53191229, 1.99661575, 3.98659347, 2.67170314,\n        8.4572974 ],\n       [7.30016594, 4.53345162, 2.03641094, 4.06729021, 2.70370057,\n        8.45818235],\n       [7.3462081 , 4.50477344, 1.97914051, 4.00698942, 2.64119045,\n        8.38491129]]), array([0.67891086, 0.67942946, 0.68018855, 0.68023628, 0.68047303,\n       0.68060117, 0.68088581]))", "callback": [0.9119177704228385, 0.8397104571584264, 0.7518690168708558, 0.7232397383918543, 0.7097939912567162, 0.6909038310182716, 0.6840081655454784, 0.6830086650518632, 0.6822111294355158, 0.6808858078282436]}, "4": {"maxiter": 500, "fatol": 1e-05, "xatol": 1e-05, "duration": 0.1353132724761963, "fun": "0.6734813744760108", "nit": "299", "nfev": "482", "status": "0", "success": "True", "message": "Optimization terminated successfully.", "x": "[7.46975116 4.63981616 1.85014457 3.9461778  3.07784417 8.65723179]", "final_simplex": "(array([[7.46975116, 4.63981616, 1.85014457, 3.9461778 , 3.07784417,\n        8.65723179],\n       [7.46975303, 4.63982118, 1.85013916, 3.94617712, 3.07785279,\n        8.65723851],\n       [7.46975607, 4.6398191 , 1.85014587, 3.94617585, 3.07785232,\n        8.65723678],\n       [7.4697553 , 4.63981899, 1.85014177, 3.94617867, 3.07785096,\n        8.65723538],\n       [7.46975289, 4.63981796, 1.85014313, 3.94617143, 3.07784908,\n        8.65723367],\n       [7.46974971, 4.63981086, 1.85014671, 3.94617587, 3.07784602,\n        8.65723922],\n       [7.46974984, 4.63981856, 1.85013905, 3.94617835, 3.07784447,\n        8.65723633]]), array([0.67348137, 0.67348137, 0.67348137, 0.67348137, 0.67348137,\n       0.67348137, 0.67348137]))", "callback": [0.9119177704228385, 0.8397104571584264, 0.7518690168708558, 0.7232397383918543, 0.7097939912567162, 0.6909038310182716, 0.6840081655454784, 0.6830086650518632, 0.6822111294355158, 0.6808858078282436, 0.6789108622325191, 0.6773482596784686, 0.6769257497554282, 0.676361493247371, 0.6759354011123704, 0.6753544674144683, 0.6748547966523286, 0.6741779443197897, 0.673575717895787, 0.6735238458721998, 0.6734905682684571, 0.6734829654126815, 0.6734816250116559, 0.6734814092654673, 0.6734813774632498, 0.6734813774632498, 0.6734813751990868, 0.6734813745766263, 0.6734813744950088, 0.6734813744807113]}, "5": {"maxiter": 500, "fatol": 1e-05, "xatol": 1e-10, "duration": 0.21465086936950684, "fun": "0.6734813744739339", "nit": "439", "nfev": "763", "status": "0", "success": "True", "message": "Optimization terminated successfully.", "x": "[7.46974991 4.63981736 1.85014485 3.94617738 3.07785011 8.65723595]", "final_simplex": "(array([[7.46974991, 4.63981736, 1.85014485, 3.94617738, 3.07785011,\n        8.65723595],\n       [7.46974991, 4.63981736, 1.85014485, 3.94617738, 3.07785011,\n        8.65723595],\n       [7.46974991, 4.63981736, 1.85014485, 3.94617738, 3.07785011,\n        8.65723595],\n       [7.46974991, 4.63981736, 1.85014485, 3.94617738, 3.07785011,\n        8.65723595],\n       [7.46974991, 4.63981736, 1.85014485, 3.94617738, 3.07785011,\n        8.65723595],\n       [7.46974991, 4.63981736, 1.85014485, 3.94617738, 3.07785011,\n        8.65723595],\n       [7.46974991, 4.63981736, 1.85014485, 3.94617738, 3.07785011,\n        8.65723595]]), array([0.67348137, 0.67348137, 0.67348137, 0.67348137, 0.67348137,\n       0.67348137, 0.67348137]))", "callback": [0.9119177704228385, 0.8397104571584264, 0.7518690168708558, 0.7232397383918543, 0.7097939912567162, 0.6909038310182716, 0.6840081655454784, 0.6830086650518632, 0.6822111294355158, 0.6808858078282436, 0.6789108622325191, 0.6773482596784686, 0.6769257497554282, 0.676361493247371, 0.6759354011123704, 0.6753544674144683, 0.6748547966523286, 0.6741779443197897, 0.673575717895787, 0.6735238458721998, 0.6734905682684571, 0.6734829654126815, 0.6734816250116559, 0.6734814092654673, 0.6734813774632498, 0.6734813774632498, 0.6734813751990868, 0.6734813745766263, 0.6734813744950088, 0.6734813744807113, 0.673481374475464, 0.6734813744748178, 0.6734813744744278, 0.6734813744742848, 0.6734813744740465, 0.6734813744740014, 0.6734813744739481, 0.6734813744739401, 0.6734813744739363, 0.6734813744739363, 0.6734813744739341, 0.6734813744739339, 0.6734813744739339, 0.6734813744739339]}, "6": {"maxiter": 500, "fatol": 1e-10, "xatol": 1e-05, "duration": 0.15583109855651855, "fun": "0.6734813744760108", "nit": "299", "nfev": "482", "status": "0", "success": "True", "message": "Optimization terminated successfully.", "x": "[7.46975116 4.63981616 1.85014457 3.9461778  3.07784417 8.65723179]", "final_simplex": "(array([[7.46975116, 4.63981616, 1.85014457, 3.9461778 , 3.07784417,\n        8.65723179],\n       [7.46975303, 4.63982118, 1.85013916, 3.94617712, 3.07785279,\n        8.65723851],\n       [7.46975607, 4.6398191 , 1.85014587, 3.94617585, 3.07785232,\n        8.65723678],\n       [7.4697553 , 4.63981899, 1.85014177, 3.94617867, 3.07785096,\n        8.65723538],\n       [7.46975289, 4.63981796, 1.85014313, 3.94617143, 3.07784908,\n        8.65723367],\n       [7.46974971, 4.63981086, 1.85014671, 3.94617587, 3.07784602,\n        8.65723922],\n       [7.46974984, 4.63981856, 1.85013905, 3.94617835, 3.07784447,\n        8.65723633]]), array([0.67348137, 0.67348137, 0.67348137, 0.67348137, 0.67348137,\n       0.67348137, 0.67348137]))", "callback": [0.9119177704228385, 0.8397104571584264, 0.7518690168708558, 0.7232397383918543, 0.7097939912567162, 0.6909038310182716, 0.6840081655454784, 0.6830086650518632, 0.6822111294355158, 0.6808858078282436, 0.6789108622325191, 0.6773482596784686, 0.6769257497554282, 0.676361493247371, 0.6759354011123704, 0.6753544674144683, 0.6748547966523286, 0.6741779443197897, 0.673575717895787, 0.6735238458721998, 0.6734905682684571, 0.6734829654126815, 0.6734816250116559, 0.6734814092654673, 0.6734813774632498, 0.6734813774632498, 0.6734813751990868, 0.6734813745766263, 0.6734813744950088, 0.6734813744807113]}, "7": {"maxiter": 500, "fatol": 1e-10, "xatol": 1e-10, "duration": 0.22171783447265625, "fun": "0.6734813744739339", "nit": "439", "nfev": "763", "status": "0", "success": "True", "message": "Optimization terminated successfully.", "x": "[7.46974991 4.63981736 1.85014485 3.94617738 3.07785011 8.65723595]", "final_simplex": "(array([[7.46974991, 4.63981736, 1.85014485, 3.94617738, 3.07785011,\n        8.65723595],\n       [7.46974991, 4.63981736, 1.85014485, 3.94617738, 3.07785011,\n        8.65723595],\n       [7.46974991, 4.63981736, 1.85014485, 3.94617738, 3.07785011,\n        8.65723595],\n       [7.46974991, 4.63981736, 1.85014485, 3.94617738, 3.07785011,\n        8.65723595],\n       [7.46974991, 4.63981736, 1.85014485, 3.94617738, 3.07785011,\n        8.65723595],\n       [7.46974991, 4.63981736, 1.85014485, 3.94617738, 3.07785011,\n        8.65723595],\n       [7.46974991, 4.63981736, 1.85014485, 3.94617738, 3.07785011,\n        8.65723595]]), array([0.67348137, 0.67348137, 0.67348137, 0.67348137, 0.67348137,\n       0.67348137, 0.67348137]))", "callback": [0.9119177704228385, 0.8397104571584264, 0.7518690168708558, 0.7232397383918543, 0.7097939912567162, 0.6909038310182716, 0.6840081655454784, 0.6830086650518632, 0.6822111294355158, 0.6808858078282436, 0.6789108622325191, 0.6773482596784686, 0.6769257497554282, 0.676361493247371, 0.6759354011123704, 0.6753544674144683, 0.6748547966523286, 0.6741779443197897, 0.673575717895787, 0.6735238458721998, 0.6734905682684571, 0.6734829654126815, 0.6734816250116559, 0.6734814092654673, 0.6734813774632498, 0.6734813774632498, 0.6734813751990868, 0.6734813745766263, 0.6734813744950088, 0.6734813744807113, 0.673481374475464, 0.6734813744748178, 0.6734813744744278, 0.6734813744742848, 0.6734813744740465, 0.6734813744740014, 0.6734813744739481, 0.6734813744739401, 0.6734813744739363, 0.6734813744739363, 0.6734813744739341, 0.6734813744739339, 0.6734813744739339, 0.6734813744739339]}, "8": {"maxiter": 1000, "fatol": 1e-05, "xatol": 1e-05, "duration": 0.15155816078186035, "fun": "0.6734813744760108", "nit": "299", "nfev": "482", "status": "0", "success": "True", "message": "Optimization terminated successfully.", "x": "[7.46975116 4.63981616 1.85014457 3.9461778  3.07784417 8.65723179]", "final_simplex": "(array([[7.46975116, 4.63981616, 1.85014457, 3.9461778 , 3.07784417,\n        8.65723179],\n       [7.46975303, 4.63982118, 1.85013916, 3.94617712, 3.07785279,\n        8.65723851],\n       [7.46975607, 4.6398191 , 1.85014587, 3.94617585, 3.07785232,\n        8.65723678],\n       [7.4697553 , 4.63981899, 1.85014177, 3.94617867, 3.07785096,\n        8.65723538],\n       [7.46975289, 4.63981796, 1.85014313, 3.94617143, 3.07784908,\n        8.65723367],\n       [7.46974971, 4.63981086, 1.85014671, 3.94617587, 3.07784602,\n        8.65723922],\n       [7.46974984, 4.63981856, 1.85013905, 3.94617835, 3.07784447,\n        8.65723633]]), array([0.67348137, 0.67348137, 0.67348137, 0.67348137, 0.67348137,\n       0.67348137, 0.67348137]))", "callback": [0.9119177704228385, 0.8397104571584264, 0.7518690168708558, 0.7232397383918543, 0.7097939912567162, 0.6909038310182716, 0.6840081655454784, 0.6830086650518632, 0.6822111294355158, 0.6808858078282436, 0.6789108622325191, 0.6773482596784686, 0.6769257497554282, 0.676361493247371, 0.6759354011123704, 0.6753544674144683, 0.6748547966523286, 0.6741779443197897, 0.673575717895787, 0.6735238458721998, 0.6734905682684571, 0.6734829654126815, 0.6734816250116559, 0.6734814092654673, 0.6734813774632498, 0.6734813774632498, 0.6734813751990868, 0.6734813745766263, 0.6734813744950088, 0.6734813744807113]}, "9": {"maxiter": 1000, "fatol": 1e-05, "xatol": 1e-10, "duration": 0.23055720329284668, "fun": "0.6734813744739339", "nit": "439", "nfev": "763", "status": "0", "success": "True", "message": "Optimization terminated successfully.", "x": "[7.46974991 4.63981736 1.85014485 3.94617738 3.07785011 8.65723595]", "final_simplex": "(array([[7.46974991, 4.63981736, 1.85014485, 3.94617738, 3.07785011,\n        8.65723595],\n       [7.46974991, 4.63981736, 1.85014485, 3.94617738, 3.07785011,\n        8.65723595],\n       [7.46974991, 4.63981736, 1.85014485, 3.94617738, 3.07785011,\n        8.65723595],\n       [7.46974991, 4.63981736, 1.85014485, 3.94617738, 3.07785011,\n        8.65723595],\n       [7.46974991, 4.63981736, 1.85014485, 3.94617738, 3.07785011,\n        8.65723595],\n       [7.46974991, 4.63981736, 1.85014485, 3.94617738, 3.07785011,\n        8.65723595],\n       [7.46974991, 4.63981736, 1.85014485, 3.94617738, 3.07785011,\n        8.65723595]]), array([0.67348137, 0.67348137, 0.67348137, 0.67348137, 0.67348137,\n       0.67348137, 0.67348137]))", "callback": [0.9119177704228385, 0.8397104571584264, 0.7518690168708558, 0.7232397383918543, 0.7097939912567162, 0.6909038310182716, 0.6840081655454784, 0.6830086650518632, 0.6822111294355158, 0.6808858078282436, 0.6789108622325191, 0.6773482596784686, 0.6769257497554282, 0.676361493247371, 0.6759354011123704, 0.6753544674144683, 0.6748547966523286, 0.6741779443197897, 0.673575717895787, 0.6735238458721998, 0.6734905682684571, 0.6734829654126815, 0.6734816250116559, 0.6734814092654673, 0.6734813774632498, 0.6734813774632498, 0.6734813751990868, 0.6734813745766263, 0.6734813744950088, 0.6734813744807113, 0.673481374475464, 0.6734813744748178, 0.6734813744744278, 0.6734813744742848, 0.6734813744740465, 0.6734813744740014, 0.6734813744739481, 0.6734813744739401, 0.6734813744739363, 0.6734813744739363, 0.6734813744739341, 0.6734813744739339, 0.6734813744739339, 0.6734813744739339]}, "10": {"maxiter": 1000, "fatol": 1e-10, "xatol": 1e-05, "duration": 0.14326906204223633, "fun": "0.6734813744760108", "nit": "299", "nfev": "482", "status": "0", "success": "True", "message": "Optimization terminated successfully.", "x": "[7.46975116 4.63981616 1.85014457 3.9461778  3.07784417 8.65723179]", "final_simplex": "(array([[7.46975116, 4.63981616, 1.85014457, 3.9461778 , 3.07784417,\n        8.65723179],\n       [7.46975303, 4.63982118, 1.85013916, 3.94617712, 3.07785279,\n        8.65723851],\n       [7.46975607, 4.6398191 , 1.85014587, 3.94617585, 3.07785232,\n        8.65723678],\n       [7.4697553 , 4.63981899, 1.85014177, 3.94617867, 3.07785096,\n        8.65723538],\n       [7.46975289, 4.63981796, 1.85014313, 3.94617143, 3.07784908,\n        8.65723367],\n       [7.46974971, 4.63981086, 1.85014671, 3.94617587, 3.07784602,\n        8.65723922],\n       [7.46974984, 4.63981856, 1.85013905, 3.94617835, 3.07784447,\n        8.65723633]]), array([0.67348137, 0.67348137, 0.67348137, 0.67348137, 0.67348137,\n       0.67348137, 0.67348137]))", "callback": [0.9119177704228385, 0.8397104571584264, 0.7518690168708558, 0.7232397383918543, 0.7097939912567162, 0.6909038310182716, 0.6840081655454784, 0.6830086650518632, 0.6822111294355158, 0.6808858078282436, 0.6789108622325191, 0.6773482596784686, 0.6769257497554282, 0.676361493247371, 0.6759354011123704, 0.6753544674144683, 0.6748547966523286, 0.6741779443197897, 0.673575717895787, 0.6735238458721998, 0.6734905682684571, 0.6734829654126815, 0.6734816250116559, 0.6734814092654673, 0.6734813774632498, 0.6734813774632498, 0.6734813751990868, 0.6734813745766263, 0.6734813744950088, 0.6734813744807113]}, "11": {"maxiter": 1000, "fatol": 1e-10, "xatol": 1e-10, "duration": 0.22923898696899414, "fun": "0.6734813744739339", "nit": "439", "nfev": "763", "status": "0", "success": "True", "message": "Optimization terminated successfully.", "x": "[7.46974991 4.63981736 1.85014485 3.94617738 3.07785011 8.65723595]", "final_simplex": "(array([[7.46974991, 4.63981736, 1.85014485, 3.94617738, 3.07785011,\n        8.65723595],\n       [7.46974991, 4.63981736, 1.85014485, 3.94617738, 3.07785011,\n        8.65723595],\n       [7.46974991, 4.63981736, 1.85014485, 3.94617738, 3.07785011,\n        8.65723595],\n       [7.46974991, 4.63981736, 1.85014485, 3.94617738, 3.07785011,\n        8.65723595],\n       [7.46974991, 4.63981736, 1.85014485, 3.94617738, 3.07785011,\n        8.65723595],\n       [7.46974991, 4.63981736, 1.85014485, 3.94617738, 3.07785011,\n        8.65723595],\n       [7.46974991, 4.63981736, 1.85014485, 3.94617738, 3.07785011,\n        8.65723595]]), array([0.67348137, 0.67348137, 0.67348137, 0.67348137, 0.67348137,\n       0.67348137, 0.67348137]))", "callback": [0.9119177704228385, 0.8397104571584264, 0.7518690168708558, 0.7232397383918543, 0.7097939912567162, 0.6909038310182716, 0.6840081655454784, 0.6830086650518632, 0.6822111294355158, 0.6808858078282436, 0.6789108622325191, 0.6773482596784686, 0.6769257497554282, 0.676361493247371, 0.6759354011123704, 0.6753544674144683, 0.6748547966523286, 0.6741779443197897, 0.673575717895787, 0.6735238458721998, 0.6734905682684571, 0.6734829654126815, 0.6734816250116559, 0.6734814092654673, 0.6734813774632498, 0.6734813774632498, 0.6734813751990868, 0.6734813745766263, 0.6734813744950088, 0.6734813744807113, 0.673481374475464, 0.6734813744748178, 0.6734813744744278, 0.6734813744742848, 0.6734813744740465, 0.6734813744740014, 0.6734813744739481, 0.6734813744739401, 0.6734813744739363, 0.6734813744739363, 0.6734813744739341, 0.6734813744739339, 0.6734813744739339, 0.6734813744739339]}}, "bfgs": {"type": "gradient", "0": {"maxiter": 100, "gtol": 1e-05, "xrtol": 1e-05, "eps": 1e-05, "duration": 0.057698726654052734, "fun": "0.49030191363629516", "jac": "[-5.13312726e-06 -5.86125593e-06  2.79836154e-06  6.09781114e-06\n  3.94161370e-06 -2.55515609e-06]", "hess_inv": "[[ 4.53794971  0.22884537 -0.51327899  0.6328441  -0.35885222 -1.92493212]\n [ 0.22884537  5.196779   -2.48443442 -0.23925873  0.37630212 -1.19239981]\n [-0.51327899 -2.48443442  5.58647558  0.01150323  0.30107731  1.83664435]\n [ 0.6328441  -0.23925873  0.01150323  3.99622458 -0.05851627 -0.21797185]\n [-0.35885222  0.37630212  0.30107731 -0.05851627  4.0262457   0.4774128 ]\n [-1.92493212 -1.19239981  1.83664435 -0.21797185  0.4774128   5.03969569]]", "nfev": "217", "njev": "31", "status": "0", "success": "True", "message": "Optimization terminated successfully.", "x": "[5.19346195 3.27771688 1.37990056 1.64861658 2.78453349 5.39953081]", "nit": "25", "callback": [0.911236465078822, 0.8949280514050095, 0.8277675963341671, 0.8200854071902295, 0.8128245918784521, 0.7991689870924481, 0.7769705865087224, 0.7585680130753347, 0.7515715273030816, 0.7047904907504021, 0.6339202685555233, 0.5874704482454498, 0.5243121828072049, 0.5114318009953983, 0.5017157302963452, 0.491673416073942, 0.4909461335390517, 0.49050404747527443, 0.4903492822513299, 0.4903106208596326, 0.49030587878830556, 0.4903036128922801, 0.49030221420309084, 0.4903019330137669, 0.49030191363629516]}, "1": {"maxiter": 100, "gtol": 1e-05, "xrtol": 1e-05, "eps": 1e-10, "duration": 0.06850004196166992, "fun": "0.4903019136234388", "jac": "[-6.66133760e-06 -5.55111466e-06  1.11022293e-06  5.55111466e-06\n  2.22044587e-06 -3.33066880e-06]", "hess_inv": "[[ 4.54518987  0.21826301 -0.51573715  0.65174637 -0.35828152 -1.91649957]\n [ 0.21826301  5.21143199 -2.48355825 -0.26257771  0.36781121 -1.20988944]\n [-0.51573715 -2.48355825  5.58100574  0.0311162   0.3177345   1.84702341]\n [ 0.65174637 -0.26257771  0.0311162   4.00706412 -0.07869996 -0.21462278]\n [-0.35828152  0.36781121  0.3177345  -0.07869996  4.00169108  0.46077582]\n [-1.91649957 -1.20988944  1.84702341 -0.21462278  0.46077582  5.03995779]]", "nfev": "217", "njev": "31", "status": "0", "success": "True", "message": "Optimization terminated successfully.", "x": "[5.19345997 3.27772275 1.37990344 1.64861384 2.78453894 5.39953087]", "nit": "25", "callback": [0.9112366734280555, 0.8949282432098992, 0.8277691197955399, 0.8200864620651724, 0.8128256771829013, 0.7991704965012838, 0.7769741342064984, 0.7585720689043929, 0.7515758599782008, 0.7048061665026266, 0.6339580326908579, 0.5874835156625413, 0.5242977906201309, 0.511432965416255, 0.5017136363349711, 0.4916706676520375, 0.4909448495146149, 0.4905032332882988, 0.49034921276425436, 0.49031058985568765, 0.4903058751813384, 0.49030360623554425, 0.4903022116212852, 0.49030193282235035, 0.4903019136234388]}, "2": {"maxiter": 100, "gtol": 1e-05, "xrtol": 1e-10, "eps": 1e-05, "duration": 0.0649571418762207, "fun": "0.49030191363629516", "jac": "[-5.13312726e-06 -5.86125593e-06  2.79836154e-06  6.09781114e-06\n  3.94161370e-06 -2.55515609e-06]", "hess_inv": "[[ 4.53794971  0.22884537 -0.51327899  0.6328441  -0.35885222 -1.92493212]\n [ 0.22884537  5.196779   -2.48443442 -0.23925873  0.37630212 -1.19239981]\n [-0.51327899 -2.48443442  5.58647558  0.01150323  0.30107731  1.83664435]\n [ 0.6328441  -0.23925873  0.01150323  3.99622458 -0.05851627 -0.21797185]\n [-0.35885222  0.37630212  0.30107731 -0.05851627  4.0262457   0.4774128 ]\n [-1.92493212 -1.19239981  1.83664435 -0.21797185  0.4774128   5.03969569]]", "nfev": "217", "njev": "31", "status": "0", "success": "True", "message": "Optimization terminated successfully.", "x": "[5.19346195 3.27771688 1.37990056 1.64861658 2.78453349 5.39953081]", "nit": "25", "callback": [0.911236465078822, 0.8949280514050095, 0.8277675963341671, 0.8200854071902295, 0.8128245918784521, 0.7991689870924481, 0.7769705865087224, 0.7585680130753347, 0.7515715273030816, 0.7047904907504021, 0.6339202685555233, 0.5874704482454498, 0.5243121828072049, 0.5114318009953983, 0.5017157302963452, 0.491673416073942, 0.4909461335390517, 0.49050404747527443, 0.4903492822513299, 0.4903106208596326, 0.49030587878830556, 0.4903036128922801, 0.49030221420309084, 0.4903019330137669, 0.49030191363629516]}, "3": {"maxiter": 100, "gtol": 1e-05, "xrtol": 1e-10, "eps": 1e-10, "duration": 0.06351900100708008, "fun": "0.4903019136234388", "jac": "[-6.66133760e-06 -5.55111466e-06  1.11022293e-06  5.55111466e-06\n  2.22044587e-06 -3.33066880e-06]", "hess_inv": "[[ 4.54518987  0.21826301 -0.51573715  0.65174637 -0.35828152 -1.91649957]\n [ 0.21826301  5.21143199 -2.48355825 -0.26257771  0.36781121 -1.20988944]\n [-0.51573715 -2.48355825  5.58100574  0.0311162   0.3177345   1.84702341]\n [ 0.65174637 -0.26257771  0.0311162   4.00706412 -0.07869996 -0.21462278]\n [-0.35828152  0.36781121  0.3177345  -0.07869996  4.00169108  0.46077582]\n [-1.91649957 -1.20988944  1.84702341 -0.21462278  0.46077582  5.03995779]]", "nfev": "217", "njev": "31", "status": "0", "success": "True", "message": "Optimization terminated successfully.", "x": "[5.19345997 3.27772275 1.37990344 1.64861384 2.78453894 5.39953087]", "nit": "25", "callback": [0.9112366734280555, 0.8949282432098992, 0.8277691197955399, 0.8200864620651724, 0.8128256771829013, 0.7991704965012838, 0.7769741342064984, 0.7585720689043929, 0.7515758599782008, 0.7048061665026266, 0.6339580326908579, 0.5874835156625413, 0.5242977906201309, 0.511432965416255, 0.5017136363349711, 0.4916706676520375, 0.4909448495146149, 0.4905032332882988, 0.49034921276425436, 0.49031058985568765, 0.4903058751813384, 0.49030360623554425, 0.4903022116212852, 0.49030193282235035, 0.4903019136234388]}, "4": {"maxiter": 100, "gtol": 1e-10, "xrtol": 1e-05, "eps": 1e-05, "duration": 0.06577587127685547, "fun": "0.49030191332946615", "jac": "[-5.49149615e-07 -7.43738404e-08  6.47593090e-08  3.19788640e-07\n  6.32172092e-07 -2.01838546e-07]", "hess_inv": "[[ 4.51328293  0.43666013 -0.65660867  0.54638542 -0.27634655 -1.95084252]\n [ 0.43666013  5.66739297 -2.86535904 -0.52827346  0.23105007 -1.31154015]\n [-0.65660867 -2.86535904  5.88948742  0.23664146  0.38731162  1.92737372]\n [ 0.54638542 -0.52827346  0.23664146  4.15916124 -0.02116028 -0.15424475]\n [-0.27634655  0.23105007  0.38731162 -0.02116028  3.88637865  0.48055678]\n [-1.95084252 -1.31154015  1.92737372 -0.15424475  0.48055678  5.06373456]]", "nfev": "224", "njev": "32", "status": "0", "success": "True", "message": "Optimization terminated successfully.", "x": "[5.19348228 3.27775931 1.37986587 1.64858995 2.78451838 5.3995197 ]", "nit": "26", "callback": [0.911236465078822, 0.8949280514050095, 0.8277675963341671, 0.8200854071902295, 0.8128245918784521, 0.7991689870924481, 0.7769705865087224, 0.7585680130753347, 0.7515715273030816, 0.7047904907504021, 0.6339202685555233, 0.5874704482454498, 0.5243121828072049, 0.5114318009953983, 0.5017157302963452, 0.491673416073942, 0.4909461335390517, 0.49050404747527443, 0.4903492822513299, 0.4903106208596326, 0.49030587878830556, 0.4903036128922801, 0.49030221420309084, 0.4903019330137669, 0.49030191363629516, 0.49030191332946615]}, "5": {"maxiter": 100, "gtol": 1e-10, "xrtol": 1e-05, "eps": 1e-10, "duration": 0.05962395668029785, "fun": "0.4903019133358121", "jac": "[0.00000000e+00 1.11022293e-06 3.33066880e-06 2.22044587e-06\n 3.33066880e-06 0.00000000e+00]", "hess_inv": "[[ 4.51259268  0.46782975 -0.68278424  0.53438277 -0.27265514 -1.95555367]\n [ 0.46782975  5.59051223 -2.71750351 -0.50731579  0.29858041 -1.26834776]\n [-0.68278424 -2.71750351  5.72452028  0.1850494   0.36914192  1.88306273]\n [ 0.53438277 -0.50731579  0.1850494   4.15534438 -0.06316297 -0.17675522]\n [-0.27265514  0.29858041  0.36914192 -0.06316297  3.9269061   0.47183058]\n [-1.95555367 -1.26834776  1.88306273 -0.17675522  0.47183058  5.04897106]]", "nfev": "224", "njev": "32", "status": "0", "success": "True", "message": "Optimization terminated successfully.", "x": "[5.19348451 3.27775785 1.37988188 1.64859086 2.78453158 5.39952546]", "nit": "26", "callback": [0.9112366734280555, 0.8949282432098992, 0.8277691197955399, 0.8200864620651724, 0.8128256771829013, 0.7991704965012838, 0.7769741342064984, 0.7585720689043929, 0.7515758599782008, 0.7048061665026266, 0.6339580326908579, 0.5874835156625413, 0.5242977906201309, 0.511432965416255, 0.5017136363349711, 0.4916706676520375, 0.4909448495146149, 0.4905032332882988, 0.49034921276425436, 0.49031058985568765, 0.4903058751813384, 0.49030360623554425, 0.4903022116212852, 0.49030193282235035, 0.4903019136234388, 0.4903019133358121]}, "6": {"maxiter": 100, "gtol": 1e-10, "xrtol": 1e-10, "eps": 1e-05, "duration": 0.15549921989440918, "fun": "0.4903019133294564", "jac": "[-4.49307258e-07 -5.82867088e-08  5.19251309e-08  2.59858801e-07\n  5.17552667e-07 -1.64834812e-07]", "hess_inv": "[[ 4.68190027  0.49040645 -0.72963817  0.4611894  -0.46179803 -1.99169882]\n [ 0.49040645  5.57319705 -2.80881476 -0.50619509  0.14604328 -1.30590741]\n [-0.72963817 -2.80881476  5.86387981  0.23822017  0.48615176  1.93168611]\n [ 0.4611894  -0.50619509  0.23822017  4.18035034  0.08378824 -0.14188108]\n [-0.46179803  0.14604328  0.48615176  0.08378824  4.08381809  0.52975981]\n [-1.99169882 -1.30590741  1.93168611 -0.14188108  0.52975981  5.07049779]]", "nfev": "481", "njev": "67", "status": "2", "success": "False", "message": "Desired error not necessarily achieved due to precision loss.", "x": "[5.19348272 3.27775945 1.37986568 1.64858972 2.78451787 5.39951959]", "nit": "27", "callback": [0.911236465078822, 0.8949280514050095, 0.8277675963341671, 0.8200854071902295, 0.8128245918784521, 0.7991689870924481, 0.7769705865087224, 0.7585680130753347, 0.7515715273030816, 0.7047904907504021, 0.6339202685555233, 0.5874704482454498, 0.5243121828072049, 0.5114318009953983, 0.5017157302963452, 0.491673416073942, 0.4909461335390517, 0.49050404747527443, 0.4903492822513299, 0.4903106208596326, 0.49030587878830556, 0.4903036128922801, 0.49030221420309084, 0.4903019330137669, 0.49030191363629516, 0.49030191332946615, 0.4903019133294564]}, "7": {"maxiter": 100, "gtol": 1e-10, "xrtol": 1e-10, "eps": 1e-10, "duration": 0.11867213249206543, "fun": "0.49030191331605466", "jac": "[0.00000000e+00 0.00000000e+00 0.00000000e+00 2.22044587e-06\n 0.00000000e+00 1.11022293e-06]", "hess_inv": "[[ 1.62245824  1.14661648 -0.0605573  -0.35127252 -0.89286028  0.24441143]\n [ 1.14661648  0.99967695  0.10629126 -0.46345759 -0.72908017  0.34531732]\n [-0.0605573   0.10629126  0.30342953 -0.51563113 -0.00303456  0.35831532]\n [-0.35127252 -0.46345759 -0.51563113  1.08296328  0.19850294 -0.75546935]\n [-0.89286028 -0.72908017 -0.00303456  0.19850294  0.59803531 -0.14560745]\n [ 0.24441143  0.34531732  0.35831532 -0.75546935 -0.14560745  0.5376255 ]]", "nfev": "399", "njev": "57", "status": "0", "success": "True", "message": "Optimization terminated successfully.", "x": "[5.19348728 3.27776061 1.37987082 1.64859158 2.78451842 5.39952268]", "nit": "37", "callback": [0.9112366734280555, 0.8949282432098992, 0.8277691197955399, 0.8200864620651724, 0.8128256771829013, 0.7991704965012838, 0.7769741342064984, 0.7585720689043929, 0.7515758599782008, 0.7048061665026266, 0.6339580326908579, 0.5874835156625413, 0.5242977906201309, 0.511432965416255, 0.5017136363349711, 0.4916706676520375, 0.4909448495146149, 0.4905032332882988, 0.49034921276425436, 0.49031058985568765, 0.4903058751813384, 0.49030360623554425, 0.4903022116212852, 0.49030193282235035, 0.4903019136234388, 0.4903019133358121, 0.4903019133250087, 0.4903019133198907, 0.4903019133196457, 0.4903019133194956, 0.49030191331935846, 0.4903019133192279, 0.49030191331905615, 0.4903019133176274, 0.490301913316193, 0.49030191331605466, 0.49030191331605466]}, "8": {"maxiter": 500, "gtol": 1e-05, "xrtol": 1e-05, "eps": 1e-05, "duration": 0.06678915023803711, "fun": "0.49030191363629516", "jac": "[-5.13312726e-06 -5.86125593e-06  2.79836154e-06  6.09781114e-06\n  3.94161370e-06 -2.55515609e-06]", "hess_inv": "[[ 4.53794971  0.22884537 -0.51327899  0.6328441  -0.35885222 -1.92493212]\n [ 0.22884537  5.196779   -2.48443442 -0.23925873  0.37630212 -1.19239981]\n [-0.51327899 -2.48443442  5.58647558  0.01150323  0.30107731  1.83664435]\n [ 0.6328441  -0.23925873  0.01150323  3.99622458 -0.05851627 -0.21797185]\n [-0.35885222  0.37630212  0.30107731 -0.05851627  4.0262457   0.4774128 ]\n [-1.92493212 -1.19239981  1.83664435 -0.21797185  0.4774128   5.03969569]]", "nfev": "217", "njev": "31", "status": "0", "success": "True", "message": "Optimization terminated successfully.", "x": "[5.19346195 3.27771688 1.37990056 1.64861658 2.78453349 5.39953081]", "nit": "25", "callback": [0.911236465078822, 0.8949280514050095, 0.8277675963341671, 0.8200854071902295, 0.8128245918784521, 0.7991689870924481, 0.7769705865087224, 0.7585680130753347, 0.7515715273030816, 0.7047904907504021, 0.6339202685555233, 0.5874704482454498, 0.5243121828072049, 0.5114318009953983, 0.5017157302963452, 0.491673416073942, 0.4909461335390517, 0.49050404747527443, 0.4903492822513299, 0.4903106208596326, 0.49030587878830556, 0.4903036128922801, 0.49030221420309084, 0.4903019330137669, 0.49030191363629516]}, "9": {"maxiter": 500, "gtol": 1e-05, "xrtol": 1e-05, "eps": 1e-10, "duration": 0.06310701370239258, "fun": "0.4903019136234388", "jac": "[-6.66133760e-06 -5.55111466e-06  1.11022293e-06  5.55111466e-06\n  2.22044587e-06 -3.33066880e-06]", "hess_inv": "[[ 4.54518987  0.21826301 -0.51573715  0.65174637 -0.35828152 -1.91649957]\n [ 0.21826301  5.21143199 -2.48355825 -0.26257771  0.36781121 -1.20988944]\n [-0.51573715 -2.48355825  5.58100574  0.0311162   0.3177345   1.84702341]\n [ 0.65174637 -0.26257771  0.0311162   4.00706412 -0.07869996 -0.21462278]\n [-0.35828152  0.36781121  0.3177345  -0.07869996  4.00169108  0.46077582]\n [-1.91649957 -1.20988944  1.84702341 -0.21462278  0.46077582  5.03995779]]", "nfev": "217", "njev": "31", "status": "0", "success": "True", "message": "Optimization terminated successfully.", "x": "[5.19345997 3.27772275 1.37990344 1.64861384 2.78453894 5.39953087]", "nit": "25", "callback": [0.9112366734280555, 0.8949282432098992, 0.8277691197955399, 0.8200864620651724, 0.8128256771829013, 0.7991704965012838, 0.7769741342064984, 0.7585720689043929, 0.7515758599782008, 0.7048061665026266, 0.6339580326908579, 0.5874835156625413, 0.5242977906201309, 0.511432965416255, 0.5017136363349711, 0.4916706676520375, 0.4909448495146149, 0.4905032332882988, 0.49034921276425436, 0.49031058985568765, 0.4903058751813384, 0.49030360623554425, 0.4903022116212852, 0.49030193282235035, 0.4903019136234388]}, "10": {"maxiter": 500, "gtol": 1e-05, "xrtol": 1e-10, "eps": 1e-05, "duration": 0.06685900688171387, "fun": "0.49030191363629516", "jac": "[-5.13312726e-06 -5.86125593e-06  2.79836154e-06  6.09781114e-06\n  3.94161370e-06 -2.55515609e-06]", "hess_inv": "[[ 4.53794971  0.22884537 -0.51327899  0.6328441  -0.35885222 -1.92493212]\n [ 0.22884537  5.196779   -2.48443442 -0.23925873  0.37630212 -1.19239981]\n [-0.51327899 -2.48443442  5.58647558  0.01150323  0.30107731  1.83664435]\n [ 0.6328441  -0.23925873  0.01150323  3.99622458 -0.05851627 -0.21797185]\n [-0.35885222  0.37630212  0.30107731 -0.05851627  4.0262457   0.4774128 ]\n [-1.92493212 -1.19239981  1.83664435 -0.21797185  0.4774128   5.03969569]]", "nfev": "217", "njev": "31", "status": "0", "success": "True", "message": "Optimization terminated successfully.", "x": "[5.19346195 3.27771688 1.37990056 1.64861658 2.78453349 5.39953081]", "nit": "25", "callback": [0.911236465078822, 0.8949280514050095, 0.8277675963341671, 0.8200854071902295, 0.8128245918784521, 0.7991689870924481, 0.7769705865087224, 0.7585680130753347, 0.7515715273030816, 0.7047904907504021, 0.6339202685555233, 0.5874704482454498, 0.5243121828072049, 0.5114318009953983, 0.5017157302963452, 0.491673416073942, 0.4909461335390517, 0.49050404747527443, 0.4903492822513299, 0.4903106208596326, 0.49030587878830556, 0.4903036128922801, 0.49030221420309084, 0.4903019330137669, 0.49030191363629516]}, "11": {"maxiter": 500, "gtol": 1e-05, "xrtol": 1e-10, "eps": 1e-10, "duration": 0.05882692337036133, "fun": "0.4903019136234388", "jac": "[-6.66133760e-06 -5.55111466e-06  1.11022293e-06  5.55111466e-06\n  2.22044587e-06 -3.33066880e-06]", "hess_inv": "[[ 4.54518987  0.21826301 -0.51573715  0.65174637 -0.35828152 -1.91649957]\n [ 0.21826301  5.21143199 -2.48355825 -0.26257771  0.36781121 -1.20988944]\n [-0.51573715 -2.48355825  5.58100574  0.0311162   0.3177345   1.84702341]\n [ 0.65174637 -0.26257771  0.0311162   4.00706412 -0.07869996 -0.21462278]\n [-0.35828152  0.36781121  0.3177345  -0.07869996  4.00169108  0.46077582]\n [-1.91649957 -1.20988944  1.84702341 -0.21462278  0.46077582  5.03995779]]", "nfev": "217", "njev": "31", "status": "0", "success": "True", "message": "Optimization terminated successfully.", "x": "[5.19345997 3.27772275 1.37990344 1.64861384 2.78453894 5.39953087]", "nit": "25", "callback": [0.9112366734280555, 0.8949282432098992, 0.8277691197955399, 0.8200864620651724, 0.8128256771829013, 0.7991704965012838, 0.7769741342064984, 0.7585720689043929, 0.7515758599782008, 0.7048061665026266, 0.6339580326908579, 0.5874835156625413, 0.5242977906201309, 0.511432965416255, 0.5017136363349711, 0.4916706676520375, 0.4909448495146149, 0.4905032332882988, 0.49034921276425436, 0.49031058985568765, 0.4903058751813384, 0.49030360623554425, 0.4903022116212852, 0.49030193282235035, 0.4903019136234388]}, "12": {"maxiter": 500, "gtol": 1e-10, "xrtol": 1e-05, "eps": 1e-05, "duration": 0.06482219696044922, "fun": "0.49030191332946615", "jac": "[-5.49149615e-07 -7.43738404e-08  6.47593090e-08  3.19788640e-07\n  6.32172092e-07 -2.01838546e-07]", "hess_inv": "[[ 4.51328293  0.43666013 -0.65660867  0.54638542 -0.27634655 -1.95084252]\n [ 0.43666013  5.66739297 -2.86535904 -0.52827346  0.23105007 -1.31154015]\n [-0.65660867 -2.86535904  5.88948742  0.23664146  0.38731162  1.92737372]\n [ 0.54638542 -0.52827346  0.23664146  4.15916124 -0.02116028 -0.15424475]\n [-0.27634655  0.23105007  0.38731162 -0.02116028  3.88637865  0.48055678]\n [-1.95084252 -1.31154015  1.92737372 -0.15424475  0.48055678  5.06373456]]", "nfev": "224", "njev": "32", "status": "0", "success": "True", "message": "Optimization terminated successfully.", "x": "[5.19348228 3.27775931 1.37986587 1.64858995 2.78451838 5.3995197 ]", "nit": "26", "callback": [0.911236465078822, 0.8949280514050095, 0.8277675963341671, 0.8200854071902295, 0.8128245918784521, 0.7991689870924481, 0.7769705865087224, 0.7585680130753347, 0.7515715273030816, 0.7047904907504021, 0.6339202685555233, 0.5874704482454498, 0.5243121828072049, 0.5114318009953983, 0.5017157302963452, 0.491673416073942, 0.4909461335390517, 0.49050404747527443, 0.4903492822513299, 0.4903106208596326, 0.49030587878830556, 0.4903036128922801, 0.49030221420309084, 0.4903019330137669, 0.49030191363629516, 0.49030191332946615]}, "13": {"maxiter": 500, "gtol": 1e-10, "xrtol": 1e-05, "eps": 1e-10, "duration": 0.06629705429077148, "fun": "0.4903019133358121", "jac": "[0.00000000e+00 1.11022293e-06 3.33066880e-06 2.22044587e-0