{"date": "2024/10/08/, 16:29:24", "conf_id": 12, "data_type": "random\n", "num_data_points": 1, "s_rank": 0, "unitary": "[[0.18663085-0.53122324j,-0.11886349-0.70040876j,0.28555095-0.02789305j,-0.12262021-0.2844587j],[-0.16702216+0.27758472j,0.27526351-0.29738586j,-0.01109314+0.22495461j,-0.77239203+0.28900673j],[0.61935415+0.12301792j,-0.31269928-0.03315917j,-0.61902762-0.19039079j,-0.27120731-0.0968989j],[0.42341754+0.0023929j,-0.05847358+0.47832119j,0.64900495-0.16218422j,-0.37182676-0.05229966j]]", "databatch_0": {"databatch": "[[[0.37499282-0.1988711j,-0.09805211+0.51312565j,-0.06018494-0.1195844j,0.01312463+0.17626814j],[-0.18377631-0.13956889j,-0.13231969+0.24612149j,-0.22095146+0.05001798j,-0.16555035+0.06802536j],[0.10817082+0.07249202j,-0.16364044-0.05995084j,0.09724384-0.07431174j,0.13547491+0.13020586j],[0.18773009-0.00895319j,0.26216462-0.05488097j,0.17452986+0.02131652j,0.05918097+0.20967497j]]]", "initial param values": "[3.89431247,4.07348697,1.80950971,1.06467513,1.12275701,0.7681401]", "nelder_mead": {"type": "gradient-free", "0": {"maxiter": 100, "fatol": 1e-05, "xatol": 1e-05, "duration": 0.0580449104309082, "fun": "0.5155120020975497", "nit": "100", "nfev": "160", "status": "2", "success": "False", "message": "Maximum number of iterations has been exceeded.", "x": "[7.56585423 4.3887195  0.78444806 0.97678367 2.53038473 0.71603491]", "final_simplex": "(array([[7.56585423, 4.3887195 , 0.78444806, 0.97678367, 2.53038473,\n        0.71603491],\n       [7.38049712, 4.32142394, 0.81014244, 0.95732232, 2.47398703,\n        0.73267615],\n       [7.62097837, 4.33910246, 0.822726  , 0.95835487, 2.51304065,\n        0.69262099],\n       [7.45803664, 4.35703873, 0.90375821, 0.93939722, 2.41732235,\n        0.67198596],\n       [7.4017252 , 4.50201671, 0.82589808, 0.92697024, 2.44402555,\n        0.66638796],\n       [7.41461462, 4.34403738, 0.84435404, 0.94683761, 2.44348232,\n        0.68838859],\n       [7.5353028 , 4.49866431, 0.78280336, 0.92411105, 2.52202274,\n        0.66614258]]), array([0.515512  , 0.52102184, 0.52132026, 0.52158379, 0.52184741,\n       0.52249499, 0.52291465]))", "callback": [0.9466477474267376, 0.8433547203604098, 0.7673615569567439, 0.7131459142712752, 0.6716586545279053, 0.6076571860729962, 0.5445271837379957, 0.5362019673048856, 0.5337948115615574, 0.5258883979594666]}, "1": {"maxiter": 100, "fatol": 1e-05, "xatol": 1e-10, "duration": 0.05700421333312988, "fun": "0.5155120020975497", "nit": "100", "nfev": "160", "status": "2", "success": "False", "message": "Maximum number of iterations has been exceeded.", "x": "[7.56585423 4.3887195  0.78444806 0.97678367 2.53038473 0.71603491]", "final_simplex": "(array([[7.56585423, 4.3887195 , 0.78444806, 0.97678367, 2.53038473,\n        0.71603491],\n       [7.38049712, 4.32142394, 0.81014244, 0.95732232, 2.47398703,\n        0.73267615],\n       [7.62097837, 4.33910246, 0.822726  , 0.95835487, 2.51304065,\n        0.69262099],\n       [7.45803664, 4.35703873, 0.90375821, 0.93939722, 2.41732235,\n        0.67198596],\n       [7.4017252 , 4.50201671, 0.82589808, 0.92697024, 2.44402555,\n        0.66638796],\n       [7.41461462, 4.34403738, 0.84435404, 0.94683761, 2.44348232,\n        0.68838859],\n       [7.5353028 , 4.49866431, 0.78280336, 0.92411105, 2.52202274,\n        0.66614258]]), array([0.515512  , 0.52102184, 0.52132026, 0.52158379, 0.52184741,\n       0.52249499, 0.52291465]))", "callback": [0.9466477474267376, 0.8433547203604098, 0.7673615569567439, 0.7131459142712752, 0.6716586545279053, 0.6076571860729962, 0.5445271837379957, 0.5362019673048856, 0.5337948115615574, 0.5258883979594666]}, "2": {"maxiter": 100, "fatol": 1e-10, "xatol": 1e-05, "duration": 0.043685197830200195, "fun": "0.5155120020975497", "nit": "100", "nfev": "160", "status": "2", "success": "False", "message": "Maximum number of iterations has been exceeded.", "x": "[7.56585423 4.3887195  0.78444806 0.97678367 2.53038473 0.71603491]", "final_simplex": "(array([[7.56585423, 4.3887195 , 0.78444806, 0.97678367, 2.53038473,\n        0.71603491],\n       [7.38049712, 4.32142394, 0.81014244, 0.95732232, 2.47398703,\n        0.73267615],\n       [7.62097837, 4.33910246, 0.822726  , 0.95835487, 2.51304065,\n        0.69262099],\n       [7.45803664, 4.35703873, 0.90375821, 0.93939722, 2.41732235,\n        0.67198596],\n       [7.4017252 , 4.50201671, 0.82589808, 0.92697024, 2.44402555,\n        0.66638796],\n       [7.41461462, 4.34403738, 0.84435404, 0.94683761, 2.44348232,\n        0.68838859],\n       [7.5353028 , 4.49866431, 0.78280336, 0.92411105, 2.52202274,\n        0.66614258]]), array([0.515512  , 0.52102184, 0.52132026, 0.52158379, 0.52184741,\n       0.52249499, 0.52291465]))", "callback": [0.9466477474267376, 0.8433547203604098, 0.7673615569567439, 0.7131459142712752, 0.6716586545279053, 0.6076571860729962, 0.5445271837379957, 0.5362019673048856, 0.5337948115615574, 0.5258883979594666]}, "3": {"maxiter": 100, "fatol": 1e-10, "xatol": 1e-10, "duration": 0.04387998580932617, "fun": "0.5155120020975497", "nit": "100", "nfev": "160", "status": "2", "success": "False", "message": "Maximum number of iterations has been exceeded.", "x": "[7.56585423 4.3887195  0.78444806 0.97678367 2.53038473 0.71603491]", "final_simplex": "(array([[7.56585423, 4.3887195 , 0.78444806, 0.97678367, 2.53038473,\n        0.71603491],\n       [7.38049712, 4.32142394, 0.81014244, 0.95732232, 2.47398703,\n        0.73267615],\n       [7.62097837, 4.33910246, 0.822726  , 0.95835487, 2.51304065,\n        0.69262099],\n       [7.45803664, 4.35703873, 0.90375821, 0.93939722, 2.41732235,\n        0.67198596],\n       [7.4017252 , 4.50201671, 0.82589808, 0.92697024, 2.44402555,\n        0.66638796],\n       [7.41461462, 4.34403738, 0.84435404, 0.94683761, 2.44348232,\n        0.68838859],\n       [7.5353028 , 4.49866431, 0.78280336, 0.92411105, 2.52202274,\n        0.66614258]]), array([0.515512  , 0.52102184, 0.52132026, 0.52158379, 0.52184741,\n       0.52249499, 0.52291465]))", "callback": [0.9466477474267376, 0.8433547203604098, 0.7673615569567439, 0.7131459142712752, 0.6716586545279053, 0.6076571860729962, 0.5445271837379957, 0.5362019673048856, 0.5337948115615574, 0.5258883979594666]}, "4": {"maxiter": 500, "fatol": 1e-05, "xatol": 1e-05, "duration": 0.22574901580810547, "fun": "0.2878962926766401", "nit": "500", "nfev": "774", "status": "2", "success": "False", "message": "Maximum number of iterations has been exceeded.", "x": "[5.79495907 3.69699546 0.59342871 2.39501779 1.23331731 2.48810715]", "final_simplex": "(array([[5.79495907, 3.69699546, 0.59342871, 2.39501779, 1.23331731,\n        2.48810715],\n       [5.79642126, 3.70748188, 0.58993573, 2.39210851, 1.23155449,\n        2.48298912],\n       [5.7901546 , 3.70182631, 0.5925008 , 2.39101533, 1.23029348,\n        2.48466312],\n       [5.78961488, 3.70253691, 0.586034  , 2.3931681 , 1.2284092 ,\n        2.48884869],\n       [5.7914662 , 3.69925385, 0.58857092, 2.38824523, 1.22808204,\n        2.48594885],\n       [5.79185155, 3.70745337, 0.58084233, 2.39234608, 1.22867443,\n        2.48504874],\n       [5.79868261, 3.69861792, 0.59697893, 2.38819254, 1.22737265,\n        2.47965793]]), array([0.28789629, 0.28789708, 0.2878984 , 0.28790038, 0.28790127,\n       0.28790541, 0.28790846]))", "callback": [0.9466477474267376, 0.8433547203604098, 0.7673615569567439, 0.7131459142712752, 0.6716586545279053, 0.6076571860729962, 0.5445271837379957, 0.5362019673048856, 0.5337948115615574, 0.5258883979594666, 0.5127987264386368, 0.4998369099645612, 0.43837862849416465, 0.40501727846128566, 0.40085869601797497, 0.3148398691301141, 0.31312379638193133, 0.30917323895389615, 0.30537735205582106, 0.30235666978078535, 0.30132342011736, 0.30066412654546104, 0.2991032433552496, 0.2986689339744686, 0.29858993388683175, 0.29858221082218417, 0.2985797282119502, 0.2985783613078212, 0.2985770855850559, 0.29857486572482617, 0.29856762016685323, 0.2985586902596645, 0.2985419888616633, 0.2984999703942294, 0.29841675775038057, 0.2980277330219323, 0.2962007864495346, 0.294823109090244, 0.29355457621349434, 0.29263569930923317, 0.2915891779096337, 0.29117862465342803, 0.29088230618350497, 0.290215758155806, 0.28927963280021585, 0.2887369755012611, 0.28802482648655225, 0.28796258681643483, 0.287913309661616, 0.287897079092863]}, "5": {"maxiter": 500, "fatol": 1e-05, "xatol": 1e-10, "duration": 0.2867128849029541, "fun": "0.2878962926766401", "nit": "500", "nfev": "774", "status": "2", "success": "False", "message": "Maximum number of iterations has been exceeded.", "x": "[5.79495907 3.69699546 0.59342871 2.39501779 1.23331731 2.48810715]", "final_simplex": "(array([[5.79495907, 3.69699546, 0.59342871, 2.39501779, 1.23331731,\n        2.48810715],\n       [5.79642126, 3.70748188, 0.58993573, 2.39210851, 1.23155449,\n        2.48298912],\n       [5.7901546 , 3.70182631, 0.5925008 , 2.39101533, 1.23029348,\n        2.48466312],\n       [5.78961488, 3.70253691, 0.586034  , 2.3931681 , 1.2284092 ,\n        2.48884869],\n       [5.7914662 , 3.69925385, 0.58857092, 2.38824523, 1.22808204,\n        2.48594885],\n       [5.79185155, 3.70745337, 0.58084233, 2.39234608, 1.22867443,\n        2.48504874],\n       [5.79868261, 3.69861792, 0.59697893, 2.38819254, 1.22737265,\n        2.47965793]]), array([0.28789629, 0.28789708, 0.2878984 , 0.28790038, 0.28790127,\n       0.28790541, 0.28790846]))", "callback": [0.9466477474267376, 0.8433547203604098, 0.7673615569567439, 0.7131459142712752, 0.6716586545279053, 0.6076571860729962, 0.5445271837379957, 0.5362019673048856, 0.5337948115615574, 0.5258883979594666, 0.5127987264386368, 0.4998369099645612, 0.43837862849416465, 0.40501727846128566, 0.40085869601797497, 0.3148398691301141, 0.31312379638193133, 0.30917323895389615, 0.30537735205582106, 0.30235666978078535, 0.30132342011736, 0.30066412654546104, 0.2991032433552496, 0.2986689339744686, 0.29858993388683175, 0.29858221082218417, 0.2985797282119502, 0.2985783613078212, 0.2985770855850559, 0.29857486572482617, 0.29856762016685323, 0.2985586902596645, 0.2985419888616633, 0.2984999703942294, 0.29841675775038057, 0.2980277330219323, 0.2962007864495346, 0.294823109090244, 0.29355457621349434, 0.29263569930923317, 0.2915891779096337, 0.29117862465342803, 0.29088230618350497, 0.290215758155806, 0.28927963280021585, 0.2887369755012611, 0.28802482648655225, 0.28796258681643483, 0.287913309661616, 0.287897079092863]}, "6": {"maxiter": 500, "fatol": 1e-10, "xatol": 1e-05, "duration": 0.2345590591430664, "fun": "0.2878962926766401", "nit": "500", "nfev": "774", "status": "2", "success": "False", "message": "Maximum number of iterations has been exceeded.", "x": "[5.79495907 3.69699546 0.59342871 2.39501779 1.23331731 2.48810715]", "final_simplex": "(array([[5.79495907, 3.69699546, 0.59342871, 2.39501779, 1.23331731,\n        2.48810715],\n       [5.79642126, 3.70748188, 0.58993573, 2.39210851, 1.23155449,\n        2.48298912],\n       [5.7901546 , 3.70182631, 0.5925008 , 2.39101533, 1.23029348,\n        2.48466312],\n       [5.78961488, 3.70253691, 0.586034  , 2.3931681 , 1.2284092 ,\n        2.48884869],\n       [5.7914662 , 3.69925385, 0.58857092, 2.38824523, 1.22808204,\n        2.48594885],\n       [5.79185155, 3.70745337, 0.58084233, 2.39234608, 1.22867443,\n        2.48504874],\n       [5.79868261, 3.69861792, 0.59697893, 2.38819254, 1.22737265,\n        2.47965793]]), array([0.28789629, 0.28789708, 0.2878984 , 0.28790038, 0.28790127,\n       0.28790541, 0.28790846]))", "callback": [0.9466477474267376, 0.8433547203604098, 0.7673615569567439, 0.7131459142712752, 0.6716586545279053, 0.6076571860729962, 0.5445271837379957, 0.5362019673048856, 0.5337948115615574, 0.5258883979594666, 0.5127987264386368, 0.4998369099645612, 0.43837862849416465, 0.40501727846128566, 0.40085869601797497, 0.3148398691301141, 0.31312379638193133, 0.30917323895389615, 0.30537735205582106, 0.30235666978078535, 0.30132342011736, 0.30066412654546104, 0.2991032433552496, 0.2986689339744686, 0.29858993388683175, 0.29858221082218417, 0.2985797282119502, 0.2985783613078212, 0.2985770855850559, 0.29857486572482617, 0.29856762016685323, 0.2985586902596645, 0.2985419888616633, 0.2984999703942294, 0.29841675775038057, 0.2980277330219323, 0.2962007864495346, 0.294823109090244, 0.29355457621349434, 0.29263569930923317, 0.2915891779096337, 0.29117862465342803, 0.29088230618350497, 0.290215758155806, 0.28927963280021585, 0.2887369755012611, 0.28802482648655225, 0.28796258681643483, 0.287913309661616, 0.287897079092863]}, "7": {"maxiter": 500, "fatol": 1e-10, "xatol": 1e-10, "duration": 0.23522520065307617, "fun": "0.2878962926766401", "nit": "500", "nfev": "774", "status": "2", "success": "False", "message": "Maximum number of iterations has been exceeded.", "x": "[5.79495907 3.69699546 0.59342871 2.39501779 1.23331731 2.48810715]", "final_simplex": "(array([[5.79495907, 3.69699546, 0.59342871, 2.39501779, 1.23331731,\n        2.48810715],\n       [5.79642126, 3.70748188, 0.58993573, 2.39210851, 1.23155449,\n        2.48298912],\n       [5.7901546 , 3.70182631, 0.5925008 , 2.39101533, 1.23029348,\n        2.48466312],\n       [5.78961488, 3.70253691, 0.586034  , 2.3931681 , 1.2284092 ,\n        2.48884869],\n       [5.7914662 , 3.69925385, 0.58857092, 2.38824523, 1.22808204,\n        2.48594885],\n       [5.79185155, 3.70745337, 0.58084233, 2.39234608, 1.22867443,\n        2.48504874],\n       [5.79868261, 3.69861792, 0.59697893, 2.38819254, 1.22737265,\n        2.47965793]]), array([0.28789629, 0.28789708, 0.2878984 , 0.28790038, 0.28790127,\n       0.28790541, 0.28790846]))", "callback": [0.9466477474267376, 0.8433547203604098, 0.7673615569567439, 0.7131459142712752, 0.6716586545279053, 0.6076571860729962, 0.5445271837379957, 0.5362019673048856, 0.5337948115615574, 0.5258883979594666, 0.5127987264386368, 0.4998369099645612, 0.43837862849416465, 0.40501727846128566, 0.40085869601797497, 0.3148398691301141, 0.31312379638193133, 0.30917323895389615, 0.30537735205582106, 0.30235666978078535, 0.30132342011736, 0.30066412654546104, 0.2991032433552496, 0.2986689339744686, 0.29858993388683175, 0.29858221082218417, 0.2985797282119502, 0.2985783613078212, 0.2985770855850559, 0.29857486572482617, 0.29856762016685323, 0.2985586902596645, 0.2985419888616633, 0.2984999703942294, 0.29841675775038057, 0.2980277330219323, 0.2962007864495346, 0.294823109090244, 0.29355457621349434, 0.29263569930923317, 0.2915891779096337, 0.29117862465342803, 0.29088230618350497, 0.290215758155806, 0.28927963280021585, 0.2887369755012611, 0.28802482648655225, 0.28796258681643483, 0.287913309661616, 0.287897079092863]}, "8": {"maxiter": 1000, "fatol": 1e-05, "xatol": 1e-05, "duration": 0.33680295944213867, "fun": "0.2878047473307608", "nit": "648", "nfev": "1014", "status": "0", "success": "True", "message": "Optimization terminated successfully.", "x": "[5.81145861 3.70695106 0.59441802 2.37452355 1.26229848 2.50210933]", "final_simplex": "(array([[5.81145861, 3.70695106, 0.59441802, 2.37452355, 1.26229848,\n        2.50210933],\n       [5.81145915, 3.70694481, 0.59442249, 2.37452715, 1.26230297,\n        2.50211372],\n       [5.81145374, 3.70695141, 0.59441205, 2.37453007, 1.26229242,\n        2.50210822],\n       [5.81145062, 3.706952  , 0.59441834, 2.37453187, 1.26230255,\n        2.50211478],\n       [5.81146564, 3.70695875, 0.59441758, 2.37452068, 1.26230011,\n        2.50210756],\n       [5.81145329, 3.70694861, 0.59441394, 2.37453199, 1.26230492,\n        2.50211493],\n       [5.81146   , 3.7069479 , 0.5944253 , 2.37452492, 1.26229746,\n        2.50210171]]), array([0.28780475, 0.28780475, 0.28780475, 0.28780475, 0.28780475,\n       0.28780475, 0.28780475]))", "callback": [0.9466477474267376, 0.8433547203604098, 0.7673615569567439, 0.7131459142712752, 0.6716586545279053, 0.6076571860729962, 0.5445271837379957, 0.5362019673048856, 0.5337948115615574, 0.5258883979594666, 0.5127987264386368, 0.4998369099645612, 0.43837862849416465, 0.40501727846128566, 0.40085869601797497, 0.3148398691301141, 0.31312379638193133, 0.30917323895389615, 0.30537735205582106, 0.30235666978078535, 0.30132342011736, 0.30066412654546104, 0.2991032433552496, 0.2986689339744686, 0.29858993388683175, 0.29858221082218417, 0.2985797282119502, 0.2985783613078212, 0.2985770855850559, 0.29857486572482617, 0.29856762016685323, 0.2985586902596645, 0.2985419888616633, 0.2984999703942294, 0.29841675775038057, 0.2980277330219323, 0.2962007864495346, 0.294823109090244, 0.29355457621349434, 0.29263569930923317, 0.2915891779096337, 0.29117862465342803, 0.29088230618350497, 0.290215758155806, 0.28927963280021585, 0.2887369755012611, 0.28802482648655225, 0.28796258681643483, 0.287913309661616, 0.287897079092863, 0.28788881501101016, 0.2878770456144746, 0.28786229396566165, 0.28783606476582213, 0.2878170133342166, 0.287809617022178, 0.2878058484106122, 0.28780509638375307, 0.2878048596351941, 0.28780476578238956, 0.2878047519305661, 0.28780474820552426, 0.2878047475094081, 0.2878047473699741, 0.287804747335459]}, "9": {"maxiter": 1000, "fatol": 1e-05, "xatol": 1e-10, "duration": 0.39828991889953613, "fun": "0.28780474732484673", "nit": "743", "nfev": "1234", "status": "0", "success": "True", "message": "Optimization terminated successfully.", "x": "[5.81145506 3.70695832 0.59440869 2.37452958 1.26229965 2.50211435]", "final_simplex": "(array([[5.81145506, 3.70695832, 0.59440869, 2.37452958, 1.26229965,\n        2.50211435],\n       [5.81145506, 3.70695832, 0.59440869, 2.37452958, 1.26229965,\n        2.50211435],\n       [5.81145506, 3.70695832, 0.59440869, 2.37452958, 1.26229965,\n        2.50211435],\n       [5.81145506, 3.70695832, 0.59440869, 2.37452958, 1.26229965,\n        2.50211435],\n       [5.81145506, 3.70695832, 0.59440869, 2.37452958, 1.26229965,\n        2.50211435],\n       [5.81145506, 3.70695832, 0.59440869, 2.37452958, 1.26229965,\n        2.50211435],\n       [5.81145506, 3.70695832, 0.59440869, 2.37452958, 1.26229965,\n        2.50211435]]), array([0.28780475, 0.28780475, 0.28780475, 0.28780475, 0.28780475,\n       0.28780475, 0.28780475]))", "callback": [0.9466477474267376, 0.8433547203604098, 0.7673615569567439, 0.7131459142712752, 0.6716586545279053, 0.6076571860729962, 0.5445271837379957, 0.5362019673048856, 0.5337948115615574, 0.5258883979594666, 0.5127987264386368, 0.4998369099645612, 0.43837862849416465, 0.40501727846128566, 0.40085869601797497, 0.3148398691301141, 0.31312379638193133, 0.30917323895389615, 0.30537735205582106, 0.30235666978078535, 0.30132342011736, 0.30066412654546104, 0.2991032433552496, 0.2986689339744686, 0.29858993388683175, 0.29858221082218417, 0.2985797282119502, 0.2985783613078212, 0.2985770855850559, 0.29857486572482617, 0.29856762016685323, 0.2985586902596645, 0.2985419888616633, 0.2984999703942294, 0.29841675775038057, 0.2980277330219323, 0.2962007864495346, 0.294823109090244, 0.29355457621349434, 0.29263569930923317, 0.2915891779096337, 0.29117862465342803, 0.29088230618350497, 0.290215758155806, 0.28927963280021585, 0.2887369755012611, 0.28802482648655225, 0.28796258681643483, 0.287913309661616, 0.287897079092863, 0.28788881501101016, 0.2878770456144746, 0.28786229396566165, 0.28783606476582213, 0.2878170133342166, 0.287809617022178, 0.2878058484106122, 0.28780509638375307, 0.2878048596351941, 0.28780476578238956, 0.2878047519305661, 0.28780474820552426, 0.2878047475094081, 0.2878047473699741, 0.287804747335459, 0.28780474732797234, 0.2878047473252503, 0.28780474732496475, 0.2878047473248808, 0.28780474732485684, 0.28780474732484795, 0.28780474732484707, 0.28780474732484673, 0.28780474732484673, 0.28780474732484673]}, "10": {"maxiter": 1000, "fatol": 1e-10, "xatol": 1e-05, "duration": 0.30332112312316895, "fun": "0.2878047473307608", "nit": "648", "nfev": "1014", "status": "0", "success": "True", "message": "Optimization terminated successfully.", "x": "[5.81145861 3.70695106 0.59441802 2.37452355 1.26229848 2.50210933]", "final_simplex": "(array([[5.81145861, 3.70695106, 0.59441802, 2.37452355, 1.26229848,\n        2.50210933],\n       [5.81145915, 3.70694481, 0.59442249, 2.37452715, 1.26230297,\n        2.50211372],\n       [5.81145374, 3.70695141, 0.59441205, 2.37453007, 1.26229242,\n        2.50210822],\n       [5.81145062, 3.706952  , 0.59441834, 2.37453187, 1.26230255,\n        2.50211478],\n       [5.81146564, 3.70695875, 0.59441758, 2.37452068, 1.26230011,\n        2.50210756],\n       [5.81145329, 3.70694861, 0.59441394, 2.37453199, 1.26230492,\n        2.50211493],\n       [5.81146   , 3.7069479 , 0.5944253 , 2.37452492, 1.26229746,\n        2.50210171]]), array([0.28780475, 0.28780475, 0.28780475, 0.28780475, 0.28780475,\n       0.28780475, 0.28780475]))", "callback": [0.9466477474267376, 0.8433547203604098, 0.7673615569567439, 0.7131459142712752, 0.6716586545279053, 0.6076571860729962, 0.5445271837379957, 0.5362019673048856, 0.5337948115615574, 0.5258883979594666, 0.5127987264386368, 0.4998369099645612, 0.43837862849416465, 0.40501727846128566, 0.40085869601797497, 0.3148398691301141, 0.31312379638193133, 0.30917323895389615, 0.30537735205582106, 0.30235666978078535, 0.30132342011736, 0.30066412654546104, 0.2991032433552496, 0.2986689339744686, 0.29858993388683175, 0.29858221082218417, 0.2985797282119502, 0.2985783613078212, 0.2985770855850559, 0.29857486572482617, 0.29856762016685323, 0.2985586902596645, 0.2985419888616633, 0.2984999703942294, 0.29841675775038057, 0.2980277330219323, 0.2962007864495346, 0.294823109090244, 0.29355457621349434, 0.29263569930923317, 0.2915891779096337, 0.29117862465342803, 0.29088230618350497, 0.290215758155806, 0.28927963280021585, 0.2887369755012611, 0.28802482648655225, 0.28796258681643483, 0.287913309661616, 0.287897079092863, 0.28788881501101016, 0.2878770456144746, 0.28786229396566165, 0.28783606476582213, 0.2878170133342166, 0.287809617022178, 0.2878058484106122, 0.28780509638375307, 0.2878048596351941, 0.28780476578238956, 0.2878047519305661, 0.28780474820552426, 0.2878047475094081, 0.2878047473699741, 0.287804747335459]}, "11": {"maxiter": 1000, "fatol": 1e-10, "xatol": 1e-10, "duration": 0.3672666549682617, "fun": "0.28780474732484673", "nit": "743", "nfev": "1234", "status": "0", "success": "True", "message": "Optimization terminated successfully.", "x": "[5.81145506 3.70695832 0.59440869 2.37452958 1.26229965 2.50211435]", "final_simplex": "(array([[5.81145506, 3.70695832, 0.59440869, 2.37452958, 1.26229965,\n        2.50211435],\n       [5.81145506, 3.70695832, 0.59440869, 2.37452958, 1.26229965,\n        2.50211435],\n       [5.81145506, 3.70695832, 0.59440869, 2.37452958, 1.26229965,\n        2.50211435],\n       [5.81145506, 3.70695832, 0.59440869, 2.37452958, 1.26229965,\n        2.50211435],\n       [5.81145506, 3.70695832, 0.59440869, 2.37452958, 1.26229965,\n        2.50211435],\n       [5.81145506, 3.70695832, 0.59440869, 2.37452958, 1.26229965,\n        2.50211435],\n       [5.81145506, 3.70695832, 0.59440869, 2.37452958, 1.26229965,\n        2.50211435]]), array([0.28780475, 0.28780475, 0.28780475, 0.28780475, 0.28780475,\n       0.28780475, 0.28780475]))", "callback": [0.9466477474267376, 0.8433547203604098, 0.7673615569567439, 0.7131459142712752, 0.6716586545279053, 0.6076571860729962, 0.5445271837379957, 0.5362019673048856, 0.5337948115615574, 0.5258883979594666, 0.5127987264386368, 0.4998369099645612, 0.43837862849416465, 0.40501727846128566, 0.40085869601797497, 0.3148398691301141, 0.31312379638193133, 0.30917323895389615, 0.30537735205582106, 0.30235666978078535, 0.30132342011736, 0.30066412654546104, 0.2991032433552496, 0.2986689339744686, 0.29858993388683175, 0.29858221082218417, 0.2985797282119502, 0.2985783613078212, 0.2985770855850559, 0.29857486572482617, 0.29856762016685323, 0.2985586902596645, 0.2985419888616633, 0.2984999703942294, 0.29841675775038057, 0.2980277330219323, 0.2962007864495346, 0.294823109090244, 0.29355457621349434, 0.29263569930923317, 0.2915891779096337, 0.29117862465342803, 0.29088230618350497, 0.290215758155806, 0.28927963280021585, 0.2887369755012611, 0.28802482648655225, 0.28796258681643483, 0.287913309661616, 0.287897079092863, 0.28788881501101016, 0.2878770456144746, 0.28786229396566165, 0.28783606476582213, 0.2878170133342166, 0.287809617022178, 0.2878058484106122, 0.28780509638375307, 0.2878048596351941, 0.28780476578238956, 0.2878047519305661, 0.28780474820552426, 0.2878047475094081, 0.2878047473699741, 0.287804747335459, 0.28780474732797234, 0.2878047473252503, 0.28780474732496475, 0.2878047473248808, 0.28780474732485684, 0.28780474732484795, 0.28780474732484707, 0.28780474732484673, 0.28780474732484673, 0.28780474732484673]}}, "bfgs": {"type": "gradient", "0": {"maxiter": 100, "gtol": 1e-05, "xrtol": 1e-05, "eps": 1e-05, "duration": 0.07335019111633301, "fun": "0.28780474734686945", "jac": "[ 6.65645317e-07  1.30205846e-06  1.14280807e-06 -9.10682640e-07\n  2.93209901e-07  1.65023550e-06]", "hess_inv": "[[  8.59578567  -0.90377021   4.4962631   -4.32267014   3.00701294\n   -4.1621447 ]\n [ -0.90377021  13.70469755 -12.76699701  -0.29073769  -1.37680606\n    0.46067141]\n [  4.4962631  -12.76699701  17.6264834   -2.95803809   2.06935814\n   -4.20199588]\n [ -4.32267014  -0.29073769  -2.95803809   5.77651506  -0.91185925\n    3.11521082]\n [  3.00701294  -1.37680606   2.06935814  -0.91185925   6.9059995\n    2.79120591]\n [ -4.1621447    0.46067141  -4.20199588   3.11521082   2.79120591\n    8.44370673]]", "nfev": "245", "njev": "35", "status": "0", "success": "True", "message": "Optimization terminated successfully.", "x": "[5.81144971 3.70696427 0.59440332 2.37452259 1.2622863  2.50210722]", "nit": "29", "callback": [0.8170918993215058, 0.8122574144638959, 0.7714098758713015, 0.7004268543390528, 0.5925547507327263, 0.5187428929285223, 0.4813500526344816, 0.41694560439005457, 0.36752790277055203, 0.3573745419202087, 0.34785821918841964, 0.331037275279466, 0.30919606209452777, 0.2947619167273451, 0.29031420230255844, 0.2895757866372999, 0.28923833132597965, 0.2887634196472211, 0.28825835473002204, 0.28799335103563384, 0.28792220131711843, 0.2879040927986469, 0.287886529801046, 0.28785865036257097, 0.2878231775595318, 0.2878085937630289, 0.2878048736741873, 0.2878047492425727, 0.28780474734686945]}, "1": {"maxiter": 100, "gtol": 1e-05, "xrtol": 1e-05, "eps": 1e-10, "duration": 0.07741522789001465, "fun": "0.287804747368695", "jac": "[ 0.00000000e+00  2.22044587e-06  1.11022293e-06 -1.11022293e-06\n  1.11022293e-06  1.11022293e-06]", "hess_inv": "[[  8.59787585  -0.88705643   4.48816963  -4.30491721   3.00221182\n   -4.16707114]\n [ -0.88705643  13.40369099 -12.46432448  -0.34211591  -1.31251012\n    0.5220873 ]\n [  4.48816963 -12.46432448  17.32716676  -2.91687592   1.98700852\n   -4.28108943]\n [ -4.30491721  -0.34211591  -2.91687592   5.81773994  -0.82166477\n    3.17458524]\n [  3.00221182  -1.31251012   1.98700852  -0.82166477   6.9648559\n    2.82531001]\n [ -4.16707114   0.5220873   -4.28108943   3.17458524   2.82531001\n    8.4618247 ]]", "nfev": "245", "njev": "35", "status": "0", "success": "True", "message": "Optimization terminated successfully.", "x": "[5.81145519 3.70699086 0.59437987 2.37452187 1.26229659 2.50211719]", "nit": "29", "callback": [0.8170929014927887, 0.8122582449778979, 0.7714098645382144, 0.7004257269383265, 0.5925584392333023, 0.5187530698594964, 0.48136031727429873, 0.41695476471808635, 0.36752520618277196, 0.35737585715265097, 0.34785799132114004, 0.33103496180947145, 0.30919842896101546, 0.2947604591780839, 0.29030817893713456, 0.2895725913451275, 0.2892363613689932, 0.28876121492696827, 0.28825556319425516, 0.2879935909203617, 0.28792161182207, 0.2879038303493673, 0.28788606335627254, 0.28785801906534814, 0.2878230972006577, 0.2878084592239569, 0.28780486864486454, 0.2878047497510058, 0.287804747368695]}, "2": {"maxiter": 100, "gtol": 1e-05, "xrtol": 1e-10, "eps": 1e-05, "duration": 0.0836789608001709, "fun": "0.28780474734686945", "jac": "[ 6.65645317e-07  1.30205846e-06  1.14280807e-06 -9.10682640e-07\n  2.93209901e-07  1.65023550e-06]", "hess_inv": "[[  8.59578567  -0.90377021   4.4962631   -4.32267014   3.00701294\n   -4.1621447 ]\n [ -0.90377021  13.70469755 -12.76699701  -0.29073769  -1.37680606\n    0.46067141]\n [  4.4962631  -12.76699701  17.6264834   -2.95803809   2.06935814\n   -4.20199588]\n [ -4.32267014  -0.29073769  -2.95803809   5.77651506  -0.91185925\n    3.11521082]\n [  3.00701294  -1.37680606   2.06935814  -0.91185925   6.9059995\n    2.79120591]\n [ -4.1621447    0.46067141  -4.20199588   3.11521082   2.79120591\n    8.44370673]]", "nfev": "245", "njev": "35", "status": "0", "success": "True", "message": "Optimization terminated successfully.", "x": "[5.81144971 3.70696427 0.59440332 2.37452259 1.2622863  2.50210722]", "nit": "29", "callback": [0.8170918993215058, 0.8122574144638959, 0.7714098758713015, 0.7004268543390528, 0.5925547507327263, 0.5187428929285223, 0.4813500526344816, 0.41694560439005457, 0.36752790277055203, 0.3573745419202087, 0.34785821918841964, 0.331037275279466, 0.30919606209452777, 0.2947619167273451, 0.29031420230255844, 0.2895757866372999, 0.28923833132597965, 0.2887634196472211, 0.28825835473002204, 0.28799335103563384, 0.28792220131711843, 0.2879040927986469, 0.287886529801046, 0.28785865036257097, 0.2878231775595318, 0.2878085937630289, 0.2878048736741873, 0.2878047492425727, 0.28780474734686945]}, "3": {"maxiter": 100, "gtol": 1e-05, "xrtol": 1e-10, "eps": 1e-10, "duration": 0.06727719306945801, "fun": "0.287804747368695", "jac": "[ 0.00000000e+00  2.22044587e-06  1.11022293e-06 -1.11022293e-06\n  1.11022293e-06  1.11022293e-06]", "hess_inv": "[[  8.59787585  -0.88705643   4.48816963  -4.30491721   3.00221182\n   -4.16707114]\n [ -0.88705643  13.40369099 -12.46432448  -0.34211591  -1.31251012\n    0.5220873 ]\n [  4.48816963 -12.46432448  17.32716676  -2.91687592   1.98700852\n   -4.28108943]\n [ -4.30491721  -0.34211591  -2.91687592   5.81773994  -0.82166477\n    3.17458524]\n [  3.00221182  -1.31251012   1.98700852  -0.82166477   6.9648559\n    2.82531001]\n [ -4.16707114   0.5220873   -4.28108943   3.17458524   2.82531001\n    8.4618247 ]]", "nfev": "245", "njev": "35", "status": "0", "success": "True", "message": "Optimization terminated successfully.", "x": "[5.81145519 3.70699086 0.59437987 2.37452187 1.26229659 2.50211719]", "nit": "29", "callback": [0.8170929014927887, 0.8122582449778979, 0.7714098645382144, 0.7004257269383265, 0.5925584392333023, 0.5187530698594964, 0.48136031727429873, 0.41695476471808635, 0.36752520618277196, 0.35737585715265097, 0.34785799132114004, 0.33103496180947145, 0.30919842896101546, 0.2947604591780839, 0.29030817893713456, 0.2895725913451275, 0.2892363613689932, 0.28876121492696827, 0.28825556319425516, 0.2879935909203617, 0.28792161182207, 0.2879038303493673, 0.28788606335627254, 0.28785801906534814, 0.2878230972006577, 0.2878084592239569, 0.28780486864486454, 0.2878047497510058, 0.287804747368695]}, "4": {"maxiter": 100, "gtol": 1e-10, "xrtol": 1e-05, "eps": 1e-05, "duration": 0.13364696502685547, "fun": "0.28780474734686945", "jac": "[ 6.65645317e-07  1.30205846e-06  1.14280807e-06 -9.10682640e-07\n  2.93209901e-07  1.65023550e-06]", "hess_inv": "[[  8.68306744  -0.62886704   4.31162973  -4.35543019   3.21353026\n   -4.0089855 ]\n [ -0.62886704  13.63351785 -12.49005973  -0.58154906  -1.08845932\n    0.56173406]\n [  4.31162973 -12.49005973  17.2305627   -2.71683865   1.96424117\n   -4.1766255 ]\n [ -4.35543019  -0.58154906  -2.71683865   5.75123964  -1.06188071\n    2.98136655]\n [  3.21353026  -1.08845932   1.96424117  -1.06188071   7.25470916\n    3.00623486]\n [ -4.0089855    0.56173406  -4.1766255    2.98136655   3.00623486\n    8.55727995]]", "nfev": "439", "njev": "61", "status": "2", "success": "False", "message": "Desired error not necessarily achieved due to precision loss.", "x": "[5.81144971 3.70696427 0.59440332 2.37452259 1.2622863  2.50210722]", "nit": "29", "callback": [0.8170918993215058, 0.8122574144638959, 0.7714098758713015, 0.7004268543390528, 0.5925547507327263, 0.5187428929285223, 0.4813500526344816, 0.41694560439005457, 0.36752790277055203, 0.3573745419202087, 0.34785821918841964, 0.331037275279466, 0.30919606209452777, 0.2947619167273451, 0.29031420230255844, 0.2895757866372999, 0.28923833132597965, 0.2887634196472211, 0.28825835473002204, 0.28799335103563384, 0.28792220131711843, 0.2879040927986469, 0.287886529801046, 0.28785865036257097, 0.2878231775595318, 0.2878085937630289, 0.2878048736741873, 0.2878047492425727, 0.28780474734686945]}, "5": {"maxiter": 100, "gtol": 1e-10, "xrtol": 1e-05, "eps": 1e-10, "duration": 0.08920598030090332, "fun": "0.28780474734880324", "jac": "[ 2.22044587e-06  0.00000000e+00 -2.22044587e-06  0.00000000e+00\n -2.22044587e-06 -2.22044587e-06]", "hess_inv": "[[  8.66728593  -0.65519501   4.33487052  -4.33427975   3.19924775\n   -4.02614025]\n [ -0.65519501  14.03130059 -12.82197247  -0.55931237  -0.82676436\n    0.81091164]\n [  4.33487052 -12.82197247  17.50338879  -2.72681063   1.73311501\n   -4.40107742]\n [ -4.33427975  -0.55931237  -2.72681063   5.73358945  -1.04482838\n    2.96744951]\n [  3.19924775  -0.82676436   1.73311501  -1.04482838   7.32177425\n    3.01180507]\n [ -4.02614025   0.81091164  -4.40107742   2.96744951   3.01180507\n    8.52263192]]", "nfev": "252", "njev": "36", "status": "0", "success": "True", "message": "Optimization terminated successfully.", "x": "[5.81144794 3.70697334 0.59438884 2.37453037 1.26228386 2.50211076]", "nit": "30", "callback": [0.8170929014927887, 0.8122582449778979, 0.7714098645382144, 0.7004257269383265, 0.5925584392333023, 0.5187530698594964, 0.48136031727429873, 0.41695476471808635, 0.36752520618277196, 0.35737585715265097, 0.34785799132114004, 0.33103496180947145, 0.30919842896101546, 0.2947604591780839, 0.29030817893713456, 0.2895725913451275, 0.2892363613689932, 0.28876121492696827, 0.28825556319425516, 0.2879935909203617, 0.28792161182207, 0.2879038303493673, 0.28788606335627254, 0.28785801906534814, 0.2878230972006577, 0.2878084592239569, 0.28780486864486454, 0.2878047497510058, 0.287804747368695, 0.28780474734880324]}, "6": {"maxiter": 100, "gtol": 1e-10, "xrtol": 1e-10, "eps": 1e-05, "duration": 0.14632797241210938, "fun": "0.28780474734686945", "jac": "[ 6.65645317e-07  1.30205846e-06  1.14280807e-06 -9.10682640e-07\n  2.93209901e-07  1.65023550e-06]", "hess_inv": "[[  8.68306744  -0.62886704   4.31162973  -4.35543019   3.21353026\n   -4.0089855 ]\n [ -0.62886704  13.63351785 -12.49005973  -0.58154906  -1.08845932\n    0.56173406]\n [  4.31162973 -12.49005973  17.2305627   -2.71683865   1.96424117\n   -4.1766255 ]\n [ -4.35543019  -0.58154906  -2.71683865   5.75123964  -1.06188071\n    2.98136655]\n [  3.21353026  -1.08845932   1.96424117  -1.06188071   7.25470916\n    3.00623486]\n [ -4.0089855    0.56173406  -4.1766255    2.98136655   3.00623486\n    8.55727995]]", "nfev": "439", "njev": "61", "status": "2", "success": "False", "message": "Desired error not necessarily achieved due to precision loss.", "x": "[5.81144971 3.70696427 0.59440332 2.37452259 1.2622863  2.50210722]", "nit": "29", "callback": [0.8170918993215058, 0.8122574144638959, 0.7714098758713015, 0.7004268543390528, 0.5925547507327263, 0.5187428929285223, 0.4813500526344816, 0.41694560439005457, 0.36752790277055203, 0.3573745419202087, 0.34785821918841964, 0.331037275279466, 0.30919606209452777, 0.2947619167273451, 0.29031420230255844, 0.2895757866372999, 0.28923833132597965, 0.2887634196472211, 0.28825835473002204, 0.28799335103563384, 0.28792220131711843, 0.2879040927986469, 0.287886529801046, 0.28785865036257097, 0.2878231775595318, 0.2878085937630289, 0.2878048736741873, 0.2878047492425727, 0.28780474734686945]}, "7": {"maxiter": 100, "gtol": 1e-10, "xrtol": 1e-10, "eps": 1e-10, "duration": 0.09836888313293457, "fun": "0.28780474733822525", "jac": "[ 0.00000000e+00  0.00000000e+00 -1.11022293e-06 -3.33066880e-06\n -2.22044587e-06 -2.22044587e-06]", "hess_inv": "[[ 23.33042064  -0.71770753  17.9758678  -14.18774018  -2.24040342\n   -5.22309029]\n [ -0.71770753   0.19308343  -0.32603191   0.43807934  -0.29944203\n    0.273853  ]\n [ 17.9758678   -0.32603191  14.91679262 -11.71687312  -1.71812177\n   -3.85147296]\n [-14.18774018   0.43807934 -11.71687312   9.47967709   0.90050892\n    3.1132337 ]\n [ -2.24040342  -0.29944203  -1.71812177   0.90050892   1.56990569\n    0.218696  ]\n [ -5.22309029   0.273853    -3.85147296   3.1132337    0.218696\n    1.28587184]]", "nfev": "350", "njev": "50", "status": "2", "success": "False", "message": "Desired error not necessarily achieved due to precision loss.", "x": "[5.81144845 3.70695948 0.59440039 2.37453345 1.26228716 2.50211104]", "nit": "35", "callback": [0.8170929014927887, 0.8122582449778979, 0.7714098645382144, 0.7004257269383265, 0.5925584392333023, 0.5187530698594964, 0.48136031727429873, 0.41695476471808635, 0.36752520618277196, 0.35737585715265097, 0.34785799132114004, 0.33103496180947145, 0.30919842896101546, 0.2947604591780839, 0.29030817893713456, 0.2895725913451275, 0.2892363613689932, 0.28876121492696827, 0.28825556319425516, 0.2879935909203617, 0.28792161182207, 0.2879038303493673, 0.28788606335627254, 0.28785801906534814, 0.2878230972006577, 0.2878084592239569, 0.28780486864486454, 0.2878047497510058, 0.287804747368695, 0.28780474734880324, 0.2878047473474854, 0.2878047473463211, 0.2878047473448968, 0.28780474733822525, 0.28780474733822525]}, "8": {"maxiter": 500, "gtol": 1e-05, "xrtol": 1e-05, "eps": 1e-05, "duration": 0.07304000854492188, "fun": "0.28780474734686945", "jac": "[ 6.65645317e-07  1.30205846e-06  1.14280807e-06 -9.10682640e-07\n  2.93209901e-07  1.65023550e-06]", "hess_inv": "[[  8.59578567  -0.90377021   4.4962631   -4.32267014   3.00701294\n   -4.1621447 ]\n [ -0.90377021  13.70469755 -12.76699701  -0.29073769  -1.37680606\n    0.46067141]\n [  4.4962631  -12.76699701  17.6264834   -2.95803809   2.06935814\n   -4.20199588]\n [ -4.32267014  -0.29073769  -2.95803809   5.77651506  -0.91185925\n    3.11521082]\n [  3.00701294  -1.37680606   2.06935814  -0.91185925   6.9059995\n    2.79120591]\n [ -4.1621447    0.46067141  -4.20199588   3.11521082   2.79120591\n    8.44370673]]", "nfev": "245", "njev": "35", "status": "0", "success": "True", "message": "Optimization terminated successfully.", "x": "[5.81144971 3.70696427 0.59440332 2.37452259 1.2622863  2.50210722]", "nit": "29", "callback": [0.8170918993215058, 0.8122574144638959, 0.7714098758713015, 0.7004268543390528, 0.5925547507327263, 0.5187428929285223, 0.4813500526344816, 0.41694560439005457, 0.36752790277055203, 0.3573745419202087, 0.34785821918841964, 0.331037275279466, 0.30919606209452777, 0.2947619167273451, 0.29031420230255844, 0.2895757866372999, 0.28923833132597965, 0.2887634196472211, 0.28825835473002204, 0.28799335103563384, 0.28792220131711843, 0.2879040927986469, 0.287886529801046, 0.28785865036257097, 0.2878231775595318, 0.2878085937630289, 0.2878048736741873, 0.2878047492425727, 0.28780474734686945]}, "9": {"maxiter": 500, "gtol": 1e-05, "xrtol": 1e-05, "eps": 1e-10, "duration": 0.07203412055969238, "fun": "0.287804747368695", "jac": "[ 0.00000000e+00  2.22044587e-06  1.11022293e-06 -1.11022293e-06\n  1.11022293e-06  1.11022293e-06]", "hess_inv": "[[  8.59787585  -0.88705643   4.48816963  -4.30491721   3.00221182\n   -4.16707114]\n [ -0.88705643  13.40369099 -12.46432448  -0.34211591  -1.31251012\n    0.5220873 ]\n [  4.48816963 -12.46432448  17.32716676  -2.91687592   1.98700852\n   -4.28108943]\n [ -4.30491721  -0.34211591  -2.91687592   5.81773994  -0.82166477\n    3.17458524]\n [  3.00221182  -1.31251012   1.98700852  -0.82166477   6.9648559\n    2.82531001]\n [ -4.16707114   0.5220873   -4.28108943   3.17458524   2.82531001\n    8.4618247 ]]", "nfev": "245", "njev": "35", "status": "0", "success": "True", "message": "Optimization terminated successfully.", "x": "[5.81145519 3.70699086 0.59437987 