{"date": "2024/09/24/, 01:20:49", "conf_id": 181, "data_type": "non_lin_ind\n", "num_data_points": 2, "s_rank": 0, "unitary": "[[-0.56303964-0.00798273j,-0.21670212-0.15784972j,-0.06047197-0.73952673j,-0.01438004+0.24552571j],[-0.06976756+0.23474685j,-0.01275565-0.5435098j,-0.02703657-0.08917885j,-0.08210486-0.79311774j],[-0.38559961+0.10714929j,0.5933431-0.2687392j,-0.24060861+0.29149289j,-0.45147719+0.26241743j],[-0.50180421+0.45931857j,-0.11617175+0.44134496j,0.49642745+0.22684508j,-0.08544628-0.15407063j]]", "databatch_0": {"databatch": "[[[0.51957519+0.01529654j,-0.02768531+0.02838048j,0.20036736-0.33071268j,0.50222695+0.03922099j],[-0.04610416+0.23316649j,-0.01071012-0.01462717j,0.13402738+0.11531734j,-0.05558469+0.22353742j],[0.11688903+0.137776j,-0.01377027-0.00055116j,0.13203135-0.02515612j,0.10667401+0.13885879j],[-0.12289118+0.16069165j,-0.00267656-0.01519619j,0.05896595+0.1384536j,-0.12650858+0.1497741j]],[[0.30148231+0.45320665j,0.14554279+0.11422359j,-0.47523406-0.31619298j,0.05069342+0.12704178j],[-0.22713848+0.10176639j,-0.06249539+0.05701866j,0.17845815-0.19046452j,-0.06111914+0.01327577j],[-0.04695644+0.18328471j,0.00434307+0.06416271j,-0.02884779-0.19630281j,-0.02102781+0.0426421j],[-0.21170012-0.00772002j,-0.06916087+0.02003244j,0.20788858-0.07831165j,-0.05165927-0.01284915j]]]", "initial param values": "[2.58992232,6.27517031,6.04740701,0.63971001,3.47246191,3.04301359]", "nelder_mead": {"type": "gradient-free", "0": {"maxiter": 100, "fatol": 1e-05, "xatol": 1e-05, "duration": 0.03921914100646973, "fun": "0.2335520338004926", "nit": "100", "nfev": "161", "status": "2", "success": "False", "message": "Maximum number of iterations has been exceeded.", "x": "[0.66194648 9.36436425 3.68376689 0.73942249 4.8107801  3.75573169]", "final_simplex": "(array([[0.66194648, 9.36436425, 3.68376689, 0.73942249, 4.8107801 ,\n        3.75573169],\n       [0.72177423, 9.38279291, 3.60816996, 0.73904492, 4.82343683,\n        3.75133792],\n       [0.69431365, 9.43322769, 3.5754659 , 0.74068884, 4.86939576,\n        3.74832339],\n       [0.68249985, 9.4817131 , 3.57534951, 0.74764245, 4.87405727,\n        3.70917777],\n       [0.70595734, 9.56045681, 3.53695702, 0.737555  , 4.94897171,\n        3.70280711],\n       [0.66437925, 9.3843576 , 3.73402917, 0.73987341, 4.849448  ,\n        3.712139  ],\n       [0.71367316, 9.51504654, 3.58884694, 0.73882259, 4.90923945,\n        3.68707812]]), array([0.23355203, 0.23365542, 0.23376906, 0.23415915, 0.23418475,\n       0.23428053, 0.23430904]))", "callback": [0.47417153739752094, 0.4407967844000725, 0.4187614073847661, 0.38070358545430094, 0.2647713891029764, 0.2514439976967915, 0.2426898745025814, 0.23806538503481134, 0.2344959244281356]}, "1": {"maxiter": 100, "fatol": 1e-05, "xatol": 1e-10, "duration": 0.0370938777923584, "fun": "0.2335520338004926", "nit": "100", "nfev": "161", "status": "2", "success": "False", "message": "Maximum number of iterations has been exceeded.", "x": "[0.66194648 9.36436425 3.68376689 0.73942249 4.8107801  3.75573169]", "final_simplex": "(array([[0.66194648, 9.36436425, 3.68376689, 0.73942249, 4.8107801 ,\n        3.75573169],\n       [0.72177423, 9.38279291, 3.60816996, 0.73904492, 4.82343683,\n        3.75133792],\n       [0.69431365, 9.43322769, 3.5754659 , 0.74068884, 4.86939576,\n        3.74832339],\n       [0.68249985, 9.4817131 , 3.57534951, 0.74764245, 4.87405727,\n        3.70917777],\n       [0.70595734, 9.56045681, 3.53695702, 0.737555  , 4.94897171,\n        3.70280711],\n       [0.66437925, 9.3843576 , 3.73402917, 0.73987341, 4.849448  ,\n        3.712139  ],\n       [0.71367316, 9.51504654, 3.58884694, 0.73882259, 4.90923945,\n        3.68707812]]), array([0.23355203, 0.23365542, 0.23376906, 0.23415915, 0.23418475,\n       0.23428053, 0.23430904]))", "callback": [0.47417153739752094, 0.4407967844000725, 0.4187614073847661, 0.38070358545430094, 0.2647713891029764, 0.2514439976967915, 0.2426898745025814, 0.23806538503481134, 0.2344959244281356]}, "2": {"maxiter": 100, "fatol": 1e-10, "xatol": 1e-05, "duration": 0.03660416603088379, "fun": "0.2335520338004926", "nit": "100", "nfev": "161", "status": "2", "success": "False", "message": "Maximum number of iterations has been exceeded.", "x": "[0.66194648 9.36436425 3.68376689 0.73942249 4.8107801  3.75573169]", "final_simplex": "(array([[0.66194648, 9.36436425, 3.68376689, 0.73942249, 4.8107801 ,\n        3.75573169],\n       [0.72177423, 9.38279291, 3.60816996, 0.73904492, 4.82343683,\n        3.75133792],\n       [0.69431365, 9.43322769, 3.5754659 , 0.74068884, 4.86939576,\n        3.74832339],\n       [0.68249985, 9.4817131 , 3.57534951, 0.74764245, 4.87405727,\n        3.70917777],\n       [0.70595734, 9.56045681, 3.53695702, 0.737555  , 4.94897171,\n        3.70280711],\n       [0.66437925, 9.3843576 , 3.73402917, 0.73987341, 4.849448  ,\n        3.712139  ],\n       [0.71367316, 9.51504654, 3.58884694, 0.73882259, 4.90923945,\n        3.68707812]]), array([0.23355203, 0.23365542, 0.23376906, 0.23415915, 0.23418475,\n       0.23428053, 0.23430904]))", "callback": [0.47417153739752094, 0.4407967844000725, 0.4187614073847661, 0.38070358545430094, 0.2647713891029764, 0.2514439976967915, 0.2426898745025814, 0.23806538503481134, 0.2344959244281356]}, "3": {"maxiter": 100, "fatol": 1e-10, "xatol": 1e-10, "duration": 0.03687286376953125, "fun": "0.2335520338004926", "nit": "100", "nfev": "161", "status": "2", "success": "False", "message": "Maximum number of iterations has been exceeded.", "x": "[0.66194648 9.36436425 3.68376689 0.73942249 4.8107801  3.75573169]", "final_simplex": "(array([[0.66194648, 9.36436425, 3.68376689, 0.73942249, 4.8107801 ,\n        3.75573169],\n       [0.72177423, 9.38279291, 3.60816996, 0.73904492, 4.82343683,\n        3.75133792],\n       [0.69431365, 9.43322769, 3.5754659 , 0.74068884, 4.86939576,\n        3.74832339],\n       [0.68249985, 9.4817131 , 3.57534951, 0.74764245, 4.87405727,\n        3.70917777],\n       [0.70595734, 9.56045681, 3.53695702, 0.737555  , 4.94897171,\n        3.70280711],\n       [0.66437925, 9.3843576 , 3.73402917, 0.73987341, 4.849448  ,\n        3.712139  ],\n       [0.71367316, 9.51504654, 3.58884694, 0.73882259, 4.90923945,\n        3.68707812]]), array([0.23355203, 0.23365542, 0.23376906, 0.23415915, 0.23418475,\n       0.23428053, 0.23430904]))", "callback": [0.47417153739752094, 0.4407967844000725, 0.4187614073847661, 0.38070358545430094, 0.2647713891029764, 0.2514439976967915, 0.2426898745025814, 0.23806538503481134, 0.2344959244281356]}, "4": {"maxiter": 500, "fatol": 1e-05, "xatol": 1e-05, "duration": 0.14735794067382812, "fun": "0.20650100946713723", "nit": "410", "nfev": "654", "status": "0", "success": "True", "message": "Optimization terminated successfully.", "x": "[1.18339644 8.44101362 3.22251592 1.35275714 3.5001437  5.25548149]", "final_simplex": "(array([[1.18339644, 8.44101362, 3.22251592, 1.35275714, 3.5001437 ,\n        5.25548149],\n       [1.18339693, 8.44101068, 3.22251504, 1.35275881, 3.50014269,\n        5.25548265],\n       [1.18338855, 8.44102062, 3.22251978, 1.35275127, 3.5001528 ,\n        5.25547412],\n       [1.18339447, 8.44101408, 3.22251847, 1.35275602, 3.50014532,\n        5.25547902],\n       [1.1833964 , 8.44101462, 3.22251602, 1.35275503, 3.50014429,\n        5.25548083],\n       [1.183389  , 8.44102116, 3.22251809, 1.35275101, 3.50015349,\n        5.25547342],\n       [1.18339341, 8.44101214, 3.22251822, 1.35275805, 3.50014426,\n        5.25547969]]), array([0.20650101, 0.20650101, 0.20650101, 0.20650101, 0.20650101,\n       0.20650101, 0.20650101]))", "callback": [0.47417153739752094, 0.4407967844000725, 0.4187614073847661, 0.38070358545430094, 0.2647713891029764, 0.2514439976967915, 0.2426898745025814, 0.23806538503481134, 0.2344959244281356, 0.2335520338004926, 0.2332114662728768, 0.23246251954037422, 0.23080517458687289, 0.22753673102043137, 0.22508490559200212, 0.2240823745392153, 0.22357487234338225, 0.22341324422605435, 0.22318923618897157, 0.22293467894272667, 0.22220775074865284, 0.21899369367588517, 0.2126233257621133, 0.2096199546081201, 0.20790384459351763, 0.2070645222552444, 0.20677091155301897, 0.2065923197999694, 0.206535173648698, 0.20650291189303283, 0.20650291189303283, 0.20650168345748554, 0.20650111351716227, 0.20650102895277522, 0.2065010122471792, 0.20650101029878964, 0.20650100964449336, 0.20650100949628436, 0.20650100947340566, 0.20650100946760575, 0.20650100946713723]}, "5": {"maxiter": 500, "fatol": 1e-05, "xatol": 1e-10, "duration": 0.18957996368408203, "fun": "0.20650100946695082", "nit": "500", "nfev": "840", "status": "2", "success": "False", "message": "Maximum number of iterations has been exceeded.", "x": "[1.1833941  8.4410147  3.22251674 1.3527561  3.500146   5.25547911]", "final_simplex": "(array([[1.1833941 , 8.4410147 , 3.22251674, 1.3527561 , 3.500146  ,\n        5.25547911],\n       [1.1833941 , 8.4410147 , 3.22251674, 1.3527561 , 3.500146  ,\n        5.25547911],\n       [1.1833941 , 8.4410147 , 3.22251674, 1.3527561 , 3.500146  ,\n        5.25547911],\n       [1.1833941 , 8.4410147 , 3.22251674, 1.3527561 , 3.500146  ,\n        5.25547911],\n       [1.1833941 , 8.4410147 , 3.22251674, 1.3527561 , 3.500146  ,\n        5.25547911],\n       [1.1833941 , 8.4410147 , 3.22251674, 1.3527561 , 3.500146  ,\n        5.25547911],\n       [1.1833941 , 8.4410147 , 3.22251674, 1.3527561 , 3.500146  ,\n        5.25547911]]), array([0.20650101, 0.20650101, 0.20650101, 0.20650101, 0.20650101,\n       0.20650101, 0.20650101]))", "callback": [0.47417153739752094, 0.4407967844000725, 0.4187614073847661, 0.38070358545430094, 0.2647713891029764, 0.2514439976967915, 0.2426898745025814, 0.23806538503481134, 0.2344959244281356, 0.2335520338004926, 0.2332114662728768, 0.23246251954037422, 0.23080517458687289, 0.22753673102043137, 0.22508490559200212, 0.2240823745392153, 0.22357487234338225, 0.22341324422605435, 0.22318923618897157, 0.22293467894272667, 0.22220775074865284, 0.21899369367588517, 0.2126233257621133, 0.2096199546081201, 0.20790384459351763, 0.2070645222552444, 0.20677091155301897, 0.2065923197999694, 0.206535173648698, 0.20650291189303283, 0.20650291189303283, 0.20650168345748554, 0.20650111351716227, 0.20650102895277522, 0.2065010122471792, 0.20650101029878964, 0.20650100964449336, 0.20650100949628436, 0.20650100947340566, 0.20650100946760575, 0.20650100946713723, 0.20650100946698702, 0.20650100946696215, 0.20650100946695238, 0.20650100946695193, 0.20650100946695127, 0.20650100946695105, 0.20650100946695105, 0.20650100946695105]}, "6": {"maxiter": 500, "fatol": 1e-10, "xatol": 1e-05, "duration": 0.14676189422607422, "fun": "0.20650100946713723", "nit": "410", "nfev": "654", "status": "0", "success": "True", "message": "Optimization terminated successfully.", "x": "[1.18339644 8.44101362 3.22251592 1.35275714 3.5001437  5.25548149]", "final_simplex": "(array([[1.18339644, 8.44101362, 3.22251592, 1.35275714, 3.5001437 ,\n        5.25548149],\n       [1.18339693, 8.44101068, 3.22251504, 1.35275881, 3.50014269,\n        5.25548265],\n       [1.18338855, 8.44102062, 3.22251978, 1.35275127, 3.5001528 ,\n        5.25547412],\n       [1.18339447, 8.44101408, 3.22251847, 1.35275602, 3.50014532,\n        5.25547902],\n       [1.1833964 , 8.44101462, 3.22251602, 1.35275503, 3.50014429,\n        5.25548083],\n       [1.183389  , 8.44102116, 3.22251809, 1.35275101, 3.50015349,\n        5.25547342],\n       [1.18339341, 8.44101214, 3.22251822, 1.35275805, 3.50014426,\n        5.25547969]]), array([0.20650101, 0.20650101, 0.20650101, 0.20650101, 0.20650101,\n       0.20650101, 0.20650101]))", "callback": [0.47417153739752094, 0.4407967844000725, 0.4187614073847661, 0.38070358545430094, 0.2647713891029764, 0.2514439976967915, 0.2426898745025814, 0.23806538503481134, 0.2344959244281356, 0.2335520338004926, 0.2332114662728768, 0.23246251954037422, 0.23080517458687289, 0.22753673102043137, 0.22508490559200212, 0.2240823745392153, 0.22357487234338225, 0.22341324422605435, 0.22318923618897157, 0.22293467894272667, 0.22220775074865284, 0.21899369367588517, 0.2126233257621133, 0.2096199546081201, 0.20790384459351763, 0.2070645222552444, 0.20677091155301897, 0.2065923197999694, 0.206535173648698, 0.20650291189303283, 0.20650291189303283, 0.20650168345748554, 0.20650111351716227, 0.20650102895277522, 0.2065010122471792, 0.20650101029878964, 0.20650100964449336, 0.20650100949628436, 0.20650100947340566, 0.20650100946760575, 0.20650100946713723]}, "7": {"maxiter": 500, "fatol": 1e-10, "xatol": 1e-10, "duration": 0.21463894844055176, "fun": "0.20650100946695082", "nit": "500", "nfev": "840", "status": "2", "success": "False", "message": "Maximum number of iterations has been exceeded.", "x": "[1.1833941  8.4410147  3.22251674 1.3527561  3.500146   5.25547911]", "final_simplex": "(array([[1.1833941 , 8.4410147 , 3.22251674, 1.3527561 , 3.500146  ,\n        5.25547911],\n       [1.1833941 , 8.4410147 , 3.22251674, 1.3527561 , 3.500146  ,\n        5.25547911],\n       [1.1833941 , 8.4410147 , 3.22251674, 1.3527561 , 3.500146  ,\n        5.25547911],\n       [1.1833941 , 8.4410147 , 3.22251674, 1.3527561 , 3.500146  ,\n        5.25547911],\n       [1.1833941 , 8.4410147 , 3.22251674, 1.3527561 , 3.500146  ,\n        5.25547911],\n       [1.1833941 , 8.4410147 , 3.22251674, 1.3527561 , 3.500146  ,\n        5.25547911],\n       [1.1833941 , 8.4410147 , 3.22251674, 1.3527561 , 3.500146  ,\n        5.25547911]]), array([0.20650101, 0.20650101, 0.20650101, 0.20650101, 0.20650101,\n       0.20650101, 0.20650101]))", "callback": [0.47417153739752094, 0.4407967844000725, 0.4187614073847661, 0.38070358545430094, 0.2647713891029764, 0.2514439976967915, 0.2426898745025814, 0.23806538503481134, 0.2344959244281356, 0.2335520338004926, 0.2332114662728768, 0.23246251954037422, 0.23080517458687289, 0.22753673102043137, 0.22508490559200212, 0.2240823745392153, 0.22357487234338225, 0.22341324422605435, 0.22318923618897157, 0.22293467894272667, 0.22220775074865284, 0.21899369367588517, 0.2126233257621133, 0.2096199546081201, 0.20790384459351763, 0.2070645222552444, 0.20677091155301897, 0.2065923197999694, 0.206535173648698, 0.20650291189303283, 0.20650291189303283, 0.20650168345748554, 0.20650111351716227, 0.20650102895277522, 0.2065010122471792, 0.20650101029878964, 0.20650100964449336, 0.20650100949628436, 0.20650100947340566, 0.20650100946760575, 0.20650100946713723, 0.20650100946698702, 0.20650100946696215, 0.20650100946695238, 0.20650100946695193, 0.20650100946695127, 0.20650100946695105, 0.20650100946695105, 0.20650100946695105]}, "8": {"maxiter": 1000, "fatol": 1e-05, "xatol": 1e-05, "duration": 0.14869093894958496, "fun": "0.20650100946713723", "nit": "410", "nfev": "654", "status": "0", "success": "True", "message": "Optimization terminated successfully.", "x": "[1.18339644 8.44101362 3.22251592 1.35275714 3.5001437  5.25548149]", "final_simplex": "(array([[1.18339644, 8.44101362, 3.22251592, 1.35275714, 3.5001437 ,\n        5.25548149],\n       [1.18339693, 8.44101068, 3.22251504, 1.35275881, 3.50014269,\n        5.25548265],\n       [1.18338855, 8.44102062, 3.22251978, 1.35275127, 3.5001528 ,\n        5.25547412],\n       [1.18339447, 8.44101408, 3.22251847, 1.35275602, 3.50014532,\n        5.25547902],\n       [1.1833964 , 8.44101462, 3.22251602, 1.35275503, 3.50014429,\n        5.25548083],\n       [1.183389  , 8.44102116, 3.22251809, 1.35275101, 3.50015349,\n        5.25547342],\n       [1.18339341, 8.44101214, 3.22251822, 1.35275805, 3.50014426,\n        5.25547969]]), array([0.20650101, 0.20650101, 0.20650101, 0.20650101, 0.20650101,\n       0.20650101, 0.20650101]))", "callback": [0.47417153739752094, 0.4407967844000725, 0.4187614073847661, 0.38070358545430094, 0.2647713891029764, 0.2514439976967915, 0.2426898745025814, 0.23806538503481134, 0.2344959244281356, 0.2335520338004926, 0.2332114662728768, 0.23246251954037422, 0.23080517458687289, 0.22753673102043137, 0.22508490559200212, 0.2240823745392153, 0.22357487234338225, 0.22341324422605435, 0.22318923618897157, 0.22293467894272667, 0.22220775074865284, 0.21899369367588517, 0.2126233257621133, 0.2096199546081201, 0.20790384459351763, 0.2070645222552444, 0.20677091155301897, 0.2065923197999694, 0.206535173648698, 0.20650291189303283, 0.20650291189303283, 0.20650168345748554, 0.20650111351716227, 0.20650102895277522, 0.2065010122471792, 0.20650101029878964, 0.20650100964449336, 0.20650100949628436, 0.20650100947340566, 0.20650100946760575, 0.20650100946713723]}, "9": {"maxiter": 1000, "fatol": 1e-05, "xatol": 1e-10, "duration": 0.2135310173034668, "fun": "0.20650100946695082", "nit": "508", "nfev": "870", "status": "0", "success": "True", "message": "Optimization terminated successfully.", "x": "[1.1833941  8.4410147  3.22251674 1.3527561  3.500146   5.25547911]", "final_simplex": "(array([[1.1833941 , 8.4410147 , 3.22251674, 1.3527561 , 3.500146  ,\n        5.25547911],\n       [1.1833941 , 8.4410147 , 3.22251674, 1.3527561 , 3.500146  ,\n        5.25547911],\n       [1.1833941 , 8.4410147 , 3.22251674, 1.3527561 , 3.500146  ,\n        5.25547911],\n       [1.1833941 , 8.4410147 , 3.22251674, 1.3527561 , 3.500146  ,\n        5.25547911],\n       [1.1833941 , 8.4410147 , 3.22251674, 1.3527561 , 3.500146  ,\n        5.25547911],\n       [1.1833941 , 8.4410147 , 3.22251674, 1.3527561 , 3.50014601,\n        5.25547911],\n       [1.1833941 , 8.4410147 , 3.22251674, 1.3527561 , 3.500146  ,\n        5.25547911]]), array([0.20650101, 0.20650101, 0.20650101, 0.20650101, 0.20650101,\n       0.20650101, 0.20650101]))", "callback": [0.47417153739752094, 0.4407967844000725, 0.4187614073847661, 0.38070358545430094, 0.2647713891029764, 0.2514439976967915, 0.2426898745025814, 0.23806538503481134, 0.2344959244281356, 0.2335520338004926, 0.2332114662728768, 0.23246251954037422, 0.23080517458687289, 0.22753673102043137, 0.22508490559200212, 0.2240823745392153, 0.22357487234338225, 0.22341324422605435, 0.22318923618897157, 0.22293467894272667, 0.22220775074865284, 0.21899369367588517, 0.2126233257621133, 0.2096199546081201, 0.20790384459351763, 0.2070645222552444, 0.20677091155301897, 0.2065923197999694, 0.206535173648698, 0.20650291189303283, 0.20650291189303283, 0.20650168345748554, 0.20650111351716227, 0.20650102895277522, 0.2065010122471792, 0.20650101029878964, 0.20650100964449336, 0.20650100949628436, 0.20650100947340566, 0.20650100946760575, 0.20650100946713723, 0.20650100946698702, 0.20650100946696215, 0.20650100946695238, 0.20650100946695193, 0.20650100946695127, 0.20650100946695105, 0.20650100946695105, 0.20650100946695105, 0.20650100946695082]}, "10": {"maxiter": 1000, "fatol": 1e-10, "xatol": 1e-05, "duration": 0.15933895111083984, "fun": "0.20650100946713723", "nit": "410", "nfev": "654", "status": "0", "success": "True", "message": "Optimization terminated successfully.", "x": "[1.18339644 8.44101362 3.22251592 1.35275714 3.5001437  5.25548149]", "final_simplex": "(array([[1.18339644, 8.44101362, 3.22251592, 1.35275714, 3.5001437 ,\n        5.25548149],\n       [1.18339693, 8.44101068, 3.22251504, 1.35275881, 3.50014269,\n        5.25548265],\n       [1.18338855, 8.44102062, 3.22251978, 1.35275127, 3.5001528 ,\n        5.25547412],\n       [1.18339447, 8.44101408, 3.22251847, 1.35275602, 3.50014532,\n        5.25547902],\n       [1.1833964 , 8.44101462, 3.22251602, 1.35275503, 3.50014429,\n        5.25548083],\n       [1.183389  , 8.44102116, 3.22251809, 1.35275101, 3.50015349,\n        5.25547342],\n       [1.18339341, 8.44101214, 3.22251822, 1.35275805, 3.50014426,\n        5.25547969]]), array([0.20650101, 0.20650101, 0.20650101, 0.20650101, 0.20650101,\n       0.20650101, 0.20650101]))", "callback": [0.47417153739752094, 0.4407967844000725, 0.4187614073847661, 0.38070358545430094, 0.2647713891029764, 0.2514439976967915, 0.2426898745025814, 0.23806538503481134, 0.2344959244281356, 0.2335520338004926, 0.2332114662728768, 0.23246251954037422, 0.23080517458687289, 0.22753673102043137, 0.22508490559200212, 0.2240823745392153, 0.22357487234338225, 0.22341324422605435, 0.22318923618897157, 0.22293467894272667, 0.22220775074865284, 0.21899369367588517, 0.2126233257621133, 0.2096199546081201, 0.20790384459351763, 0.2070645222552444, 0.20677091155301897, 0.2065923197999694, 0.206535173648698, 0.20650291189303283, 0.20650291189303283, 0.20650168345748554, 0.20650111351716227, 0.20650102895277522, 0.2065010122471792, 0.20650101029878964, 0.20650100964449336, 0.20650100949628436, 0.20650100947340566, 0.20650100946760575, 0.20650100946713723]}, "11": {"maxiter": 1000, "fatol": 1e-10, "xatol": 1e-10, "duration": 0.20635318756103516, "fun": "0.20650100946695082", "nit": "508", "nfev": "870", "status": "0", "success": "True", "message": "Optimization terminated successfully.", "x": "[1.1833941  8.4410147  3.22251674 1.3527561  3.500146   5.25547911]", "final_simplex": "(array([[1.1833941 , 8.4410147 , 3.22251674, 1.3527561 , 3.500146  ,\n        5.25547911],\n       [1.1833941 , 8.4410147 , 3.22251674, 1.3527561 , 3.500146  ,\n        5.25547911],\n       [1.1833941 , 8.4410147 , 3.22251674, 1.3527561 , 3.500146  ,\n        5.25547911],\n       [1.1833941 , 8.4410147 , 3.22251674, 1.3527561 , 3.500146  ,\n        5.25547911],\n       [1.1833941 , 8.4410147 , 3.22251674, 1.3527561 , 3.500146  ,\n        5.25547911],\n       [1.1833941 , 8.4410147 , 3.22251674, 1.3527561 , 3.50014601,\n        5.25547911],\n       [1.1833941 , 8.4410147 , 3.22251674, 1.3527561 , 3.500146  ,\n        5.25547911]]), array([0.20650101, 0.20650101, 0.20650101, 0.20650101, 0.20650101,\n       0.20650101, 0.20650101]))", "callback": [0.47417153739752094, 0.4407967844000725, 0.4187614073847661, 0.38070358545430094, 0.2647713891029764, 0.2514439976967915, 0.2426898745025814, 0.23806538503481134, 0.2344959244281356, 0.2335520338004926, 0.2332114662728768, 0.23246251954037422, 0.23080517458687289, 0.22753673102043137, 0.22508490559200212, 0.2240823745392153, 0.22357487234338225, 0.22341324422605435, 0.22318923618897157, 0.22293467894272667, 0.22220775074865284, 0.21899369367588517, 0.2126233257621133, 0.2096199546081201, 0.20790384459351763, 0.2070645222552444, 0.20677091155301897, 0.2065923197999694, 0.206535173648698, 0.20650291189303283, 0.20650291189303283, 0.20650168345748554, 0.20650111351716227, 0.20650102895277522, 0.2065010122471792, 0.20650101029878964, 0.20650100964449336, 0.20650100949628436, 0.20650100947340566, 0.20650100946760575, 0.20650100946713723, 0.20650100946698702, 0.20650100946696215, 0.20650100946695238, 0.20650100946695193, 0.20650100946695127, 0.20650100946695105, 0.20650100946695105, 0.20650100946695105, 0.20650100946695082]}}, "bfgs": {"type": "gradient", "0": {"maxiter": 100, "gtol": 1e-05, "xrtol": 1e-05, "eps": 1e-05, "duration": 0.05038881301879883, "fun": "0.20650100959567785", "jac": "[ 2.14928075e-06 -1.50180979e-06 -3.49205109e-06 -5.99542638e-07\n  4.32145431e-06 -3.79252185e-07]", "hess_inv": "[[  3.25446924  -1.33363923   5.98982407   0.63440236   2.16043755\n   -2.64281007]\n [ -1.33363923  86.85928168 -70.92238888  11.00108887 -12.80098089\n  -17.55977198]\n [  5.98982407 -70.92238888  76.17341598  -6.19567155  18.60064903\n    2.29573583]\n [  0.63440236  11.00108887  -6.19567155   4.2104763   -0.61191614\n   -4.83543563]\n [  2.16043755 -12.80098089  18.60064903  -0.61191614   7.21156341\n   -3.02566103]\n [ -2.64281007 -17.55977198   2.29573583  -4.83543563  -3.02566103\n   14.546429  ]]", "nfev": "210", "njev": "30", "status": "0", "success": "True", "message": "Optimization terminated successfully.", "x": "[0.28964857 5.79980994 7.59838629 1.78300334 5.14236036 3.61718782]", "nit": "27", "callback": [0.22319022378724895, 0.20655658152802492]}, "1": {"maxiter": 100, "gtol": 1e-05, "xrtol": 1e-05, "eps": 1e-10, "duration": 0.04945683479309082, "fun": "0.20650100955239603", "jac": "[ 1.11022293e-06 -2.22044587e-06  0.00000000e+00 -3.33066880e-06\n  3.33066880e-06  2.22044587e-06]", "hess_inv": "[[  3.26970137  -1.69605945   6.33014804   0.54864302   2.23916383\n   -2.61171132]\n [ -1.69605945  88.63292752 -73.41172572  11.49326755 -13.56464618\n  -16.84983708]\n [  6.33014804 -73.41172572  79.02513693  -6.78731421  19.26460891\n    1.99137991]\n [  0.54864302  11.49326755  -6.78731421   4.29875996  -0.8005344\n   -4.79178555]\n [  2.23916383 -13.56464618  19.26460891  -0.8005344    7.30218106\n   -2.89471235]\n [ -2.61171132 -16.84983708   1.99137991  -4.79178555  -2.89471235\n   14.07758384]]", "nfev": "210", "njev": "30", "status": "0", "success": "True", "message": "Optimization terminated successfully.", "x": "[0.29024149 5.80076029 7.5980655  1.78361722 5.14276366 3.61680903]", "nit": "27", "callback": [0.22318849935375173, 0.206557614755999]}, "2": {"maxiter": 100, "gtol": 1e-05, "xrtol": 1e-10, "eps": 1e-05, "duration": 0.04958224296569824, "fun": "0.20650100959567785", "jac": "[ 2.14928075e-06 -1.50180979e-06 -3.49205109e-06 -5.99542638e-07\n  4.32145431e-06 -3.79252185e-07]", "hess_inv": "[[  3.25446924  -1.33363923   5.98982407   0.63440236   2.16043755\n   -2.64281007]\n [ -1.33363923  86.85928168 -70.92238888  11.00108887 -12.80098089\n  -17.55977198]\n [  5.98982407 -70.92238888  76.17341598  -6.19567155  18.60064903\n    2.29573583]\n [  0.63440236  11.00108887  -6.19567155   4.2104763   -0.61191614\n   -4.83543563]\n [  2.16043755 -12.80098089  18.60064903  -0.61191614   7.21156341\n   -3.02566103]\n [ -2.64281007 -17.55977198   2.29573583  -4.83543563  -3.02566103\n   14.546429  ]]", "nfev": "210", "njev": "30", "status": "0", "success": "True", "message": "Optimization terminated successfully.", "x": "[0.28964857 5.79980994 7.59838629 1.78300334 5.14236036 3.61718782]", "nit": "27", "callback": [0.22319022378724895, 0.20655658152802492]}, "3": {"maxiter": 100, "gtol": 1e-05, "xrtol": 1e-10, "eps": 1e-10, "duration": 0.05167794227600098, "fun": "0.20650100955239603", "jac": "[ 1.11022293e-06 -2.22044587e-06  0.00000000e+00 -3.33066880e-06\n  3.33066880e-06  2.22044587e-06]", "hess_inv": "[[  3.26970137  -1.69605945   6.33014804   0.54864302   2.23916383\n   -2.61171132]\n [ -1.69605945  88.63292752 -73.41172572  11.49326755 -13.56464618\n  -16.84983708]\n [  6.33014804 -73.41172572  79.02513693  -6.78731421  19.26460891\n    1.99137991]\n [  0.54864302  11.49326755  -6.78731421   4.29875996  -0.8005344\n   -4.79178555]\n [  2.23916383 -13.56464618  19.26460891  -0.8005344    7.30218106\n   -2.89471235]\n [ -2.61171132 -16.84983708   1.99137991  -4.79178555  -2.89471235\n   14.07758384]]", "nfev": "210", "njev": "30", "status": "0", "success": "True", "message": "Optimization terminated successfully.", "x": "[0.29024149 5.80076029 7.5980655  1.78361722 5.14276366 3.61680903]", "nit": "27", "callback": [0.22318849935375173, 0.206557614755999]}, "4": {"maxiter": 100, "gtol": 1e-10, "xrtol": 1e-05, "eps": 1e-05, "duration": 0.051072120666503906, "fun": "0.2065010094976465", "jac": "[ 2.02936556e-06 -6.30739905e-07 -1.21762600e-06  1.33935085e-06\n  2.22741825e-06  4.91706675e-07]", "hess_inv": "[[  3.22134942  -1.84931637   6.45301679   0.60866206   2.1663923\n   -2.53116799]\n [ -1.84931637  92.65340412 -77.71648899  11.32004348 -14.0593144\n  -17.30648639]\n [  6.45301679 -77.71648899  83.88673973  -6.56493382  19.88628462\n    2.23900442]\n [  0.60866206  11.32004348  -6.56493382   4.22794545  -0.67763304\n   -4.82598739]\n [  2.1663923  -14.0593144   19.88628462  -0.67763304   7.34254099\n   -2.90059469]\n [ -2.53116799 -17.30648639   2.23900442  -4.82598739  -2.90059469\n   14.32962727]]", "nfev": "217", "njev": "31", "status": "0", "success": "True", "message": "Optimization terminated successfully.", "x": "[0.28965145 5.79974265 7.59845962 1.78299974 5.1423708  3.61719016]", "nit": "28", "callback": [0.22319022378724895, 0.20655658152802492]}, "5": {"maxiter": 100, "gtol": 1e-10, "xrtol": 1e-05, "eps": 1e-10, "duration": 0.07013797760009766, "fun": "0.20650100955239603", "jac": "[ 4.44089173e-06 -2.22044587e-06 -2.22044587e-06 -3.33066880e-06\n  2.22044587e-06  2.22044587e-06]", "hess_inv": "[[ 3.45451660e+00 -1.19021893e-01  5.64083375e+00  9.29865882e-01\n   2.17846271e+00 -3.44080885e+00]\n [-1.19021893e-01  6.40345862e+01 -5.05268260e+01  8.01397531e+00\n  -8.53861035e+00 -1.34917597e+01]\n [ 5.64083375e+00 -5.05268260e+01  5.98505872e+01 -3.12009144e+00\n   1.53001719e+01 -2.80269187e+00]\n [ 9.29865882e-01  8.01397531e+00 -3.12009144e+00  3.89412200e+00\n   5.50344655e-02 -4.65633739e+00]\n [ 2.17846271e+00 -8.53861035e+00  1.53001719e+01  5.50344655e-02\n   6.51445197e+00 -4.14228283e+00]\n [-3.44080885e+00 -1.34917597e+01 -2.80269187e+00 -4.65633739e+00\n  -4.14228283e+00  1.49368477e+01]]", "nfev": "294", "njev": "42", "status": "0", "success": "True", "message": "Optimization terminated successfully.", "x": "[0.29024149 5.8007603  7.5980655  1.78361722 5.14276366 3.61680903]", "nit": "28", "callback": [0.22318849935375173, 0.206557614755999]}, "6": {"maxiter": 100, "gtol": 1e-10, "xrtol": 1e-10, "eps": 1e-05, "duration": 0.11376500129699707, "fun": "0.20650100948396843", "jac": "[ 1.50107704e-06  2.67286193e-07  9.74242909e-07  3.76388920e-06\n -5.12145881e-08  1.48606683e-06]", "hess_inv": "[[  35.51231248   87.9259573   -50.86782161   36.19835869   20.62719448\n   -25.67232474]\n [  87.9259573   300.26312628 -193.1085745   107.61909056   41.72795816\n   -79.15700141]\n [ -50.86782161 -193.1085745   139.58204059  -66.97935361  -17.55444584\n    40.7153547 ]\n [  36.19835869  107.61909056  -66.97935361   43.24168768   19.96743956\n   -30.17364828]\n [  20.62719448   41.72795816  -17.55444584   19.96743956   17.41567119\n   -16.39441455]\n [ -25.67232474  -79.15700141   40.7153547   -30.17364828  -16.39441455\n    30.76402265]]", "nfev": "480", "njev": "67", "status": "2", "success": "False", "message": "Desired error not necessarily achieved due to precision loss.", "x": "[0.28962183 5.79964059 7.59853314 1.78296663 5.14235571 3.6172124 ]", "nit": "30", "callback": [0.22319022378724895, 0.20655658152802492, 0.20650100948396843]}, "7": {"maxiter": 100, "gtol": 1e-10, "xrtol": 1e-10, "eps": 1e-10, "duration": 0.06706404685974121, "fun": "0.20650100955239603", "jac": "[ 4.44089173e-06 -2.22044587e-06 -2.22044587e-06 -3.33066880e-06\n  2.22044587e-06  2.22044587e-06]", "hess_inv": "[[ 3.45451660e+00 -1.19021893e-01  5.64083375e+00  9.29865882e-01\n   2.17846271e+00 -3.44080885e+00]\n [-1.19021893e-01  6.40345862e+01 -5.05268260e+01  8.01397531e+00\n  -8.53861035e+00 -1.34917597e+01]\n [ 5.64083375e+00 -5.05268260e+01  5.98505872e+01 -3.12009144e+00\n   1.53001719e+01 -2.80269187e+00]\n [ 9.29865882e-01  8.01397531e+00 -3.12009144e+00  3.89412200e+00\n   5.50344655e-02 -4.65633739e+00]\n [ 2.17846271e+00 -8.53861035e+00  1.53001719e+01  5.50344655e-02\n   6.51445197e+00 -4.14228283e+00]\n [-3.44080885e+00 -1.34917597e+01 -2.80269187e+00 -4.65633739e+00\n  -4.14228283e+00  1.49368477e+01]]", "nfev": "294", "njev": "42", "status": "0", "success": "True", "message": "Optimization terminated successfully.", "x": "[0.29024149 5.8007603  7.5980655  1.78361722 5.14276366 3.61680903]", "nit": "28", "callback": [0.22318849935375173, 0.206557614755999]}, "8": {"maxiter": 500, "gtol": 1e-05, "xrtol": 1e-05, "eps": 1e-05, "duration": 0.048074960708618164, "fun": "0.20650100959567785", "jac": "[ 2.14928075e-06 -1.50180979e-06 -3.49205109e-06 -5.99542638e-07\n  4.32145431e-06 -3.79252185e-07]", "hess_inv": "[[  3.25446924  -1.33363923   5.98982407   0.63440236   2.16043755\n   -2.64281007]\n [ -1.33363923  86.85928168 -70.92238888  11.00108887 -12.80098089\n  -17.55977198]\n [  5.98982407 -70.92238888  76.17341598  -6.19567155  18.60064903\n    2.29573583]\n [  0.63440236  11.00108887  -6.19567155   4.2104763   -0.61191614\n   -4.83543563]\n [  2.16043755 -12.80098089  18.60064903  -0.61191614   7.21156341\n   -3.02566103]\n [ -2.64281007 -17.55977198   2.29573583  -4.83543563  -3.02566103\n   14.546429  ]]", "nfev": "210", "njev": "30", "status": "0", "success": "True", "message": "Optimization terminated successfully.", "x": "[0.28964857 5.79980994 7.59838629 1.78300334 5.14236036 3.61718782]", "nit": "27", "callback": [0.22319022378724895, 0.20655658152802492]}, "9": {"maxiter": 500, "gtol": 1e-05, "xrtol": 1e-05, "eps": 1e-10, "duration": 0.04815793037414551, "fun": "0.20650100955239603", "jac": "[ 1.11022293e-06 -2.22044587e-06  0.00000000e+00 -3.33066880e-06\n  3.33066880e-06  2.22044587e-06]", "hess_inv": "[[  3.26970137  -1.69605945   6.33014804   0.54864302   2.23916383\n   -2.61171132]\n [ -1.69605945  88.63292752 -73.41172572  11.49326755 -13.56464618\n  -16.84983708]\n [  6.33014804 -73.41172572  79.02513693  -6.78731421  19.26460891\n    1.99137991]\n [  0.54864302  11.49326755  -6.78731421   4.29875996  -0.8005344\n   -4.79178555]\n [  2.23916383 -13.56464618  19.26460891  -0.8005344    7.30218106\n   -2.89471235]\n [ -2.61171132 -16.84983708   1.99137991  -4.79178555  -2.89471235\n   14.07758384]]", "nfev": "210", "njev": "30", "status": "0", "success": "True", "message": "Optimization terminated successfully.", "x": "[0.29024149 5.80076029 7.5980655  1.78361722 5.14276366 3.61680903]", "nit": "27", "callback": [0.22318849935375173, 0.206557614755999]}, "10": {"maxiter": 500, "gtol": 1e-05, "xrtol": 1e-10, "eps": 1e-05, "duration": 0.04824113845825195, "fun": "0.20650100959567785", "jac": "[ 2.14928075e-06 -1.50180979e-06 -3.49205109e-06 -5.99542638e-07\n  4.32145431e-06 -3.79252185e-07]", "hess_inv": "[[  3.25446924  -1.33363923   5.98982407   0.63440236   2.16043755\n   -2.64281007]\n [ -1.33363923  86.85928168 -70.92238888  11.00108887 -12.80098089\n  -17.55977198]\n [  5.98982407 -70.92238888  76.17341598  -6.19567155  18.60064903\n    2.29573583]\n [  0.63440236  11.00108887  -6.19567155   4.2104763   -0.61191614\n   -4.83543563]\n [  2.16043755 -12.80098089  18.60064903  -0.61191614   7.21156341\n   -3.02566103]\n [ -2.64281007 -17.55977198   2.29573583  -4.83543563  -3.02566103\n   14.546429  ]]", "nfev": "210", "njev": "30", "status": "0", "success": "True", "message": "Optimization terminated successfully.", "x": "[0.28964857 5.79980994 7.59838629 1.78300334 5.14236036 3.61718782]", "nit": "27", "callback": [0.22319022378724895, 0.20655658152802492]}, "11": {"maxiter": 500, "gtol": 1e-05, "xrtol": 1e-10, "eps": 1e-10, "duration": 0.048887014389038086, "fun": "0.20650100955239603", "jac": "[ 1.11022293e-06 -2.22044587e-06  0.00000000e+00 -3.33066880e-06\n  3.33066880e-06  2.22044587e-06]", "hess_inv": "[[  3.26970137  -1.69605945   6.33014804   0.54864302   2.23916383\n   -2.61171132]\n [ -1.69605945  88.63292752 -73.41172572  11.49326755 -13.56464618\n  -16.84983708]\n [  6.33014804 -73.41172572  79.02513693  -6.78731421  19.26460891\n    1.99137991]\n [  0.54864302  11.49326755  -6.78731421   4.29875996  -0.8005344\n   -4.79178555]\n [  2.23916383 -13.56464618  19.26460891  -0.8005344    7.30218106\n   -2.89471235]\n [ -2.61171132 -16.84983708   1.99137991  -4.79178555  -2.89471235\n   14.07758384]]", "nfev": "210", "njev": "30", "status": "0", "success": "True", "message": "Optimization terminated successfully.", "x": "[0.29024149 5.80076029 7.5980655  1.78361722 5.14276366 3.61680903]", "nit": "27", "callback": [0.22318849935375173, 0.206557614755999]}, "12": {"maxiter": 500, "gtol": 1e-10, "xrtol": 1e-05, "eps": 1e-05, "duration": 0.05027031898498535, "fun": "0.2065010094976465", "jac": "[ 2.02936556e-06 -6.30739905e-07 -1.21762600e-06  1.33935085e-06\n  2.22741825e-06  4.91706675e-07]", "hess_inv": "[[  3.22134942  -1.84931637   6.45301679   0.60866206   2.1663923\n   -2.53116799]\n [ -1.84931637  92.65340412 -77.71648899  11.32004348 -14.0593144\n  -17.30648639]\n [  6.45301679 -77.71648899  83.88673973  -6.56493382  19.88628462\n    2.23900442]\n [  0.60866206  11.32004348  -6.56493382   4.22794545  -0.67763304\n   -4.82598739]\n [  2.1663923  -14.0593144   19.88628462  -0.67763304   7.34254099\n   -2.90059469]\n [ -2.53116799 -17.30648639   2.23900442  -4.82598739  -2.90059469\n   14.32962727]]", "nfev": "217", "njev": "31", "status": "0", "success": "True", "message": "Optimization terminated successfully.", "x": "[0.28965145 5.79974265 7.59845962 1.78299974 5.1423708  3.61719016]", "nit": "28", "callback": [0.22319022378724895, 0.20655658152802492]}, "13": {"maxiter": 500, "gtol": 1e-10, "xrtol": 1e-05, "eps": 1e-10, "duration": 0.06729984283447266, "fun": "0.20650100955239603", "jac": "[ 4.44089173e-06 -2.22044587e-06 -2.22044587e-06 -3.33066880e-06\n  2.22044587e-06  2.22044587e-06]", "hess_inv": "[[ 3.45451660e+00 -1.19021893e-01  5.64083375e+00  9.29865882e-01\n   2.17846271e+00 -3.44080885e+00]\n [-1.19021893e-01  6.40345862e+01 -5.05268260e+01  8.01397531e+00\n  -8.53861035e+00 -1.34917597e+01]\n [ 5.64083375e+00 -5.05268260e+01  5.98505872e+01 -3.12009144e+00\n   1.53001719e+01 -2.80269187e+00]\n [ 9.29865882e-01  8.01397531e+00 -3.12009144e+00  3.89412200e+00\n   5.50344655e-02 -4.65633739e+00]\n [ 2.17846271e+00 -8.53861035e+00  1.53001719e+01  5.50344655e-02\n   6.51445197e+00 -4.14228283e+00]\n [-3.44080885e+00 -1.34917597e+01 -2.80269187e+00 -4.65633739e+00\n  -4.14228283e+00  1.49368477e+01]]", "nfev": "294", "njev": "42", "status": "0", "success": "True", "message": "Optimization terminated successfully.", "x": "[0.29024149 5.8007603  7.5980655  1.78361722 5.14276366 3.61680903]", "nit": "28", "callback": [0.22318849935375173, 0.206557614755999]}, "14": {"maxiter": 500, "gtol": 1e-10, "xrtol": 1e-10, "eps": 1e-05, "duration": 0.10939693450927734, "fun": "0.20650100948396843", "jac": "[ 1.50107704e-06  2.67286193e-07  9.74242909e-07  3.76388920e-06\n -5.12145881e-08  1.48606683e-06]", "hess_inv": "[[  35.51231248   87.9259573   -50.86782161   36.19835869   20.62719448\n   -25.67232474]\n [  87.9259573   300.26312628 -193.1085745   107.61909056   41.72795816\n   -79.15700141]\n [ -50.86782161 -193.1085745   139.58204059  -66.97935361  -17.55444584\n    40.7153547 ]\n [  36.19835869  107.61909056  -66.97935361   43.24168768   19.96743956\n   -30.17364828]\n [  20.62719448   41.72795816  -17.55444584   19.96743956   17.41567119\n   -16.39441455]\n [ -25.67232474  -79.15700141   40.7153547   -30.17364828  -16.39441455\n    30.76402265]]", "nfev": "480", "njev": "67", "status": "2", "success": "False", "message": "Desired error not necessarily achieved due to precision loss.", "x": "[0.28962183 5.79964059 7.59853314 1.78296663 5.14235571 3.6172124 ]", "nit": "30", "callback": [0.22319022378724895, 0.20655658152802492, 0.20650100948396843]}, "15": {"maxiter": 500, "gtol": 1e-10, "xrtol": 1e-10, "eps": 1e-10, "duration": 0.0676259994506836, "fun": "0.20650100955239603", "jac": "[ 4.44089173e-06 -2.22044587e-06 -2.22044587e-06 -3.33066880e-06\n  2.22044587e-06  2.22044587e-06]", "hess_inv": "[[ 3.45451660e+00 -1.19021893e-01  5.64083375e+00  9.29865882e-01\n   2.17846271e+00 -3.44080885e+00]\n [-1.19021893e-01  6.40345862e+01 -5.05268260e+01  8.01397531e+00\n  -8.53861035e+00 -1.34917597e+01]\n [ 5.64083375e+00 -5.05268260e+01  5.98505872e+01 -3.12009144e+00\n   1.53001719e+01 -2.80269187e+00]\n [ 9.29865882e-01  8.01397531e+00 -3.12009144e+00  3.89412200e+00\n   5.50344655e-02 -4.65633739e+00]\n [ 2.17846271e+00 -8.53861035e+00  1.53001719e+01  5.50344655e-02\n   6.51445197e+00 -4.14228283e+00]\n [-3.44080885e+00 -1.34917597e+01 -2.80269187e+00 -4.65633739e+00\n  -4.14228283e+00  1.49368477e+01]]", "nfev": "294", "njev": "42", "status": "0", "success": "True", "message": "Optimization terminated successfully.", "x": "[0.29024149 5.8007603  7.5980655  1.78361722 5.14276366 3.61680903]", "nit": "28", "callback": [0.22318849935375173, 0.206557614755999]}, "16": {"maxiter": 1000, "gtol": 1e-05, "xrtol": 1e-05, "eps": 1e-05, "duration": 0.04894518852233887, "fun": "0.20650100959567785", "jac": "[ 2.14928075e-06 -1.50180979e-06 -3.49205109e-06 -5.99542638e-07\n  4.32145431e-06 -3.79252185e-07]", "hess_inv