{"conf_id": 4, "data_type": "random\n", "num_data_points": 1, "s_rank": 0, "unitary": "[[-0.24866696+0.58742286j,-0.44704345-0.43151574j,-0.35669027-0.20570733j,-0.10517633+0.1626036j],[0.10596805-0.19687975j,-0.30269685-0.15056416j,0.18246286+0.30440582j,-0.83484447-0.11310748j],[0.26054512-0.52548482j,0.0285017-0.50723956j,-0.43110112+0.17165838j,0.15243271+0.39915801j],[0.42978035+0.11991271j,-0.17224126-0.46030424j,0.6827807-0.15164662j,0.26483638+0.0061855j]]", "databatch_0": {"databatch": "[[[-1.86404538e-01-0.19259899j,-6.85340488e-02+0.11842998j,-1.63851806e-06-0.05996791j,-1.03677229e-01+0.01531896j],[-2.65995868e-01-0.50623005j,-2.11416620e-01+0.20131763j,3.60011212e-02-0.12277505j,-2.21458870e-01-0.0308844j],[-5.70888063e-02-0.15909095j,-7.01431363e-02+0.05025294j,1.55751576e-02-0.03446009j,-6.35555244e-02-0.01812637j],[-4.61429177e-01+0.20716543j,1.66173039e-01+0.19763561j,-1.06418679e-01-0.03848873j,-3.93626920e-02+0.19381594j]]]", "nelder_mead": {"0": {"maxiter": 100, "fatol": 1e-05, "xatol": 1e-05, "duration": 0.03786301612854004, "fun": "0.05272959917783737", "nit": "100", "nfev": "157", "status": "2", "success": "False", "message": "Maximum number of iterations has been exceeded.", "x": "[ 6.23867525  3.50999621  3.89600109 -1.50309804  2.51880126  4.02462108]", "final_simplex": "(array([[ 6.23867525,  3.50999621,  3.89600109, -1.50309804,  2.51880126,\n         4.02462108],\n       [ 6.24666538,  3.42025765,  3.96801898, -1.45115014,  2.51937906,\n         4.03097576],\n       [ 6.2179788 ,  3.48266645,  3.93432136, -1.4803258 ,  2.55395876,\n         4.08993376],\n       [ 6.20347716,  3.48734837,  3.94881029, -1.45567643,  2.60688236,\n         4.06082833],\n       [ 6.25772547,  3.45621636,  3.85203247, -1.4888171 ,  2.56240082,\n         4.0829645 ],\n       [ 6.25395597,  3.47795636,  3.82703267, -1.57355386,  2.60484503,\n         4.10282864],\n       [ 6.27976673,  3.46021334,  3.96059898, -1.50584927,  2.55675409,\n         4.01712038]]), array([0.0527296 , 0.05440115, 0.05620978, 0.05631789, 0.05704067,\n       0.05721411, 0.05793807]))"}, "1": {"maxiter": 100, "fatol": 1e-05, "xatol": 1e-10, "duration": 0.03862404823303223, "fun": "0.05272959917783737", "nit": "100", "nfev": "157", "status": "2", "success": "False", "message": "Maximum number of iterations has been exceeded.", "x": "[ 6.23867525  3.50999621  3.89600109 -1.50309804  2.51880126  4.02462108]", "final_simplex": "(array([[ 6.23867525,  3.50999621,  3.89600109, -1.50309804,  2.51880126,\n         4.02462108],\n       [ 6.24666538,  3.42025765,  3.96801898, -1.45115014,  2.51937906,\n         4.03097576],\n       [ 6.2179788 ,  3.48266645,  3.93432136, -1.4803258 ,  2.55395876,\n         4.08993376],\n       [ 6.20347716,  3.48734837,  3.94881029, -1.45567643,  2.60688236,\n         4.06082833],\n       [ 6.25772547,  3.45621636,  3.85203247, -1.4888171 ,  2.56240082,\n         4.0829645 ],\n       [ 6.25395597,  3.47795636,  3.82703267, -1.57355386,  2.60484503,\n         4.10282864],\n       [ 6.27976673,  3.46021334,  3.96059898, -1.50584927,  2.55675409,\n         4.01712038]]), array([0.0527296 , 0.05440115, 0.05620978, 0.05631789, 0.05704067,\n       0.05721411, 0.05793807]))"}, "2": {"maxiter": 100, "fatol": 1e-10, "xatol": 1e-05, "duration": 0.03802299499511719, "fun": "0.05272959917783737", "nit": "100", "nfev": "157", "status": "2", "success": "False", "message": "Maximum number of iterations has been exceeded.", "x": "[ 6.23867525  3.50999621  3.89600109 -1.50309804  2.51880126  4.02462108]", "final_simplex": "(array([[ 6.23867525,  3.50999621,  3.89600109, -1.50309804,  2.51880126,\n         4.02462108],\n       [ 6.24666538,  3.42025765,  3.96801898, -1.45115014,  2.51937906,\n         4.03097576],\n       [ 6.2179788 ,  3.48266645,  3.93432136, -1.4803258 ,  2.55395876,\n         4.08993376],\n       [ 6.20347716,  3.48734837,  3.94881029, -1.45567643,  2.60688236,\n         4.06082833],\n       [ 6.25772547,  3.45621636,  3.85203247, -1.4888171 ,  2.56240082,\n         4.0829645 ],\n       [ 6.25395597,  3.47795636,  3.82703267, -1.57355386,  2.60484503,\n         4.10282864],\n       [ 6.27976673,  3.46021334,  3.96059898, -1.50584927,  2.55675409,\n         4.01712038]]), array([0.0527296 , 0.05440115, 0.05620978, 0.05631789, 0.05704067,\n       0.05721411, 0.05793807]))"}, "3": {"maxiter": 100, "fatol": 1e-10, "xatol": 1e-10, "duration": 0.037831783294677734, "fun": "0.05272959917783737", "nit": "100", "nfev": "157", "status": "2", "success": "False", "message": "Maximum number of iterations has been exceeded.", "x": "[ 6.23867525  3.50999621  3.89600109 -1.50309804  2.51880126  4.02462108]", "final_simplex": "(array([[ 6.23867525,  3.50999621,  3.89600109, -1.50309804,  2.51880126,\n         4.02462108],\n       [ 6.24666538,  3.42025765,  3.96801898, -1.45115014,  2.51937906,\n         4.03097576],\n       [ 6.2179788 ,  3.48266645,  3.93432136, -1.4803258 ,  2.55395876,\n         4.08993376],\n       [ 6.20347716,  3.48734837,  3.94881029, -1.45567643,  2.60688236,\n         4.06082833],\n       [ 6.25772547,  3.45621636,  3.85203247, -1.4888171 ,  2.56240082,\n         4.0829645 ],\n       [ 6.25395597,  3.47795636,  3.82703267, -1.57355386,  2.60484503,\n         4.10282864],\n       [ 6.27976673,  3.46021334,  3.96059898, -1.50584927,  2.55675409,\n         4.01712038]]), array([0.0527296 , 0.05440115, 0.05620978, 0.05631789, 0.05704067,\n       0.05721411, 0.05793807]))"}, "4": {"maxiter": 500, "fatol": 1e-05, "xatol": 1e-05, "duration": 0.11344313621520996, "fun": "0.0007519158534705639", "nit": "286", "nfev": "466", "status": "0", "success": "True", "message": "Optimization terminated successfully.", "x": "[ 5.25457845  3.90270573  3.42066769 -1.58319503  2.13800757  2.7867383 ]", "final_simplex": "(array([[ 5.25457845,  3.90270573,  3.42066769, -1.58319503,  2.13800757,\n         2.7867383 ],\n       [ 5.25457476,  3.90271161,  3.42066285, -1.58319041,  2.13800045,\n         2.78673243],\n       [ 5.25458069,  3.90270999,  3.42066675, -1.58319339,  2.1380092 ,\n         2.78674443],\n       [ 5.25458621,  3.90270939,  3.42066616, -1.58319228,  2.13800744,\n         2.78674263],\n       [ 5.25457045,  3.90271226,  3.42066181, -1.58318889,  2.13800325,\n         2.78672952],\n       [ 5.25457439,  3.90271117,  3.42066502, -1.58319162,  2.13800495,\n         2.78673298],\n       [ 5.25458149,  3.90270939,  3.42066418, -1.58319358,  2.138006  ,\n         2.78673982]]), array([0.00075192, 0.00075192, 0.00075192, 0.00075192, 0.00075192,\n       0.00075192, 0.00075192]))"}, "5": {"maxiter": 500, "fatol": 1e-05, "xatol": 1e-10, "duration": 0.14557695388793945, "fun": "0.0007519158534705639", "nit": "303", "nfev": "602", "status": "0", "success": "True", "message": "Optimization terminated successfully.", "x": "[ 5.25457845  3.90270573  3.42066769 -1.58319503  2.13800757  2.7867383 ]", "final_simplex": "(array([[ 5.25457845,  3.90270573,  3.42066769, -1.58319503,  2.13800757,\n         2.7867383 ],\n       [ 5.25457845,  3.90270573,  3.42066769, -1.58319503,  2.13800757,\n         2.7867383 ],\n       [ 5.25457845,  3.90270573,  3.42066769, -1.58319503,  2.13800757,\n         2.7867383 ],\n       [ 5.25457845,  3.90270573,  3.42066769, -1.58319503,  2.13800757,\n         2.7867383 ],\n       [ 5.25457845,  3.90270573,  3.42066769, -1.58319503,  2.13800757,\n         2.7867383 ],\n       [ 5.25457845,  3.90270573,  3.42066769, -1.58319503,  2.13800757,\n         2.7867383 ],\n       [ 5.25457845,  3.90270573,  3.42066769, -1.58319503,  2.13800757,\n         2.7867383 ]]), array([0.00075192, 0.00075192, 0.00075192, 0.00075192, 0.00075192,\n       0.00075192, 0.00075192]))"}, "6": {"maxiter": 500, "fatol": 1e-10, "xatol": 1e-05, "duration": 0.11443591117858887, "fun": "0.0007519158534705639", "nit": "286", "nfev": "466", "status": "0", "success": "True", "message": "Optimization terminated successfully.", "x": "[ 5.25457845  3.90270573  3.42066769 -1.58319503  2.13800757  2.7867383 ]", "final_simplex": "(array([[ 5.25457845,  3.90270573,  3.42066769, -1.58319503,  2.13800757,\n         2.7867383 ],\n       [ 5.25457476,  3.90271161,  3.42066285, -1.58319041,  2.13800045,\n         2.78673243],\n       [ 5.25458069,  3.90270999,  3.42066675, -1.58319339,  2.1380092 ,\n         2.78674443],\n       [ 5.25458621,  3.90270939,  3.42066616, -1.58319228,  2.13800744,\n         2.78674263],\n       [ 5.25457045,  3.90271226,  3.42066181, -1.58318889,  2.13800325,\n         2.78672952],\n       [ 5.25457439,  3.90271117,  3.42066502, -1.58319162,  2.13800495,\n         2.78673298],\n       [ 5.25458149,  3.90270939,  3.42066418, -1.58319358,  2.138006  ,\n         2.78673982]]), array([0.00075192, 0.00075192, 0.00075192, 0.00075192, 0.00075192,\n       0.00075192, 0.00075192]))"}, "7": {"maxiter": 500, "fatol": 1e-10, "xatol": 1e-10, "duration": 0.1448068618774414, "fun": "0.0007519158534705639", "nit": "303", "nfev": "602", "status": "0", "success": "True", "message": "Optimization terminated successfully.", "x": "[ 5.25457845  3.90270573  3.42066769 -1.58319503  2.13800757  2.7867383 ]", "final_simplex": "(array([[ 5.25457845,  3.90270573,  3.42066769, -1.58319503,  2.13800757,\n         2.7867383 ],\n       [ 5.25457845,  3.90270573,  3.42066769, -1.58319503,  2.13800757,\n         2.7867383 ],\n       [ 5.25457845,  3.90270573,  3.42066769, -1.58319503,  2.13800757,\n         2.7867383 ],\n       [ 5.25457845,  3.90270573,  3.42066769, -1.58319503,  2.13800757,\n         2.7867383 ],\n       [ 5.25457845,  3.90270573,  3.42066769, -1.58319503,  2.13800757,\n         2.7867383 ],\n       [ 5.25457845,  3.90270573,  3.42066769, -1.58319503,  2.13800757,\n         2.7867383 ],\n       [ 5.25457845,  3.90270573,  3.42066769, -1.58319503,  2.13800757,\n         2.7867383 ]]), array([0.00075192, 0.00075192, 0.00075192, 0.00075192, 0.00075192,\n       0.00075192, 0.00075192]))"}, "8": {"maxiter": 1000, "fatol": 1e-05, "xatol": 1e-05, "duration": 0.11096978187561035, "fun": "0.0007519158534705639", "nit": "286", "nfev": "466", "status": "0", "success": "True", "message": "Optimization terminated successfully.", "x": "[ 5.25457845  3.90270573  3.42066769 -1.58319503  2.13800757  2.7867383 ]", "final_simplex": "(array([[ 5.25457845,  3.90270573,  3.42066769, -1.58319503,  2.13800757,\n         2.7867383 ],\n       [ 5.25457476,  3.90271161,  3.42066285, -1.58319041,  2.13800045,\n         2.78673243],\n       [ 5.25458069,  3.90270999,  3.42066675, -1.58319339,  2.1380092 ,\n         2.78674443],\n       [ 5.25458621,  3.90270939,  3.42066616, -1.58319228,  2.13800744,\n         2.78674263],\n       [ 5.25457045,  3.90271226,  3.42066181, -1.58318889,  2.13800325,\n         2.78672952],\n       [ 5.25457439,  3.90271117,  3.42066502, -1.58319162,  2.13800495,\n         2.78673298],\n       [ 5.25458149,  3.90270939,  3.42066418, -1.58319358,  2.138006  ,\n         2.78673982]]), array([0.00075192, 0.00075192, 0.00075192, 0.00075192, 0.00075192,\n       0.00075192, 0.00075192]))"}, "9": {"maxiter": 1000, "fatol": 1e-05, "xatol": 1e-10, "duration": 0.14774775505065918, "fun": "0.0007519158534705639", "nit": "303", "nfev": "602", "status": "0", "success": "True", "message": "Optimization terminated successfully.", "x": "[ 5.25457845  3.90270573  3.42066769 -1.58319503  2.13800757  2.7867383 ]", "final_simplex": "(array([[ 5.25457845,  3.90270573,  3.42066769, -1.58319503,  2.13800757,\n         2.7867383 ],\n       [ 5.25457845,  3.90270573,  3.42066769, -1.58319503,  2.13800757,\n         2.7867383 ],\n       [ 5.25457845,  3.90270573,  3.42066769, -1.58319503,  2.13800757,\n         2.7867383 ],\n       [ 5.25457845,  3.90270573,  3.42066769, -1.58319503,  2.13800757,\n         2.7867383 ],\n       [ 5.25457845,  3.90270573,  3.42066769, -1.58319503,  2.13800757,\n         2.7867383 ],\n       [ 5.25457845,  3.90270573,  3.42066769, -1.58319503,  2.13800757,\n         2.7867383 ],\n       [ 5.25457845,  3.90270573,  3.42066769, -1.58319503,  2.13800757,\n         2.7867383 ]]), array([0.00075192, 0.00075192, 0.00075192, 0.00075192, 0.00075192,\n       0.00075192, 0.00075192]))"}, "10": {"maxiter": 1000, "fatol": 1e-10, "xatol": 1e-05, "duration": 0.11738204956054688, "fun": "0.0007519158534705639", "nit": "286", "nfev": "466", "status": "0", "success": "True", "message": "Optimization terminated successfully.", "x": "[ 5.25457845  3.90270573  3.42066769 -1.58319503  2.13800757  2.7867383 ]", "final_simplex": "(array([[ 5.25457845,  3.90270573,  3.42066769, -1.58319503,  2.13800757,\n         2.7867383 ],\n       [ 5.25457476,  3.90271161,  3.42066285, -1.58319041,  2.13800045,\n         2.78673243],\n       [ 5.25458069,  3.90270999,  3.42066675, -1.58319339,  2.1380092 ,\n         2.78674443],\n       [ 5.25458621,  3.90270939,  3.42066616, -1.58319228,  2.13800744,\n         2.78674263],\n       [ 5.25457045,  3.90271226,  3.42066181, -1.58318889,  2.13800325,\n         2.78672952],\n       [ 5.25457439,  3.90271117,  3.42066502, -1.58319162,  2.13800495,\n         2.78673298],\n       [ 5.25458149,  3.90270939,  3.42066418, -1.58319358,  2.138006  ,\n         2.78673982]]), array([0.00075192, 0.00075192, 0.00075192, 0.00075192, 0.00075192,\n       0.00075192, 0.00075192]))"}, "11": {"maxiter": 1000, "fatol": 1e-10, "xatol": 1e-10, "duration": 0.14432001113891602, "fun": "0.0007519158534705639", "nit": "303", "nfev": "602", "status": "0", "success": "True", "message": "Optimization terminated successfully.", "x": "[ 5.25457845  3.90270573  3.42066769 -1.58319503  2.13800757  2.7867383 ]", "final_simplex": "(array([[ 5.25457845,  3.90270573,  3.42066769, -1.58319503,  2.13800757,\n         2.7867383 ],\n       [ 5.25457845,  3.90270573,  3.42066769, -1.58319503,  2.13800757,\n         2.7867383 ],\n       [ 5.25457845,  3.90270573,  3.42066769, -1.58319503,  2.13800757,\n         2.7867383 ],\n       [ 5.25457845,  3.90270573,  3.42066769, -1.58319503,  2.13800757,\n         2.7867383 ],\n       [ 5.25457845,  3.90270573,  3.42066769, -1.58319503,  2.13800757,\n         2.7867383 ],\n       [ 5.25457845,  3.90270573,  3.42066769, -1.58319503,  2.13800757,\n         2.7867383 ],\n       [ 5.25457845,  3.90270573,  3.42066769, -1.58319503,  2.13800757,\n         2.7867383 ]]), array([0.00075192, 0.00075192, 0.00075192, 0.00075192, 0.00075192,\n       0.00075192, 0.00075192]))"}}, "bfgs": {"0": {"maxiter": 100, "gtol": 1e-05, "xrtol": 1e-05, "eps": 1e-05, "duration": 0.1530747413635254, "fun": "0.0007519169012084603", "jac": "[ 1.74622983e-05 -1.16415322e-05  1.74622983e-05  0.00000000e+00\n  1.74622983e-05  1.16415322e-05]", "hess_inv": "[[ 3.02062977e+00  2.14971013e+00  1.49063168e+00 -1.45697802e-01\n   1.53811164e+00 -1.60425893e+00]\n [ 2.14971013e+00  2.05398677e+02  2.02262677e+02 -5.12433379e+00\n  -1.62705952e+01  7.29411605e+00]\n [ 1.49063168e+00  2.02262677e+02  2.02447028e+02 -3.35246279e+00\n  -1.78518189e+01  8.70641679e+00]\n [-1.45697802e-01 -5.12433379e+00 -3.35246279e+00  2.98799191e+00\n  -1.31030032e+00  1.69076915e+00]\n [ 1.53811164e+00 -1.62705952e+01 -1.78518189e+01 -1.31030032e+00\n   1.00323099e+01 -1.03385901e+01]\n [-1.60425893e+00  7.29411605e+00  8.70641679e+00  1.69076915e+00\n  -1.03385901e+01  1.56151905e+01]]", "nfev": "627", "njev": "88", "status": "2", "success": "False", "message": "Desired error not necessarily achieved due to precision loss.", "x": "[3.26744929 0.37756311 5.21509625 6.89620595 5.53496675 3.59818433]", "nit": "30"}, "1": {"maxiter": 100, "gtol": 1e-05, "xrtol": 1e-05, "eps": 1e-10, "duration": 0.0018610954284667969, "fun": "0.935034990310669", "jac": "[0. 0. 0. 0. 0. 0.]", "hess_inv": "[[1 0 0 0 0 0]\n [0 1 0 0 0 0]\n [0 0 1 0 0 0]\n [0 0 0 1 0 0]\n [0 0 0 0 1 0]\n [0 0 0 0 0 1]]", "nfev": "7", "njev": "1", "status": "0", "success": "True", "message": "Optimization terminated successfully.", "x": "[2.84164631 2.85732288 4.24944819 5.52864574 6.10364415 4.49733905]", "nit": "0"}, "2": {"maxiter": 100, "gtol": 1e-05, "xrtol": 1e-10, "eps": 1e-05, "duration": 0.1499309539794922, "fun": "0.0007519169012084603", "jac": "[ 1.74622983e-05 -1.16415322e-05  1.74622983e-05  0.00000000e+00\n  1.74622983e-05  1.16415322e-05]", "hess_inv": "[[ 3.02062977e+00  2.14971013e+00  1.49063168e+00 -1.45697802e-01\n   1.53811164e+00 -1.60425893e+00]\n [ 2.14971013e+00  2.05398677e+02  2.02262677e+02 -5.12433379e+00\n  -1.62705952e+01  7.29411605e+00]\n [ 1.49063168e+00  2.02262677e+02  2.02447028e+02 -3.35246279e+00\n  -1.78518189e+01  8.70641679e+00]\n [-1.45697802e-01 -5.12433379e+00 -3.35246279e+00  2.98799191e+00\n  -1.31030032e+00  1.69076915e+00]\n [ 1.53811164e+00 -1.62705952e+01 -1.78518189e+01 -1.31030032e+00\n   1.00323099e+01 -1.03385901e+01]\n [-1.60425893e+00  7.29411605e+00  8.70641679e+00  1.69076915e+00\n  -1.03385901e+01  1.56151905e+01]]", "nfev": "627", "njev": "88", "status": "2", "success": "False", "message": "Desired error not necessarily achieved due to precision loss.", "x": "[3.26744929 0.37756311 5.21509625 6.89620595 5.53496675 3.59818433]", "nit": "30"}, "3": {"maxiter": 100, "gtol": 1e-05, "xrtol": 1e-10, "eps": 1e-10, "duration": 0.0017728805541992188, "fun": "0.935034990310669", "jac": "[0. 0. 0. 0. 0. 0.]", "hess_inv": "[[1 0 0 0 0 0]\n [0 1 0 0 0 0]\n [0 0 1 0 0 0]\n [0 0 0 1 0 0]\n [0 0 0 0 1 0]\n [0 0 0 0 0 1]]", "nfev": "7", "njev": "1", "status": "0", "success": "True", "message": "Optimization terminated successfully.", "x": "[2.84164631 2.85732288 4.24944819 5.52864574 6.10364415 4.49733905]", "nit": "0"}, "4": {"maxiter": 100, "gtol": 1e-10, "xrtol": 1e-05, "eps": 1e-05, "duration": 0.15308189392089844, "fun": "0.0007519169012084603", "jac": "[ 1.74622983e-05 -1.16415322e-05  1.74622983e-05  0.00000000e+00\n  1.74622983e-05  1.16415322e-05]", "hess_inv": "[[ 3.02062977e+00  2.14971013e+00  1.49063168e+00 -1.45697802e-01\n   1.53811164e+00 -1.60425893e+00]\n [ 2.14971013e+00  2.05398677e+02  2.02262677e+02 -5.12433379e+00\n  -1.62705952e+01  7.29411605e+00]\n [ 1.49063168e+00  2.02262677e+02  2.02447028e+02 -3.35246279e+00\n  -1.78518189e+01  8.70641679e+00]\n [-1.45697802e-01 -5.12433379e+00 -3.35246279e+00  2.98799191e+00\n  -1.31030032e+00  1.69076915e+00]\n [ 1.53811164e+00 -1.62705952e+01 -1.78518189e+01 -1.31030032e+00\n   1.00323099e+01 -1.03385901e+01]\n [-1.60425893e+00  7.29411605e+00  8.70641679e+00  1.69076915e+00\n  -1.03385901e+01  1.56151905e+01]]", "nfev": "627", "njev": "88", "status": "2", "success": "False", "message": "Desired error not necessarily achieved due to precision loss.", "x": "[3.26744929 0.37756311 5.21509625 6.89620595 5.53496675 3.59818433]", "nit": "30"}, "5": {"maxiter": 100, "gtol": 1e-10, "xrtol": 1e-05, "eps": 1e-10, "duration": 0.0016829967498779297, "fun": "0.935034990310669", "jac": "[0. 0. 0. 0. 0. 0.]", "hess_inv": "[[1 0 0 0 0 0]\n [0 1 0 0 0 0]\n [0 0 1 0 0 0]\n [0 0 0 1 0 0]\n [0 0 0 0 1 0]\n [0 0 0 0 0 1]]", "nfev": "7", "njev": "1", "status": "0", "success": "True", "message": "Optimization terminated successfully.", "x": "[2.84164631 2.85732288 4.24944819 5.52864574 6.10364415 4.49733905]", "nit": "0"}, "6": {"maxiter": 100, "gtol": 1e-10, "xrtol": 1e-10, "eps": 1e-05, "duration": 0.15159106254577637, "fun": "0.0007519169012084603", "jac": "[ 1.74622983e-05 -1.16415322e-05  1.74622983e-05  0.00000000e+00\n  1.74622983e-05  1.16415322e-05]", "hess_inv": "[[ 3.02062977e+00  2.14971013e+00  1.49063168e+00 -1.45697802e-01\n   1.53811164e+00 -1.60425893e+00]\n [ 2.14971013e+00  2.05398677e+02  2.02262677e+02 -5.12433379e+00\n  -1.62705952e+01  7.29411605e+00]\n [ 1.49063168e+00  2.02262677e+02  2.02447028e+02 -3.35246279e+00\n  -1.78518189e+01  8.70641679e+00]\n [-1.45697802e-01 -5.12433379e+00 -3.35246279e+00  2.98799191e+00\n  -1.31030032e+00  1.69076915e+00]\n [ 1.53811164e+00 -1.62705952e+01 -1.78518189e+01 -1.31030032e+00\n   1.00323099e+01 -1.03385901e+01]\n [-1.60425893e+00  7.29411605e+00  8.70641679e+00  1.69076915e+00\n  -1.03385901e+01  1.56151905e+01]]", "nfev": "627", "njev": "88", "status": "2", "success": "False", "message": "Desired error not necessarily achieved due to precision loss.", "x": "[3.26744929 0.37756311 5.21509625 6.89620595 5.53496675 3.59818433]", "nit": "30"}, "7": {"maxiter": 100, "gtol": 1e-10, "xrtol": 1e-10, "eps": 1e-10, "duration": 0.0018558502197265625, "fun": "0.935034990310669", "jac": "[0. 0. 0. 0. 0. 0.]", "hess_inv": "[[1 0 0 0 0 0]\n [0 1 0 0 0 0]\n [0 0 1 0 0 0]\n [0 0 0 1 0 0]\n [0 0 0 0 1 0]\n [0 0 0 0 0 1]]", "nfev": "7", "njev": "1", "status": "0", "success": "True", "message": "Optimization terminated successfully.", "x": "[2.84164631 2.85732288 4.24944819 5.52864574 6.10364415 4.49733905]", "nit": "0"}, "8": {"maxiter": 500, "gtol": 1e-05, "xrtol": 1e-05, "eps": 1e-05, "duration": 0.153609037399292, "fun": "0.0007519169012084603", "jac": "[ 1.74622983e-05 -1.16415322e-05  1.74622983e-05  0.00000000e+00\n  1.74622983e-05  1.16415322e-05]", "hess_inv": "[[ 3.02062977e+00  2.14971013e+00  1.49063168e+00 -1.45697802e-01\n   1.53811164e+00 -1.60425893e+00]\n [ 2.14971013e+00  2.05398677e+02  2.02262677e+02 -5.12433379e+00\n  -1.62705952e+01  7.29411605e+00]\n [ 1.49063168e+00  2.02262677e+02  2.02447028e+02 -3.35246279e+00\n  -1.78518189e+01  8.70641679e+00]\n [-1.45697802e-01 -5.12433379e+00 -3.35246279e+00  2.98799191e+00\n  -1.31030032e+00  1.69076915e+00]\n [ 1.53811164e+00 -1.62705952e+01 -1.78518189e+01 -1.31030032e+00\n   1.00323099e+01 -1.03385901e+01]\n [-1.60425893e+00  7.29411605e+00  8.70641679e+00  1.69076915e+00\n  -1.03385901e+01  1.56151905e+01]]", "nfev": "627", "njev": "88", "status": "2", "success": "False", "message": "Desired error not necessarily achieved due to precision loss.", "x": "[3.26744929 0.37756311 5.21509625 6.89620595 5.53496675 3.59818433]", "nit": "30"}, "9": {"maxiter": 500, "gtol": 1e-05, "xrtol": 1e-05, "eps": 1e-10, "duration": 0.0017430782318115234, "fun": "0.935034990310669", "jac": "[0. 0. 0. 0. 0. 0.]", "hess_inv": "[[1 0 0 0 0 0]\n [0 1 0 0 0 0]\n [0 0 1 0 0 0]\n [0 0 0 1 0 0]\n [0 0 0 0 1 0]\n [0 0 0 0 0 1]]", "nfev": "7", "njev": "1", "status": "0", "success": "True", "message": "Optimization terminated successfully.", "x": "[2.84164631 2.85732288 4.24944819 5.52864574 6.10364415 4.49733905]", "nit": "0"}, "10": {"maxiter": 500, "gtol": 1e-05, "xrtol": 1e-10, "eps": 1e-05, "duration": 0.15434598922729492, "fun": "0.0007519169012084603", "jac": "[ 1.74622983e-05 -1.16415322e-05  1.74622983e-05  0.00000000e+00\n  1.74622983e-05  1.16415322e-05]", "hess_inv": "[[ 3.02062977e+00  2.14971013e+00  1.49063168e+00 -1.45697802e-01\n   1.53811164e+00 -1.60425893e+00]\n [ 2.14971013e+00  2.05398677e+02  2.02262677e+02 -5.12433379e+00\n  -1.62705952e+01  7.29411605e+00]\n [ 1.49063168e+00  2.02262677e+02  2.02447028e+02 -3.35246279e+00\n  -1.78518189e+01  8.70641679e+00]\n [-1.45697802e-01 -5.12433379e+00 -3.35246279e+00  2.98799191e+00\n  -1.31030032e+00  1.69076915e+00]\n [ 1.53811164e+00 -1.62705952e+01 -1.78518189e+01 -1.31030032e+00\n   1.00323099e+01 -1.03385901e+01]\n [-1.60425893e+00  7.29411605e+00  8.70641679e+00  1.69076915e+00\n  -1.03385901e+01  1.56151905e+01]]", "nfev": "627", "njev": "88", "status": "2", "success": "False", "message": "Desired error not necessarily achieved due to precision loss.", "x": "[3.26744929 0.37756311 5.21509625 6.89620595 5.53496675 3.59818433]", "nit": "30"}, "11": {"maxiter": 500, "gtol": 1e-05, "xrtol": 1e-10, "eps": 1e-10, "duration": 0.0017561912536621094, "fun": "0.935034990310669", "jac": "[0. 0. 0. 0. 0. 0.]", "hess_inv": "[[1 0 0 0 0 0]\n [0 1 0 0 0 0]\n [0 0 1 0 0 0]\n [0 0 0 1 0 0]\n [0 0 0 0 1 0]\n [0 0 0 0 0 1]]", "nfev": "7", "njev": "1", "status": "0", "success": "True", "message": "Optimization terminated successfully.", "x": "[2.84164631 2.85732288 4.24944819 5.52864574 6.10364415 4.49733905]", "nit": "0"}, "12": {"maxiter": 500, "gtol": 1e-10, "xrtol": 1e-05, "eps": 1e-05, "duration": 0.15352416038513184, "fun": "0.0007519169012084603", "jac": "[ 1.74622983e-05 -1.16415322e-05  1.74622983e-05  0.00000000e+00\n  1.74622983e-05  1.16415322e-05]", "hess_inv": "[[ 3.02062977e+00  2.14971013e+00  1.49063168e+00 -1.45697802e-01\n   1.53811164e+00 -1.60425893e+00]\n [ 2.14971013e+00  2.05398677e+02  2.02262677e+02 -5.12433379e+00\n  -1.62705952e+01  7.29411605e+00]\n [ 1.49063168e+00  2.02262677e+02  2.02447028e+02 -3.35246279e+00\n  -1.78518189e+01  8.70641679e+00]\n [-1.45697802e-01 -5.12433379e+00 -3.35246279e+00  2.98799191e+00\n  -1.31030032e+00  1.69076915e+00]\n [ 1.53811164e+00 -1.62705952e+01 -1.78518189e+01 -1.31030032e+00\n   1.00323099e+01 -1.03385901e+01]\n [-1.60425893e+00  7.29411605e+00  8.70641679e+00  1.69076915e+00\n  -1.03385901e+01  1.56151905e+01]]", "nfev": "627", "njev": "88", "status": "2", "success": "False", "message": "Desired error not necessarily achieved due to precision loss.", "x": "[3.26744929 0.37756311 5.21509625 6.89620595 5.53496675 3.59818433]", "nit": "30"}, "13": {"maxiter": 500, "gtol": 1e-10, "xrtol": 1e-05, "eps": 1e-10, "duration": 0.0017981529235839844, "fun": "0.935034990310669", "jac": "[0. 0. 0. 0. 0. 0.]", "hess_inv": "[[1 0 0 0 0 0]\n [0 1 0 0 0 0]\n [0 0 1 0 0 0]\n [0 0 0 1 0 0]\n [0 0 0 0 1 0]\n [0 0 0 0 0 1]]", "nfev": "7", "njev": "1", "status": "0", "success": "True", "message": "Optimization terminated successfully.", "x": "[2.84164631 2.85732288 4.24944819 5.52864574 6.10364415 4.49733905]", "nit": "0"}, "14": {"maxiter": 500, "gtol": 1e-10, "xrtol": 1e-10, "eps": 1e-05, "duration": 0.15398192405700684, "fun": "0.0007519169012084603", "jac": "[ 1.74622983e-05 -1.16415322e-05  1.74622983e-05  0.00000000e+00\n  1.74622983e-05  1.16415322e-05]", "hess_inv": "[[ 3.02062977e+00  2.14971013e+00  1.49063168e+00 -1.45697802e-01\n   1.53811164e+00 -1.60425893e+00]\n [ 2.14971013e+00  2.05398677e+02  2.02262677e+02 -5.12433379e+00\n  -1.62705952e+01  7.29411605e+00]\n [ 1.49063168e+00  2.02262677e+02  2.02447028e+02 -3.35246279e+00\n  -1.78518189e+01  8.70641679e+00]\n [-1.45697802e-01 -5.12433379e+00 -3.35246279e+00  2.98799191e+00\n  -1.31030032e+00  1.69076915e+00]\n [ 1.53811164e+00 -1.62705952e+01 -1.78518189e+01 -1.31030032e+00\n   1.00323099e+01 -1.03385901e+01]\n [-1.60425893e+00  7.29411605e+00  8.70641679e+00  1.69076915e+00\n  -1.03385901e+01  1.56151905e+01]]", "nfev": "627", "njev": "88", "status": "2", "success": "False", "message": "Desired error not necessarily achieved due to precision loss.", "x": "[3.26744929 0.37756311 5.21509625 6.89620595 5.53496675 3.59818433]", "nit": "30"}, "15": {"maxiter": 500, "gtol": 1e-10, "xrtol": 1e-10, "eps": 1e-10, "duration": 0.00189208984375, "fun": "0.935034990310669", "jac": "[0. 0. 0. 0. 0. 0.]", "hess_inv": "[[1 0 0 0 0 0]\n [0 1 0 0 0 0]\n [0 0 1 0 0 0]\n [0 0 0 1 0 0]\n [0 0 0 0 1 0]\n [0 0 0 0 0 1]]", "nfev": "7", "njev": "1", "status": "0", "success": "True", "message": "Optimization terminated successfully.", "x": "[2.84164631 2.85732288 4.24944819 5.52864574 6.10364415 4.49733905]", "nit": "0"}, "16": {"maxiter": 1000, "gtol": 1e-05, "xrtol": 1e-05, "eps": 1e-05, "duration": 0.1606457233428955, "fun": "0.0007519169012084603", "jac": "[ 1.74622983e-05 -1.16415322e-05  1.74622983e-05  0.00000000e+00\n  1.74622983e-05  1.16415322e-05]", "hess_inv": "[[ 3.02062977e+00  2.14971013e+00  1.49063168e+00 -1.45697802e-01\n   1.53811164e+00 -1.60425893e+00]\n [ 2.14971013e+00  2.05398677e+02  2.02262677e+02 -5.12433379e+00\n  -1.62705952e+01  7.29411605e+00]\n [ 1.49063168e+00  2.02262677e+02  2.02447028e+02 -3.35246279e+00\n  -1.78518189e+01  8.70641679e+00]\n [-1.45697802e-01 -5.12433379e+00 -3.35246279e+00  2.98799191e+00\n  -1.31030032e+00  1.69076915e+00]\n [ 1.53811164e+00 -1.62705952e+01 -1.78518189e+01 -1.31030032e+00\n   1.00323099e+01 -1.03385901e+01]\n [-1.60425893e+00  7.29411605e+00  8.70641679e+00  1.69076915e+00\n  -1.03385901e+01  1.56151905e+01]]", "nfev": "627", "njev": "88", "status": "2", "success": "False", "message": "Desired error not necessarily achieved due to precision loss.", "x": "[3.26744929 0.37756311 5.21509625 6.89620595 5.53496675 3.59818433]", "nit": "30"}, "17": {"maxiter": 1000, "gtol": 1e-05, "xrtol": 1e-05, "eps": 1e-10, "duration": 0.001867055892944336, "fun": "0.935034990310669", "jac": "[0. 0. 0. 0. 0. 0.]", "hess_inv": "[[1 0 0 0 0 0]\n [0 1 0 0 0 0]\n [0 0 1 0 0 0]\n [0 0 0 1 0 0]\n [0 0 0 0 1 0]\n [0 0 0 0 0 1]]", "nfev": "7", "njev": "1", "status": "0", "success": "True", "message": "Optimization terminated successfully.", "x": "[2.84164631 2.85732288 4.24944819 5.52864574 6.10364415 4.49733905]", "nit": "0"}, "18": {"maxiter": 1000, "gtol": 1e-05, "xrtol": 1e-10, "eps": 1e-05, "duration": 0.15778613090515137, "fun": "0.0007519169012084603", "jac": "[ 1.74622983e-05 -1.16415322e-05  1.74622983e-05  0.00000000e+00\n  1.74622983e-05  1.16415322e-05]", "hess_inv": "[[ 3.02062977e+00  2.14971013e+00  1.49063168e+00 -1.45697802e-01\n   1.53811164e+00 -1.60425893e+00]\n [ 2.14971013e+00  2.05398677e+02  2.02262677e+02 -5.12433379e+00\n  -1.62705952e+01  7.29411605e+00]\n [ 1.49063168e+00  2.02262677e+02  2.02447028e+02 -3.35246279e+00\n  -1.78518189e+01  8.70641679e+00]\n [-1.45697802e-01 -5.12433379e+00 -3.35246279e+00  2.98799191e+00\n  -1.31030032e+00  1.69076915e+00]\n [ 1.53811164e+00 -1.62705952e+01 -1.78518189e+01 -1.31030032e+00\n   1.00323099e+01 -1.03385901e+01]\n [-1.60425893e+00  7.29411605e+00  8.70641679e+00  1.69076915e+00\n  -1.03385901e+01  1.56151905e+01]]", "nfev": "627", "njev": "88", "status": "2", "success": "False", "message": "Desired error not necessarily achieved due to precision loss.", "x": "[3.26744929 0.37756311 5.21509625 6.89620595 5.53496675 3.59818433]", "nit": "30"}, "19": {"maxiter": 1000, "gtol": 1e-05, "xrtol": 1e-10, "eps": 1e-10, "duration": 0.001798868179321289, "fun": "0.935034990310669", "jac": "[0. 0. 0. 0. 0. 0.]", "hess_inv": "[[1 0 0 0 0 0]\n [0 1 0 0 0 0]\n [0 0 1 0 0 0]\n [0 0 0 1 0 0]\n [0 0 0 0 1 0]\n [0 0 0 0 0 1]]", "nfev": "7", "njev": "1", "status": "0", "success": "True", "message": "Optimization terminated successfully.", "x": "[2.84164631 2.85732288 4.24944819 5.52864574 6.10364415 4.49733905]", "nit": "0"}, "20": {"maxiter": 1000, "gtol": 1e-10, "xrtol": 1e-05, "eps": 1e-05, "duration": 0.1607050895690918, "fun": "0.0007519169012084603", "jac": "[ 1.74622983e-05 -1.16415322e-05  1.74622983e-05  0.00000000e+00\n  1.74622983e-05  1.16415322e-05]", "hess_inv": "[[ 3.02062977e+00  2.14971013e+00  1.49063168e+00 -1.45697802e-01\n   1.53811164e+00 -1.60425893e+00]\n [ 2.14971013e+00  2.05398677e+02  2.02262677e+02 -5.12433379e+00\n  -1.62705952e+01  7.29411605e+00]\n [ 1.49063168e+00  2.02262677e+02  2.02447028e+02 -3.35246279e+00\n  -1.78518189e+01  8.70641679e+00]\n [-1.45697802e-01 -5.12433379e+00 -3.35246279e+00  2.98799191e+00\n  -1.31030032e+00  1.69076915e+00]\n [ 1.53811164e+00 -1.62705952e+01 -1.78518189e+01 -1.31030032e+00\n   1.00323099e+01 -1.03385901e+01]\n [-1.60425893e+00  7.29411605e+00  8.70641679e+00  1.69076915e+00\n  -1.03385901e+01  1.56151905e+01]]", "nfev": "627", "njev": "88", "status": "2", "success": "False", "message": "Desired error not necessarily achieved due to precision loss.", "x": "[3.26744929 0.37756311 5.21509625 6.89620595 5.53496675 3.59818433]", "nit": "30"}, "21": {"maxiter": 1000, "gtol": 1e-10, "xrtol": 1e-05, "eps": 1e-10, "duration": 0.0018389225006103516, "fun": "0.935034990310669", "jac": "[0. 0. 0. 0. 0. 0.]", "hess_inv": "[[1 0 0 0 0 0]\n [0 1 0 0 0 0]\n [0 0 1 0 0 0]\n [0 0 0 1 0 0]\n [0 0 0 0 1 0]\n [0 0 0 0 0 1]]", "nfev": "7", "njev": "1", "status": "0", "success": "True", "message": "Optimization terminated successfully.", "x": "[2.84164631 2.85732288 4.24944819 5.52864574 6.10364415 4.49733905]", "nit": "0"}, "22": {"maxiter": 1000, "gtol": 1e-10, "xrtol": 1e-10, "eps": 1e-05, "duration": 0.15961194038391113, "fun": "0.0007519169012084603", "jac": "[ 1.74622983e-05 -1.16415322e-05  1.74622983e-05  0.00000000e+00\n  1.74622983e-05  1.16415322e-05]", "hess_inv": "[[ 3.02062977e+00  2.14971013e+00  1.49063168e+00 -1.45697802e-01\n   1.53811164e+00 -1.60425893e+00]\n [ 2.14971013e+00  2.05398677e+02  2.02262677e+02 -5.12433379e+00\n  -1.62705952e+01  7.29411605e+00]\n [ 1.49063168e+00  2.02262677e+02  2.02447028e+02 -3.35246279e+00\n  -1.78518189e+01  8.70641679e+00]\n [-1.45697802e-01 -5.12433379e+00 -3.35246279e+00  2.98799191e+00\n  -1.31030032e+00  1.69076915e+00]\n [ 1.53811164e+00 -1.62705952e+01 -1.78518189e+01 -1.31030032e+00\n   1.00323099e+01 -1.03385901e+01]\n [-1.60425893e+00  7.29411605e+00  8.70641679e+00  1.69076915e+00\n  -1.03385901e+01  1.56151905e+01]]", "nfev": "627", "njev": "88", "status": "2", "success": "False", "message": "Desired error not necessarily achieved due to precision loss.", "x": "[3.26744929 0.37756311 5.21509625 6.89620595 5.53496675 3.59818433]", "nit": "30"}, "23": {"maxiter": 1000, "gtol": 1e-10, "xrtol": 1e-10, "eps": 1e-10, "duration": 0.0019102096557617188, "fun": "0.935034990310669", "jac": "[0. 0. 0. 0. 0. 0.]", "hess_inv": "[[1 0 0 0 0 0]\n [0 1 0 0 0 0]\n [0 0 1 0 0 0]\n [0 0 0 1 0 0]\n [0 0 0 0 1 0]\n [0 0 0 0 0 1]]", "nfev": "7", "njev": "1", "status": "0", "success": "True", "message": "Optimization terminated successfully.", "x": "[2.84164631 2.85732288 4.24944819 5.52864574 6.10364415 4.49733905]", "nit": "0"}}, "cobyla": {"0": {"maxiter": 100, "tol": 1e-05, "catol": 1e-05, "duration": 0.0245821475982666, "x": "[3.05458417 2.03637874 6.89346375 6.88865132 5.50272167 3.66934154]", "status": "2", "success": "False", "message": "Maximum number of function evaluations has been exceeded.", "nfev": "100", "fun": "0.0017338430043309927", "maxcv": "0.0"}, "1": {"maxiter": 100, "tol": 1e-05, "catol": 1e-10, "duration": 0.023988962173461914, "x": "[3.05458417 2.03637874 6.89346375 6.88865132 5.50272167 3.66934154]", "status": "2", "success": "False", "message": "Maximum number of function evaluations has been exceeded.", "nfev": "100", "fun": "0.0017338430043309927", "maxcv": "0.0"}, "2": {"maxiter": 100, "tol": 1e-10, "catol": 1e-05, "duration": 0.024209976196289062, "x": "[3.05458417 2.03637874 6.89346375 6.88865132 5.50272167 3.66934154]", "status": "2", "success": "False", "message": "Maximum number of function evaluations has been exceeded.", "nfev": "100", "fun": "0.0017338430043309927", "maxcv": "0.0"}, "3": {"maxiter": 100, "tol": 1e-10, "catol": 1e-10, "duration": 0.02439284324645996, "x": "[3.05458417 2.03637874 6.89346375 6.88865132 5.50272167 3.66934154]", "status": "2", "success": "False", "message": "Maximum number of function evaluations has been exceeded.", "nfev": "100", "fun": "0.0017338430043309927", "maxcv": "0.0"}, "4": {"maxiter": 500, "tol": 1e-05, "catol": 1e-05, "duration": 0.11650419235229492, "x": "[3.01749037 2.05486372 6.93475691 6.92207329 5.39058622 3.86084083]", "status": "2", "success": "False", "message": "Maximum number of function evaluations has been exceeded.", "nfev": "500", "fun": "0.0007519167265854776", "maxcv": "0.0"}, "5": {"maxiter": 500, "tol": 1e-05, "catol": 1e-10, "duration": 0.11650204658508301, "x": "[3.01749037 2.05486372 6.93475691 6.92207329 5.39058622 3.86084083]", "status": "2", "success": "False", "message": "Maximum number of function evaluations has been exceeded.", "nfev": "500", "fun": "0.0007519167265854776", "maxcv": "0.0"}, "6": {"maxiter": 500, "tol": 1e-10, "catol": 1e-05, "duration": 0.1178438663482666, "x": "[3.01749689 2.05486903 6.93476237 6.92207297 5.39060061 3.86082522]", "status": "2", "success": "False", "message": "Maximum number of function evaluations has been exceeded.", "nfev": "500", "fun": "0.0007519169012084603", "maxcv": "0.0"}, "7": {"maxiter": 500, "tol": 1e-10, "catol": 1e-10, "duration": 0.11802196502685547, "x": "[3.01749689 2.05486903 6.93476237 6.92207297 5.39060061 3.86082522]", "status": "2", "success": "False", "message": "Maximum number of function evaluations has been exceeded.", "nfev": "500", "fun": "0.0007519169012084603", "maxcv": "0.0"}, "8": {"maxiter": 1000, "tol": 1e-05, "catol": 1e-05, "duration": 0.11781477928161621, "x": "[3.01749189 2.05486684 6.93475887 6.92207084 5.3905778  3.86084351]", "status": "1", "success": "True", "message": "Optimization terminated successfully.", "nfev": "501", "fun": "0.0007519167265854776", "maxcv": "0.0"}, "9": {"maxiter": 1000, "tol": 1e-05, "catol": 1e-10, "duration": 0.11788105964660645, "x": "[3.01749189 2.05486684 6.93475887 6.92207084 5.3905778  3.86084351]", "status": "1", "success": "True", "message": "Optimization terminated successfully.", "nfev": "501", "fun": "0.0007519167265854776", "maxcv": "0.0"}, "10": {"maxiter": 1000, "tol": 1e-10, "catol": 1e-05, "duration": 0.12710309028625488, "x": "[3.01749689 2.05486903 6.93476237 6.92207297 5.39060061 3.86082522]", "status": "1", "success": "True", "message": "Optimization terminated successfully.", "nfev": "537", "fun": "0.0007519169012084603", "maxcv": "0.0"}, "11": {"maxiter": 1000, "tol": 1e-10, "catol": 1e-10, "duration": 0.126417875289917, "x": "[3.01749689 2.05486903 6.93476237 6.92207297 5.39060061 3.86082522]", "status": "1", "success": "True", "message": "Optimization terminated successfully.", "nfev": "537", "fun": "0.0007519169012084603", "maxcv": "0.0"}}, "powell": {"0": {"maxiter": 100, "ftol": 1e-05, "xtol": 1e-05, "duration": 0.22965788841247559, "fun": "0.0007519158534705639", "direc": "[[-5.08561400e-04  2.86075580e-04 -2.13960627e-04 -9.10779879e-05\n   9.31548897e-04  1.70007988e-03]\n [-1.67309998e-02 -5.31823013e-02 -2.20322121e-03  2.98582813e-02\n   1.31302182e-03  1.07246406e-02]\n [ 0.00000000e+00  0.00000000e+00  1.00000000e+00  0.00000000e+00\n   0.00000000e+00  0.00000000e+00]\n [ 0.00000000e+00  0.00000000e+00  0.00000000e+00  1.00000000e+00\n   0.00000000e+00  0.00000000e+00]\n [ 0.00000000e+00  0.00000000e+00  0.00000000e+00  0.00000000e+00\n   1.00000000e+00  0.00000000e+00]\n [ 9.57517250e-05  1.77406310e-05 -8.82653957e-06 -2.03375680e-05\n  -2.38674530e-05  5.92411610e-05]]", "nit": "10", "nfev": "960", "status": "0", "success": "True", "message": "Optimization terminated successfully.", "x": "[-0.50217455  2.78675919  4.48950839  7.97582544  5.72577584  6.74618534]"}, "1": {"maxiter": 100, "ftol": 1e-05, "xtol": 1e-10, "duration": 0.47296571731567383, "fun": "0.0007519158534705639", "direc": "[[-4.99564220e-04  2.87543336e-04 -2.14818850e-04 -9.48193087e-05\n   9.40206004e-04  1.71026664e-03]\n [-1.67967273e-02 -5.31882874e-02 -2.18723838e-03  2.99052120e-02\n   1.26019962e-03  1.06259720e-02]\n [ 0.00000000e+00  0.00000000e+00  1.00000000e+00  0.00000000e+00\n   0.00000000e+00  0.00000000e+00]\n [ 0.00000000e+00  0.00000000e+00  0.00000000e+00  1.00000000e+00\n   0.00000000e+00  0.00000000e+00]\n [ 0.00000000e+00  0.00000000e+00  0.00000000e+00  0.00000000e+00\n   1.00000000e+00  0.00000000e+00]\n [ 1.11370197e-04  1.33499029e-05 -9.97347751e-06 -1.57787215e-05\n  -2.32270255e-05  7.94033172e-05]]", "nit": "10", "nfev": "1872", "status": "0", "success": "True", "message": "Optimization terminated successfully.", "x": "[-0.50218447  2.78941012  4.48692189  7.97593906  5.72510769  6.74499982]"}, "2": {"maxiter": 100, "ftol": 1e-10, "xtol": 1e-05, "duration": 0.27182698249816895, "fun": "0.0007519158534705639", "direc": "[[-5.08561400e-04  2.86075580e-04 -2.13960627e-04 -9.10779879e-05\n   9.31548897e-04  1.70007988e-03]\n [-1.67309998e-02 -5.31823013e-02 -2.20322121e-03  2.98582813e-02\n   1.31302182e-03  1.07246406e-02]\n [ 0.00000000e+00  0.00000000e+00  1.00000000e+00  0.00000000e+00\n   0.00000000e+00  0.00000000e+00]\n [ 0.00000000e+00  0.00000000e+00  0.00000000e+00  1.00000000e+00\n   0.00000000e+00  0.00000000e+00]\n [ 0.00000000e+00  0.00000000e+00  0.00000000e+00  0.00000000e+00\n   1.00000000e+00  0.00000000e+00]\n [ 9.57517250e-05  1.77406310e-05 -8.82653957e-06 -2.03375680e-05\n  -2.38674530e-05  5.92411610e-05]]", "nit": "11", "nfev": "1146", "status": "0", "suc