{"date": "2024/09/24/, 03:57:33", "conf_id": 246, "data_type": "var_s_rank\n", "num_data_points": 1, "s_rank": 0, "unitary": "[[-0.56303964-0.00798273j,-0.21670212-0.15784972j,-0.06047197-0.73952673j,-0.01438004+0.24552571j],[-0.06976756+0.23474685j,-0.01275565-0.5435098j,-0.02703657-0.08917885j,-0.08210486-0.79311774j],[-0.38559961+0.10714929j,0.5933431-0.2687392j,-0.24060861+0.29149289j,-0.45147719+0.26241743j],[-0.50180421+0.45931857j,-0.11617175+0.44134496j,0.49642745+0.22684508j,-0.08544628-0.15407063j]]", "databatch_0": {"databatch": "[[[0.25998583+0.01120453j,0.04779019+0.09021933j,0.11551009-0.15029865j,-0.09378182+0.20078877j],[0.13507238-0.23926412j,0.1856869-0.05569257j,-0.09736073-0.05031758j,0.16254981+0.24708928j],[0.26969511-0.00070228j,-0.23569844-0.04437286j,0.51156046-0.34949985j,0.06360615+0.05190351j],[0.06776556+0.13654111j,0.09720602+0.105453j,-0.06367248+0.10615343j,-0.19386217+0.08186823j]]]", "initial param values": "[4.21707596,3.41295999,3.51611337,0.73772974,5.67802147,2.29215082]", "nelder_mead": {"type": "gradient-free", "0": {"maxiter": 100, "fatol": 1e-05, "xatol": 1e-05, "duration": 0.0394129753112793, "fun": "0.11610155939779654", "nit": "100", "nfev": "159", "status": "2", "success": "False", "message": "Maximum number of iterations has been exceeded.", "x": "[3.09370894 2.41829254 2.57118953 1.98779999 8.97552484 0.86226002]", "final_simplex": "(array([[3.09370894, 2.41829254, 2.57118953, 1.98779999, 8.97552484,\n        0.86226002],\n       [3.08871668, 2.42515233, 2.55222747, 1.79242711, 8.97103512,\n        1.01336567],\n       [2.89234223, 2.51025142, 2.65476314, 1.73404287, 9.01366805,\n        1.13095727],\n       [2.85383667, 2.63836176, 2.50743576, 1.78298284, 8.85069602,\n        0.87106764],\n       [2.87343622, 2.03969706, 2.37677835, 2.0343874 , 8.98920005,\n        1.19355263],\n       [2.87190064, 2.17136798, 2.3994716 , 2.04887869, 9.18050596,\n        1.01940456],\n       [3.00771912, 2.03357945, 2.53066475, 1.88387718, 9.08127647,\n        1.14396007]]), array([0.11610156, 0.12062167, 0.12893394, 0.1322312 , 0.13295268,\n       0.13532677, 0.13784561]))", "callback": [0.8169744040317986, 0.6713936789781402, 0.6193611146197927, 0.49852547088659316, 0.4841824162186643, 0.4223345918061835, 0.3988048081361225, 0.31655713259171936, 0.11610155939779654]}, "1": {"maxiter": 100, "fatol": 1e-05, "xatol": 1e-10, "duration": 0.036132097244262695, "fun": "0.11610155939779654", "nit": "100", "nfev": "159", "status": "2", "success": "False", "message": "Maximum number of iterations has been exceeded.", "x": "[3.09370894 2.41829254 2.57118953 1.98779999 8.97552484 0.86226002]", "final_simplex": "(array([[3.09370894, 2.41829254, 2.57118953, 1.98779999, 8.97552484,\n        0.86226002],\n       [3.08871668, 2.42515233, 2.55222747, 1.79242711, 8.97103512,\n        1.01336567],\n       [2.89234223, 2.51025142, 2.65476314, 1.73404287, 9.01366805,\n        1.13095727],\n       [2.85383667, 2.63836176, 2.50743576, 1.78298284, 8.85069602,\n        0.87106764],\n       [2.87343622, 2.03969706, 2.37677835, 2.0343874 , 8.98920005,\n        1.19355263],\n       [2.87190064, 2.17136798, 2.3994716 , 2.04887869, 9.18050596,\n        1.01940456],\n       [3.00771912, 2.03357945, 2.53066475, 1.88387718, 9.08127647,\n        1.14396007]]), array([0.11610156, 0.12062167, 0.12893394, 0.1322312 , 0.13295268,\n       0.13532677, 0.13784561]))", "callback": [0.8169744040317986, 0.6713936789781402, 0.6193611146197927, 0.49852547088659316, 0.4841824162186643, 0.4223345918061835, 0.3988048081361225, 0.31655713259171936, 0.11610155939779654]}, "2": {"maxiter": 100, "fatol": 1e-10, "xatol": 1e-05, "duration": 0.03527188301086426, "fun": "0.11610155939779654", "nit": "100", "nfev": "159", "status": "2", "success": "False", "message": "Maximum number of iterations has been exceeded.", "x": "[3.09370894 2.41829254 2.57118953 1.98779999 8.97552484 0.86226002]", "final_simplex": "(array([[3.09370894, 2.41829254, 2.57118953, 1.98779999, 8.97552484,\n        0.86226002],\n       [3.08871668, 2.42515233, 2.55222747, 1.79242711, 8.97103512,\n        1.01336567],\n       [2.89234223, 2.51025142, 2.65476314, 1.73404287, 9.01366805,\n        1.13095727],\n       [2.85383667, 2.63836176, 2.50743576, 1.78298284, 8.85069602,\n        0.87106764],\n       [2.87343622, 2.03969706, 2.37677835, 2.0343874 , 8.98920005,\n        1.19355263],\n       [2.87190064, 2.17136798, 2.3994716 , 2.04887869, 9.18050596,\n        1.01940456],\n       [3.00771912, 2.03357945, 2.53066475, 1.88387718, 9.08127647,\n        1.14396007]]), array([0.11610156, 0.12062167, 0.12893394, 0.1322312 , 0.13295268,\n       0.13532677, 0.13784561]))", "callback": [0.8169744040317986, 0.6713936789781402, 0.6193611146197927, 0.49852547088659316, 0.4841824162186643, 0.4223345918061835, 0.3988048081361225, 0.31655713259171936, 0.11610155939779654]}, "3": {"maxiter": 100, "fatol": 1e-10, "xatol": 1e-10, "duration": 0.03569293022155762, "fun": "0.11610155939779654", "nit": "100", "nfev": "159", "status": "2", "success": "False", "message": "Maximum number of iterations has been exceeded.", "x": "[3.09370894 2.41829254 2.57118953 1.98779999 8.97552484 0.86226002]", "final_simplex": "(array([[3.09370894, 2.41829254, 2.57118953, 1.98779999, 8.97552484,\n        0.86226002],\n       [3.08871668, 2.42515233, 2.55222747, 1.79242711, 8.97103512,\n        1.01336567],\n       [2.89234223, 2.51025142, 2.65476314, 1.73404287, 9.01366805,\n        1.13095727],\n       [2.85383667, 2.63836176, 2.50743576, 1.78298284, 8.85069602,\n        0.87106764],\n       [2.87343622, 2.03969706, 2.37677835, 2.0343874 , 8.98920005,\n        1.19355263],\n       [2.87190064, 2.17136798, 2.3994716 , 2.04887869, 9.18050596,\n        1.01940456],\n       [3.00771912, 2.03357945, 2.53066475, 1.88387718, 9.08127647,\n        1.14396007]]), array([0.11610156, 0.12062167, 0.12893394, 0.1322312 , 0.13295268,\n       0.13532677, 0.13784561]))", "callback": [0.8169744040317986, 0.6713936789781402, 0.6193611146197927, 0.49852547088659316, 0.4841824162186643, 0.4223345918061835, 0.3988048081361225, 0.31655713259171936, 0.11610155939779654]}, "4": {"maxiter": 500, "fatol": 1e-05, "xatol": 1e-05, "duration": 0.16840767860412598, "fun": "0.10483817866057532", "nit": "500", "nfev": "763", "status": "2", "success": "False", "message": "Maximum number of iterations has been exceeded.", "x": "[2.96290574 3.96078268 3.9577882  1.9790566  8.96135152 0.90783397]", "final_simplex": "(array([[2.96290574, 3.96078268, 3.9577882 , 1.9790566 , 8.96135152,\n        0.90783397],\n       [2.96374075, 3.97460032, 3.96648938, 1.97793026, 8.95826864,\n        0.90402531],\n       [2.9614768 , 3.97179866, 3.96768851, 1.97593084, 8.96043751,\n        0.90966859],\n       [2.96303258, 3.9752981 , 3.97057489, 1.97866768, 8.96021614,\n        0.90734413],\n       [2.96533776, 3.9679068 , 3.96262838, 1.9769294 , 8.96116733,\n        0.91030263],\n       [2.96535017, 3.97190535, 3.96489665, 1.97623837, 8.95831033,\n        0.9052002 ],\n       [2.96679558, 3.95910653, 3.95688902, 1.97931799, 8.95724492,\n        0.90801304]]), array([0.10483818, 0.10483983, 0.10484189, 0.10484397, 0.10484403,\n       0.10484846, 0.10484905]))", "callback": [0.8169744040317986, 0.6713936789781402, 0.6193611146197927, 0.49852547088659316, 0.4841824162186643, 0.4223345918061835, 0.3988048081361225, 0.31655713259171936, 0.11610155939779654, 0.11610155939779654, 0.11090497276161693, 0.1102092019077856, 0.10976655387433387, 0.10957209029888593, 0.10955980700483259, 0.10955523426468172, 0.1095535523678548, 0.1095530804853675, 0.10955222610892068, 0.10954973947694269, 0.10954347782201757, 0.10950989426300284, 0.10899661277764283, 0.10844536422155615, 0.10715007599991866, 0.10635065273051791, 0.10606506071746158, 0.10589558406416566, 0.10585308754224032, 0.10580866268138367, 0.1057734037003547, 0.10574357930787526, 0.10568719398350712, 0.10562053537907934, 0.10560688141876018, 0.10558529152047746, 0.1055192294936228, 0.1053947877639273, 0.10523511122978135, 0.10501257900377003, 0.1049285562112382, 0.104899534021903, 0.10489493180202247, 0.10487993495726333, 0.10487344028815992, 0.10486830523454482, 0.10486442929180306, 0.10486160305635095, 0.10484846345496657]}, "5": {"maxiter": 500, "fatol": 1e-05, "xatol": 1e-10, "duration": 0.16707992553710938, "fun": "0.10483817866057532", "nit": "500", "nfev": "763", "status": "2", "success": "False", "message": "Maximum number of iterations has been exceeded.", "x": "[2.96290574 3.96078268 3.9577882  1.9790566  8.96135152 0.90783397]", "final_simplex": "(array([[2.96290574, 3.96078268, 3.9577882 , 1.9790566 , 8.96135152,\n        0.90783397],\n       [2.96374075, 3.97460032, 3.96648938, 1.97793026, 8.95826864,\n        0.90402531],\n       [2.9614768 , 3.97179866, 3.96768851, 1.97593084, 8.96043751,\n        0.90966859],\n       [2.96303258, 3.9752981 , 3.97057489, 1.97866768, 8.96021614,\n        0.90734413],\n       [2.96533776, 3.9679068 , 3.96262838, 1.9769294 , 8.96116733,\n        0.91030263],\n       [2.96535017, 3.97190535, 3.96489665, 1.97623837, 8.95831033,\n        0.9052002 ],\n       [2.96679558, 3.95910653, 3.95688902, 1.97931799, 8.95724492,\n        0.90801304]]), array([0.10483818, 0.10483983, 0.10484189, 0.10484397, 0.10484403,\n       0.10484846, 0.10484905]))", "callback": [0.8169744040317986, 0.6713936789781402, 0.6193611146197927, 0.49852547088659316, 0.4841824162186643, 0.4223345918061835, 0.3988048081361225, 0.31655713259171936, 0.11610155939779654, 0.11610155939779654, 0.11090497276161693, 0.1102092019077856, 0.10976655387433387, 0.10957209029888593, 0.10955980700483259, 0.10955523426468172, 0.1095535523678548, 0.1095530804853675, 0.10955222610892068, 0.10954973947694269, 0.10954347782201757, 0.10950989426300284, 0.10899661277764283, 0.10844536422155615, 0.10715007599991866, 0.10635065273051791, 0.10606506071746158, 0.10589558406416566, 0.10585308754224032, 0.10580866268138367, 0.1057734037003547, 0.10574357930787526, 0.10568719398350712, 0.10562053537907934, 0.10560688141876018, 0.10558529152047746, 0.1055192294936228, 0.1053947877639273, 0.10523511122978135, 0.10501257900377003, 0.1049285562112382, 0.104899534021903, 0.10489493180202247, 0.10487993495726333, 0.10487344028815992, 0.10486830523454482, 0.10486442929180306, 0.10486160305635095, 0.10484846345496657]}, "6": {"maxiter": 500, "fatol": 1e-10, "xatol": 1e-05, "duration": 0.1753709316253662, "fun": "0.10483817866057532", "nit": "500", "nfev": "763", "status": "2", "success": "False", "message": "Maximum number of iterations has been exceeded.", "x": "[2.96290574 3.96078268 3.9577882  1.9790566  8.96135152 0.90783397]", "final_simplex": "(array([[2.96290574, 3.96078268, 3.9577882 , 1.9790566 , 8.96135152,\n        0.90783397],\n       [2.96374075, 3.97460032, 3.96648938, 1.97793026, 8.95826864,\n        0.90402531],\n       [2.9614768 , 3.97179866, 3.96768851, 1.97593084, 8.96043751,\n        0.90966859],\n       [2.96303258, 3.9752981 , 3.97057489, 1.97866768, 8.96021614,\n        0.90734413],\n       [2.96533776, 3.9679068 , 3.96262838, 1.9769294 , 8.96116733,\n        0.91030263],\n       [2.96535017, 3.97190535, 3.96489665, 1.97623837, 8.95831033,\n        0.9052002 ],\n       [2.96679558, 3.95910653, 3.95688902, 1.97931799, 8.95724492,\n        0.90801304]]), array([0.10483818, 0.10483983, 0.10484189, 0.10484397, 0.10484403,\n       0.10484846, 0.10484905]))", "callback": [0.8169744040317986, 0.6713936789781402, 0.6193611146197927, 0.49852547088659316, 0.4841824162186643, 0.4223345918061835, 0.3988048081361225, 0.31655713259171936, 0.11610155939779654, 0.11610155939779654, 0.11090497276161693, 0.1102092019077856, 0.10976655387433387, 0.10957209029888593, 0.10955980700483259, 0.10955523426468172, 0.1095535523678548, 0.1095530804853675, 0.10955222610892068, 0.10954973947694269, 0.10954347782201757, 0.10950989426300284, 0.10899661277764283, 0.10844536422155615, 0.10715007599991866, 0.10635065273051791, 0.10606506071746158, 0.10589558406416566, 0.10585308754224032, 0.10580866268138367, 0.1057734037003547, 0.10574357930787526, 0.10568719398350712, 0.10562053537907934, 0.10560688141876018, 0.10558529152047746, 0.1055192294936228, 0.1053947877639273, 0.10523511122978135, 0.10501257900377003, 0.1049285562112382, 0.104899534021903, 0.10489493180202247, 0.10487993495726333, 0.10487344028815992, 0.10486830523454482, 0.10486442929180306, 0.10486160305635095, 0.10484846345496657]}, "7": {"maxiter": 500, "fatol": 1e-10, "xatol": 1e-10, "duration": 0.17972493171691895, "fun": "0.10483817866057532", "nit": "500", "nfev": "763", "status": "2", "success": "False", "message": "Maximum number of iterations has been exceeded.", "x": "[2.96290574 3.96078268 3.9577882  1.9790566  8.96135152 0.90783397]", "final_simplex": "(array([[2.96290574, 3.96078268, 3.9577882 , 1.9790566 , 8.96135152,\n        0.90783397],\n       [2.96374075, 3.97460032, 3.96648938, 1.97793026, 8.95826864,\n        0.90402531],\n       [2.9614768 , 3.97179866, 3.96768851, 1.97593084, 8.96043751,\n        0.90966859],\n       [2.96303258, 3.9752981 , 3.97057489, 1.97866768, 8.96021614,\n        0.90734413],\n       [2.96533776, 3.9679068 , 3.96262838, 1.9769294 , 8.96116733,\n        0.91030263],\n       [2.96535017, 3.97190535, 3.96489665, 1.97623837, 8.95831033,\n        0.9052002 ],\n       [2.96679558, 3.95910653, 3.95688902, 1.97931799, 8.95724492,\n        0.90801304]]), array([0.10483818, 0.10483983, 0.10484189, 0.10484397, 0.10484403,\n       0.10484846, 0.10484905]))", "callback": [0.8169744040317986, 0.6713936789781402, 0.6193611146197927, 0.49852547088659316, 0.4841824162186643, 0.4223345918061835, 0.3988048081361225, 0.31655713259171936, 0.11610155939779654, 0.11610155939779654, 0.11090497276161693, 0.1102092019077856, 0.10976655387433387, 0.10957209029888593, 0.10955980700483259, 0.10955523426468172, 0.1095535523678548, 0.1095530804853675, 0.10955222610892068, 0.10954973947694269, 0.10954347782201757, 0.10950989426300284, 0.10899661277764283, 0.10844536422155615, 0.10715007599991866, 0.10635065273051791, 0.10606506071746158, 0.10589558406416566, 0.10585308754224032, 0.10580866268138367, 0.1057734037003547, 0.10574357930787526, 0.10568719398350712, 0.10562053537907934, 0.10560688141876018, 0.10558529152047746, 0.1055192294936228, 0.1053947877639273, 0.10523511122978135, 0.10501257900377003, 0.1049285562112382, 0.104899534021903, 0.10489493180202247, 0.10487993495726333, 0.10487344028815992, 0.10486830523454482, 0.10486442929180306, 0.10486160305635095, 0.10484846345496657]}, "8": {"maxiter": 1000, "fatol": 1e-05, "xatol": 1e-05, "duration": 0.23732614517211914, "fun": "0.10476562052832494", "nit": "682", "nfev": "1052", "status": "0", "success": "True", "message": "Optimization terminated successfully.", "x": "[2.9498153  3.90121375 3.88745105 1.97799407 8.96075863 0.91372423]", "final_simplex": "(array([[2.9498153 , 3.90121375, 3.88745105, 1.97799407, 8.96075863,\n        0.91372423],\n       [2.94981425, 3.90120722, 3.88744464, 1.97799215, 8.96075961,\n        0.91372561],\n       [2.94981414, 3.9012136 , 3.88745244, 1.97799284, 8.96076061,\n        0.91372529],\n       [2.94981393, 3.90122045, 3.88745598, 1.97799237, 8.96075767,\n        0.91372283],\n       [2.94981395, 3.90121391, 3.88745139, 1.97799357, 8.96076025,\n        0.91372395],\n       [2.94981304, 3.90120505, 3.88744385, 1.97799313, 8.9607609 ,\n        0.9137262 ],\n       [2.9498141 , 3.90121785, 3.88745407, 1.97799306, 8.96075906,\n        0.91372505]]), array([0.10476562, 0.10476562, 0.10476562, 0.10476562, 0.10476562,\n       0.10476562, 0.10476562]))", "callback": [0.8169744040317986, 0.6713936789781402, 0.6193611146197927, 0.49852547088659316, 0.4841824162186643, 0.4223345918061835, 0.3988048081361225, 0.31655713259171936, 0.11610155939779654, 0.11610155939779654, 0.11090497276161693, 0.1102092019077856, 0.10976655387433387, 0.10957209029888593, 0.10955980700483259, 0.10955523426468172, 0.1095535523678548, 0.1095530804853675, 0.10955222610892068, 0.10954973947694269, 0.10954347782201757, 0.10950989426300284, 0.10899661277764283, 0.10844536422155615, 0.10715007599991866, 0.10635065273051791, 0.10606506071746158, 0.10589558406416566, 0.10585308754224032, 0.10580866268138367, 0.1057734037003547, 0.10574357930787526, 0.10568719398350712, 0.10562053537907934, 0.10560688141876018, 0.10558529152047746, 0.1055192294936228, 0.1053947877639273, 0.10523511122978135, 0.10501257900377003, 0.1049285562112382, 0.104899534021903, 0.10489493180202247, 0.10487993495726333, 0.10487344028815992, 0.10486830523454482, 0.10486442929180306, 0.10486160305635095, 0.10484846345496657, 0.10483817866057532, 0.10481881613446464, 0.10479393233420997, 0.10477880047882937, 0.10477375978820769, 0.10476746628130207, 0.10476684115078627, 0.10476596392931214, 0.10476567365022216, 0.1047656315358354, 0.10476562251169252, 0.10476562102459108, 0.1047656207391705, 0.10476562060275563, 0.10476562056430294, 0.10476562054558114, 0.10476562053631344, 0.10476562052959748, 0.10476562052832494]}, "9": {"maxiter": 1000, "fatol": 1e-05, "xatol": 1e-10, "duration": 0.30585384368896484, "fun": "0.10476562052790428", "nit": "777", "nfev": "1275", "status": "0", "success": "True", "message": "Optimization terminated successfully.", "x": "[2.94981458 3.90121237 3.88744988 1.9779929  8.9607585  0.91372403]", "final_simplex": "(array([[2.94981458, 3.90121237, 3.88744988, 1.9779929 , 8.9607585 ,\n        0.91372403],\n       [2.94981458, 3.90121237, 3.88744988, 1.9779929 , 8.9607585 ,\n        0.91372403],\n       [2.94981458, 3.90121237, 3.88744988, 1.9779929 , 8.9607585 ,\n        0.91372403],\n       [2.94981458, 3.90121237, 3.88744988, 1.9779929 , 8.9607585 ,\n        0.91372403],\n       [2.94981458, 3.90121237, 3.88744988, 1.9779929 , 8.9607585 ,\n        0.91372403],\n       [2.94981458, 3.90121237, 3.88744988, 1.9779929 , 8.9607585 ,\n        0.91372403],\n       [2.94981458, 3.90121237, 3.88744988, 1.9779929 , 8.9607585 ,\n        0.91372403]]), array([0.10476562, 0.10476562, 0.10476562, 0.10476562, 0.10476562,\n       0.10476562, 0.10476562]))", "callback": [0.8169744040317986, 0.6713936789781402, 0.6193611146197927, 0.49852547088659316, 0.4841824162186643, 0.4223345918061835, 0.3988048081361225, 0.31655713259171936, 0.11610155939779654, 0.11610155939779654, 0.11090497276161693, 0.1102092019077856, 0.10976655387433387, 0.10957209029888593, 0.10955980700483259, 0.10955523426468172, 0.1095535523678548, 0.1095530804853675, 0.10955222610892068, 0.10954973947694269, 0.10954347782201757, 0.10950989426300284, 0.10899661277764283, 0.10844536422155615, 0.10715007599991866, 0.10635065273051791, 0.10606506071746158, 0.10589558406416566, 0.10585308754224032, 0.10580866268138367, 0.1057734037003547, 0.10574357930787526, 0.10568719398350712, 0.10562053537907934, 0.10560688141876018, 0.10558529152047746, 0.1055192294936228, 0.1053947877639273, 0.10523511122978135, 0.10501257900377003, 0.1049285562112382, 0.104899534021903, 0.10489493180202247, 0.10487993495726333, 0.10487344028815992, 0.10486830523454482, 0.10486442929180306, 0.10486160305635095, 0.10484846345496657, 0.10483817866057532, 0.10481881613446464, 0.10479393233420997, 0.10477880047882937, 0.10477375978820769, 0.10476746628130207, 0.10476684115078627, 0.10476596392931214, 0.10476567365022216, 0.1047656315358354, 0.10476562251169252, 0.10476562102459108, 0.1047656207391705, 0.10476562060275563, 0.10476562056430294, 0.10476562054558114, 0.10476562053631344, 0.10476562052959748, 0.10476562052832494, 0.10476562052804417, 0.1047656205279508, 0.10476562052791893, 0.10476562052790817, 0.10476562052790495, 0.10476562052790483, 0.10476562052790428, 0.10476562052790428, 0.10476562052790428]}, "10": {"maxiter": 1000, "fatol": 1e-10, "xatol": 1e-05, "duration": 0.23775291442871094, "fun": "0.10476562052832494", "nit": "682", "nfev": "1052", "status": "0", "success": "True", "message": "Optimization terminated successfully.", "x": "[2.9498153  3.90121375 3.88745105 1.97799407 8.96075863 0.91372423]", "final_simplex": "(array([[2.9498153 , 3.90121375, 3.88745105, 1.97799407, 8.96075863,\n        0.91372423],\n       [2.94981425, 3.90120722, 3.88744464, 1.97799215, 8.96075961,\n        0.91372561],\n       [2.94981414, 3.9012136 , 3.88745244, 1.97799284, 8.96076061,\n        0.91372529],\n       [2.94981393, 3.90122045, 3.88745598, 1.97799237, 8.96075767,\n        0.91372283],\n       [2.94981395, 3.90121391, 3.88745139, 1.97799357, 8.96076025,\n        0.91372395],\n       [2.94981304, 3.90120505, 3.88744385, 1.97799313, 8.9607609 ,\n        0.9137262 ],\n       [2.9498141 , 3.90121785, 3.88745407, 1.97799306, 8.96075906,\n        0.91372505]]), array([0.10476562, 0.10476562, 0.10476562, 0.10476562, 0.10476562,\n       0.10476562, 0.10476562]))", "callback": [0.8169744040317986, 0.6713936789781402, 0.6193611146197927, 0.49852547088659316, 0.4841824162186643, 0.4223345918061835, 0.3988048081361225, 0.31655713259171936, 0.11610155939779654, 0.11610155939779654, 0.11090497276161693, 0.1102092019077856, 0.10976655387433387, 0.10957209029888593, 0.10955980700483259, 0.10955523426468172, 0.1095535523678548, 0.1095530804853675, 0.10955222610892068, 0.10954973947694269, 0.10954347782201757, 0.10950989426300284, 0.10899661277764283, 0.10844536422155615, 0.10715007599991866, 0.10635065273051791, 0.10606506071746158, 0.10589558406416566, 0.10585308754224032, 0.10580866268138367, 0.1057734037003547, 0.10574357930787526, 0.10568719398350712, 0.10562053537907934, 0.10560688141876018, 0.10558529152047746, 0.1055192294936228, 0.1053947877639273, 0.10523511122978135, 0.10501257900377003, 0.1049285562112382, 0.104899534021903, 0.10489493180202247, 0.10487993495726333, 0.10487344028815992, 0.10486830523454482, 0.10486442929180306, 0.10486160305635095, 0.10484846345496657, 0.10483817866057532, 0.10481881613446464, 0.10479393233420997, 0.10477880047882937, 0.10477375978820769, 0.10476746628130207, 0.10476684115078627, 0.10476596392931214, 0.10476567365022216, 0.1047656315358354, 0.10476562251169252, 0.10476562102459108, 0.1047656207391705, 0.10476562060275563, 0.10476562056430294, 0.10476562054558114, 0.10476562053631344, 0.10476562052959748, 0.10476562052832494]}, "11": {"maxiter": 1000, "fatol": 1e-10, "xatol": 1e-10, "duration": 0.2883589267730713, "fun": "0.10476562052790428", "nit": "777", "nfev": "1275", "status": "0", "success": "True", "message": "Optimization terminated successfully.", "x": "[2.94981458 3.90121237 3.88744988 1.9779929  8.9607585  0.91372403]", "final_simplex": "(array([[2.94981458, 3.90121237, 3.88744988, 1.9779929 , 8.9607585 ,\n        0.91372403],\n       [2.94981458, 3.90121237, 3.88744988, 1.9779929 , 8.9607585 ,\n        0.91372403],\n       [2.94981458, 3.90121237, 3.88744988, 1.9779929 , 8.9607585 ,\n        0.91372403],\n       [2.94981458, 3.90121237, 3.88744988, 1.9779929 , 8.9607585 ,\n        0.91372403],\n       [2.94981458, 3.90121237, 3.88744988, 1.9779929 , 8.9607585 ,\n        0.91372403],\n       [2.94981458, 3.90121237, 3.88744988, 1.9779929 , 8.9607585 ,\n        0.91372403],\n       [2.94981458, 3.90121237, 3.88744988, 1.9779929 , 8.9607585 ,\n        0.91372403]]), array([0.10476562, 0.10476562, 0.10476562, 0.10476562, 0.10476562,\n       0.10476562, 0.10476562]))", "callback": [0.8169744040317986, 0.6713936789781402, 0.6193611146197927, 0.49852547088659316, 0.4841824162186643, 0.4223345918061835, 0.3988048081361225, 0.31655713259171936, 0.11610155939779654, 0.11610155939779654, 0.11090497276161693, 0.1102092019077856, 0.10976655387433387, 0.10957209029888593, 0.10955980700483259, 0.10955523426468172, 0.1095535523678548, 0.1095530804853675, 0.10955222610892068, 0.10954973947694269, 0.10954347782201757, 0.10950989426300284, 0.10899661277764283, 0.10844536422155615, 0.10715007599991866, 0.10635065273051791, 0.10606506071746158, 0.10589558406416566, 0.10585308754224032, 0.10580866268138367, 0.1057734037003547, 0.10574357930787526, 0.10568719398350712, 0.10562053537907934, 0.10560688141876018, 0.10558529152047746, 0.1055192294936228, 0.1053947877639273, 0.10523511122978135, 0.10501257900377003, 0.1049285562112382, 0.104899534021903, 0.10489493180202247, 0.10487993495726333, 0.10487344028815992, 0.10486830523454482, 0.10486442929180306, 0.10486160305635095, 0.10484846345496657, 0.10483817866057532, 0.10481881613446464, 0.10479393233420997, 0.10477880047882937, 0.10477375978820769, 0.10476746628130207, 0.10476684115078627, 0.10476596392931214, 0.10476567365022216, 0.1047656315358354, 0.10476562251169252, 0.10476562102459108, 0.1047656207391705, 0.10476562060275563, 0.10476562056430294, 0.10476562054558114, 0.10476562053631344, 0.10476562052959748, 0.10476562052832494, 0.10476562052804417, 0.1047656205279508, 0.10476562052791893, 0.10476562052790817, 0.10476562052790495, 0.10476562052790483, 0.10476562052790428, 0.10476562052790428, 0.10476562052790428]}}, "bfgs": {"type": "gradient", "0": {"maxiter": 100, "gtol": 1e-05, "xrtol": 1e-05, "eps": 1e-05, "duration": 0.08757925033569336, "fun": "0.10476562109130128", "jac": "[-8.66196004e-07 -8.94329055e-07  6.67454980e-07 -8.87478979e-07\n -1.95621297e-07 -1.77002857e-06]", "hess_inv": "[[ 3.86348766e+00  2.05188215e+00  2.15121137e+00 -5.45325613e-01\n  -1.43129444e+00 -7.62701747e-01]\n [ 2.05188215e+00  9.14363966e+01  8.17249892e+01 -1.73496737e+00\n  -9.03943072e+00 -1.39801212e+01]\n [ 2.15121137e+00  8.17249892e+01  7.79231992e+01 -2.30610468e+00\n  -5.53228232e+00 -9.76150504e+00]\n [-5.45325613e-01 -1.73496737e+00 -2.30610468e+00  2.43738080e+00\n  -3.99341950e-02 -2.51875436e-01]\n [-1.43129444e+00 -9.03943072e+00 -5.53228232e+00 -3.99341950e-02\n   5.38388400e+00  3.84788901e+00]\n [-7.62701747e-01 -1.39801212e+01 -9.76150504e+00 -2.51875436e-01\n   3.84788901e+00  6.23905682e+00]]", "nfev": "378", "njev": "54", "status": "0", "success": "True", "message": "Optimization terminated successfully.", "x": "[ 2.94980348  3.90092079  3.8871671  -1.97799042  5.8191737   4.05533434]", "nit": "39", "callback": [0.4114235671796924, 0.13498670839764348, 0.10647749684563812]}, "1": {"maxiter": 100, "gtol": 1e-05, "xrtol": 1e-05, "eps": 1e-10, "duration": 0.08257627487182617, "fun": "0.10476562081097573", "jac": "[-2.22044587e-06  3.33066880e-06 -7.77156053e-06  2.22044587e-06\n  6.66133760e-06  0.00000000e+00]", "hess_inv": "[[ 3.72906858e+00  1.54822088e+00  1.86664524e+00 -4.15016150e-01\n  -1.22307432e+00 -5.11447844e-01]\n [ 1.54822088e+00  8.22737742e+01  7.32621934e+01 -1.28256327e+00\n  -8.15822098e+00 -1.28867743e+01]\n [ 1.86664524e+00  7.32621934e+01  7.02419997e+01 -1.75986812e+00\n  -4.49948089e+00 -8.31374495e+00]\n [-4.15016150e-01 -1.28256327e+00 -1.75986812e+00  2.49440103e+00\n  -2.42402377e-02 -1.36807875e-01]\n [-1.22307432e+00 -8.15822098e+00 -4.49948089e+00 -2.42402377e-02\n   5.27873026e+00  3.88713291e+00]\n [-5.11447844e-01 -1.28867743e+01 -8.31374495e+00 -1.36807875e-01\n   3.88713291e+00  6.60391668e+00]]", "nfev": "364", "njev": "52", "status": "0", "success": "True", "message": "Optimization terminated successfully.", "x": "[ 2.94979929  3.9010233   3.88726174 -1.97798731  5.81919094  4.05534551]", "nit": "37", "callback": [0.4114242350826973, 0.13493066345804272, 0.10605483152561679]}, "2": {"maxiter": 100, "gtol": 1e-05, "xrtol": 1e-10, "eps": 1e-05, "duration": 0.08580303192138672, "fun": "0.10476562109130128", "jac": "[-8.66196004e-07 -8.94329055e-07  6.67454980e-07 -8.87478979e-07\n -1.95621297e-07 -1.77002857e-06]", "hess_inv": "[[ 3.86348766e+00  2.05188215e+00  2.15121137e+00 -5.45325613e-01\n  -1.43129444e+00 -7.62701747e-01]\n [ 2.05188215e+00  9.14363966e+01  8.17249892e+01 -1.73496737e+00\n  -9.03943072e+00 -1.39801212e+01]\n [ 2.15121137e+00  8.17249892e+01  7.79231992e+01 -2.30610468e+00\n  -5.53228232e+00 -9.76150504e+00]\n [-5.45325613e-01 -1.73496737e+00 -2.30610468e+00  2.43738080e+00\n  -3.99341950e-02 -2.51875436e-01]\n [-1.43129444e+00 -9.03943072e+00 -5.53228232e+00 -3.99341950e-02\n   5.38388400e+00  3.84788901e+00]\n [-7.62701747e-01 -1.39801212e+01 -9.76150504e+00 -2.51875436e-01\n   3.84788901e+00  6.23905682e+00]]", "nfev": "378", "njev": "54", "status": "0", "success": "True", "message": "Optimization terminated successfully.", "x": "[ 2.94980348  3.90092079  3.8871671  -1.97799042  5.8191737   4.05533434]", "nit": "39", "callback": [0.4114235671796924, 0.13498670839764348, 0.10647749684563812]}, "3": {"maxiter": 100, "gtol": 1e-05, "xrtol": 1e-10, "eps": 1e-10, "duration": 0.0817110538482666, "fun": "0.10476562081097573", "jac": "[-2.22044587e-06  3.33066880e-06 -7.77156053e-06  2.22044587e-06\n  6.66133760e-06  0.00000000e+00]", "hess_inv": "[[ 3.72906858e+00  1.54822088e+00  1.86664524e+00 -4.15016150e-01\n  -1.22307432e+00 -5.11447844e-01]\n [ 1.54822088e+00  8.22737742e+01  7.32621934e+01 -1.28256327e+00\n  -8.15822098e+00 -1.28867743e+01]\n [ 1.86664524e+00  7.32621934e+01  7.02419997e+01 -1.75986812e+00\n  -4.49948089e+00 -8.31374495e+00]\n [-4.15016150e-01 -1.28256327e+00 -1.75986812e+00  2.49440103e+00\n  -2.42402377e-02 -1.36807875e-01]\n [-1.22307432e+00 -8.15822098e+00 -4.49948089e+00 -2.42402377e-02\n   5.27873026e+00  3.88713291e+00]\n [-5.11447844e-01 -1.28867743e+01 -8.31374495e+00 -1.36807875e-01\n   3.88713291e+00  6.60391668e+00]]", "nfev": "364", "njev": "52", "status": "0", "success": "True", "message": "Optimization terminated successfully.", "x": "[ 2.94979929  3.9010233   3.88726174 -1.97798731  5.81919094  4.05534551]", "nit": "37", "callback": [0.4114242350826973, 0.13493066345804272, 0.10605483152561679]}, "4": {"maxiter": 100, "gtol": 1e-10, "xrtol": 1e-05, "eps": 1e-05, "duration": 0.08527779579162598, "fun": "0.10476562109130128", "jac": "[-8.66196004e-07 -8.94329055e-07  6.67454980e-07 -8.87478979e-07\n -1.95621297e-07 -1.77002857e-06]", "hess_inv": "[[ 3.86348766e+00  2.05188215e+00  2.15121137e+00 -5.45325613e-01\n  -1.43129444e+00 -7.62701747e-01]\n [ 2.05188215e+00  9.14363966e+01  8.17249892e+01 -1.73496737e+00\n  -9.03943072e+00 -1.39801212e+01]\n [ 2.15121137e+00  8.17249892e+01  7.79231992e+01 -2.30610468e+00\n  -5.53228232e+00 -9.76150504e+00]\n [-5.45325613e-01 -1.73496737e+00 -2.30610468e+00  2.43738080e+00\n  -3.99341950e-02 -2.51875436e-01]\n [-1.43129444e+00 -9.03943072e+00 -5.53228232e+00 -3.99341950e-02\n   5.38388400e+00  3.84788901e+00]\n [-7.62701747e-01 -1.39801212e+01 -9.76150504e+00 -2.51875436e-01\n   3.84788901e+00  6.23905682e+00]]", "nfev": "378", "njev": "54", "status": "0", "success": "True", "message": "Optimization terminated successfully.", "x": "[ 2.94980348  3.90092079  3.8871671  -1.97799042  5.8191737   4.05533434]", "nit": "39", "callback": [0.4114235671796924, 0.13498670839764348, 0.10647749684563812]}, "5": {"maxiter": 100, "gtol": 1e-10, "xrtol": 1e-05, "eps": 1e-10, "duration": 0.08675885200500488, "fun": "0.10476562054356175", "jac": "[ 0.00000000e+00  1.11022293e-06 -1.11022293e-06  1.11022293e-06\n  2.22044587e-06  1.11022293e-06]", "hess_inv": "[[ 3.26542288 -1.51803747 -1.17530381 -0.37883709 -0.8881881  -0.4266768 ]\n [-1.51803747 44.09758391 38.95267162  1.44205355 -1.85545422 -6.94609549]\n [-1.17530381 38.95267162 39.2439208   0.5554015   1.07820427 -3.39285935]\n [-0.37883709  1.44205355  0.5554015   2.2002713  -0.54827437 -0.84097806]\n [-0.8881881  -1.85545422  1.07820427 -0.54827437  4.19356461  2.66127275]\n [-0.4266768  -6.94609549 -3.39285935 -0.84097806  2.66127275  5.01678087]]", "nfev": "385", "njev": "55", "status": "0", "success": "True", "message": "Optimization terminated successfully.", "x": "[ 2.94980922  3.90118494  3.88742596 -1.97798987  5.81917681  4.05532547]", "nit": "39", "callback": [0.4114242350826973, 0.13493066345804272, 0.10605483152561679]}, "6": {"maxiter": 100, "gtol": 1e-10, "xrtol": 1e-10, "eps": 1e-05, "duration": 0.09105396270751953, "fun": "0.10476562105139275", "jac": "[ 1.11022302e-11 -1.11022302e-11 -2.22044605e-11  0.00000000e+00\n  1.11022302e-11  1.11022302e-11]", "hess_inv": "[[ 3.89031269e+00  1.91853000e+00  2.10890748e+00 -5.05895673e-01\n  -1.32956592e+00 -5.55353218e-01]\n [ 1.91853000e+00  9.09632443e+01  8.12266118e+01 -1.73027101e+00\n  -8.93127298e+00 -1.38926661e+01]\n [ 2.10890748e+00  8.12266118e+01  7.75541920e+01 -2.25321368e+00\n  -5.33564202e+00 -9.43318638e+00]\n [-5.05895673e-01 -1.73027101e+00 -2.25321368e+00  2.47157228e+00\n   2.69467150e-02 -1.05358384e-01]\n [-1.32956592e+00 -8.93127298e+00 -5.33564202e+00  2.69467150e-02\n   5.47380538e+00  4.07619741e+00]\n [-5.55353218e-01 -1.38926661e+01 -9.43318638e+00 -1.05358384e-01\n   4.07619741e+00  6.79428453e+00]]", "nfev": "406", "njev": "58", "status": "0", "success": "True", "message": "Optimization terminated successfully.", "x": "[ 2.94980547  3.90092174  3.8871701  -1.97798887  5.81917647  4.05534054]", "nit": "43", "callback": [0.4114235671796924, 0.13498670839764348, 0.10647749684563812, 0.10476562105493292]}, "7": {"maxiter": 100, "gtol": 1e-10, "xrtol": 1e-10, "eps": 1e-10, "duration": 0.1116647720336914, "fun": "0.10476562053088889", "jac": "[ 0.00000000e+00 -2.22044587e-06  0.00000000e+00  2.22044587e-06\n  0.00000000e+00 -2.22044587e-06]", "hess_inv": "[[ 39.22538184  52.96037142  63.50433064  -0.3460189  -21.29044319\n  -15.93250385]\n [ 52.96037142  80.04461388  91.2821398    2.40598398 -29.65576707\n  -26.65153077]\n [ 63.50433064  91.2821398  109.19528761   0.65182239 -34.06560707\n  -29.1143143 ]\n [ -0.3460189    2.40598398   0.65182239   1.45317819  -0.74182354\n   -1.4869856 ]\n [-21.29044319 -29.65576707 -34.06560707  -0.74182354  12.58944986\n    9.19720784]\n [-15.93250385 -26.65153077 -29.1143143   -1.4869856    9.19720784\n    9.71985001]]", "nfev": "497", "njev": "71", "status": "2", "success": "False", "message": "Desired error not necessarily achieved due to precision loss.", "x": "[ 2.94981464  3.90119403  3.88743273 -1.97799035  5.81916666  4.05531829]", "nit": "42", "callback": [0.4114242350826973, 0.13493066345804272, 0.10605483152561679, 0.10476562053093752]}, "8": {"maxiter": 500, "gtol": 1e-05, "xrtol": 1e-05, "eps": 1e-05, "duration": 0.0854039192199707, "fun": "0.10476562109130128", "jac": "[-8.66196004e-07 -8.94329055e-07  6.67454980e-07 -8.87478979e-07\n -1.95621297e-07 -1.77002857e-06]", "hess_inv": "[[ 3.86348766e+00  2.05188215e+00  2.15121137e+00 -5.45325613e-01\n  -1.43129444e+00 -7.62701747e-01]\n [ 2.05188215e+00  9.14363966e+01  8.17249892e+01 -1.73496737e+00\n  -9.03943072e+00 -1.39801212e+01]\n [ 2.15121137e+00  8.17249892e+01  7.79231992e+01 -2.30610468e+00\n  -5.53228232e+00 -9.76150504e+00]\n [-5.45325613e-01 -1.73496737e+00 -2.30610468e+00  2.43738080e+00\n  -3.99341950e-02 -2.51875436e-01]\n [-1.43129444e+00 -9.03943072e+00 -5.53228232e+00 -3.99341950e-02\n   5.38388400e+00  3.84788901e+00]\n [-7.62701747e-01 -1.39801212e+01 -9.76150504e+00 -2.51875436e-01\n   3.84788901e+00  6.23905682e+00]]", "nfev": "378", "njev": "54", "status": "0", "success": "True", "message": "Optimization terminated successfully.", "x": "[ 2.94980348  3.90092079  3.8871671  -1.97799042  5.8191737   4.05533434]", "nit": "39", "callback": [0.4114235671796924, 0.13498670839764348, 0.10647749684563812]}, "9": {"maxiter": 500, "gtol": 1e-05, "xrtol": 1e-05, "eps": 1e-10, "duration": 0.08180093765258789, "fun": "0.10476562081097573", "jac": "[-2.22044587e-06  3.33066880e-06 -7.77156053e-06  2.22044587e-06\n  6.66133760e-06  0.00000000e+00]", "hess_inv": "[[ 3.72906858e+00  1.54822088e+00  1.86664524e+00 -4.15016150e-01\n  -1.22307432e+00 -5.11447844e-01]\n [ 1.54822088e+00  8.22737742e+01  7.32621934e+01 -1.28256327e+00\n  -8.15822098e+00 -1.28867743e+01]\n [ 1.86664524e+00  7.32621934e+01  7.02419997e+01 -1.75986812e+00\n  -4.49948089e+00 -8.31374495e+00]\n [-4.15016150e-01 -1.28256327e+00 -1.75986812e+00  2.49440103e+00\n  -2.42402377e-02 -1.36807875e-01]\n [-1.22307432e+00 -8.15822098e+00 -4.49948089e+00 -2.42402377e-02\n   5.27873026e+00  3.88713291e+00]\n [-5.11447844e-01 -1.28867743e+01 -8.31374495e+00 -1.36807875e-01\n   3.88713291e+00  6.60391668e+00]]", "nfev": "364", "njev": "52", "status": "0", "success": "True", "message": "Optimization terminated successfully.", "x": "[ 2.94979929  3.9010233   3.88726174 -1.97798731  5.81919094  4.05534551]", "nit": "37", "callback": [0.4114242350826973, 0.13493066345804272, 0.10605483152561679]}, "10": {"maxiter": 500, "gtol": 1e-05, "xrtol": 1e-10, "eps": 1e-05, "duration": 0.08543086051940918, "fun": "0.10476562109130128", "jac": "[-8.66196004e-07 -8.94329055e-07  6.67454980e-07 -8.87478979e-07\n -1.95621297e-07 -1.77002857e-06]", "hess_inv": "[[ 3.86348766e+00  2.05188215e+00  2.15121137e+00 -5.45325613e-01\n  -1.43129444e+00 -7.62701747e-01]\n [ 2.05188215e+00  9.14363966e+01  8.17249892e+01 -1.73496737e+00\n  -9.03943072e+00 -1.39801212e+01]\n [ 2.15121137e+00  8.17249892e+01  7.79231992e+01 -2.30610468e+00\n  -5.53228232e+00 -9.76150504e+00]\n [-5.45325613e-01 -1.73496737e+00 -2.30610468e+00  2.43738080e+00\n  -3.99341950e-02 -2.51875436e-01]\n [-1.43129444e+00 -9.03943072e+00 -5.53228232e+00 -3.99341950e-02\n   5.38388400e+00  3.84788901e+00]\n [-7.62701747e-01 -1.39801212e+01 -9.76150504e+00 -2.51875436e-01\n   3.84788901e+00  6.23905682e+00]]", "nfev": "378", "njev": "54", "status": "0", "success": "True", "message": "Optimization terminated successfully.", "x": "[ 2.94980348  3.90092079  3.8871671  -1.97799042  5.8191737   4.05533434]", "nit": "39", "callback": [0.4114235671796924, 0.13498670839764348, 0.10647749684563812]}, "11": {"maxiter": 500, "gtol": 1e-05, "xrtol": 1e-10, "eps": 1e-10, "duration": 0.08258819580078125, "fun": "0.10476562081097573", "jac": "[-2.22044587e-06  3.33066880e-06 -7.77156053e-06  2.22044587e-06\n  6.66133760e-06  0.00000000e+00]", "hess_inv": "[[ 3.72906858e+00  1.54822088e+00  1.86664524e+00 -4.15016150e-01\n  -1.22307432e+00 -5.11447844e-01]\n [ 1.54822088e+00  8.22737742e+01  7.32621934e+01 -1.28256327e+00\n  -8.15822098e+00 -1.28867743e+01]\n [ 1.86664524e+00  7.32621934e+01  7.02419997e+01 -1.75986812e+00\n  -4.49948089e+00 -8.31374495e+00]\n [-4.15016150e-01 -1.28256327e+00 -1.75986812e+00  2.49440103e+00\n  -2.42402377e-02 -1.36807875e-01]\n [-1.22307432e+00 -8.15822098e+00 -4.49948089e+00 -2.42402377e-02\n   5.27873026e+00  3.88713291e+00]\n [-5.11447844e-01 -1.28867743e+01 -8.31374495e+00 -1.36807875e-01\n   3.88713291e+00  6.60391668e+00]]", "nfev": "364", "njev": "52", "status": "0", "success": "True", "message": "Optimization terminated successfully.", "x": "[ 2.94979929  3.9010233   3.88726174 -1.97798731  5.81919094  4.05534551]", "nit": "37", "callback": [0.4114242350826973, 0.13493066345804272, 0.10605483152561679]}, "12": {"maxiter": 500, "gtol": 1e-10, "xrtol": 1e-05, "eps": 1e-05, "duration": 0.08643102645874023, "fun": "0.10476562109130128", "jac": "[-8.66196004e-07 -8.94329055e-07  6.67454980e-07 -8.87478979e-07\n -1.95621297e-07 -1.77002857e-06]", "hess_inv": "[[ 3.86348766e+00  2.05188215e+00  2.15121137e+00 -5.45325613e-01\n  -1.43129444e+00 -7.62701747e-01]\n [ 2.05188215e+00  9.14363966e+01  8.17249892e+01 -1.73496737e+00\n  -9.03943072e+00 -1.39801212e+01]\n [ 2.15121137e+00  8.17249892e+01  7.79231992e+01 -2.30610468e+00\n  -5.53228232e+00 -9.76150504e+00]\n [-5.45325613e-01 -1.73496737e+00 -2.30610468e+00  2.43738080e+00\n  -3.99341950e-02 -2.51875436e-01]\n [-1.43129444e+00 -9.03943072e+00 -5.53228232e+00 -3.99341950e-02\n   5.38388400e+00  3.84788901e+00]\n [-7.62701747e-01 -1.39801212e+01 -9.76150504e+00 -2.51875436e-01\n   3.84788901e+00  6.23905682e+00]]", "nfev": "378", "njev": "54", "status": "0", "success": "True", "message": "Optimization terminated successfully.", "x": "[ 2.94980348  3.90092079  3.8871671  -1.97799042  5.8191737   4.05533434]", "nit": "39", "callback": [0.4114235671796924, 0.13498670839764348, 0.10647749684563812]}, "13": {"maxiter": 500, "gtol": 1e-10, "xrtol": 1e-05, "eps": 1e-10, "duration": 0.08624410629272461, "fun": "0.104765620543561