{"date": "2024/10/08/, 20:55:23", "conf_id": 29, "data_type": "random\n", "num_data_points": 2, "s_rank": 0, "unitary": "[[-0.24866696+0.58742286j,-0.44704345-0.43151574j,-0.35669027-0.20570733j,-0.10517633+0.1626036j],[0.10596805-0.19687975j,-0.30269685-0.15056416j,0.18246286+0.30440582j,-0.83484447-0.11310748j],[0.26054512-0.52548482j,0.0285017-0.50723956j,-0.43110112+0.17165838j,0.15243271+0.39915801j],[0.42978035+0.11991271j,-0.17224126-0.46030424j,0.6827807-0.15164662j,0.26483638+0.0061855j]]", "databatch_0": {"databatch": "[[[0.06621507-0.17891075j,0.01002237-0.02748951j,0.04498151-0.00305015j,-0.01166769-0.0968063j],[-0.2486384+0.67273031j,-0.01033233+0.1390138j,-0.1499171-0.02749768j,0.06387079+0.40707889j],[0.17861093+0.18060205j,-0.00914861+0.07266497j,0.03328978+0.06841132j,0.07501052+0.0783763j],[-0.02078083+0.16423466j,-0.05826693-0.17434476j,-0.18683896+0.14523209j,0.01853125-0.13923474j]],[[-0.07384579-0.03203949j,-0.24369597+0.0961282j,0.30072282+0.2981178j,0.04047496+0.09338703j],[-0.07108637+0.09320717j,-0.05219237+0.27686544j,0.38808347-0.09640143j,-0.04054691-0.0512136j],[0.03481192-0.01037106j,-0.08688432-0.06527719j,-0.0632813+0.22358243j,-0.16161798+0.13110296j],[-0.0533935+0.01801996j,-0.02305813+0.27301546j,0.46598273-0.13455987j,0.21048993+0.09852648j]]]", "initial param values": "[3.19471205,1.40455595,5.6115256,0.52727394,0.4080506,0.98214565]", "nelder_mead": {"type": "gradient-free", "0": {"maxiter": 100, "fatol": 1e-05, "xatol": 1e-05, "duration": 0.05298304557800293, "fun": "0.418919557607224", "nit": "100", "nfev": "158", "status": "2", "success": "False", "message": "Maximum number of iterations has been exceeded.", "x": "[ 0.46081596  0.26154449  6.41395225  2.23852537 -0.72397468  4.33856893]", "final_simplex": "(array([[ 0.46081596,  0.26154449,  6.41395225,  2.23852537, -0.72397468,\n         4.33856893],\n       [ 0.33356311,  0.18158285,  6.38103435,  2.36474435, -0.80519619,\n         4.5523517 ],\n       [ 0.40752673,  0.24885635,  6.29000681,  2.24867583, -0.73127669,\n         4.39030569],\n       [ 0.26737385,  0.14542195,  6.39019234,  2.41164305, -0.84560642,\n         4.6833598 ],\n       [ 0.3245123 ,  0.24173917,  6.28677644,  2.3533613 , -0.8093385 ,\n         4.54198479],\n       [ 0.33770257,  0.13672374,  6.31656726,  2.44401275, -0.85534759,\n         4.70851061],\n       [ 0.52690998,  0.32019061,  6.35629781,  2.2627356 , -0.75510621,\n         4.31125296]]), array([0.41891956, 0.41957435, 0.41980688, 0.42100812, 0.42108229,\n       0.42138213, 0.4218616 ]))", "callback": [0.8909136891641254, 0.817943155493251, 0.7846126191215982, 0.7467243649590749, 0.7377618935776884, 0.7001116541160168, 0.6454962875541529, 0.47793133060488424, 0.44446592132674123, 0.4249382921897351]}, "1": {"maxiter": 100, "fatol": 1e-05, "xatol": 1e-10, "duration": 0.039552927017211914, "fun": "0.418919557607224", "nit": "100", "nfev": "158", "status": "2", "success": "False", "message": "Maximum number of iterations has been exceeded.", "x": "[ 0.46081596  0.26154449  6.41395225  2.23852537 -0.72397468  4.33856893]", "final_simplex": "(array([[ 0.46081596,  0.26154449,  6.41395225,  2.23852537, -0.72397468,\n         4.33856893],\n       [ 0.33356311,  0.18158285,  6.38103435,  2.36474435, -0.80519619,\n         4.5523517 ],\n       [ 0.40752673,  0.24885635,  6.29000681,  2.24867583, -0.73127669,\n         4.39030569],\n       [ 0.26737385,  0.14542195,  6.39019234,  2.41164305, -0.84560642,\n         4.6833598 ],\n       [ 0.3245123 ,  0.24173917,  6.28677644,  2.3533613 , -0.8093385 ,\n         4.54198479],\n       [ 0.33770257,  0.13672374,  6.31656726,  2.44401275, -0.85534759,\n         4.70851061],\n       [ 0.52690998,  0.32019061,  6.35629781,  2.2627356 , -0.75510621,\n         4.31125296]]), array([0.41891956, 0.41957435, 0.41980688, 0.42100812, 0.42108229,\n       0.42138213, 0.4218616 ]))", "callback": [0.8909136891641254, 0.817943155493251, 0.7846126191215982, 0.7467243649590749, 0.7377618935776884, 0.7001116541160168, 0.6454962875541529, 0.47793133060488424, 0.44446592132674123, 0.4249382921897351]}, "2": {"maxiter": 100, "fatol": 1e-10, "xatol": 1e-05, "duration": 0.046544790267944336, "fun": "0.418919557607224", "nit": "100", "nfev": "158", "status": "2", "success": "False", "message": "Maximum number of iterations has been exceeded.", "x": "[ 0.46081596  0.26154449  6.41395225  2.23852537 -0.72397468  4.33856893]", "final_simplex": "(array([[ 0.46081596,  0.26154449,  6.41395225,  2.23852537, -0.72397468,\n         4.33856893],\n       [ 0.33356311,  0.18158285,  6.38103435,  2.36474435, -0.80519619,\n         4.5523517 ],\n       [ 0.40752673,  0.24885635,  6.29000681,  2.24867583, -0.73127669,\n         4.39030569],\n       [ 0.26737385,  0.14542195,  6.39019234,  2.41164305, -0.84560642,\n         4.6833598 ],\n       [ 0.3245123 ,  0.24173917,  6.28677644,  2.3533613 , -0.8093385 ,\n         4.54198479],\n       [ 0.33770257,  0.13672374,  6.31656726,  2.44401275, -0.85534759,\n         4.70851061],\n       [ 0.52690998,  0.32019061,  6.35629781,  2.2627356 , -0.75510621,\n         4.31125296]]), array([0.41891956, 0.41957435, 0.41980688, 0.42100812, 0.42108229,\n       0.42138213, 0.4218616 ]))", "callback": [0.8909136891641254, 0.817943155493251, 0.7846126191215982, 0.7467243649590749, 0.7377618935776884, 0.7001116541160168, 0.6454962875541529, 0.47793133060488424, 0.44446592132674123, 0.4249382921897351]}, "3": {"maxiter": 100, "fatol": 1e-10, "xatol": 1e-10, "duration": 0.04027700424194336, "fun": "0.418919557607224", "nit": "100", "nfev": "158", "status": "2", "success": "False", "message": "Maximum number of iterations has been exceeded.", "x": "[ 0.46081596  0.26154449  6.41395225  2.23852537 -0.72397468  4.33856893]", "final_simplex": "(array([[ 0.46081596,  0.26154449,  6.41395225,  2.23852537, -0.72397468,\n         4.33856893],\n       [ 0.33356311,  0.18158285,  6.38103435,  2.36474435, -0.80519619,\n         4.5523517 ],\n       [ 0.40752673,  0.24885635,  6.29000681,  2.24867583, -0.73127669,\n         4.39030569],\n       [ 0.26737385,  0.14542195,  6.39019234,  2.41164305, -0.84560642,\n         4.6833598 ],\n       [ 0.3245123 ,  0.24173917,  6.28677644,  2.3533613 , -0.8093385 ,\n         4.54198479],\n       [ 0.33770257,  0.13672374,  6.31656726,  2.44401275, -0.85534759,\n         4.70851061],\n       [ 0.52690998,  0.32019061,  6.35629781,  2.2627356 , -0.75510621,\n         4.31125296]]), array([0.41891956, 0.41957435, 0.41980688, 0.42100812, 0.42108229,\n       0.42138213, 0.4218616 ]))", "callback": [0.8909136891641254, 0.817943155493251, 0.7846126191215982, 0.7467243649590749, 0.7377618935776884, 0.7001116541160168, 0.6454962875541529, 0.47793133060488424, 0.44446592132674123, 0.4249382921897351]}, "4": {"maxiter": 500, "fatol": 1e-05, "xatol": 1e-05, "duration": 0.22245502471923828, "fun": "0.2663499693448965", "nit": "500", "nfev": "787", "status": "2", "success": "False", "message": "Maximum number of iterations has been exceeded.", "x": "[ 0.88286112 -1.01453181  7.24364818  1.92226534 -1.4989268   4.95556278]", "final_simplex": "(array([[ 0.88286112, -1.01453181,  7.24364818,  1.92226534, -1.4989268 ,\n         4.95556278],\n       [ 0.88285808, -1.01452788,  7.24364687,  1.92227627, -1.49893226,\n         4.95556448],\n       [ 0.88286188, -1.01453381,  7.24365233,  1.9222816 , -1.49893629,\n         4.95555743],\n       [ 0.88285276, -1.01453497,  7.24364246,  1.92227185, -1.49893409,\n         4.95556832],\n       [ 0.88285415, -1.01454401,  7.24365805,  1.92229065, -1.49893252,\n         4.95555586],\n       [ 0.88285867, -1.0145222 ,  7.24364072,  1.9222773 , -1.49893573,\n         4.95554669],\n       [ 0.88286335, -1.01452792,  7.24363889,  1.92227431, -1.49892544,\n         4.95557192]]), array([0.26634997, 0.26634997, 0.26634997, 0.26634997, 0.26634997,\n       0.26634997, 0.26634997]))", "callback": [0.8909136891641254, 0.817943155493251, 0.7846126191215982, 0.7467243649590749, 0.7377618935776884, 0.7001116541160168, 0.6454962875541529, 0.47793133060488424, 0.44446592132674123, 0.4249382921897351, 0.418919557607224, 0.40975903963523796, 0.3962775265742645, 0.3710471650382693, 0.3513116347240536, 0.3462798391882933, 0.3427056192852326, 0.3421938715364641, 0.34013812710385605, 0.3367996100845506, 0.3326585651327616, 0.31829340030380426, 0.2853208023094047, 0.2838150343596646, 0.2807232951738795, 0.2799475907045944, 0.27992177845795585, 0.27975396021263743, 0.27955230495216865, 0.2787373994131459, 0.27680354560282827, 0.2739108125418619, 0.27001715579282104, 0.2684583633184895, 0.267515022745884, 0.2667857489894959, 0.26648283046230936, 0.26639185503728346, 0.266359953456786, 0.2663518256186458, 0.26635025910919763, 0.26635008284416206, 0.26634999333708786, 0.26634998291758594, 0.2663499737391979, 0.2663499709510243, 0.26634997004825955, 0.2663499696556392, 0.2663499694287388, 0.26634996936119726]}, "5": {"maxiter": 500, "fatol": 1e-05, "xatol": 1e-10, "duration": 0.22137999534606934, "fun": "0.2663499693448965", "nit": "500", "nfev": "787", "status": "2", "success": "False", "message": "Maximum number of iterations has been exceeded.", "x": "[ 0.88286112 -1.01453181  7.24364818  1.92226534 -1.4989268   4.95556278]", "final_simplex": "(array([[ 0.88286112, -1.01453181,  7.24364818,  1.92226534, -1.4989268 ,\n         4.95556278],\n       [ 0.88285808, -1.01452788,  7.24364687,  1.92227627, -1.49893226,\n         4.95556448],\n       [ 0.88286188, -1.01453381,  7.24365233,  1.9222816 , -1.49893629,\n         4.95555743],\n       [ 0.88285276, -1.01453497,  7.24364246,  1.92227185, -1.49893409,\n         4.95556832],\n       [ 0.88285415, -1.01454401,  7.24365805,  1.92229065, -1.49893252,\n         4.95555586],\n       [ 0.88285867, -1.0145222 ,  7.24364072,  1.9222773 , -1.49893573,\n         4.95554669],\n       [ 0.88286335, -1.01452792,  7.24363889,  1.92227431, -1.49892544,\n         4.95557192]]), array([0.26634997, 0.26634997, 0.26634997, 0.26634997, 0.26634997,\n       0.26634997, 0.26634997]))", "callback": [0.8909136891641254, 0.817943155493251, 0.7846126191215982, 0.7467243649590749, 0.7377618935776884, 0.7001116541160168, 0.6454962875541529, 0.47793133060488424, 0.44446592132674123, 0.4249382921897351, 0.418919557607224, 0.40975903963523796, 0.3962775265742645, 0.3710471650382693, 0.3513116347240536, 0.3462798391882933, 0.3427056192852326, 0.3421938715364641, 0.34013812710385605, 0.3367996100845506, 0.3326585651327616, 0.31829340030380426, 0.2853208023094047, 0.2838150343596646, 0.2807232951738795, 0.2799475907045944, 0.27992177845795585, 0.27975396021263743, 0.27955230495216865, 0.2787373994131459, 0.27680354560282827, 0.2739108125418619, 0.27001715579282104, 0.2684583633184895, 0.267515022745884, 0.2667857489894959, 0.26648283046230936, 0.26639185503728346, 0.266359953456786, 0.2663518256186458, 0.26635025910919763, 0.26635008284416206, 0.26634999333708786, 0.26634998291758594, 0.2663499737391979, 0.2663499709510243, 0.26634997004825955, 0.2663499696556392, 0.2663499694287388, 0.26634996936119726]}, "6": {"maxiter": 500, "fatol": 1e-10, "xatol": 1e-05, "duration": 0.2372288703918457, "fun": "0.2663499693448965", "nit": "500", "nfev": "787", "status": "2", "success": "False", "message": "Maximum number of iterations has been exceeded.", "x": "[ 0.88286112 -1.01453181  7.24364818  1.92226534 -1.4989268   4.95556278]", "final_simplex": "(array([[ 0.88286112, -1.01453181,  7.24364818,  1.92226534, -1.4989268 ,\n         4.95556278],\n       [ 0.88285808, -1.01452788,  7.24364687,  1.92227627, -1.49893226,\n         4.95556448],\n       [ 0.88286188, -1.01453381,  7.24365233,  1.9222816 , -1.49893629,\n         4.95555743],\n       [ 0.88285276, -1.01453497,  7.24364246,  1.92227185, -1.49893409,\n         4.95556832],\n       [ 0.88285415, -1.01454401,  7.24365805,  1.92229065, -1.49893252,\n         4.95555586],\n       [ 0.88285867, -1.0145222 ,  7.24364072,  1.9222773 , -1.49893573,\n         4.95554669],\n       [ 0.88286335, -1.01452792,  7.24363889,  1.92227431, -1.49892544,\n         4.95557192]]), array([0.26634997, 0.26634997, 0.26634997, 0.26634997, 0.26634997,\n       0.26634997, 0.26634997]))", "callback": [0.8909136891641254, 0.817943155493251, 0.7846126191215982, 0.7467243649590749, 0.7377618935776884, 0.7001116541160168, 0.6454962875541529, 0.47793133060488424, 0.44446592132674123, 0.4249382921897351, 0.418919557607224, 0.40975903963523796, 0.3962775265742645, 0.3710471650382693, 0.3513116347240536, 0.3462798391882933, 0.3427056192852326, 0.3421938715364641, 0.34013812710385605, 0.3367996100845506, 0.3326585651327616, 0.31829340030380426, 0.2853208023094047, 0.2838150343596646, 0.2807232951738795, 0.2799475907045944, 0.27992177845795585, 0.27975396021263743, 0.27955230495216865, 0.2787373994131459, 0.27680354560282827, 0.2739108125418619, 0.27001715579282104, 0.2684583633184895, 0.267515022745884, 0.2667857489894959, 0.26648283046230936, 0.26639185503728346, 0.266359953456786, 0.2663518256186458, 0.26635025910919763, 0.26635008284416206, 0.26634999333708786, 0.26634998291758594, 0.2663499737391979, 0.2663499709510243, 0.26634997004825955, 0.2663499696556392, 0.2663499694287388, 0.26634996936119726]}, "7": {"maxiter": 500, "fatol": 1e-10, "xatol": 1e-10, "duration": 0.22475481033325195, "fun": "0.2663499693448965", "nit": "500", "nfev": "787", "status": "2", "success": "False", "message": "Maximum number of iterations has been exceeded.", "x": "[ 0.88286112 -1.01453181  7.24364818  1.92226534 -1.4989268   4.95556278]", "final_simplex": "(array([[ 0.88286112, -1.01453181,  7.24364818,  1.92226534, -1.4989268 ,\n         4.95556278],\n       [ 0.88285808, -1.01452788,  7.24364687,  1.92227627, -1.49893226,\n         4.95556448],\n       [ 0.88286188, -1.01453381,  7.24365233,  1.9222816 , -1.49893629,\n         4.95555743],\n       [ 0.88285276, -1.01453497,  7.24364246,  1.92227185, -1.49893409,\n         4.95556832],\n       [ 0.88285415, -1.01454401,  7.24365805,  1.92229065, -1.49893252,\n         4.95555586],\n       [ 0.88285867, -1.0145222 ,  7.24364072,  1.9222773 , -1.49893573,\n         4.95554669],\n       [ 0.88286335, -1.01452792,  7.24363889,  1.92227431, -1.49892544,\n         4.95557192]]), array([0.26634997, 0.26634997, 0.26634997, 0.26634997, 0.26634997,\n       0.26634997, 0.26634997]))", "callback": [0.8909136891641254, 0.817943155493251, 0.7846126191215982, 0.7467243649590749, 0.7377618935776884, 0.7001116541160168, 0.6454962875541529, 0.47793133060488424, 0.44446592132674123, 0.4249382921897351, 0.418919557607224, 0.40975903963523796, 0.3962775265742645, 0.3710471650382693, 0.3513116347240536, 0.3462798391882933, 0.3427056192852326, 0.3421938715364641, 0.34013812710385605, 0.3367996100845506, 0.3326585651327616, 0.31829340030380426, 0.2853208023094047, 0.2838150343596646, 0.2807232951738795, 0.2799475907045944, 0.27992177845795585, 0.27975396021263743, 0.27955230495216865, 0.2787373994131459, 0.27680354560282827, 0.2739108125418619, 0.27001715579282104, 0.2684583633184895, 0.267515022745884, 0.2667857489894959, 0.26648283046230936, 0.26639185503728346, 0.266359953456786, 0.2663518256186458, 0.26635025910919763, 0.26635008284416206, 0.26634999333708786, 0.26634998291758594, 0.2663499737391979, 0.2663499709510243, 0.26634997004825955, 0.2663499696556392, 0.2663499694287388, 0.26634996936119726]}, "8": {"maxiter": 1000, "fatol": 1e-05, "xatol": 1e-05, "duration": 0.22478008270263672, "fun": "0.2663499693354542", "nit": "510", "nfev": "804", "status": "0", "success": "True", "message": "Optimization terminated successfully.", "x": "[ 0.88286068 -1.01453589  7.24365321  1.92227273 -1.49892306  4.95556085]", "final_simplex": "(array([[ 0.88286068, -1.01453589,  7.24365321,  1.92227273, -1.49892306,\n         4.95556085],\n       [ 0.88286018, -1.01453157,  7.24364825,  1.92227067, -1.49892809,\n         4.9555598 ],\n       [ 0.88285835, -1.01452737,  7.24364394,  1.92227113, -1.49892498,\n         4.95556237],\n       [ 0.88285871, -1.01453232,  7.24365191,  1.92227352, -1.49892887,\n         4.95555174],\n       [ 0.88286245, -1.01452928,  7.24365   ,  1.92227788, -1.49892967,\n         4.95555722],\n       [ 0.88286103, -1.01453352,  7.24364728,  1.92227367, -1.49892665,\n         4.95555603],\n       [ 0.88285648, -1.01453756,  7.24365219,  1.92228265, -1.4989323 ,\n         4.95555903]]), array([0.26634997, 0.26634997, 0.26634997, 0.26634997, 0.26634997,\n       0.26634997, 0.26634997]))", "callback": [0.8909136891641254, 0.817943155493251, 0.7846126191215982, 0.7467243649590749, 0.7377618935776884, 0.7001116541160168, 0.6454962875541529, 0.47793133060488424, 0.44446592132674123, 0.4249382921897351, 0.418919557607224, 0.40975903963523796, 0.3962775265742645, 0.3710471650382693, 0.3513116347240536, 0.3462798391882933, 0.3427056192852326, 0.3421938715364641, 0.34013812710385605, 0.3367996100845506, 0.3326585651327616, 0.31829340030380426, 0.2853208023094047, 0.2838150343596646, 0.2807232951738795, 0.2799475907045944, 0.27992177845795585, 0.27975396021263743, 0.27955230495216865, 0.2787373994131459, 0.27680354560282827, 0.2739108125418619, 0.27001715579282104, 0.2684583633184895, 0.267515022745884, 0.2667857489894959, 0.26648283046230936, 0.26639185503728346, 0.266359953456786, 0.2663518256186458, 0.26635025910919763, 0.26635008284416206, 0.26634999333708786, 0.26634998291758594, 0.2663499737391979, 0.2663499709510243, 0.26634997004825955, 0.2663499696556392, 0.2663499694287388, 0.26634996936119726, 0.26634996934447797]}, "9": {"maxiter": 1000, "fatol": 1e-05, "xatol": 1e-10, "duration": 0.2932748794555664, "fun": "0.2663499693306691", "nit": "643", "nfev": "1074", "status": "0", "success": "True", "message": "Optimization terminated successfully.", "x": "[ 0.88285725 -1.01453217  7.2436524   1.92227534 -1.49892617  4.95555794]", "final_simplex": "(array([[ 0.88285725, -1.01453217,  7.2436524 ,  1.92227534, -1.49892617,\n         4.95555794],\n       [ 0.88285725, -1.01453217,  7.2436524 ,  1.92227534, -1.49892617,\n         4.95555794],\n       [ 0.88285725, -1.01453217,  7.2436524 ,  1.92227534, -1.49892617,\n         4.95555794],\n       [ 0.88285725, -1.01453217,  7.2436524 ,  1.92227534, -1.49892617,\n         4.95555794],\n       [ 0.88285725, -1.01453217,  7.2436524 ,  1.92227534, -1.49892617,\n         4.95555794],\n       [ 0.88285725, -1.01453217,  7.2436524 ,  1.92227534, -1.49892617,\n         4.95555794],\n       [ 0.88285725, -1.01453217,  7.2436524 ,  1.92227534, -1.49892617,\n         4.95555794]]), array([0.26634997, 0.26634997, 0.26634997, 0.26634997, 0.26634997,\n       0.26634997, 0.26634997]))", "callback": [0.8909136891641254, 0.817943155493251, 0.7846126191215982, 0.7467243649590749, 0.7377618935776884, 0.7001116541160168, 0.6454962875541529, 0.47793133060488424, 0.44446592132674123, 0.4249382921897351, 0.418919557607224, 0.40975903963523796, 0.3962775265742645, 0.3710471650382693, 0.3513116347240536, 0.3462798391882933, 0.3427056192852326, 0.3421938715364641, 0.34013812710385605, 0.3367996100845506, 0.3326585651327616, 0.31829340030380426, 0.2853208023094047, 0.2838150343596646, 0.2807232951738795, 0.2799475907045944, 0.27992177845795585, 0.27975396021263743, 0.27955230495216865, 0.2787373994131459, 0.27680354560282827, 0.2739108125418619, 0.27001715579282104, 0.2684583633184895, 0.267515022745884, 0.2667857489894959, 0.26648283046230936, 0.26639185503728346, 0.266359953456786, 0.2663518256186458, 0.26635025910919763, 0.26635008284416206, 0.26634999333708786, 0.26634998291758594, 0.2663499737391979, 0.2663499709510243, 0.26634997004825955, 0.2663499696556392, 0.2663499694287388, 0.26634996936119726, 0.26634996934447797, 0.2663499693337401, 0.26634996933121624, 0.26634996933092236, 0.2663499693307376, 0.26634996933068933, 0.2663499693306792, 0.266349969330673, 0.2663499693306721, 0.2663499693306699, 0.26634996933066934, 0.26634996933066923, 0.2663499693306691, 0.2663499693306691, 0.2663499693306691]}, "10": {"maxiter": 1000, "fatol": 1e-10, "xatol": 1e-05, "duration": 0.24099302291870117, "fun": "0.2663499693354542", "nit": "510", "nfev": "804", "status": "0", "success": "True", "message": "Optimization terminated successfully.", "x": "[ 0.88286068 -1.01453589  7.24365321  1.92227273 -1.49892306  4.95556085]", "final_simplex": "(array([[ 0.88286068, -1.01453589,  7.24365321,  1.92227273, -1.49892306,\n         4.95556085],\n       [ 0.88286018, -1.01453157,  7.24364825,  1.92227067, -1.49892809,\n         4.9555598 ],\n       [ 0.88285835, -1.01452737,  7.24364394,  1.92227113, -1.49892498,\n         4.95556237],\n       [ 0.88285871, -1.01453232,  7.24365191,  1.92227352, -1.49892887,\n         4.95555174],\n       [ 0.88286245, -1.01452928,  7.24365   ,  1.92227788, -1.49892967,\n         4.95555722],\n       [ 0.88286103, -1.01453352,  7.24364728,  1.92227367, -1.49892665,\n         4.95555603],\n       [ 0.88285648, -1.01453756,  7.24365219,  1.92228265, -1.4989323 ,\n         4.95555903]]), array([0.26634997, 0.26634997, 0.26634997, 0.26634997, 0.26634997,\n       0.26634997, 0.26634997]))", "callback": [0.8909136891641254, 0.817943155493251, 0.7846126191215982, 0.7467243649590749, 0.7377618935776884, 0.7001116541160168, 0.6454962875541529, 0.47793133060488424, 0.44446592132674123, 0.4249382921897351, 0.418919557607224, 0.40975903963523796, 0.3962775265742645, 0.3710471650382693, 0.3513116347240536, 0.3462798391882933, 0.3427056192852326, 0.3421938715364641, 0.34013812710385605, 0.3367996100845506, 0.3326585651327616, 0.31829340030380426, 0.2853208023094047, 0.2838150343596646, 0.2807232951738795, 0.2799475907045944, 0.27992177845795585, 0.27975396021263743, 0.27955230495216865, 0.2787373994131459, 0.27680354560282827, 0.2739108125418619, 0.27001715579282104, 0.2684583633184895, 0.267515022745884, 0.2667857489894959, 0.26648283046230936, 0.26639185503728346, 0.266359953456786, 0.2663518256186458, 0.26635025910919763, 0.26635008284416206, 0.26634999333708786, 0.26634998291758594, 0.2663499737391979, 0.2663499709510243, 0.26634997004825955, 0.2663499696556392, 0.2663499694287388, 0.26634996936119726, 0.26634996934447797]}, "11": {"maxiter": 1000, "fatol": 1e-10, "xatol": 1e-10, "duration": 0.2971489429473877, "fun": "0.2663499693306691", "nit": "643", "nfev": "1074", "status": "0", "success": "True", "message": "Optimization terminated successfully.", "x": "[ 0.88285725 -1.01453217  7.2436524   1.92227534 -1.49892617  4.95555794]", "final_simplex": "(array([[ 0.88285725, -1.01453217,  7.2436524 ,  1.92227534, -1.49892617,\n         4.95555794],\n       [ 0.88285725, -1.01453217,  7.2436524 ,  1.92227534, -1.49892617,\n         4.95555794],\n       [ 0.88285725, -1.01453217,  7.2436524 ,  1.92227534, -1.49892617,\n         4.95555794],\n       [ 0.88285725, -1.01453217,  7.2436524 ,  1.92227534, -1.49892617,\n         4.95555794],\n       [ 0.88285725, -1.01453217,  7.2436524 ,  1.92227534, -1.49892617,\n         4.95555794],\n       [ 0.88285725, -1.01453217,  7.2436524 ,  1.92227534, -1.49892617,\n         4.95555794],\n       [ 0.88285725, -1.01453217,  7.2436524 ,  1.92227534, -1.49892617,\n         4.95555794]]), array([0.26634997, 0.26634997, 0.26634997, 0.26634997, 0.26634997,\n       0.26634997, 0.26634997]))", "callback": [0.8909136891641254, 0.817943155493251, 0.7846126191215982, 0.7467243649590749, 0.7377618935776884, 0.7001116541160168, 0.6454962875541529, 0.47793133060488424, 0.44446592132674123, 0.4249382921897351, 0.418919557607224, 0.40975903963523796, 0.3962775265742645, 0.3710471650382693, 0.3513116347240536, 0.3462798391882933, 0.3427056192852326, 0.3421938715364641, 0.34013812710385605, 0.3367996100845506, 0.3326585651327616, 0.31829340030380426, 0.2853208023094047, 0.2838150343596646, 0.2807232951738795, 0.2799475907045944, 0.27992177845795585, 0.27975396021263743, 0.27955230495216865, 0.2787373994131459, 0.27680354560282827, 0.2739108125418619, 0.27001715579282104, 0.2684583633184895, 0.267515022745884, 0.2667857489894959, 0.26648283046230936, 0.26639185503728346, 0.266359953456786, 0.2663518256186458, 0.26635025910919763, 0.26635008284416206, 0.26634999333708786, 0.26634998291758594, 0.2663499737391979, 0.2663499709510243, 0.26634997004825955, 0.2663499696556392, 0.2663499694287388, 0.26634996936119726, 0.26634996934447797, 0.2663499693337401, 0.26634996933121624, 0.26634996933092236, 0.2663499693307376, 0.26634996933068933, 0.2663499693306792, 0.266349969330673, 0.2663499693306721, 0.2663499693306699, 0.26634996933066934, 0.26634996933066923, 0.2663499693306691, 0.2663499693306691, 0.2663499693306691]}}, "bfgs": {"type": "gradient", "0": {"maxiter": 100, "gtol": 1e-05, "xrtol": 1e-05, "eps": 1e-05, "duration": 0.1077723503112793, "fun": "0.26634996937569266", "jac": "[-5.27466959e-07 -5.34461364e-07 -6.97619740e-07 -5.48638912e-07\n -1.22761801e-06  1.00979225e-06]", "hess_inv": "[[ 4.37132132 -0.77935238  1.37840936 -0.53325539 -0.15423784 -0.03242776]\n [-0.77935238  7.37055459 -4.03777782  2.57893073 -0.09862168 -2.54537143]\n [ 1.37840936 -4.03777782  7.77496091 -2.88359389  0.03986862 -0.84865391]\n [-0.53325539  2.57893073 -2.88359389  5.54549121  0.36523783  0.46176047]\n [-0.15423784 -0.09862168  0.03986862  0.36523783  4.01548234  1.11074878]\n [-0.03242776 -2.54537143 -0.84865391  0.46176047  1.11074878  6.50086458]]", "nfev": "399", "njev": "57", "status": "0", "success": "True", "message": "Optimization terminated successfully.", "x": "[ 7.16603461 -1.01454213  0.96046235  4.36089967  1.64265509  1.81396816]", "nit": "37", "callback": [0.8050512079839679, 0.7697650047477405, 0.7495168738359536, 0.7107875961572917, 0.6434439078612006, 0.6068058400009153, 0.568450752880787, 0.5511722496626095, 0.5475642871645432, 0.5467081013503805, 0.5459156673164522, 0.5446092289714982, 0.5427215020779935, 0.5412946498601071, 0.5405042920876867, 0.5401218345784707, 0.5398318409420493, 0.5397258295599072, 0.5092586698172021, 0.4128370355107629, 0.41283190005485315, 0.3635516096346757, 0.3102343220295152, 0.30089148947973254, 0.29637858100666614, 0.28898642930274654, 0.2794112236199122, 0.27251530818413094, 0.2675796862692186, 0.2666491103266473, 0.2663891890508824, 0.2663710242629497, 0.26635804755910664, 0.26635159130806263, 0.2663500692454105, 0.26634997139469907, 0.26634996937569266]}, "1": {"maxiter": 100, "gtol": 1e-05, "xrtol": 1e-05, "eps": 1e-10, "duration": 0.1212320327758789, "fun": "0.26634996934424104", "jac": "[ 0.00000000e+00  2.22044587e-06  0.00000000e+00  0.00000000e+00\n -1.11022293e-06  1.11022293e-06]", "hess_inv": "[[ 4.48348794e+00 -9.66167597e-01  1.68092377e+00 -6.25071344e-01\n  -1.42299424e-01 -3.20071923e-02]\n [-9.66167597e-01  7.48120061e+00 -4.26006490e+00  2.57847620e+00\n   1.25263032e-03 -2.37753241e+00]\n [ 1.68092377e+00 -4.26006490e+00  8.11034232e+00 -2.91530872e+00\n  -1.22360437e-01 -9.00816897e-01]\n [-6.25071344e-01  2.57847620e+00 -2.91530872e+00  5.41665356e+00\n   5.58557765e-01  5.91571301e-01]\n [-1.42299424e-01  1.25263032e-03 -1.22360437e-01  5.58557765e-01\n   4.00936366e+00  1.12580960e+00]\n [-3.20071923e-02 -2.37753241e+00 -9.00816897e-01  5.91571301e-01\n   1.12580960e+00  6.12898538e+00]]", "nfev": "399", "njev": "57", "status": "0", "success": "True", "message": "Optimization terminated successfully.", "x": "[ 7.16604155 -1.01453515  0.96047006  4.36091832  1.64267009  1.81397021]", "nit": "37", "callback": [0.8050516393773024, 0.7697661175548867, 0.7495182074240399, 0.7107894321529407, 0.6434461555960772, 0.6068041059104705, 0.5684517568974996, 0.5511713554200925, 0.547564127315096, 0.5467078891258772, 0.5459154968427458, 0.5446089968821601, 0.5427210524365758, 0.5412940031712047, 0.5405041303385762, 0.5401216547148475, 0.539831897378418, 0.5397259777242855, 0.5092255695783268, 0.4119331811773431, 0.41192831399736973, 0.3650026960383773, 0.3125130008902237, 0.30265967714144704, 0.29784068752503023, 0.2901928019327482, 0.2805780293878316, 0.2731512089252994, 0.267728294571851, 0.26663037200030304, 0.2663654604004734, 0.2663563685870841, 0.26635333810138906, 0.2663508502321499, 0.2663500556826057, 0.2663499715713975, 0.26634996934424104]}, "2": {"maxiter": 100, "gtol": 1e-05, "xrtol": 1e-10, "eps": 1e-05, "duration": 0.11896586418151855, "fun": "0.26634996937569266", "jac": "[-5.27466959e-07 -5.34461364e-07 -6.97619740e-07 -5.48638912e-07\n -1.22761801e-06  1.00979225e-06]", "hess_inv": "[[ 4.37132132 -0.77935238  1.37840936 -0.53325539 -0.15423784 -0.03242776]\n [-0.77935238  7.37055459 -4.03777782  2.57893073 -0.09862168 -2.54537143]\n [ 1.37840936 -4.03777782  7.77496091 -2.88359389  0.03986862 -0.84865391]\n [-0.53325539  2.57893073 -2.88359389  5.54549121  0.36523783  0.46176047]\n [-0.15423784 -0.09862168  0.03986862  0.36523783  4.01548234  1.11074878]\n [-0.03242776 -2.54537143 -0.84865391  0.46176047  1.11074878  6.50086458]]", "nfev": "399", "njev": "57", "status": "0", "success": "True", "message": "Optimization terminated successfully.", "x": "[ 7.16603461 -1.01454213  0.96046235  4.36089967  1.64265509  1.81396816]", "nit": "37", "callback": [0.8050512079839679, 0.7697650047477405, 0.7495168738359536, 0.7107875961572917, 0.6434439078612006, 0.6068058400009153, 0.568450752880787, 0.5511722496626095, 0.5475642871645432, 0.5467081013503805, 0.5459156673164522, 0.5446092289714982, 0.5427215020779935, 0.5412946498601071, 0.5405042920876867, 0.5401218345784707, 0.5398318409420493, 0.5397258295599072, 0.5092586698172021, 0.4128370355107629, 0.41283190005485315, 0.3635516096346757, 0.3102343220295152, 0.30089148947973254, 0.29637858100666614, 0.28898642930274654, 0.2794112236199122, 0.27251530818413094, 0.2675796862692186, 0.2666491103266473, 0.2663891890508824, 0.2663710242629497, 0.26635804755910664, 0.26635159130806263, 0.2663500692454105, 0.26634997139469907, 0.26634996937569266]}, "3": {"maxiter": 100, "gtol": 1e-05, "xrtol": 1e-10, "eps": 1e-10, "duration": 0.12688612937927246, "fun": "0.26634996934424104", "jac": "[ 0.00000000e+00  2.22044587e-06  0.00000000e+00  0.00000000e+00\n -1.11022293e-06  1.11022293e-06]", "hess_inv": "[[ 4.48348794e+00 -9.66167597e-01  1.68092377e+00 -6.25071344e-01\n  -1.42299424e-01 -3.20071923e-02]\n [-9.66167597e-01  7.48120061e+00 -4.26006490e+00  2.57847620e+00\n   1.25263032e-03 -2.37753241e+00]\n [ 1.68092377e+00 -4.26006490e+00  8.11034232e+00 -2.91530872e+00\n  -1.22360437e-01 -9.00816897e-01]\n [-6.25071344e-01  2.57847620e+00 -2.91530872e+00  5.41665356e+00\n   5.58557765e-01  5.91571301e-01]\n [-1.42299424e-01  1.25263032e-03 -1.22360437e-01  5.58557765e-01\n   4.00936366e+00  1.12580960e+00]\n [-3.20071923e-02 -2.37753241e+00 -9.00816897e-01  5.91571301e-01\n   1.12580960e+00  6.12898538e+00]]", "nfev": "399", "njev": "57", "status": "0", "success": "True", "message": "Optimization terminated successfully.", "x": "[ 7.16604155 -1.01453515  0.96047006  4.36091832  1.64267009  1.81397021]", "nit": "37", "callback": [0.8050516393773024, 0.7697661175548867, 0.7495182074240399, 0.7107894321529407, 0.6434461555960772, 0.6068041059104705, 0.5684517568974996, 0.5511713554200925, 0.547564127315096, 0.5467078891258772, 0.5459154968427458, 0.5446089968821601, 0.5427210524365758, 0.5412940031712047, 0.5405041303385762, 0.5401216547148475, 0.539831897378418, 0.5397259777242855, 0.5092255695783268, 0.4119331811773431, 0.41192831399736973, 0.3650026960383773, 0.3125130008902237, 0.30265967714144704, 0.29784068752503023, 0.2901928019327482, 0.2805780293878316, 0.2731512089252994, 0.267728294571851, 0.26663037200030304, 0.2663654604004734, 0.2663563685870841, 0.26635333810138906, 0.2663508502321499, 0.2663500556826057, 0.2663499715713975, 0.26634996934424104]}, "4": {"maxiter": 100, "gtol": 1e-10, "xrtol": 1e-05, "eps": 1e-05, "duration": 0.1153571605682373, "fun": "0.2663499693519866", "jac": "[-1.13353771e-08 -8.11128942e-08 -7.87370169e-08 -1.21236354e-08\n -3.88800103e-08 -6.44484466e-08]", "hess_inv": "[[ 4.35833049 -0.76841937  1.39375092 -0.57845838 -0.11546717 -0.09268213]\n [-0.76841937  7.43245328 -3.98437074  2.54964491 -0.01194175 -2.6892763 ]\n [ 1.39375092 -3.98437074  7.81870184 -2.89301189  0.10536796 -0.95902327]\n [-0.57845838  2.54964491 -2.89301189  5.45195952  0.38716411  0.43639028]\n [-0.11546717 -0.01194175  0.10536796  0.38716411  4.09997936  0.96400272]\n [-0.09268213 -2.6892763  -0.95902327  0.43639028  0.96400272  6.75409074]]", "nfev": "406", "njev": "58", "status": "0", "success": "True", "message": "Optimization terminated successfully.", "x": "[ 7.16603711 -1.01453725  0.96046592  4.36090173  1.64265936  1.81396061]", "nit": "38", "callback": [0.8050512079839679, 0.7697650047477405, 0.7495168738359536, 0.7107875961572917, 0.6434439078612006, 0.6068058400009153, 0.568450752880787, 0.5511722496626095, 0.5475642871645432, 0.5467081013503805, 0.5459156673164522, 0.5446092289714982, 0.5427215020779935, 0.5412946498601071, 0.5405042920876867, 0.5401218345784707, 0.5398318409420493, 0.5397258295599072, 0.5092586698172021, 0.4128370355107629, 0.41283190005485315, 0.3635516096346757, 0.3102343220295152, 0.30089148947973254, 0.29637858100666614, 0.28898642930274654, 0.2794112236199122, 0.27251530818413094, 0.2675796862692186, 0.2666491103266473, 0.2663891890508824, 0.2663710242629497, 0.26635804755910664, 0.26635159130806263, 0.2663500692454105, 0.26634997139469907, 0.26634996937569266, 0.2663499693519866]}, "5": {"maxiter": 100, "gtol": 1e-10, "xrtol": 1e-05, "eps": 1e-10, "duration": 0.1372389793395996, "fun": "0.26634996934424104", "jac": "[ 0.00000000e+00 -1.11022293e-06  0.00000000e+00  2.22044587e-06\n  0.00000000e+00  2.22044587e-06]", "hess_inv": "[[ 4.43092538 -0.75477075  1.53138244 -0.56049595 -0.16029911 -0.07731398]\n [-0.75477075  7.07312011 -4.00478524  2.5670518  -0.11622731 -2.04233   ]\n [ 1.53138244 -4.00478524  7.95590435 -2.92598114 -0.02491384 -1.14949353]\n [-0.56049595  2.5670518  -2.92598114  5.4767528   0.47404278  0.73314741]\n [-0.16029911 -0.11622731 -0.02491384  0.47404278  4.08474159  1.04459311]\n [-0.07731398 -2.04233    -1.14949353  0.73314741  1.04459311  6.14287109]]", "nfev": "462", "njev": "66", "status": "0", "success": "True", "message": "Optimization terminated successfully.", "x": "[ 7.16604155 -1.01453515  0.96047006  4.36091832  1.64267009  1.81397021]", "nit": "38", "callback": [0.8050516393773024, 0.7697661175548867, 0.7495182074240399, 0.7107894321529407, 0.6434461555960772, 0.6068041059104705, 0.5684517568974996, 0.5511713554200925, 0.547564127315096, 0.5467078891258772, 0.5459154968427458, 0.5446089968821601, 0.5427210524365758, 0.5412940031712047, 0.5405041303385762, 0.5401216547148475, 0.539831897378418, 0.5397259777242855, 0.5092255695783268, 0.4119331811773431, 0.41192831399736973, 0.3650026960383773, 0.3125130008902237, 0.30265967714144704, 0.29784068752503023, 0.2901928019327482, 0.2805780293878316, 0.2731512089252994, 0.267728294571851, 0.26663037200030304, 0.2663654604004734, 0.2663563685870841, 0.26635333810138906, 0.2663508502321499, 0.2663500556826057, 0.2663499715713975, 0.26634996934424104, 0.26634996934424104]}, "6": {"maxiter": 100, "gtol": 1e-10, "xrtol": 1e-10, "eps": 1e-05, "duration": 0.1770641803741455, "fun": "0.26634996935071586", "jac": "[-3.97459843e-09  8.54871729e-09  5.71764858e-09 -7.43849427e-09\n  6.48370246e-09  8.55981952e-09]", "hess_inv": "[[ 4.42288062 -0.69222124  1.47961952 -0.49321165 -0.04050887 -0.06735766]\n [-0.69222124  7.50129955 -3.92905644  2.66165444  0.0162809  -2.71012664]\n [ 1.47961952 -3.92905644  7.81302965 -2.75566538  0.05329701 -1.10035015]\n [-0.49321165  2.66165444 -2.75566538  5.55836079  0.51772723  0.49425926]\n [-0.04050887  0.0162809   0.05329701  0.51772723  3.99374214  0.78133718]\n [-0.06735766 -2.71012664 -1.10035015  0.49425926  0.78133718  6.42912758]]", "nfev": "627", "njev": "88", "status": "2", "success": "False", "message": "Desired error not necessarily achieved due to precision loss.", "x": "[ 7.16603719 -1.0145371   0.96046615  4.36090182  1.64265961  1.81396078]", "nit": "39", "callback": [0.8050512079839679, 0.7697650047477405, 0.7495168738359536, 0.7107875961572917, 0.6434439078612006, 0.6068058400009153, 0.568450752880787, 0.5511722496626095, 0.5475642871645432, 0.5467081013503805, 0.5459156673164522, 0.5446092289714982, 0.5427215020779935, 0.5412946498601071, 0.5405042920876867, 0.5401218345784707, 0.5398318409420493, 0.5397258295599072, 0.5092586698172021, 0.4128370355107629, 0.41283190005485315, 0.3635516096346757, 0.3102343220295152, 0.30089148947973254, 0.29637858100666614, 0.28898642930274654, 0.2794112236199122, 0.27251530818413094, 0.2675796862692186, 0.2666491103266473, 0.2663891890508824, 0.2663710242629497, 0.26635804755910664, 0.26635159130806263, 0.2663500692454105, 0.26634997139469907, 0.26634996937569266, 0.2663499693519866, 0.26634996935071586]}, "7": {"maxiter": 100, "gtol": 1e-10, "xrtol": 1e-10, "eps": 1e-10, "duration": 0.1275618076324463, "fun": "0.26634996934424104", "jac": "[ 0.00000000e+00 -1.11022293e-06  0.00000000e+00  2.22044587e-06\n  0.00000000e+00  2.22044587e-06]", "hess_inv": "[[ 4.43092538 -0.75477075  1.53138244 -0.56049595 -0.16029911 -0.07731398]\n [-0.75477075  7.07312011 -4.00478524  2.5670518  -0.11622731 -2.04233   ]\n [ 1.53138244 -4.00478524  7.95590435 -2.92598114 -0.02491384 -1.14949353]\n [-0.56049595  2.5670518  -2.92598114  5.4767528   0.47404278  0.73314741]\n [-0.16029911 -0.11622731 -0.02491384  0.47404278  4.08474159  1.04459311]\n [-0.07731398 -2.04233    -1.14949353  0.73314741  1.04459311  6.14287109]]", "nfev": "462", "njev": "66", "status": "0", "success": "True", "message": "Optimization terminated successfully.", "x": "[ 7.16604155 -1.01453515  0.96047006  4.36091832  1.64267009  1.81397021]", "nit": "38", "callback": [0.8050516393773024, 0.7697661175548867, 0.7495182074240399, 0.7107894321529407, 0.6434461555960772, 0.6068041059104705, 0.5684517568974996, 0.5511713554200925, 0.547564127315096, 0.5467078891258772, 0.5459154968427458, 0.5446089968821601, 0.5427210524365758, 0.5412940031712047, 0.5405041303385762, 0.5401216547148475, 0.539831897378418, 0.5397259777242855, 0.5092255695783268, 0.4119331811773431, 0.41192831399736973, 0.3650026960383773, 0.3125130008902237, 0.30265967714144704, 0.29784068752503023, 0.2901928019327482, 0.2805780293878316, 0.2731512089252994, 0.267728294571851, 0.26663037200030304, 0.2663654604004734, 0.2663563685870841, 0.26635333810138906, 0.2663508502321499, 0.2663500556826057, 0.2663499715713975, 0.26634996934424104, 0.26634996934424104]}, "8": {"maxiter": 500, "gtol": 1e-05, "xrtol": 1e-05, "eps": 1e-05, "duration": 0.11455488204956055, "fun": "0.26634996937569266", "jac": "[-5.27466959e-07 -5.34461364e-07 -6.97619740e-07 -5.48638912e-07\n -1.22761801e-06  1.00979225e-06]", "hess_inv": "[[ 4.37132132 -0.77935238  1.37840936 -0.53325539 -0.15423784 -0.03242776]\n [-0.77935238  7.37055459 -4.03777782  2.57893073 -0.09862168 -2.54537143]\n [ 1.37840936 -4.03777782  7.77496091 -2.88359389  0.03986862 -0.84865391]\n [-0.53325539  2.57893073 -2.88359389  5.54549121  0.36523783  0.46176047]\n [-0.15423784 -0.09862168  0.03986862  0.36523783  4.01548234  1.11074878]\n [-0.03242776 -2.54537143 -0.84865391  0.46176047  1.11074878  6.50086458]]", "nfev": "399", "njev": "57", "status": "0", "success": "True", "message": "Optimization terminated successfully.", "x": "[ 7.16603461 -1.01454213  0.96046235  4.36089967  1.64265509  1.81396816]", "nit": "37", "callback": [0.8050512079839679, 0.7697650047477405, 0.7495168738359536, 0.7107875961572917, 0.6434439078612006, 0.6068058400009153, 0.568450752880787, 0.5511722496626095, 0.5475642871645432, 0.5467081013503805, 0.5459156673164522, 0.5446092289714982, 0.5427215020779935, 0.5412946498601071, 0.5405042920876867, 0.5401218345784707, 0.5398318409420493, 0.5397258295599072, 0.5092586698172021, 0.4128370355107629, 0.41283190005485315, 0.3635516096346757, 0.3102343220295152, 0.30089148947973254, 0.