{"date": "2024/09/24/, 03:11:52", "conf_id": 227, "data_type": "non_lin_ind\n", "num_data_points": 4, "s_rank": 0, "unitary": "[[0.18663085-0.53122324j,-0.11886349-0.70040876j,0.28555095-0.02789305j,-0.12262021-0.2844587j],[-0.16702216+0.27758472j,0.27526351-0.29738586j,-0.01109314+0.22495461j,-0.77239203+0.28900673j],[0.61935415+0.12301792j,-0.31269928-0.03315917j,-0.61902762-0.19039079j,-0.27120731-0.0968989j],[0.42341754+0.0023929j,-0.05847358+0.47832119j,0.64900495-0.16218422j,-0.37182676-0.05229966j]]", "databatch_0": {"databatch": "[[[-0.26608811-6.07507909e-01j,0.03514275-1.18142102e-01j,0.31621599+2.37305360e-02j,-0.33049984-1.11707427e-01j],[-0.05072125+2.96693615e-01j,0.00233526-5.43820669e-03j,-0.11287296-7.02698988e-02j,0.0901055+5.22440260e-02j],[0.08679704+2.98128594e-01j,-0.01520607+1.88302031e-02j,-0.13928416-2.21350280e-02j,0.12027387+3.98105470e-02j],[-0.19616115+1.10048368e-01j,-0.02518237-2.97387417e-02j,-0.00052837-9.99989789e-02j,-0.03616052+8.45929876e-02j]],[[-0.10435285+2.45525077e-02j,0.30024102+1.01811945e-01j,0.26662583+3.27339448e-01j,-0.11729543+5.53806046e-01j],[-0.0958532-2.06123978e-01j,0.23382661-1.12725210e-01j,0.13534284-3.07281297e-02j,-0.02315995+1.86337588e-01j],[-0.08752682-6.58015395e-02j,0.0195232-1.66947723e-01j,0.01980495-1.41350500e-01j,0.10659338-1.12369160e-02j],[-0.06870899-4.94092432e-02j,0.16343603-1.32452785e-01j,0.18226998-4.53956022e-02j,0.13399715+1.97385481e-01j]],[[0.08116301+6.75752481e-02j,-0.27995403+5.12480939e-02j,-0.27523126+8.00897009e-02j,-0.50519166-4.25595972e-01j],[-0.10370575-3.44477840e-02j,0.03075117-2.06149082e-01j,0.00775064-1.50566061e-01j,0.36888403-3.06661354e-01j],[-0.07248198-2.47769911e-03j,0.01020809-1.00415118e-01j,0.01772206-7.30696811e-02j,0.15515338-1.42688163e-01j],[-0.01764326-1.68938320e-02j,-0.03375913-1.02326418e-02j,-0.03054026+1.88902721e-02j,-0.05621747-9.62963986e-02j]],[[-0.19174769-1.37084265e-01j,-0.09420794+1.33101171e-01j,-0.06379106+1.90296205e-01j,0.14924269-1.02564494e-01j],[-0.42987113-3.64633515e-04j,0.02802771+3.66986389e-01j,0.09341905+3.90690363e-01j,0.06225319-1.22271861e-01j],[-0.17260534+1.75929772e-01j,0.15700076+1.43274152e-01j,0.19274059+1.20142156e-01j,-0.04632212-6.57217501e-02j],[-0.25064739+6.68653354e-02j,0.06473416+2.00863744e-01j,0.11466525+2.06088041e-01j,0.01192023-1.12986410e-01j]]]", "initial param values": "[4.04273926,3.63530163,4.18302405,2.01564186,1.98457315,0.2549594]", "nelder_mead": {"type": "gradient-free", "0": {"maxiter": 100, "fatol": 1e-05, "xatol": 1e-05, "duration": 0.038836002349853516, "fun": "0.14531290966469246", "nit": "100", "nfev": "161", "status": "2", "success": "False", "message": "Maximum number of iterations has been exceeded.", "x": "[4.07030182 6.61652396 6.87279908 4.48725296 1.35692486 0.02961592]", "final_simplex": "(array([[ 4.07030182,  6.61652396,  6.87279908,  4.48725296,  1.35692486,\n         0.02961592],\n       [ 4.03646115,  6.67524357,  6.75087325,  4.7137454 ,  1.20169364,\n         0.01981122],\n       [ 4.02748331,  6.8304969 ,  6.92530586,  4.57016031,  1.18482646,\n         0.00912792],\n       [ 4.21312509,  6.85074749,  6.91156785,  4.63972697,  1.18472868,\n         0.01436784],\n       [ 4.20988552,  6.68501745,  6.92168586,  4.67018727,  1.10788226,\n         0.01428034],\n       [ 3.92142631,  7.01190275,  7.06739756,  4.54681313,  1.29234348,\n        -0.02366647],\n       [ 4.18587481,  6.66977064,  6.69370675,  4.42832913,  1.28379469,\n         0.01835733]]), array([0.14531291, 0.14681029, 0.14981355, 0.15106117, 0.15770904,\n       0.15901412, 0.16175768]))", "callback": [0.7249595793828173, 0.7232656751682387, 0.705238742385768, 0.5875811912045048, 0.42926948645820373, 0.3105429359917966, 0.25734528940130885, 0.1973350190750217, 0.1682104210146259]}, "1": {"maxiter": 100, "fatol": 1e-05, "xatol": 1e-10, "duration": 0.03699612617492676, "fun": "0.14531290966469246", "nit": "100", "nfev": "161", "status": "2", "success": "False", "message": "Maximum number of iterations has been exceeded.", "x": "[4.07030182 6.61652396 6.87279908 4.48725296 1.35692486 0.02961592]", "final_simplex": "(array([[ 4.07030182,  6.61652396,  6.87279908,  4.48725296,  1.35692486,\n         0.02961592],\n       [ 4.03646115,  6.67524357,  6.75087325,  4.7137454 ,  1.20169364,\n         0.01981122],\n       [ 4.02748331,  6.8304969 ,  6.92530586,  4.57016031,  1.18482646,\n         0.00912792],\n       [ 4.21312509,  6.85074749,  6.91156785,  4.63972697,  1.18472868,\n         0.01436784],\n       [ 4.20988552,  6.68501745,  6.92168586,  4.67018727,  1.10788226,\n         0.01428034],\n       [ 3.92142631,  7.01190275,  7.06739756,  4.54681313,  1.29234348,\n        -0.02366647],\n       [ 4.18587481,  6.66977064,  6.69370675,  4.42832913,  1.28379469,\n         0.01835733]]), array([0.14531291, 0.14681029, 0.14981355, 0.15106117, 0.15770904,\n       0.15901412, 0.16175768]))", "callback": [0.7249595793828173, 0.7232656751682387, 0.705238742385768, 0.5875811912045048, 0.42926948645820373, 0.3105429359917966, 0.25734528940130885, 0.1973350190750217, 0.1682104210146259]}, "2": {"maxiter": 100, "fatol": 1e-10, "xatol": 1e-05, "duration": 0.036411285400390625, "fun": "0.14531290966469246", "nit": "100", "nfev": "161", "status": "2", "success": "False", "message": "Maximum number of iterations has been exceeded.", "x": "[4.07030182 6.61652396 6.87279908 4.48725296 1.35692486 0.02961592]", "final_simplex": "(array([[ 4.07030182,  6.61652396,  6.87279908,  4.48725296,  1.35692486,\n         0.02961592],\n       [ 4.03646115,  6.67524357,  6.75087325,  4.7137454 ,  1.20169364,\n         0.01981122],\n       [ 4.02748331,  6.8304969 ,  6.92530586,  4.57016031,  1.18482646,\n         0.00912792],\n       [ 4.21312509,  6.85074749,  6.91156785,  4.63972697,  1.18472868,\n         0.01436784],\n       [ 4.20988552,  6.68501745,  6.92168586,  4.67018727,  1.10788226,\n         0.01428034],\n       [ 3.92142631,  7.01190275,  7.06739756,  4.54681313,  1.29234348,\n        -0.02366647],\n       [ 4.18587481,  6.66977064,  6.69370675,  4.42832913,  1.28379469,\n         0.01835733]]), array([0.14531291, 0.14681029, 0.14981355, 0.15106117, 0.15770904,\n       0.15901412, 0.16175768]))", "callback": [0.7249595793828173, 0.7232656751682387, 0.705238742385768, 0.5875811912045048, 0.42926948645820373, 0.3105429359917966, 0.25734528940130885, 0.1973350190750217, 0.1682104210146259]}, "3": {"maxiter": 100, "fatol": 1e-10, "xatol": 1e-10, "duration": 0.035735130310058594, "fun": "0.14531290966469246", "nit": "100", "nfev": "161", "status": "2", "success": "False", "message": "Maximum number of iterations has been exceeded.", "x": "[4.07030182 6.61652396 6.87279908 4.48725296 1.35692486 0.02961592]", "final_simplex": "(array([[ 4.07030182,  6.61652396,  6.87279908,  4.48725296,  1.35692486,\n         0.02961592],\n       [ 4.03646115,  6.67524357,  6.75087325,  4.7137454 ,  1.20169364,\n         0.01981122],\n       [ 4.02748331,  6.8304969 ,  6.92530586,  4.57016031,  1.18482646,\n         0.00912792],\n       [ 4.21312509,  6.85074749,  6.91156785,  4.63972697,  1.18472868,\n         0.01436784],\n       [ 4.20988552,  6.68501745,  6.92168586,  4.67018727,  1.10788226,\n         0.01428034],\n       [ 3.92142631,  7.01190275,  7.06739756,  4.54681313,  1.29234348,\n        -0.02366647],\n       [ 4.18587481,  6.66977064,  6.69370675,  4.42832913,  1.28379469,\n         0.01835733]]), array([0.14531291, 0.14681029, 0.14981355, 0.15106117, 0.15770904,\n       0.15901412, 0.16175768]))", "callback": [0.7249595793828173, 0.7232656751682387, 0.705238742385768, 0.5875811912045048, 0.42926948645820373, 0.3105429359917966, 0.25734528940130885, 0.1973350190750217, 0.1682104210146259]}, "4": {"maxiter": 500, "fatol": 1e-05, "xatol": 1e-05, "duration": 0.11927986145019531, "fun": "0.11589127404172128", "nit": "327", "nfev": "532", "status": "0", "success": "True", "message": "Optimization terminated successfully.", "x": "[ 4.13819586  6.18278855  6.73660186  4.82438503  1.78253076 -0.05205733]", "final_simplex": "(array([[ 4.13819586,  6.18278855,  6.73660186,  4.82438503,  1.78253076,\n        -0.05205733],\n       [ 4.13819396,  6.18278296,  6.73659326,  4.82438736,  1.78253575,\n        -0.05205776],\n       [ 4.13819791,  6.18279475,  6.73659913,  4.82438597,  1.78252838,\n        -0.0520522 ],\n       [ 4.13819809,  6.18278648,  6.73659578,  4.82438527,  1.78253654,\n        -0.05205966],\n       [ 4.13819661,  6.1827866 ,  6.73660062,  4.82438297,  1.78253154,\n        -0.05205795],\n       [ 4.13818996,  6.18279376,  6.73659934,  4.82438312,  1.78252988,\n        -0.05205277],\n       [ 4.13819722,  6.18278102,  6.73659677,  4.8243862 ,  1.78253789,\n        -0.0520541 ]]), array([0.11589127, 0.11589127, 0.11589127, 0.11589127, 0.11589127,\n       0.11589127, 0.11589127]))", "callback": [0.7249595793828173, 0.7232656751682387, 0.705238742385768, 0.5875811912045048, 0.42926948645820373, 0.3105429359917966, 0.25734528940130885, 0.1973350190750217, 0.1682104210146259, 0.14531290966469246, 0.1308525724290306, 0.12050006918202405, 0.11779466467814759, 0.11728576657066203, 0.11719810645809792, 0.11717545449747058, 0.11714295033097788, 0.11709614699758175, 0.11682309269259739, 0.1162499249807154, 0.11622158681158778, 0.1159245248989128, 0.11590031594796568, 0.1158939796560039, 0.11589186169085464, 0.1158914253054728, 0.11589128925802528, 0.11589128029934814, 0.11589127536537547, 0.11589127435526292, 0.11589127411497402, 0.11589127404586497]}, "5": {"maxiter": 500, "fatol": 1e-05, "xatol": 1e-10, "duration": 0.1741020679473877, "fun": "0.11589127403774457", "nit": "445", "nfev": "781", "status": "0", "success": "True", "message": "Optimization terminated successfully.", "x": "[ 4.1381943   6.18279097  6.73660028  4.82438711  1.78253042 -0.05205547]", "final_simplex": "(array([[ 4.1381943 ,  6.18279097,  6.73660028,  4.82438711,  1.78253042,\n        -0.05205547],\n       [ 4.1381943 ,  6.18279097,  6.73660028,  4.82438711,  1.78253042,\n        -0.05205547],\n       [ 4.1381943 ,  6.18279097,  6.73660028,  4.82438711,  1.78253042,\n        -0.05205547],\n       [ 4.1381943 ,  6.18279097,  6.73660028,  4.82438711,  1.78253042,\n        -0.05205547],\n       [ 4.1381943 ,  6.18279097,  6.73660028,  4.82438711,  1.78253042,\n        -0.05205547],\n       [ 4.1381943 ,  6.18279097,  6.73660028,  4.82438711,  1.78253042,\n        -0.05205547],\n       [ 4.1381943 ,  6.18279097,  6.73660028,  4.82438711,  1.78253042,\n        -0.05205547]]), array([0.11589127, 0.11589127, 0.11589127, 0.11589127, 0.11589127,\n       0.11589127, 0.11589127]))", "callback": [0.7249595793828173, 0.7232656751682387, 0.705238742385768, 0.5875811912045048, 0.42926948645820373, 0.3105429359917966, 0.25734528940130885, 0.1973350190750217, 0.1682104210146259, 0.14531290966469246, 0.1308525724290306, 0.12050006918202405, 0.11779466467814759, 0.11728576657066203, 0.11719810645809792, 0.11717545449747058, 0.11714295033097788, 0.11709614699758175, 0.11682309269259739, 0.1162499249807154, 0.11622158681158778, 0.1159245248989128, 0.11590031594796568, 0.1158939796560039, 0.11589186169085464, 0.1158914253054728, 0.11589128925802528, 0.11589128029934814, 0.11589127536537547, 0.11589127435526292, 0.11589127411497402, 0.11589127404586497, 0.11589127403980493, 0.11589127403834021, 0.11589127403807087, 0.11589127403791433, 0.11589127403780619, 0.11589127403776689, 0.11589127403774724, 0.1158912740377458, 0.11589127403774502, 0.1158912740377448, 0.11589127403774457, 0.11589127403774457]}, "6": {"maxiter": 500, "fatol": 1e-10, "xatol": 1e-05, "duration": 0.11956024169921875, "fun": "0.11589127404172128", "nit": "327", "nfev": "532", "status": "0", "success": "True", "message": "Optimization terminated successfully.", "x": "[ 4.13819586  6.18278855  6.73660186  4.82438503  1.78253076 -0.05205733]", "final_simplex": "(array([[ 4.13819586,  6.18278855,  6.73660186,  4.82438503,  1.78253076,\n        -0.05205733],\n       [ 4.13819396,  6.18278296,  6.73659326,  4.82438736,  1.78253575,\n        -0.05205776],\n       [ 4.13819791,  6.18279475,  6.73659913,  4.82438597,  1.78252838,\n        -0.0520522 ],\n       [ 4.13819809,  6.18278648,  6.73659578,  4.82438527,  1.78253654,\n        -0.05205966],\n       [ 4.13819661,  6.1827866 ,  6.73660062,  4.82438297,  1.78253154,\n        -0.05205795],\n       [ 4.13818996,  6.18279376,  6.73659934,  4.82438312,  1.78252988,\n        -0.05205277],\n       [ 4.13819722,  6.18278102,  6.73659677,  4.8243862 ,  1.78253789,\n        -0.0520541 ]]), array([0.11589127, 0.11589127, 0.11589127, 0.11589127, 0.11589127,\n       0.11589127, 0.11589127]))", "callback": [0.7249595793828173, 0.7232656751682387, 0.705238742385768, 0.5875811912045048, 0.42926948645820373, 0.3105429359917966, 0.25734528940130885, 0.1973350190750217, 0.1682104210146259, 0.14531290966469246, 0.1308525724290306, 0.12050006918202405, 0.11779466467814759, 0.11728576657066203, 0.11719810645809792, 0.11717545449747058, 0.11714295033097788, 0.11709614699758175, 0.11682309269259739, 0.1162499249807154, 0.11622158681158778, 0.1159245248989128, 0.11590031594796568, 0.1158939796560039, 0.11589186169085464, 0.1158914253054728, 0.11589128925802528, 0.11589128029934814, 0.11589127536537547, 0.11589127435526292, 0.11589127411497402, 0.11589127404586497]}, "7": {"maxiter": 500, "fatol": 1e-10, "xatol": 1e-10, "duration": 0.22330904006958008, "fun": "0.11589127403774457", "nit": "445", "nfev": "781", "status": "0", "success": "True", "message": "Optimization terminated successfully.", "x": "[ 4.1381943   6.18279097  6.73660028  4.82438711  1.78253042 -0.05205547]", "final_simplex": "(array([[ 4.1381943 ,  6.18279097,  6.73660028,  4.82438711,  1.78253042,\n        -0.05205547],\n       [ 4.1381943 ,  6.18279097,  6.73660028,  4.82438711,  1.78253042,\n        -0.05205547],\n       [ 4.1381943 ,  6.18279097,  6.73660028,  4.82438711,  1.78253042,\n        -0.05205547],\n       [ 4.1381943 ,  6.18279097,  6.73660028,  4.82438711,  1.78253042,\n        -0.05205547],\n       [ 4.1381943 ,  6.18279097,  6.73660028,  4.82438711,  1.78253042,\n        -0.05205547],\n       [ 4.1381943 ,  6.18279097,  6.73660028,  4.82438711,  1.78253042,\n        -0.05205547],\n       [ 4.1381943 ,  6.18279097,  6.73660028,  4.82438711,  1.78253042,\n        -0.05205547]]), array([0.11589127, 0.11589127, 0.11589127, 0.11589127, 0.11589127,\n       0.11589127, 0.11589127]))", "callback": [0.7249595793828173, 0.7232656751682387, 0.705238742385768, 0.5875811912045048, 0.42926948645820373, 0.3105429359917966, 0.25734528940130885, 0.1973350190750217, 0.1682104210146259, 0.14531290966469246, 0.1308525724290306, 0.12050006918202405, 0.11779466467814759, 0.11728576657066203, 0.11719810645809792, 0.11717545449747058, 0.11714295033097788, 0.11709614699758175, 0.11682309269259739, 0.1162499249807154, 0.11622158681158778, 0.1159245248989128, 0.11590031594796568, 0.1158939796560039, 0.11589186169085464, 0.1158914253054728, 0.11589128925802528, 0.11589128029934814, 0.11589127536537547, 0.11589127435526292, 0.11589127411497402, 0.11589127404586497, 0.11589127403980493, 0.11589127403834021, 0.11589127403807087, 0.11589127403791433, 0.11589127403780619, 0.11589127403776689, 0.11589127403774724, 0.1158912740377458, 0.11589127403774502, 0.1158912740377448, 0.11589127403774457, 0.11589127403774457]}, "8": {"maxiter": 1000, "fatol": 1e-05, "xatol": 1e-05, "duration": 0.12333893775939941, "fun": "0.11589127404172128", "nit": "327", "nfev": "532", "status": "0", "success": "True", "message": "Optimization terminated successfully.", "x": "[ 4.13819586  6.18278855  6.73660186  4.82438503  1.78253076 -0.05205733]", "final_simplex": "(array([[ 4.13819586,  6.18278855,  6.73660186,  4.82438503,  1.78253076,\n        -0.05205733],\n       [ 4.13819396,  6.18278296,  6.73659326,  4.82438736,  1.78253575,\n        -0.05205776],\n       [ 4.13819791,  6.18279475,  6.73659913,  4.82438597,  1.78252838,\n        -0.0520522 ],\n       [ 4.13819809,  6.18278648,  6.73659578,  4.82438527,  1.78253654,\n        -0.05205966],\n       [ 4.13819661,  6.1827866 ,  6.73660062,  4.82438297,  1.78253154,\n        -0.05205795],\n       [ 4.13818996,  6.18279376,  6.73659934,  4.82438312,  1.78252988,\n        -0.05205277],\n       [ 4.13819722,  6.18278102,  6.73659677,  4.8243862 ,  1.78253789,\n        -0.0520541 ]]), array([0.11589127, 0.11589127, 0.11589127, 0.11589127, 0.11589127,\n       0.11589127, 0.11589127]))", "callback": [0.7249595793828173, 0.7232656751682387, 0.705238742385768, 0.5875811912045048, 0.42926948645820373, 0.3105429359917966, 0.25734528940130885, 0.1973350190750217, 0.1682104210146259, 0.14531290966469246, 0.1308525724290306, 0.12050006918202405, 0.11779466467814759, 0.11728576657066203, 0.11719810645809792, 0.11717545449747058, 0.11714295033097788, 0.11709614699758175, 0.11682309269259739, 0.1162499249807154, 0.11622158681158778, 0.1159245248989128, 0.11590031594796568, 0.1158939796560039, 0.11589186169085464, 0.1158914253054728, 0.11589128925802528, 0.11589128029934814, 0.11589127536537547, 0.11589127435526292, 0.11589127411497402, 0.11589127404586497]}, "9": {"maxiter": 1000, "fatol": 1e-05, "xatol": 1e-10, "duration": 0.18001580238342285, "fun": "0.11589127403774457", "nit": "445", "nfev": "781", "status": "0", "success": "True", "message": "Optimization terminated successfully.", "x": "[ 4.1381943   6.18279097  6.73660028  4.82438711  1.78253042 -0.05205547]", "final_simplex": "(array([[ 4.1381943 ,  6.18279097,  6.73660028,  4.82438711,  1.78253042,\n        -0.05205547],\n       [ 4.1381943 ,  6.18279097,  6.73660028,  4.82438711,  1.78253042,\n        -0.05205547],\n       [ 4.1381943 ,  6.18279097,  6.73660028,  4.82438711,  1.78253042,\n        -0.05205547],\n       [ 4.1381943 ,  6.18279097,  6.73660028,  4.82438711,  1.78253042,\n        -0.05205547],\n       [ 4.1381943 ,  6.18279097,  6.73660028,  4.82438711,  1.78253042,\n        -0.05205547],\n       [ 4.1381943 ,  6.18279097,  6.73660028,  4.82438711,  1.78253042,\n        -0.05205547],\n       [ 4.1381943 ,  6.18279097,  6.73660028,  4.82438711,  1.78253042,\n        -0.05205547]]), array([0.11589127, 0.11589127, 0.11589127, 0.11589127, 0.11589127,\n       0.11589127, 0.11589127]))", "callback": [0.7249595793828173, 0.7232656751682387, 0.705238742385768, 0.5875811912045048, 0.42926948645820373, 0.3105429359917966, 0.25734528940130885, 0.1973350190750217, 0.1682104210146259, 0.14531290966469246, 0.1308525724290306, 0.12050006918202405, 0.11779466467814759, 0.11728576657066203, 0.11719810645809792, 0.11717545449747058, 0.11714295033097788, 0.11709614699758175, 0.11682309269259739, 0.1162499249807154, 0.11622158681158778, 0.1159245248989128, 0.11590031594796568, 0.1158939796560039, 0.11589186169085464, 0.1158914253054728, 0.11589128925802528, 0.11589128029934814, 0.11589127536537547, 0.11589127435526292, 0.11589127411497402, 0.11589127404586497, 0.11589127403980493, 0.11589127403834021, 0.11589127403807087, 0.11589127403791433, 0.11589127403780619, 0.11589127403776689, 0.11589127403774724, 0.1158912740377458, 0.11589127403774502, 0.1158912740377448, 0.11589127403774457, 0.11589127403774457]}, "10": {"maxiter": 1000, "fatol": 1e-10, "xatol": 1e-05, "duration": 0.14908790588378906, "fun": "0.11589127404172128", "nit": "327", "nfev": "532", "status": "0", "success": "True", "message": "Optimization terminated successfully.", "x": "[ 4.13819586  6.18278855  6.73660186  4.82438503  1.78253076 -0.05205733]", "final_simplex": "(array([[ 4.13819586,  6.18278855,  6.73660186,  4.82438503,  1.78253076,\n        -0.05205733],\n       [ 4.13819396,  6.18278296,  6.73659326,  4.82438736,  1.78253575,\n        -0.05205776],\n       [ 4.13819791,  6.18279475,  6.73659913,  4.82438597,  1.78252838,\n        -0.0520522 ],\n       [ 4.13819809,  6.18278648,  6.73659578,  4.82438527,  1.78253654,\n        -0.05205966],\n       [ 4.13819661,  6.1827866 ,  6.73660062,  4.82438297,  1.78253154,\n        -0.05205795],\n       [ 4.13818996,  6.18279376,  6.73659934,  4.82438312,  1.78252988,\n        -0.05205277],\n       [ 4.13819722,  6.18278102,  6.73659677,  4.8243862 ,  1.78253789,\n        -0.0520541 ]]), array([0.11589127, 0.11589127, 0.11589127, 0.11589127, 0.11589127,\n       0.11589127, 0.11589127]))", "callback": [0.7249595793828173, 0.7232656751682387, 0.705238742385768, 0.5875811912045048, 0.42926948645820373, 0.3105429359917966, 0.25734528940130885, 0.1973350190750217, 0.1682104210146259, 0.14531290966469246, 0.1308525724290306, 0.12050006918202405, 0.11779466467814759, 0.11728576657066203, 0.11719810645809792, 0.11717545449747058, 0.11714295033097788, 0.11709614699758175, 0.11682309269259739, 0.1162499249807154, 0.11622158681158778, 0.1159245248989128, 0.11590031594796568, 0.1158939796560039, 0.11589186169085464, 0.1158914253054728, 0.11589128925802528, 0.11589128029934814, 0.11589127536537547, 0.11589127435526292, 0.11589127411497402, 0.11589127404586497]}, "11": {"maxiter": 1000, "fatol": 1e-10, "xatol": 1e-10, "duration": 0.18607497215270996, "fun": "0.11589127403774457", "nit": "445", "nfev": "781", "status": "0", "success": "True", "message": "Optimization terminated successfully.", "x": "[ 4.1381943   6.18279097  6.73660028  4.82438711  1.78253042 -0.05205547]", "final_simplex": "(array([[ 4.1381943 ,  6.18279097,  6.73660028,  4.82438711,  1.78253042,\n        -0.05205547],\n       [ 4.1381943 ,  6.18279097,  6.73660028,  4.82438711,  1.78253042,\n        -0.05205547],\n       [ 4.1381943 ,  6.18279097,  6.73660028,  4.82438711,  1.78253042,\n        -0.05205547],\n       [ 4.1381943 ,  6.18279097,  6.73660028,  4.82438711,  1.78253042,\n        -0.05205547],\n       [ 4.1381943 ,  6.18279097,  6.73660028,  4.82438711,  1.78253042,\n        -0.05205547],\n       [ 4.1381943 ,  6.18279097,  6.73660028,  4.82438711,  1.78253042,\n        -0.05205547],\n       [ 4.1381943 ,  6.18279097,  6.73660028,  4.82438711,  1.78253042,\n        -0.05205547]]), array([0.11589127, 0.11589127, 0.11589127, 0.11589127, 0.11589127,\n       0.11589127, 0.11589127]))", "callback": [0.7249595793828173, 0.7232656751682387, 0.705238742385768, 0.5875811912045048, 0.42926948645820373, 0.3105429359917966, 0.25734528940130885, 0.1973350190750217, 0.1682104210146259, 0.14531290966469246, 0.1308525724290306, 0.12050006918202405, 0.11779466467814759, 0.11728576657066203, 0.11719810645809792, 0.11717545449747058, 0.11714295033097788, 0.11709614699758175, 0.11682309269259739, 0.1162499249807154, 0.11622158681158778, 0.1159245248989128, 0.11590031594796568, 0.1158939796560039, 0.11589186169085464, 0.1158914253054728, 0.11589128925802528, 0.11589128029934814, 0.11589127536537547, 0.11589127435526292, 0.11589127411497402, 0.11589127404586497, 0.11589127403980493, 0.11589127403834021, 0.11589127403807087, 0.11589127403791433, 0.11589127403780619, 0.11589127403776689, 0.11589127403774724, 0.1158912740377458, 0.11589127403774502, 0.1158912740377448, 0.11589127403774457, 0.11589127403774457]}}, "bfgs": {"type": "gradient", "0": {"maxiter": 100, "gtol": 1e-05, "xrtol": 1e-05, "eps": 1e-05, "duration": 0.049347877502441406, "fun": "0.1158912743364775", "jac": "[ 3.21559446e-06 -1.39492862e-06  7.50821627e-07 -8.03690448e-08\n  1.62582170e-06 -4.33382219e-06]", "hess_inv": "[[ 2.58516732 -0.84779311 -0.23899436  0.36007925  0.93550572  0.1471592 ]\n [-0.84779311 12.30333558  5.27461002  0.31559163 -7.62745388  4.53163788]\n [-0.23899436  5.27461002  5.61761359  1.24708401 -3.22819165  1.91515844]\n [ 0.36007925  0.31559163  1.24708401  3.15924167 -0.28420464  0.43827096]\n [ 0.93550572 -7.62745388 -3.22819165 -0.28420464  7.74720724 -3.41411906]\n [ 0.1471592   4.53163788  1.91515844  0.43827096 -3.41411906  4.59129448]]", "nfev": "196", "njev": "28", "status": "0", "success": "True", "message": "Optimization terminated successfully.", "x": "[ 4.13820022  6.18271066  6.73656127  4.82437657  1.78258523 -0.05210574]", "nit": "24", "callback": [0.294440728024149, 0.11589583478948351]}, "1": {"maxiter": 100, "gtol": 1e-05, "xrtol": 1e-05, "eps": 1e-10, "duration": 0.046952247619628906, "fun": "0.1158912740992526", "jac": "[ 0.00000000e+00 -2.22044587e-06  1.11022293e-06 -1.11022293e-06\n  0.00000000e+00 -3.33066903e-06]", "hess_inv": "[[ 2.59848017 -0.91574684 -0.28035401  0.34300425  0.98728969  0.10103784]\n [-0.91574684 12.25342031  5.30047307  0.34611831 -7.56518169  4.58513686]\n [-0.28035401  5.30047307  5.63270577  1.24445513 -3.2412903   1.96316153]\n [ 0.34300425  0.34611831  1.24445513  3.14723804 -0.31564312  0.4628952 ]\n [ 0.98728969 -7.56518169 -3.2412903  -0.31564312  7.68560992 -3.4476018 ]\n [ 0.10103784  4.58513686  1.96316153  0.4628952  -3.4476018   4.66509519]]", "nfev": "196", "njev": "28", "status": "0", "success": "True", "message": "Optimization terminated successfully.", "x": "[ 4.13820007  6.18275478  6.73658697  4.82439044  1.78255418 -0.05207662]", "nit": "24", "callback": [0.2944316999513502, 0.1158958831385668]}, "2": {"maxiter": 100, "gtol": 1e-05, "xrtol": 1e-10, "eps": 1e-05, "duration": 0.04614877700805664, "fun": "0.1158912743364775", "jac": "[ 3.21559446e-06 -1.39492862e-06  7.50821627e-07 -8.03690448e-08\n  1.62582170e-06 -4.33382219e-06]", "hess_inv": "[[ 2.58516732 -0.84779311 -0.23899436  0.36007925  0.93550572  0.1471592 ]\n [-0.84779311 12.30333558  5.27461002  0.31559163 -7.62745388  4.53163788]\n [-0.23899436  5.27461002  5.61761359  1.24708401 -3.22819165  1.91515844]\n [ 0.36007925  0.31559163  1.24708401  3.15924167 -0.28420464  0.43827096]\n [ 0.93550572 -7.62745388 -3.22819165 -0.28420464  7.74720724 -3.41411906]\n [ 0.1471592   4.53163788  1.91515844  0.43827096 -3.41411906  4.59129448]]", "nfev": "196", "njev": "28", "status": "0", "success": "True", "message": "Optimization terminated successfully.", "x": "[ 4.13820022  6.18271066  6.73656127  4.82437657  1.78258523 -0.05210574]", "nit": "24", "callback": [0.294440728024149, 0.11589583478948351]}, "3": {"maxiter": 100, "gtol": 1e-05, "xrtol": 1e-10, "eps": 1e-10, "duration": 0.04545283317565918, "fun": "0.1158912740992526", "jac": "[ 0.00000000e+00 -2.22044587e-06  1.11022293e-06 -1.11022293e-06\n  0.00000000e+00 -3.33066903e-06]", "hess_inv": "[[ 2.59848017 -0.91574684 -0.28035401  0.34300425  0.98728969  0.10103784]\n [-0.91574684 12.25342031  5.30047307  0.34611831 -7.56518169  4.58513686]\n [-0.28035401  5.30047307  5.63270577  1.24445513 -3.2412903   1.96316153]\n [ 0.34300425  0.34611831  1.24445513  3.14723804 -0.31564312  0.4628952 ]\n [ 0.98728969 -7.56518169 -3.2412903  -0.31564312  7.68560992 -3.4476018 ]\n [ 0.10103784  4.58513686  1.96316153  0.4628952  -3.4476018   4.66509519]]", "nfev": "196", "njev": "28", "status": "0", "success": "True", "message": "Optimization terminated successfully.", "x": "[ 4.13820007  6.18275478  6.73658697  4.82439044  1.78255418 -0.05207662]", "nit": "24", "callback": [0.2944316999513502, 0.1158958831385668]}, "4": {"maxiter": 100, "gtol": 1e-10, "xrtol": 1e-05, "eps": 1e-05, "duration": 0.04737210273742676, "fun": "0.11589127409681999", "jac": "[-2.02382555e-07 -2.19113616e-07  1.84430249e-07  9.52127266e-08\n  2.93121083e-07  4.70401496e-08]", "hess_inv": "[[ 2.65301979 -1.1617195  -0.35458564  0.35317481  1.18810058 -0.04967048]\n [-1.1617195  12.88934449  5.59620794  0.41530383 -8.07910366  5.08133966]\n [-0.35458564  5.59620794  5.76206955  1.27552197 -3.48206957  2.16165154]\n [ 0.35317481  0.41530383  1.27552197  3.15464358 -0.36599042  0.48653244]\n [ 1.18810058 -8.07910366 -3.48206957 -0.36599042  8.09417396 -3.84814763]\n [-0.04967048  5.08133966  2.16165154  0.48653244 -3.84814763  5.01189233]]", "nfev": "203", "njev": "29", "status": "0", "success": "True", "message": "Optimization terminated successfully.", "x": "[ 4.13818821  6.18276336  6.73658102  4.82437801  1.78254289 -0.0520721 ]", "nit": "25", "callback": [0.294440728024149, 0.11589583478948351]}, "5": {"maxiter": 100, "gtol": 1e-10, "xrtol": 1e-05, "eps": 1e-10, "duration": 0.047286033630371094, "fun": "0.11589127405388089", "jac": "[ 1.11022293e-06  2.22044587e-06 -3.33066880e-06  1.11022293e-06\n  0.00000000e+00 -1.11022301e-06]", "hess_inv": "[[ 2.57145344e+00 -1.10394999e+00 -3.34907355e-01  3.27736087e-01\n   1.11117360e+00  9.72556231e-04]\n [-1.10394999e+00  1.27646022e+01  5.56120816e+00  4.46530534e-01\n  -7.93030620e+00  5.03886599e+00]\n [-3.34907355e-01  5.56120816e+00  5.74786608e+00  1.28633461e+00\n  -3.42298979e+00  2.16577070e+00]\n [ 3.27736087e-01  4.46530534e-01  1.28633461e+00  3.16207287e+00\n  -3.84989257e-01  5.36929802e-01]\n [ 1.11117360e+00 -7.93030620e+00 -3.42298979e+00 -3.84989257e-01\n   7.94525482e+00 -3.76435567e+00]\n [ 9.72556231e-04  5.03886599e+00  2.16577070e+00  5.36929802e-01\n  -3.76435567e+00  5.02124315e+00]]", "nfev": "203", "njev": "29", "status": "0", "success": "True", "message": "Optimization terminated successfully.", "x": "[ 4.13819835  6.18279423  6.73660158  4.8243953   1.78252741 -0.05205052]", "nit": "25", "callback": [0.2944316999513502, 0.1158958831385668]}, "6": {"maxiter": 100, "gtol": 1e-10, "xrtol": 1e-10, "eps": 1e-05, "duration": 0.09478402137756348, "fun": "0.11589127409189226", "jac": "[-1.59761093e-08 -6.12843110e-09  6.75015599e-09  4.14113188e-09\n  9.62563362e-09  1.19015908e-08]", "hess_inv": "[[ 2.62948858 -1.14661896 -0.33685137  0.36337156  1.17893097 -0.02048034]\n [-1.14661896 13.76011085  5.79061576  0.33473013 -8.8144388   5.42917926]\n [-0.33685137  5.79061576  5.79678164  1.25053134 -3.64842827  2.2253292 ]\n [ 0.36337156  0.33473013  1.25053134  3.15644923 -0.29969739  0.44306137]\n [ 1.17893097 -8.8144388  -3.64842827 -0.29969739  8.7145732  -4.14537602]\n [-0.02048034  5.42917926  2.2253292   0.44306137 -4.14537602  5.12830159]]", "nfev": "411", "njev": "57", "status": "2", "success": "False", "message": "Desired error not necessarily achieved due to precision loss.", "x": "[ 4.13818815  6.18276733  6.73658201  4.82437771  1.78253958 -0.05207039]", "nit": "26", "callback": [0.294440728024149, 0.11589583478948351]}, "7": {"maxiter": 100, "gtol": 1e-10, "xrtol": 1e-10, "eps": 1e-10, "duration": 0.05902910232543945, "fun": "0.11589127405368427", "jac": "[3.33066880e-06 1.11022293e-06 0.00000000e+00 3.33066880e-06\n 2.22044587e-06 1.11022301e-06]", "hess_inv": "[[  0.70583445  -0.49235016  -0.39189299  -0.95177741  -0.18987429\n   -0.0707484 ]\n [ -0.49235016  16.1451217   26.51672098   6.02042332 -10.6193687\n   15.96485568]\n [ -0.39189299  26.51672098  44.38865186   8.90014299 -16.7391338\n   26.44792465]\n [ -0.95177741   6.02042332   8.90014299   3.62945092  -4.41225126\n    5.54558239]\n [ -0.18987429 -10.6193687  -16.7391338   -4.41225126   9.4430252\n  -10.9466376 ]\n [ -0.0707484   15.96485568  26.44792465   5.54558239 -10.9466376\n   19.57519909]]", "nfev": "252", "njev": "36", "status": "0", "success": "True", "message": "Optimization terminated successfully.", "x": "[ 4.13819812  6.18279473  6.73660274  4.82439541  1.78252695 -0.05204984]", "nit": "28", "callback": [0.2944316999513502, 0.1158958831385668]}, "8": {"maxiter": 500, "gtol": 1e-05, "xrtol": 1e-05, "eps": 1e-05, "duration": 0.0460660457611084, "fun": "0.1158912743364775", "jac": "[ 3.21559446e-06 -1.39492862e-06  7.50821627e-07 -8.03690448e-08\n  1.62582170e-06 -4.33382219e-06]", "hess_inv": "[[ 2.58516732 -0.84779311 -0.23899436  0.36007925  0.93550572  0.1471592 ]\n [-0.84779311 12.30333558  5.27461002  0.31559163 -7.62745388  4.53163788]\n [-0.23899436  5.27461002  5.61761359  1.24708401 -3.22819165  1.91515844]\n [ 0.36007925  0.31559163  1.24708401  3.15924167 -0.28420464  0.43827096]\n [ 0.93550572 -7.62745388 -3.22819165 -0.28420464  7.74720724 -3.41411906]\n [ 0.1471592   4.53163788  1.91515844  0.43827096 -3.41411906  4.59129448]]", "nfev": "196", "njev": "28", "status": "0", "success": "True", "message": "Optimization terminated successfully.", "x": "[ 4.13820022  6.18271066  6.73656127  4.82437657  1.78258523 -0.05210574]", "nit": "24", "callback": [0.294440728024149, 0.11589583478948351]}, "9": {"maxiter": 500, "gtol": 1e-05, "xrtol": 1e-05, "eps": 1e-10, "duration": 0.04542994499206543, "fun": "0.1158912740992526", "jac": "[ 0.00000000e+00 -2.22044587e-06  1.11022293e-06 -1.11022293e-06\n  0.00000000e+00 -3.33066903e-06]", "hess_inv": "[[ 2.59848017 -0.91574684 -0.28035401  0.34300425  0.98728969  0.10103784]\n [-0.91574684 12.25342031  5.30047307  0.34611831 -7.56518169  4.58513686]\n [-0.28035401  5.30047307  5.63270577  1.24445513 -3.2412903   1.96316153]\n [ 0.34300425  0.34611831  1.24445513  3.14723804 -0.31564312  0.4628952 ]\n [ 0.98728969 -7.56518169 -3.2412903  -0.31564312  7.68560992 -3.4476018 ]\n [ 0.10103784  4.58513686  1.96316153  0.4628952  -3.4476018   4.66509519]]", "nfev": "196", "njev": "28", "status": "0", "success": "True", "message": "Optimization terminated successfully.", "x": "[ 4.13820007  6.18275478  6.73658697  4.82439044  1.78255418 -0.05207662]", "nit": "24", "callback": [0.2944316999513502, 0.1158958831385668]}, "10": {"maxiter": 500, "gtol": 1e-05, "xrtol": 1e-10, "eps": 1e-05, "duration": 0.04478001594543457, "fun": "0.1158912743364775", "jac": "[ 3.21559446e-06 -1.39492862e-06  7.50821627e-07 -8.03690448e-08\n  1.62582170e-06 -4.33382219e-06]", "hess_inv": "[[ 2.58516732 -0.84779311 -0.23899436  0.36007925  0.93550572  0.1471592 ]\n [-0.84779311 12.30333558  5.27461002  0.31559163 -7.62745388  4.53163788]\n [-0.23899436  5.27461002  5.61761359  1.24708401 -3.22819165  1.91515844]\n [ 0.36007925  0.31559163  1.24708401  3.15924167 -0.28420464  0.43827096]\n [ 0.93550572 -7.62745388 -3.22819165 -0.28420464  7.74720724 -3.41411906]\n [ 0.1471592   4.53163788  1.91515844  0.43827096 -3.41411906  4.59129448]]", "nfev": "196", "njev": "28", "status": "0", "success": "True", "message": "Optimization terminated successfully.", "x": "[ 4.13820022  6.18271066  6.73656127  4.82437657  1.78258523 -0.05210574]", "nit": "24", "callback": [0.294440728024149, 0.11589583478948351]}, "11": {"maxiter": 500, "gtol": 1e-05, "xrtol": 1e-10, "eps": 1e-10, "duration": 0.044885873794555664, "fun": "0.1158912740992526", "jac": "[ 0.00000000e+00 -2.22044587e-06  1.11022293e-06 -1.11022293e-06\n  0.00000000e+00 -3.33066903e-06]", "hess_inv": "[[ 2.59848017 -0.91574684 -0.28035401  0.34300425  0.98728969  0.10103784]\n [-0.91574684 12.25342031  5.30047307  0.34611831 -7.56518169  4.58513686]\n [-0.28035401  5.30047307  5.63270577  1.24445513 -3.2412903   1.96316153]\n [ 0.34300425  0.34611831  1.24445513  3.14723804 -0.31564312  0.4628952 ]\n [ 0.98728969 -7.56518169 -3.2412903  -0.31564312  7.68560992 -3.4476018 ]\n [ 0.10103784  4.58513686  1.96316153  0.4628952  -3.4476018   4.66509519]]", "nfev": "196", "njev": "28", "status": "0", "success": "True", "message": "Optimization terminated successfully.", "x": "[ 4.13820007  6.18275478  6.73658697  4.82439044  1.78255418 -0.05207662]", "nit": "24", "callback": [0.2944316999513502, 0.1158958831385668]}, "12": {"maxiter": 500, "gtol": 1e-10, "xrtol": 1e-05, "eps": 1e-05, "duration": 0.04635310173034668, "fun": "0.11589127409681999", "jac": "[-2.02382555e-07 -2.19113616e-07  1.84430249e-07  9.52127266e-08\n  2.93121083e-07  4.70401496e-08]", "hess_inv": "[[ 2.65301979 -1.1617195  -0.35458564  0.35317481  1.18810058 -0.04967048]\n [-1.1617195  12.88934449  5.59620794  0.41530383 -8.07910366  5.08133966]\n [-0.35458564  5.59620794  5.76206955  1.27552197 -3.48206957  2.16165154]\n [ 0.35317481  0.41530383  1.27552197  3.15464358 -0.36599042  0.48653244]\n [ 1.18810058 -8.07910366 -3.48206957 -0.36599042  8.09417396 -3.84814763]\n [-0.04967048  5.08133966  2.16165154  0.48653244 -3.84814763  5.01189233]]", "nfev": "203", "njev": "29", "status": "0", "success": "True", "message": "Optimization terminated successfully.", "x": "[ 4.13818821  6.18276336  6.73658102  4.82437801  1.78254289 -0.0520721 ]", "nit": "25", "callback": [0.294440728024149, 0.11589583478948351]}, "13": {"maxiter": 500, "gtol": 1e-10, "xrtol": 1e-05, "eps": 1e-10, "duration": 0.0470128059387207, "fun": "0.11589127405388089", "jac": "[ 1.11022293e-06  2.22044587e-06 -3.33066880e-06  1.11022293e-06\n  0.00000000e+00 -1.11022301e-06]", "hess_inv": "[[ 2.57145344e+00 -1.10394999e+00 -3.34907355e-01  3.27736087e-01\n   1.11117360e+00  9.72556231e-04]\n [-1.10394999e+00  1.27646022e+01  5.56120816e+00  4.46530534e-01\n  -7.93030620e+00  5.03886599e+00]\n [-3.34907355e-01  5.56120816e+00  5.74786608e+00  1.28633461e+00\n  -3.42298979e+00  2.16577070e+00]\n [ 3.27736087e-01  4.46530534e-01  1.28633461e+00  3.16207287e+00\n  -3.84989257e-01  5.36929802e-01]\n [ 1.11117360e+00 -7.93030620e+00 -3.42298979e+00 -3.84989257e-01\n   7.94525482e+00 -3.76435567e+00]\n [ 9.72556231e-04  5.03886599e+00  2.16577070e+00  5.36929802e-01\n  -3.76435567e+00  5.02124315e+00]]", "nfev": "203", "njev": "29", "status": "0", "success": "True", "message": "Optimization terminated successfully.", "x": "[ 4.13819835  6.18279423  6.73660158  4.8243953   1.78252741 -0.05205052]", "nit": "25", "callback": [0.2944316999513502, 0.1158958831385668]}, "14": {"maxiter": 500, "gtol": 1e-10, "xrtol": 1e-10, "eps": 1e-05, "duration": 0.09260392189025879, "fun": "0.11589127409189226", "jac": "[-1.59761093e-08 -6.12843110e-09  6.75015599e-09  4.14113188e-09\n  9.62563362e-09  1.19015908e-08]", "hess_inv": "[[ 2.62948858 -1.14661896 -0.33685137  0.36337156  1.17893097 -0.02048034]\n [-1.14661896 13.76011085  5.79061576  0.33473013 -8.8144388   5.42917926]\n [-0.33685137  5.79061576  5.79678164  1.25053134 -3.64842827  2.2253292 ]\n [ 0.36337156  0.33473013  1.25053134  3.15644923 -0.29969739  0.44306137]\n [ 1.17893097 -8.8144388  -3.64842827 -0.29969739  8.7145732  -4.14537602]\n [-0.02048034  5.42917926  2.2253292   0.44306137 -4.14537602  5.12830159]]", "nfev": "411", "njev": "57", "status": "2", "success": "False", "message": "Desired error not necessarily achieved due to precision loss.", "x": "[ 4.13818815  6.18276733  6.73658201  4.82437771  1.78253958 -0.05207039]", "nit": "26", "callback": [0.294440728024149, 0.11589583478948351]}, "15": {"maxiter": 500, "gtol": 1e-10, "xrtol": 1e-10, "eps": 1e-10, "duration": 0.05852484703063965, "fun": "0.11589127405368427", "jac": "[3.33066880e-06 1.11022293e-06 0.00000000e+00 3.33066880e-06\n 2.22044587e-06 1.11022301e-06]", "hess_inv": "[[  0.70583445  -0.49235016  -0.39189299  -0.95177741  -0.18987429\n   -0.0707484 ]\n [ -0.49235016  16.1451217   26.51672098   6.02042332 -10.6193687\n   15.96485568]\n [ -0.39189299  26.51672098  44.38865186   8.90014299 -16.7391338\n   26.44792465]\n [ -0.95177741   6.02042332   8.90014299   3.62945092  -4.41225126\n    5.54558239]\n [ -0.18987429 -10.6193687  -16.7391338   -4.41225126   9.4430252\n  -10.9466376 ]\n [ -0.0707484   15.96485568  26.44792465   5.54558239 -10.9466376\n   19.57519909]]", "nfev": "252", "njev": "36", "status": "0", "success": "True", "message": "Optimization terminated successfully.", "x": "[ 4.13819812  6.18279473  6.73660274  4.82439541  1.78252695 -0.05204984]", "nit": "28", "callback": [0.2944316999513502, 0.1158958831385668]}, "16": {"maxiter": 1000, "gtol": 1e-05, "xrtol": 1e-05, "eps": 1e-05, "duration": 0.04461812973022461, "fun": "0.1158912743364775", "jac": "[ 3.21559446e-06 -1.39492862e-06  7.50821627e-07 -8.03690448e-08\n  1.62582170e-06 -4.33382219e-06]", "hess_inv": "[[ 2.58516732 -0.84779311 -0.23899436  0.36007925  0.93550572  0.1471592 ]\n [-0.84779311 12.30333558  5.27461002  0.31559163 -7.62745388  4.53163788]\n [-0.23899436  5.27461002  5.61761359  1.24708401 -3.22819165  1.91515844]\n [ 0.36007925  0.31559163  1.24708401  3.15924167 -0.28420464  0.43827096]\n [ 0.93550572 -7.62745388 -3.22819165 -0.28420464  7.74720724 -3.41411906]\n [ 0.1471592   4.53163788  1.91515844  0.43827096 -3.41411906  4.59129448]]", "nfev": "196", "njev": "28", "status": "0", "success": "True", "message": "Optimization terminated succe