{"date": "2024/10/08/, 14:09:51", "conf_id": 3, "data_type": "random\n", "num_data_points": 1, "s_rank": 0, "unitary": "[[-0.53618537-0.34368723j,-0.12107031-0.46226139j,-0.07699282-0.46603512j,0.36022595-0.11472301j],[0.26026499-0.63450712j,-0.56616638+0.37832564j,-0.14988651+0.08458591j,0.10363514-0.16008501j],[-0.32580188-0.11070003j,-0.36476308-0.23593218j,0.02559343+0.41761608j,-0.25598305+0.6725303j],[0.07406738-0.0126433j,0.28513701+0.19483972j,-0.74939717-0.10299659j,0.29798249+0.46269921j]]", "databatch_0": {"databatch": "[[[0.06318202-0.11875141j,-0.09598484+0.10659092j,0.20844971+0.08357694j,-0.23608642+0.01980526j],[-0.03545851-0.14932089j,-0.00179743+0.16364685j,0.24149981-0.08564091j,-0.18719829+0.19499707j],[-0.01601117-0.27916861j,-0.05538858+0.29299214j,0.46052399-0.07665005j,-0.39797126+0.29013259j],[-0.01037376-0.06809724j,-0.00681803+0.07313637j,0.11117486-0.02943376j,-0.09090355+0.08034647j]]]", "initial param values": "[5.80778437,4.82865214,5.32049165,5.27728392,4.68688269,3.74486318]", "nelder_mead": {"type": "gradient-free", "0": {"maxiter": 100, "fatol": 1e-05, "xatol": 1e-05, "duration": 0.055815935134887695, "fun": "0.02262650656938625", "nit": "100", "nfev": "160", "status": "2", "success": "False", "message": "Maximum number of iterations has been exceeded.", "x": "[ 4.90706202  4.59359301  7.19570081  7.68409761 -0.43221031  4.99833645]", "final_simplex": "(array([[ 4.90706202,  4.59359301,  7.19570081,  7.68409761, -0.43221031,\n         4.99833645],\n       [ 5.02933646,  4.63216837,  7.13733399,  7.66119749, -0.36155847,\n         4.94434068],\n       [ 5.01225535,  4.63185047,  7.09197729,  7.68765663, -0.26744527,\n         4.88667318],\n       [ 4.98717451,  4.66666219,  7.23056444,  7.62364052, -0.39971166,\n         5.01471299],\n       [ 5.02992583,  4.57785151,  7.18718254,  7.69550879, -0.29563166,\n         4.95190261],\n       [ 5.01264878,  4.64278014,  7.140546  ,  7.64997568, -0.31883682,\n         4.99295788],\n       [ 4.98732931,  4.60611541,  7.20758218,  7.69561366, -0.37568954,\n         5.02821547]]), array([0.02262651, 0.02283974, 0.02432158, 0.02780611, 0.02792263,\n       0.02802859, 0.02924716]))", "callback": [0.9582337390085758, 0.6138111490119496, 0.36098486857829293, 0.17325518306067178, 0.08853154176206057, 0.043792787212229234, 0.03687652633179628, 0.03430288822766525, 0.0333621605044333, 0.03108409226982012]}, "1": {"maxiter": 100, "fatol": 1e-05, "xatol": 1e-10, "duration": 0.04218482971191406, "fun": "0.02262650656938625", "nit": "100", "nfev": "160", "status": "2", "success": "False", "message": "Maximum number of iterations has been exceeded.", "x": "[ 4.90706202  4.59359301  7.19570081  7.68409761 -0.43221031  4.99833645]", "final_simplex": "(array([[ 4.90706202,  4.59359301,  7.19570081,  7.68409761, -0.43221031,\n         4.99833645],\n       [ 5.02933646,  4.63216837,  7.13733399,  7.66119749, -0.36155847,\n         4.94434068],\n       [ 5.01225535,  4.63185047,  7.09197729,  7.68765663, -0.26744527,\n         4.88667318],\n       [ 4.98717451,  4.66666219,  7.23056444,  7.62364052, -0.39971166,\n         5.01471299],\n       [ 5.02992583,  4.57785151,  7.18718254,  7.69550879, -0.29563166,\n         4.95190261],\n       [ 5.01264878,  4.64278014,  7.140546  ,  7.64997568, -0.31883682,\n         4.99295788],\n       [ 4.98732931,  4.60611541,  7.20758218,  7.69561366, -0.37568954,\n         5.02821547]]), array([0.02262651, 0.02283974, 0.02432158, 0.02780611, 0.02792263,\n       0.02802859, 0.02924716]))", "callback": [0.9582337390085758, 0.6138111490119496, 0.36098486857829293, 0.17325518306067178, 0.08853154176206057, 0.043792787212229234, 0.03687652633179628, 0.03430288822766525, 0.0333621605044333, 0.03108409226982012]}, "2": {"maxiter": 100, "fatol": 1e-10, "xatol": 1e-05, "duration": 0.047235727310180664, "fun": "0.02262650656938625", "nit": "100", "nfev": "160", "status": "2", "success": "False", "message": "Maximum number of iterations has been exceeded.", "x": "[ 4.90706202  4.59359301  7.19570081  7.68409761 -0.43221031  4.99833645]", "final_simplex": "(array([[ 4.90706202,  4.59359301,  7.19570081,  7.68409761, -0.43221031,\n         4.99833645],\n       [ 5.02933646,  4.63216837,  7.13733399,  7.66119749, -0.36155847,\n         4.94434068],\n       [ 5.01225535,  4.63185047,  7.09197729,  7.68765663, -0.26744527,\n         4.88667318],\n       [ 4.98717451,  4.66666219,  7.23056444,  7.62364052, -0.39971166,\n         5.01471299],\n       [ 5.02992583,  4.57785151,  7.18718254,  7.69550879, -0.29563166,\n         4.95190261],\n       [ 5.01264878,  4.64278014,  7.140546  ,  7.64997568, -0.31883682,\n         4.99295788],\n       [ 4.98732931,  4.60611541,  7.20758218,  7.69561366, -0.37568954,\n         5.02821547]]), array([0.02262651, 0.02283974, 0.02432158, 0.02780611, 0.02792263,\n       0.02802859, 0.02924716]))", "callback": [0.9582337390085758, 0.6138111490119496, 0.36098486857829293, 0.17325518306067178, 0.08853154176206057, 0.043792787212229234, 0.03687652633179628, 0.03430288822766525, 0.0333621605044333, 0.03108409226982012]}, "3": {"maxiter": 100, "fatol": 1e-10, "xatol": 1e-10, "duration": 0.05258989334106445, "fun": "0.02262650656938625", "nit": "100", "nfev": "160", "status": "2", "success": "False", "message": "Maximum number of iterations has been exceeded.", "x": "[ 4.90706202  4.59359301  7.19570081  7.68409761 -0.43221031  4.99833645]", "final_simplex": "(array([[ 4.90706202,  4.59359301,  7.19570081,  7.68409761, -0.43221031,\n         4.99833645],\n       [ 5.02933646,  4.63216837,  7.13733399,  7.66119749, -0.36155847,\n         4.94434068],\n       [ 5.01225535,  4.63185047,  7.09197729,  7.68765663, -0.26744527,\n         4.88667318],\n       [ 4.98717451,  4.66666219,  7.23056444,  7.62364052, -0.39971166,\n         5.01471299],\n       [ 5.02992583,  4.57785151,  7.18718254,  7.69550879, -0.29563166,\n         4.95190261],\n       [ 5.01264878,  4.64278014,  7.140546  ,  7.64997568, -0.31883682,\n         4.99295788],\n       [ 4.98732931,  4.60611541,  7.20758218,  7.69561366, -0.37568954,\n         5.02821547]]), array([0.02262651, 0.02283974, 0.02432158, 0.02780611, 0.02792263,\n       0.02802859, 0.02924716]))", "callback": [0.9582337390085758, 0.6138111490119496, 0.36098486857829293, 0.17325518306067178, 0.08853154176206057, 0.043792787212229234, 0.03687652633179628, 0.03430288822766525, 0.0333621605044333, 0.03108409226982012]}, "4": {"maxiter": 500, "fatol": 1e-05, "xatol": 1e-05, "duration": 0.11833024024963379, "fun": "0.0025549996200044944", "nit": "258", "nfev": "422", "status": "0", "success": "True", "message": "Optimization terminated successfully.", "x": "[ 4.80902404  4.70187554  6.91781007  7.57723395 -0.50388846  4.62342311]", "final_simplex": "(array([[ 4.80902404,  4.70187554,  6.91781007,  7.57723395, -0.50388846,\n         4.62342311],\n       [ 4.80902691,  4.7018714 ,  6.91781198,  7.57723858, -0.50388734,\n         4.62341999],\n       [ 4.80902309,  4.70187545,  6.91781748,  7.57723664, -0.50389605,\n         4.62342508],\n       [ 4.80902247,  4.70187355,  6.9178107 ,  7.5772381 , -0.50389374,\n         4.62341595],\n       [ 4.80902028,  4.70187483,  6.91781799,  7.57723888, -0.50389315,\n         4.62342327],\n       [ 4.80902292,  4.70187491,  6.91781321,  7.57723665, -0.50389754,\n         4.62342561],\n       [ 4.80902472,  4.70188013,  6.91780369,  7.57723454, -0.50389658,\n         4.62341675]]), array([0.002555, 0.002555, 0.002555, 0.002555, 0.002555, 0.002555,\n       0.002555]))", "callback": [0.9582337390085758, 0.6138111490119496, 0.36098486857829293, 0.17325518306067178, 0.08853154176206057, 0.043792787212229234, 0.03687652633179628, 0.03430288822766525, 0.0333621605044333, 0.03108409226982012, 0.016624532364556632, 0.003414332652528884, 0.0029193282088491035, 0.002680321658035556, 0.0026341707808253956, 0.0025995930137912016, 0.002560887641804843, 0.00255620464818751, 0.002555288127494615, 0.00255504685690755, 0.0025550092596329232, 0.002555005024325263, 0.002555000171224231, 0.00255499994837205, 0.0025549996485447757, 0.0025549996320926027]}, "5": {"maxiter": 500, "fatol": 1e-05, "xatol": 1e-10, "duration": 0.19142508506774902, "fun": "0.002554999614386766", "nit": "354", "nfev": "637", "status": "0", "success": "True", "message": "Optimization terminated successfully.", "x": "[ 4.80902259  4.70187736  6.91781202  7.5772351  -0.50389097  4.62341907]", "final_simplex": "(array([[ 4.80902259,  4.70187736,  6.91781202,  7.5772351 , -0.50389097,\n         4.62341907],\n       [ 4.80902259,  4.70187736,  6.91781202,  7.5772351 , -0.50389097,\n         4.62341907],\n       [ 4.80902259,  4.70187736,  6.91781202,  7.5772351 , -0.50389097,\n         4.62341907],\n       [ 4.80902259,  4.70187736,  6.91781202,  7.5772351 , -0.50389097,\n         4.62341907],\n       [ 4.80902259,  4.70187736,  6.91781202,  7.5772351 , -0.50389097,\n         4.62341907],\n       [ 4.80902259,  4.70187736,  6.91781202,  7.5772351 , -0.50389097,\n         4.62341907],\n       [ 4.80902259,  4.70187736,  6.91781202,  7.5772351 , -0.50389097,\n         4.62341907]]), array([0.002555, 0.002555, 0.002555, 0.002555, 0.002555, 0.002555,\n       0.002555]))", "callback": [0.9582337390085758, 0.6138111490119496, 0.36098486857829293, 0.17325518306067178, 0.08853154176206057, 0.043792787212229234, 0.03687652633179628, 0.03430288822766525, 0.0333621605044333, 0.03108409226982012, 0.016624532364556632, 0.003414332652528884, 0.0029193282088491035, 0.002680321658035556, 0.0026341707808253956, 0.0025995930137912016, 0.002560887641804843, 0.00255620464818751, 0.002555288127494615, 0.00255504685690755, 0.0025550092596329232, 0.002555005024325263, 0.002555000171224231, 0.00255499994837205, 0.0025549996485447757, 0.0025549996320926027, 0.002554999618384124, 0.002554999615432929, 0.00255499961483463, 0.0025549996144405007, 0.0025549996143995335, 0.0025549996143895415, 0.002554999614387654, 0.002554999614387099, 0.002554999614386766, 0.002554999614386766]}, "6": {"maxiter": 500, "fatol": 1e-10, "xatol": 1e-05, "duration": 0.1232149600982666, "fun": "0.0025549996200044944", "nit": "258", "nfev": "422", "status": "0", "success": "True", "message": "Optimization terminated successfully.", "x": "[ 4.80902404  4.70187554  6.91781007  7.57723395 -0.50388846  4.62342311]", "final_simplex": "(array([[ 4.80902404,  4.70187554,  6.91781007,  7.57723395, -0.50388846,\n         4.62342311],\n       [ 4.80902691,  4.7018714 ,  6.91781198,  7.57723858, -0.50388734,\n         4.62341999],\n       [ 4.80902309,  4.70187545,  6.91781748,  7.57723664, -0.50389605,\n         4.62342508],\n       [ 4.80902247,  4.70187355,  6.9178107 ,  7.5772381 , -0.50389374,\n         4.62341595],\n       [ 4.80902028,  4.70187483,  6.91781799,  7.57723888, -0.50389315,\n         4.62342327],\n       [ 4.80902292,  4.70187491,  6.91781321,  7.57723665, -0.50389754,\n         4.62342561],\n       [ 4.80902472,  4.70188013,  6.91780369,  7.57723454, -0.50389658,\n         4.62341675]]), array([0.002555, 0.002555, 0.002555, 0.002555, 0.002555, 0.002555,\n       0.002555]))", "callback": [0.9582337390085758, 0.6138111490119496, 0.36098486857829293, 0.17325518306067178, 0.08853154176206057, 0.043792787212229234, 0.03687652633179628, 0.03430288822766525, 0.0333621605044333, 0.03108409226982012, 0.016624532364556632, 0.003414332652528884, 0.0029193282088491035, 0.002680321658035556, 0.0026341707808253956, 0.0025995930137912016, 0.002560887641804843, 0.00255620464818751, 0.002555288127494615, 0.00255504685690755, 0.0025550092596329232, 0.002555005024325263, 0.002555000171224231, 0.00255499994837205, 0.0025549996485447757, 0.0025549996320926027]}, "7": {"maxiter": 500, "fatol": 1e-10, "xatol": 1e-10, "duration": 0.19832801818847656, "fun": "0.002554999614386766", "nit": "354", "nfev": "637", "status": "0", "success": "True", "message": "Optimization terminated successfully.", "x": "[ 4.80902259  4.70187736  6.91781202  7.5772351  -0.50389097  4.62341907]", "final_simplex": "(array([[ 4.80902259,  4.70187736,  6.91781202,  7.5772351 , -0.50389097,\n         4.62341907],\n       [ 4.80902259,  4.70187736,  6.91781202,  7.5772351 , -0.50389097,\n         4.62341907],\n       [ 4.80902259,  4.70187736,  6.91781202,  7.5772351 , -0.50389097,\n         4.62341907],\n       [ 4.80902259,  4.70187736,  6.91781202,  7.5772351 , -0.50389097,\n         4.62341907],\n       [ 4.80902259,  4.70187736,  6.91781202,  7.5772351 , -0.50389097,\n         4.62341907],\n       [ 4.80902259,  4.70187736,  6.91781202,  7.5772351 , -0.50389097,\n         4.62341907],\n       [ 4.80902259,  4.70187736,  6.91781202,  7.5772351 , -0.50389097,\n         4.62341907]]), array([0.002555, 0.002555, 0.002555, 0.002555, 0.002555, 0.002555,\n       0.002555]))", "callback": [0.9582337390085758, 0.6138111490119496, 0.36098486857829293, 0.17325518306067178, 0.08853154176206057, 0.043792787212229234, 0.03687652633179628, 0.03430288822766525, 0.0333621605044333, 0.03108409226982012, 0.016624532364556632, 0.003414332652528884, 0.0029193282088491035, 0.002680321658035556, 0.0026341707808253956, 0.0025995930137912016, 0.002560887641804843, 0.00255620464818751, 0.002555288127494615, 0.00255504685690755, 0.0025550092596329232, 0.002555005024325263, 0.002555000171224231, 0.00255499994837205, 0.0025549996485447757, 0.0025549996320926027, 0.002554999618384124, 0.002554999615432929, 0.00255499961483463, 0.0025549996144405007, 0.0025549996143995335, 0.0025549996143895415, 0.002554999614387654, 0.002554999614387099, 0.002554999614386766, 0.002554999614386766]}, "8": {"maxiter": 1000, "fatol": 1e-05, "xatol": 1e-05, "duration": 0.14031004905700684, "fun": "0.0025549996200044944", "nit": "258", "nfev": "422", "status": "0", "success": "True", "message": "Optimization terminated successfully.", "x": "[ 4.80902404  4.70187554  6.91781007  7.57723395 -0.50388846  4.62342311]", "final_simplex": "(array([[ 4.80902404,  4.70187554,  6.91781007,  7.57723395, -0.50388846,\n         4.62342311],\n       [ 4.80902691,  4.7018714 ,  6.91781198,  7.57723858, -0.50388734,\n         4.62341999],\n       [ 4.80902309,  4.70187545,  6.91781748,  7.57723664, -0.50389605,\n         4.62342508],\n       [ 4.80902247,  4.70187355,  6.9178107 ,  7.5772381 , -0.50389374,\n         4.62341595],\n       [ 4.80902028,  4.70187483,  6.91781799,  7.57723888, -0.50389315,\n         4.62342327],\n       [ 4.80902292,  4.70187491,  6.91781321,  7.57723665, -0.50389754,\n         4.62342561],\n       [ 4.80902472,  4.70188013,  6.91780369,  7.57723454, -0.50389658,\n         4.62341675]]), array([0.002555, 0.002555, 0.002555, 0.002555, 0.002555, 0.002555,\n       0.002555]))", "callback": [0.9582337390085758, 0.6138111490119496, 0.36098486857829293, 0.17325518306067178, 0.08853154176206057, 0.043792787212229234, 0.03687652633179628, 0.03430288822766525, 0.0333621605044333, 0.03108409226982012, 0.016624532364556632, 0.003414332652528884, 0.0029193282088491035, 0.002680321658035556, 0.0026341707808253956, 0.0025995930137912016, 0.002560887641804843, 0.00255620464818751, 0.002555288127494615, 0.00255504685690755, 0.0025550092596329232, 0.002555005024325263, 0.002555000171224231, 0.00255499994837205, 0.0025549996485447757, 0.0025549996320926027]}, "9": {"maxiter": 1000, "fatol": 1e-05, "xatol": 1e-10, "duration": 0.20391297340393066, "fun": "0.002554999614386766", "nit": "354", "nfev": "637", "status": "0", "success": "True", "message": "Optimization terminated successfully.", "x": "[ 4.80902259  4.70187736  6.91781202  7.5772351  -0.50389097  4.62341907]", "final_simplex": "(array([[ 4.80902259,  4.70187736,  6.91781202,  7.5772351 , -0.50389097,\n         4.62341907],\n       [ 4.80902259,  4.70187736,  6.91781202,  7.5772351 , -0.50389097,\n         4.62341907],\n       [ 4.80902259,  4.70187736,  6.91781202,  7.5772351 , -0.50389097,\n         4.62341907],\n       [ 4.80902259,  4.70187736,  6.91781202,  7.5772351 , -0.50389097,\n         4.62341907],\n       [ 4.80902259,  4.70187736,  6.91781202,  7.5772351 , -0.50389097,\n         4.62341907],\n       [ 4.80902259,  4.70187736,  6.91781202,  7.5772351 , -0.50389097,\n         4.62341907],\n       [ 4.80902259,  4.70187736,  6.91781202,  7.5772351 , -0.50389097,\n         4.62341907]]), array([0.002555, 0.002555, 0.002555, 0.002555, 0.002555, 0.002555,\n       0.002555]))", "callback": [0.9582337390085758, 0.6138111490119496, 0.36098486857829293, 0.17325518306067178, 0.08853154176206057, 0.043792787212229234, 0.03687652633179628, 0.03430288822766525, 0.0333621605044333, 0.03108409226982012, 0.016624532364556632, 0.003414332652528884, 0.0029193282088491035, 0.002680321658035556, 0.0026341707808253956, 0.0025995930137912016, 0.002560887641804843, 0.00255620464818751, 0.002555288127494615, 0.00255504685690755, 0.0025550092596329232, 0.002555005024325263, 0.002555000171224231, 0.00255499994837205, 0.0025549996485447757, 0.0025549996320926027, 0.002554999618384124, 0.002554999615432929, 0.00255499961483463, 0.0025549996144405007, 0.0025549996143995335, 0.0025549996143895415, 0.002554999614387654, 0.002554999614387099, 0.002554999614386766, 0.002554999614386766]}, "10": {"maxiter": 1000, "fatol": 1e-10, "xatol": 1e-05, "duration": 0.1384890079498291, "fun": "0.0025549996200044944", "nit": "258", "nfev": "422", "status": "0", "success": "True", "message": "Optimization terminated successfully.", "x": "[ 4.80902404  4.70187554  6.91781007  7.57723395 -0.50388846  4.62342311]", "final_simplex": "(array([[ 4.80902404,  4.70187554,  6.91781007,  7.57723395, -0.50388846,\n         4.62342311],\n       [ 4.80902691,  4.7018714 ,  6.91781198,  7.57723858, -0.50388734,\n         4.62341999],\n       [ 4.80902309,  4.70187545,  6.91781748,  7.57723664, -0.50389605,\n         4.62342508],\n       [ 4.80902247,  4.70187355,  6.9178107 ,  7.5772381 , -0.50389374,\n         4.62341595],\n       [ 4.80902028,  4.70187483,  6.91781799,  7.57723888, -0.50389315,\n         4.62342327],\n       [ 4.80902292,  4.70187491,  6.91781321,  7.57723665, -0.50389754,\n         4.62342561],\n       [ 4.80902472,  4.70188013,  6.91780369,  7.57723454, -0.50389658,\n         4.62341675]]), array([0.002555, 0.002555, 0.002555, 0.002555, 0.002555, 0.002555,\n       0.002555]))", "callback": [0.9582337390085758, 0.6138111490119496, 0.36098486857829293, 0.17325518306067178, 0.08853154176206057, 0.043792787212229234, 0.03687652633179628, 0.03430288822766525, 0.0333621605044333, 0.03108409226982012, 0.016624532364556632, 0.003414332652528884, 0.0029193282088491035, 0.002680321658035556, 0.0026341707808253956, 0.0025995930137912016, 0.002560887641804843, 0.00255620464818751, 0.002555288127494615, 0.00255504685690755, 0.0025550092596329232, 0.002555005024325263, 0.002555000171224231, 0.00255499994837205, 0.0025549996485447757, 0.0025549996320926027]}, "11": {"maxiter": 1000, "fatol": 1e-10, "xatol": 1e-10, "duration": 0.2667379379272461, "fun": "0.002554999614386766", "nit": "354", "nfev": "637", "status": "0", "success": "True", "message": "Optimization terminated successfully.", "x": "[ 4.80902259  4.70187736  6.91781202  7.5772351  -0.50389097  4.62341907]", "final_simplex": "(array([[ 4.80902259,  4.70187736,  6.91781202,  7.5772351 , -0.50389097,\n         4.62341907],\n       [ 4.80902259,  4.70187736,  6.91781202,  7.5772351 , -0.50389097,\n         4.62341907],\n       [ 4.80902259,  4.70187736,  6.91781202,  7.5772351 , -0.50389097,\n         4.62341907],\n       [ 4.80902259,  4.70187736,  6.91781202,  7.5772351 , -0.50389097,\n         4.62341907],\n       [ 4.80902259,  4.70187736,  6.91781202,  7.5772351 , -0.50389097,\n         4.62341907],\n       [ 4.80902259,  4.70187736,  6.91781202,  7.5772351 , -0.50389097,\n         4.62341907],\n       [ 4.80902259,  4.70187736,  6.91781202,  7.5772351 , -0.50389097,\n         4.62341907]]), array([0.002555, 0.002555, 0.002555, 0.002555, 0.002555, 0.002555,\n       0.002555]))", "callback": [0.9582337390085758, 0.6138111490119496, 0.36098486857829293, 0.17325518306067178, 0.08853154176206057, 0.043792787212229234, 0.03687652633179628, 0.03430288822766525, 0.0333621605044333, 0.03108409226982012, 0.016624532364556632, 0.003414332652528884, 0.0029193282088491035, 0.002680321658035556, 0.0026341707808253956, 0.0025995930137912016, 0.002560887641804843, 0.00255620464818751, 0.002555288127494615, 0.00255504685690755, 0.0025550092596329232, 0.002555005024325263, 0.002555000171224231, 0.00255499994837205, 0.0025549996485447757, 0.0025549996320926027, 0.002554999618384124, 0.002554999615432929, 0.00255499961483463, 0.0025549996144405007, 0.0025549996143995335, 0.0025549996143895415, 0.002554999614387654, 0.002554999614387099, 0.002554999614386766, 0.002554999614386766]}}, "bfgs": {"type": "gradient", "0": {"maxiter": 100, "gtol": 1e-05, "xrtol": 1e-05, "eps": 1e-05, "duration": 0.05891299247741699, "fun": "0.002554999751212206", "jac": "[ 1.81590298e-06 -3.49160700e-06  5.51084733e-06 -3.92736954e-06\n -2.58068011e-06  7.36211092e-07]", "hess_inv": "[[ 2.948497   -0.64454346  0.36316837 -0.78191204  1.43741921  0.66853305]\n [-0.64454346  2.45451781  0.59933086  0.35176665 -1.21500752  1.02723566]\n [ 0.36316837  0.59933086  2.31665417 -0.97993822 -0.90106121  0.92938988]\n [-0.78191204  0.35176665 -0.97993822  2.36333224 -0.03720145 -0.47244587]\n [ 1.43741921 -1.21500752 -0.90106121 -0.03720145  3.82503796 -0.76424336]\n [ 0.66853305  1.02723566  0.92938988 -0.47244587 -0.76424336  2.91103029]]", "nfev": "189", "njev": "27", "status": "0", "success": "True", "message": "Optimization terminated successfully.", "x": "[4.81364974 4.72302184 6.90618733 4.97383269 2.62871639 1.46848645]", "nit": "16", "callback": [0.6509254680360421, 0.647935759009076, 0.4196841347442576, 0.31703597885080104, 0.15335805469177988, 0.036327838956957015, 0.020743408851948253, 0.011965842633505641, 0.0036368664108982207, 0.0027190334708493413, 0.002570575756219773, 0.00256343976819684, 0.002557718721217239, 0.0025553220748171235, 0.0025550127881861506, 0.002554999751212206]}, "1": {"maxiter": 100, "gtol": 1e-05, "xrtol": 1e-05, "eps": 1e-10, "duration": 0.06548619270324707, "fun": "0.002554999827128257", "jac": "[ 5.55111466e-06 -4.44089173e-06  1.11022293e-06 -3.33066880e-06\n -5.55111466e-06  1.11022293e-06]", "hess_inv": "[[ 2.949302   -0.64220579  0.36425354 -0.78179865  1.43572935  0.67364205]\n [-0.64220579  2.4389685   0.59414285  0.33889508 -1.21174588  1.02439193]\n [ 0.36425354  0.59414285  2.3170317  -0.98304203 -0.90128202  0.92856657]\n [-0.78179865  0.33889508 -0.98304203  2.35687735 -0.02942238 -0.48740405]\n [ 1.43572935 -1.21174588 -0.90128202 -0.02942238  3.82667751 -0.77169982]\n [ 0.67364205  1.02439193  0.92856657 -0.48740405 -0.77169982  2.93343064]]", "nfev": "189", "njev": "27", "status": "0", "success": "True", "message": "Optimization terminated successfully.", "x": "[4.81366959 4.72304405 6.90617881 4.97380849 2.62870908 1.4684815 ]", "nit": "16", "callback": [0.6509166794556875, 0.6479269752210153, 0.4196500557627565, 0.3169975774320106, 0.153304438221198, 0.03632331306511438, 0.020733389116206924, 0.011960644233421691, 0.0036350659772608207, 0.0027193817149695487, 0.002570562640200613, 0.002563420038257269, 0.0025577068526563274, 0.0025553221381418023, 0.002555012828255987, 0.002554999827128257]}, "2": {"maxiter": 100, "gtol": 1e-05, "xrtol": 1e-10, "eps": 1e-05, "duration": 0.06798100471496582, "fun": "0.002554999751212206", "jac": "[ 1.81590298e-06 -3.49160700e-06  5.51084733e-06 -3.92736954e-06\n -2.58068011e-06  7.36211092e-07]", "hess_inv": "[[ 2.948497   -0.64454346  0.36316837 -0.78191204  1.43741921  0.66853305]\n [-0.64454346  2.45451781  0.59933086  0.35176665 -1.21500752  1.02723566]\n [ 0.36316837  0.59933086  2.31665417 -0.97993822 -0.90106121  0.92938988]\n [-0.78191204  0.35176665 -0.97993822  2.36333224 -0.03720145 -0.47244587]\n [ 1.43741921 -1.21500752 -0.90106121 -0.03720145  3.82503796 -0.76424336]\n [ 0.66853305  1.02723566  0.92938988 -0.47244587 -0.76424336  2.91103029]]", "nfev": "189", "njev": "27", "status": "0", "success": "True", "message": "Optimization terminated successfully.", "x": "[4.81364974 4.72302184 6.90618733 4.97383269 2.62871639 1.46848645]", "nit": "16", "callback": [0.6509254680360421, 0.647935759009076, 0.4196841347442576, 0.31703597885080104, 0.15335805469177988, 0.036327838956957015, 0.020743408851948253, 0.011965842633505641, 0.0036368664108982207, 0.0027190334708493413, 0.002570575756219773, 0.00256343976819684, 0.002557718721217239, 0.0025553220748171235, 0.0025550127881861506, 0.002554999751212206]}, "3": {"maxiter": 100, "gtol": 1e-05, "xrtol": 1e-10, "eps": 1e-10, "duration": 0.0780942440032959, "fun": "0.002554999827128257", "jac": "[ 5.55111466e-06 -4.44089173e-06  1.11022293e-06 -3.33066880e-06\n -5.55111466e-06  1.11022293e-06]", "hess_inv": "[[ 2.949302   -0.64220579  0.36425354 -0.78179865  1.43572935  0.67364205]\n [-0.64220579  2.4389685   0.59414285  0.33889508 -1.21174588  1.02439193]\n [ 0.36425354  0.59414285  2.3170317  -0.98304203 -0.90128202  0.92856657]\n [-0.78179865  0.33889508 -0.98304203  2.35687735 -0.02942238 -0.48740405]\n [ 1.43572935 -1.21174588 -0.90128202 -0.02942238  3.82667751 -0.77169982]\n [ 0.67364205  1.02439193  0.92856657 -0.48740405 -0.77169982  2.93343064]]", "nfev": "189", "njev": "27", "status": "0", "success": "True", "message": "Optimization terminated successfully.", "x": "[4.81366959 4.72304405 6.90617881 4.97380849 2.62870908 1.4684815 ]", "nit": "16", "callback": [0.6509166794556875, 0.6479269752210153, 0.4196500557627565, 0.3169975774320106, 0.153304438221198, 0.03632331306511438, 0.020733389116206924, 0.011960644233421691, 0.0036350659772608207, 0.0027193817149695487, 0.002570562640200613, 0.002563420038257269, 0.0025577068526563274, 0.0025553221381418023, 0.002555012828255987, 0.002554999827128257]}, "4": {"maxiter": 100, "gtol": 1e-10, "xrtol": 1e-05, "eps": 1e-05, "duration": 0.05535006523132324, "fun": "0.002554999642448097", "jac": "[-3.79196674e-07 -9.60442836e-07  8.83071394e-07  6.59994281e-07\n  1.79389836e-07  9.60742597e-07]", "hess_inv": "[[ 2.98827423 -0.69046161  0.4372056  -0.86619344  1.41577107  0.6635411 ]\n [-0.69046161  2.44852287  0.50893     0.42829067 -1.16257195  0.94940277]\n [ 0.4372056   0.50893     2.4540469  -1.13854755 -0.93905993  0.91310841]\n [-0.86619344  0.42829067 -1.13854755  2.53459989  0.01832826 -0.49129473]\n [ 1.41577107 -1.16257195 -0.93905993  0.01832826  3.82405319 -0.72264139]\n [ 0.6635411   0.94940277  0.91310841 -0.49129473 -0.72264139  2.79321669]]", "nfev": "196", "njev": "28", "status": "0", "success": "True", "message": "Optimization terminated successfully.", "x": "[4.81363926 4.72302683 6.90616723 4.9738524  2.62872541 1.46847767]", "nit": "17", "callback": [0.6509254680360421, 0.647935759009076, 0.4196841347442576, 0.31703597885080104, 0.15335805469177988, 0.036327838956957015, 0.020743408851948253, 0.011965842633505641, 0.0036368664108982207, 0.0027190334708493413, 0.002570575756219773, 0.00256343976819684, 0.002557718721217239, 0.0025553220748171235, 0.0025550127881861506, 0.002554999751212206, 0.002554999642448097]}, "5": {"maxiter": 100, "gtol": 1e-10, "xrtol": 1e-05, "eps": 1e-10, "duration": 0.06197476387023926, "fun": "0.0025549996403395614", "jac": "[ 1.11022293e-06  2.22044587e-06  0.00000000e+00 -2.22044587e-06\n  2.22044587e-06 -1.11022293e-06]", "hess_inv": "[[ 3.0159832  -0.73364711  0.44854105 -0.8948014   1.41294393  0.63228913]\n [-0.73364711  2.48362422  0.5243852   0.43278886 -1.15362195  0.96997567]\n [ 0.44854105  0.5243852   2.39756266 -1.09121899 -0.9453394   0.93936877]\n [-0.8948014   0.43278886 -1.09121899  2.50218883  0.02952106 -0.50137582]\n [ 1.41294393 -1.15362195 -0.9453394   0.02952106  3.82551596 -0.72057651]\n [ 0.63228913  0.96997567  0.93936877 -0.50137582 -0.72057651  2.80613224]]", "nfev": "196", "njev": "28", "status": "0", "success": "True", "message": "Optimization terminated successfully.", "x": "[4.81365325 4.72305253 6.90616606 4.97382565 2.6287193  1.46847247]", "nit": "17", "callback": [0.6509166794556875, 0.6479269752210153, 0.4196500557627565, 0.3169975774320106, 0.153304438221198, 0.03632331306511438, 0.020733389116206924, 0.011960644233421691, 0.0036350659772608207, 0.0027193817149695487, 0.002570562640200613, 0.002563420038257269, 0.0025577068526563274, 0.0025553221381418023, 0.002555012828255987, 0.002554999827128257, 0.0025549996403395614]}, "6": {"maxiter": 100, "gtol": 1e-10, "xrtol": 1e-10, "eps": 1e-05, "duration": 0.1255340576171875, "fun": "0.002554999642448097", "jac": "[-3.79196674e-07 -9.60442836e-07  8.83071394e-07  6.59994281e-07\n  1.79389836e-07  9.60742597e-07]", "hess_inv": "[[ 2.99237894 -0.71589606  0.48915571 -0.84968544  1.4103855   0.73954555]\n [-0.71589606  2.47176729  0.43920056  0.46459069 -1.13981247  0.89363582]\n [ 0.48915571  0.43920056  2.63823541 -1.18973721 -0.98730391  1.09577681]\n [-0.84968544  0.46459069 -1.18973721  2.45803433  0.00761497 -0.61389269]\n [ 1.4103855  -1.13981247 -0.98730391  0.00761497  3.83028118 -0.78957089]\n [ 0.73954555  0.89363582  1.09577681 -0.61389269 -0.78957089  2.91754816]]", "nfev": "425", "njev": "59", "status": "2", "success": "False", "message": "Desired error not necessarily achieved due to precision loss.", "x": "[4.81363926 4.72302683 6.90616723 4.9738524  2.62872541 1.46847767]", "nit": "17", "callback": [0.6509254680360421, 0.647935759009076, 0.4196841347442576, 0.31703597885080104, 0.15335805469177988, 0.036327838956957015, 0.020743408851948253, 0.011965842633505641, 0.0036368664108982207, 0.0027190334708493413, 0.002570575756219773, 0.00256343976819684, 0.002557718721217239, 0.0025553220748171235, 0.0025550127881861506, 0.002554999751212206, 0.002554999642448097]}, "7": {"maxiter": 100, "gtol": 1e-10, "xrtol": 1e-10, "eps": 1e-10, "duration": 0.11337590217590332, "fun": "0.002554999626254162", "jac": "[ 3.33066880e-06  1.11022293e-06  0.00000000e+00 -2.22044587e-06\n  0.00000000e+00  0.00000000e+00]", "hess_inv": "[[ 0.01332554  0.01079283 -0.00088608 -0.00243455  0.00175371 -0.01023671]\n [ 0.01079283  0.08021153 -0.08323978 -0.02682002  0.02488307  0.00948172]\n [-0.00088608 -0.08323978  0.10422564  0.03089544 -0.03141297 -0.0268779 ]\n [-0.00243455 -0.02682002  0.03089544  0.01181983 -0.01146778 -0.00644601]\n [ 0.00175371  0.02488307 -0.03141297 -0.01146778  0.0142172   0.00664681]\n [-0.01023671  0.00948172 -0.0268779  -0.00644601  0.00664681  0.02066164]]", "nfev": "378", "njev": "54", "status": "0", "success": "True", "message": "Optimization terminated successfully.", "x": "[4.81365311 4.72305005 6.90616088 4.97383221 2.62871577 1.4684695 ]", "nit": "32", "callback": [0.6509166794556875, 0.6479269752210153, 0.4196500557627565, 0.3169975774320106, 0.153304438221198, 0.03632331306511438, 0.020733389116206924, 0.011960644233421691, 0.0036350659772608207, 0.0027193817149695487, 0.002570562640200613, 0.002563420038257269, 0.0025577068526563274, 0.0025553221381418023, 0.002555012828255987, 0.002554999827128257, 0.0025549996403395614, 0.002554999640103306, 0.0025549996393636754, 0.002554999638838984, 0.0025549996303599887, 0.002554999629037713, 0.002554999628879062, 0.002554999628797905, 0.0025549996287568266, 0.002554999628719523, 0.0025549996286873267, 0.0025549996283914522, 0.002554999627861987, 0.002554999626728338, 0.002554999626254606, 0.002554999626254162]}, "8": {"maxiter": 500, "gtol": 1e-05, "xrtol": 1e-05, "eps": 1e-05, "duration": 0.0597991943359375, "fun": "0.002554999751212206", "jac": "[ 1.81590298e-06 -3.49160700e-06  5.51084733e-06 -3.92736954e-06\n -2.58068011e-06  7.36211092e-07]", "hess_inv": "[[ 2.948497   -0.64454346  0.36316837 -0.78191204  1.43741921  0.66853305]\n [-0.64454346  2.45451781  0.59933086  0.35176665 -1.21500752  1.02723566]\n [ 0.36316837  0.59933086  2.31665417 -0.97993822 -0.90106121  0.92938988]\n [-0.78191204  0.35176665 -0.97993822  2.36333224 -0.03720145 -0.47244587]\n [ 1.43741921 -1.21500752 -0.90106121 -0.03720145  3.82503796 -0.76424336]\n [ 0.66853305  1.02723566  0.92938988 -0.47244587 -0.76424336  2.91103029]]", "nfev": "189", "njev": "27", "status": "0", "success": "True", "message": "Optimization terminated successfully.", "x": "[4.81364974 4.72302184 6.90618733 4.97383269 2.62871639 1.46848645]", "nit": "16", "callback": [0.6509254680360421, 0.647935759009076, 0.4196841347442576, 0.31703597885080104, 0.15335805469177988, 0.036327838956957015, 0.020743408851948253, 0.011965842633505641, 0.0036368664108982207, 0.0027190334708493413, 0.002570575756219773, 0.00256343976819684, 0.002557718721217239, 0.0025553220748171235, 0.0025550127881861506, 0.002554999751212206]}, "9": {"maxiter": 500, "gtol": 1e-05, "xrtol": 1e-05, "eps": 1e-10, "duration": 0.058876991271972656, "fun": "0.002554999827128257", "jac": "[ 5.55111466e-06 -4.44089173e-06  1.11022293e-06 -3.33066880e-06\n -5.55111466e-06  1.11022293e-06]", "hess_inv": "[[ 2.949302   -0.64220579  0.36425354 -0.78179865  1.43572935  0.67364205]\n [-0.64220579  2.4389685   0.59414285  0.33889508 -1.21174588  1.02439193]\n [ 0.36425354  0.59414285  2.3170317  -0.98304203 -0.90128202  0.92856657]\n [-0.78179865  0.33889508 -0.98304203  2.35687735 -0.02942238 -0.48740405]\n [ 1.43572935 -1.21174588 -0.90128202 -0.02942238  3.82667751 -0.77169982]\n [ 0.67364205  1.02439193  0.92856657 -0.48740405 -0.77169982  2.93343064]]", "nfev": "189", "njev": "27", "status": "0", "success": "True", "message": "Optimization terminated successfully.", "x": "[4.81366959 4.72304405 6.90617881 4.97380849 2.62870908 1.4684815 ]", "nit": "16", "callback": [0.6509166794556875, 0.6479269752210153, 0.4196500557627565, 0.3169975774320106, 0.153304438221198, 0.03632331306511438, 0.020733389116206924, 0.011960644233421691, 0.0036350659772608207, 0.0027193817149695487, 0.002570562640200613, 0.002563420038257269, 0.0025577068526563274, 0.0025553221381418023, 0.002555012828255987, 0.002554999827128257]}, "10": {"maxiter": 500, "gtol": 1e-05, "xrtol": 1e-10, "eps": 1e-05, "duration": 0.057405948638916016, "fun": "0.002554999751212206", "jac": "[ 1.81590298e-06 -3.49160700e-06  5.51084733e-06 -3.92736954e-06\n -2.58068011e-06  7.36211092e-07]", "hess_inv": "[[ 2.948497   -0.64454346  0.36316837 -0.78191204  1.43741921  0.66853305]\n [-0.64454346  2.45451781  0.59933086  0.35176665 -1.21500752  1.02723566]\n [ 0.36316837  0.59933086  2.31665417 -0.97993822 -0.90106121  0.92938988]\n [-0.78191204  0.35176665 -0.97993822  2.36333224 -0.03720145 -0.47244587]\n [ 1.43741921 -1.21500752 -0.90106121 -0.03720145  3.82503796 -0.76424336]\n [ 0.66853305  1.02723566  0.92938988 -0.47244587 -0.76424336  2.91103029]]", "nfev": "189", "njev": "27", "status": "0", "success": "True", "message": "Optimization terminated successfully.", "x": "[4.81364974 4.72302184 6.90618733 4.97383269 2.62871639 1.46848645]", "nit": "16", "callback": [0.6509254680360421, 0.647935759009076, 0.4196841347442576, 0.31703597885080104, 0.15335805469177988, 0.036327838956957015, 0.020743408851948253, 0.011965842633505641, 0.0036368664108982207, 0.0027190334708493413, 0.002570575756219773, 0.00256343976819684, 0.002557718721217239, 0.0025553220748171235, 0.0025550127881861506, 0.002554999751212206]}, "11": {"maxiter": 500, "gtol": 1e-05, "xrtol": 1e-10, "eps": 1e-10, "duration": 0.05387592315673828, "fun": "0.002554999827128257", "jac": "[ 5.55111466e-06 -4.44089173e-06  1.11022293e-06 -3.33066880e-06\n -5.55111466e-06  1.11022293e-06]", "hess_inv": "[[ 2.949302   -0.64220579  0.36425354 -0.78179865  1.43572935  0.67364205]\n [-0.64220579  2.4389685   0.59414285  0.33889508 -1.21174588  1.02439193]\n [ 0.36425354  0.59414285  2.3170317  -0.98304203 -0.90128202  0.92856657]\n [-0.78179865  0.33889508 -0.98304203  2.35687735 -0.02942238 -0.48740405]\n [ 1.43572935 -1.21174588 -0.90128202 -0.02942238  3.82667751 -0.77169982]\n [ 0.67364205  1.02439193  0.92856657 -0.48740405 -0.77169982  2.93343064]]", "nfev": "189", "njev": "27", "status": "0", "success": "True", "message": "Optimization terminated successfully.", "x": "[4.81366959 4.72304405 6.90617881 4.97380849 2.62870908 1.4684815 ]", "nit": "16", "callback": [0.6509166794556875, 0.6479269752210153, 0.4196500557627565, 0.3169975774320106, 0.153304438221198, 0.03632331306511438, 0.020733389116206924, 0.011960644233421691, 0.0036350659772608207, 0.0027193817149695487, 0.002570562640200613, 0.002563420038257269, 0.0025577068526563274, 0.0025553221381418023, 0.002555012828255987, 0.002554999827128257]}, "12": {"maxiter": 500, "gtol": 1e-10, "xrtol": 1e-05, "eps": 1e-05, "duration": 0.07011795043945312, "fun": "0.002554999642448097", "jac": "[-3.79196674e-07 -9.60442836e-07  8.83071394e-07  6.59994281e-07\n  1.79389836e-07  9.60742597e-07]", "hess_inv": "[[ 2.98827423 -0.69046161  0.4372056  -0.86619344  1.41577107  0.6635411 ]\n [-0.69046161  2.44852287  0.50893     0.42829067 -1.16257195  0.94940277]\n [ 0.4372056   0.50893     2.4540469  -1.13854755 -0.93905993  0.91310841]\n [-0.86619344  0.42829067 -1.13854755  2.53459989  0.01832826 -0.49129473]\n [ 1.41577107 -1.16257195 -0.93905993  0.01832826  3.82405319 -0.72264139]\n [ 0.6635411   0.94940277  0.91310841 -0.49129473 -0.72264139  2.79321669]]", "nfev": "196", "njev": "28", "status": "0", "success": "True", "message": "Optimization terminated successfully.", "x": "[4.81363926 4.72302683 6.90616723 4.9738524  2.62872541 1.46847767]", "nit": "17", "callback": [0.6509254680360421, 0.647935759009076, 0.4196841347442576, 0.31703597885080104, 0.15335805469177988, 0.036327838956957015, 0.020743408851948253, 0.011965842633505641, 0.0036368664108982207, 0.0027190334708493413, 0.002570575756219773, 0.00256343976819684, 0.002557718721217239, 0.0025553220748171235, 0.0025550127881861506, 0.002554999751212206, 0.002554999642448097]}, "13": {"maxiter": 500, "gtol": 1e-10, "xrtol": 1e-05, "eps": 1e-10, "duration": 0.05830979347229004, "fun": "0.0025549996403395614", "jac": "[ 1.11022293e-06  2.22044587e-06  0.00000000e+00 -2.22044587e-06\n  2.22044587e-06 -1.11022293e-06]", "hess_inv": "[[ 3.0159832  -0.73364711  0.44854105 -0.8948014   1.41294393  0.63228913]\n [-0.73364711  2.48362422  0.5243852   0.43278886 -1.15362195  0.96997567]\n [ 0.44854105  0.5243852   2.39756266 -1.09121899 -0.9453394   0.93936877]\n [-0.8948014   0.43278886 -1.09121899  2.50218883  0.02952106 -0.50137582]\n [ 1.41294393 -1.15362195 -0.9453394   0.02952106  3.82551596 -0.72057651]\n [ 0.63228913  0.96997567  0.93936877 -0.50137582 -0.72057651  2.80613224]]", "nfev": "196", "njev": "28", "status": "0", "success": "True", "message": "Optimization terminated successfully.", "x": "[4.81365325 4.72305253 6.90616606 4.97382565 2.6287193  1.46847247]", "nit": "17", "callback": [0.6509166794556875, 0.6479269752210153, 0.4196500557627565, 0.3169975774320106, 0.153304438221198, 0.03632331306511438, 0.020733389116206924, 0.011960644233421691, 0.0036350659772608207, 0.0027193817149695487, 0.002570562640200613, 0.002563420038257269, 0.0025577068526563274, 0.0025553221381418023, 0.002555012828255987, 0.002554999827128257, 0.0025549996403395614]}, "14": {"maxiter": 500, "gtol": 1e-10, "xrtol": 1e-10, "eps": 1e-05, "duration": 0.11873483657836914, "fun": "0.002554999642448097", "jac": "[-3.79196674e-07 -9.60442836e-07  8.83071394e-07  6.59994281e-07\n  1.79389836e-07  9.60742597e-07]", "hess_inv": "[[ 2.99237894 -0.71589606  0.48915571 -0.84968544  1.4103855   0.73954555]\n [-0.71589606  2.47176729  0.43920056  0.46459069 -1.13981247  0.89363582]\n [ 0.48915571  0.43920056  2.63823541 -1.18973721 -0.98730391  1.09577681]\n [-0.84968544  0.46459069 -1.18973721  2.45803433  0.00761497 -0.61389269]\n [ 1.4103855  -1.13981247 -0.98730391  0.00761497  3.83028118 -0.78957089]\n [ 0.73954555  0.89363582  1.09577681 -0.61389269 -0.78957089  2.91754816]]", "nfev": "425", "njev": "59", "status": "2", "success": "False", "message": "Desire