{"date": "2024/09/24/, 22:20:18", "conf_id": 64, "data_type": "random\n", "num_data_points": 4, "s_rank": 0, "unitary": "[[-0.24866696+0.58742286j,-0.44704345-0.43151574j,-0.35669027-0.20570733j,-0.10517633+0.1626036j],[0.10596805-0.19687975j,-0.30269685-0.15056416j,0.18246286+0.30440582j,-0.83484447-0.11310748j],[0.26054512-0.52548482j,0.0285017-0.50723956j,-0.43110112+0.17165838j,0.15243271+0.39915801j],[0.42978035+0.11991271j,-0.17224126-0.46030424j,0.6827807-0.15164662j,0.26483638+0.0061855j]]", "databatch_0": {"databatch": "[[[-0.18019356+1.16742456e-02j,-0.18093535-2.74652967e-02j,0.11396203-1.73282236e-01j,0.01706414+7.02298368e-02j],[0.23939283-5.25949132e-02j,0.24840974-2.29128930e-04j,-0.1174015+2.55868047e-01j,-0.03729029-9.07378061e-02j],[0.29085728+1.35427211e-01j,0.25864476+1.97074379e-01j,-0.32538963+1.72970451e-01j,0.03327397-1.24029740e-01j],[0.09930898+2.82305781e-01j,0.03718658+3.01013928e-01j,-0.32753031-1.04261920e-01j,0.10442461-5.86740279e-02j]],[[0.16818673-1.89712032e-02j,-0.08546181-1.41513447e-01j,-0.07917448-3.34099856e-02j,0.07609+5.03490123e-02j],[0.300837+7.09339174e-04j,-0.12212267-2.67261977e-01j,-0.13300823-7.50977679e-02j,0.12411647+1.04380761e-01j],[0.20885115-5.88839932e-02j,-0.13747424-1.61314543e-01j,-0.1070989-2.58486479e-02j,0.10670966+4.79192205e-02j],[-0.40166861+2.68401722e-01j,0.40208345+2.46936373e-01j,0.24454485-1.89760123e-02j,-0.25890945-2.80209741e-02j]],[[-0.1513392-2.30926513e-01j,0.00533938-2.30258358e-01j,0.29598524-2.50368872e-01j,0.38626663-9.55891311e-02j],[0.21105211+5.72389352e-03j,0.14226781+1.03823332e-01j,0.02807718+2.95118013e-01j,-0.1085145+2.84276726e-01j],[0.13522618-1.51569078e-02j,0.10006402+5.35912023e-02j,0.04422494+1.85873424e-01j,-0.04392873+1.91127406e-01j],[0.09857119+1.58240746e-01j,-0.00718471+1.55353475e-01j,-0.20369864+1.64409810e-01j,-0.26223662+5.85215404e-02j]],[[-0.45282722+6.92176751e-02j,0.07091655-1.38049586e-01j,-0.06613795+5.08229873e-02j,-0.1444918-1.65800210e-01j],[0.42114362+1.11391712e-01j,-0.11420405+9.34887434e-02j,0.07695259-1.92348813e-02j,0.06311818+1.99391243e-01j],[-0.44190754-1.31990698e-01j,0.12398173-9.50983072e-02j,-0.08207388+1.77738962e-02j,-0.06010508-2.13106160e-01j],[0.31328818+1.22453019e-01j,-0.09582374+6.16850330e-02j,0.06072307-7.99496971e-03j,0.03090238+1.58505696e-01j]]]", "initial param values": "[0.05113386,2.09946313,6.14113317,1.79684589,2.73305174,3.96312884]", "nelder_mead": {"type": "gradient-free", "0": {"maxiter": 100, "fatol": 1e-05, "xatol": 1e-05, "duration": 0.04417896270751953, "fun": "0.3713175237231301", "nit": "100", "nfev": "158", "status": "2", "success": "False", "message": "Maximum number of iterations has been exceeded.", "x": "[0.02965819 3.49802654 6.99135361 2.27072031 3.06009517 5.20117582]", "final_simplex": "(array([[0.02965819, 3.49802654, 6.99135361, 2.27072031, 3.06009517,\n        5.20117582],\n       [0.02971949, 3.46871987, 7.02919493, 2.2650003 , 3.06601842,\n        5.17412294],\n       [0.02956055, 3.47649388, 7.00513272, 2.28892497, 3.06435509,\n        5.1775804 ],\n       [0.03006752, 3.46787138, 7.02488838, 2.25414606, 3.0584901 ,\n        5.19932948],\n       [0.02990005, 3.43710656, 7.06003755, 2.2769558 , 3.03610894,\n        5.16704999],\n       [0.02974143, 3.48557728, 6.98143711, 2.2693413 , 3.06990182,\n        5.19302469],\n       [0.02969879, 3.47518064, 7.01619761, 2.26896764, 3.06856989,\n        5.20916987]]), array([0.37131752, 0.37136234, 0.37140538, 0.37141918, 0.3714194 ,\n       0.37142194, 0.37143395]))", "callback": [0.7447411198555363, 0.4884589585450192, 0.45006781355035064, 0.4242181741153639, 0.38472435836513896, 0.3753870127899749, 0.3727252451705383, 0.3721610680451517, 0.37166817713294376, 0.3713623355341259]}, "1": {"maxiter": 100, "fatol": 1e-05, "xatol": 1e-10, "duration": 0.04229879379272461, "fun": "0.3713175237231301", "nit": "100", "nfev": "158", "status": "2", "success": "False", "message": "Maximum number of iterations has been exceeded.", "x": "[0.02965819 3.49802654 6.99135361 2.27072031 3.06009517 5.20117582]", "final_simplex": "(array([[0.02965819, 3.49802654, 6.99135361, 2.27072031, 3.06009517,\n        5.20117582],\n       [0.02971949, 3.46871987, 7.02919493, 2.2650003 , 3.06601842,\n        5.17412294],\n       [0.02956055, 3.47649388, 7.00513272, 2.28892497, 3.06435509,\n        5.1775804 ],\n       [0.03006752, 3.46787138, 7.02488838, 2.25414606, 3.0584901 ,\n        5.19932948],\n       [0.02990005, 3.43710656, 7.06003755, 2.2769558 , 3.03610894,\n        5.16704999],\n       [0.02974143, 3.48557728, 6.98143711, 2.2693413 , 3.06990182,\n        5.19302469],\n       [0.02969879, 3.47518064, 7.01619761, 2.26896764, 3.06856989,\n        5.20916987]]), array([0.37131752, 0.37136234, 0.37140538, 0.37141918, 0.3714194 ,\n       0.37142194, 0.37143395]))", "callback": [0.7447411198555363, 0.4884589585450192, 0.45006781355035064, 0.4242181741153639, 0.38472435836513896, 0.3753870127899749, 0.3727252451705383, 0.3721610680451517, 0.37166817713294376, 0.3713623355341259]}, "2": {"maxiter": 100, "fatol": 1e-10, "xatol": 1e-05, "duration": 0.04121589660644531, "fun": "0.3713175237231301", "nit": "100", "nfev": "158", "status": "2", "success": "False", "message": "Maximum number of iterations has been exceeded.", "x": "[0.02965819 3.49802654 6.99135361 2.27072031 3.06009517 5.20117582]", "final_simplex": "(array([[0.02965819, 3.49802654, 6.99135361, 2.27072031, 3.06009517,\n        5.20117582],\n       [0.02971949, 3.46871987, 7.02919493, 2.2650003 , 3.06601842,\n        5.17412294],\n       [0.02956055, 3.47649388, 7.00513272, 2.28892497, 3.06435509,\n        5.1775804 ],\n       [0.03006752, 3.46787138, 7.02488838, 2.25414606, 3.0584901 ,\n        5.19932948],\n       [0.02990005, 3.43710656, 7.06003755, 2.2769558 , 3.03610894,\n        5.16704999],\n       [0.02974143, 3.48557728, 6.98143711, 2.2693413 , 3.06990182,\n        5.19302469],\n       [0.02969879, 3.47518064, 7.01619761, 2.26896764, 3.06856989,\n        5.20916987]]), array([0.37131752, 0.37136234, 0.37140538, 0.37141918, 0.3714194 ,\n       0.37142194, 0.37143395]))", "callback": [0.7447411198555363, 0.4884589585450192, 0.45006781355035064, 0.4242181741153639, 0.38472435836513896, 0.3753870127899749, 0.3727252451705383, 0.3721610680451517, 0.37166817713294376, 0.3713623355341259]}, "3": {"maxiter": 100, "fatol": 1e-10, "xatol": 1e-10, "duration": 0.04128289222717285, "fun": "0.3713175237231301", "nit": "100", "nfev": "158", "status": "2", "success": "False", "message": "Maximum number of iterations has been exceeded.", "x": "[0.02965819 3.49802654 6.99135361 2.27072031 3.06009517 5.20117582]", "final_simplex": "(array([[0.02965819, 3.49802654, 6.99135361, 2.27072031, 3.06009517,\n        5.20117582],\n       [0.02971949, 3.46871987, 7.02919493, 2.2650003 , 3.06601842,\n        5.17412294],\n       [0.02956055, 3.47649388, 7.00513272, 2.28892497, 3.06435509,\n        5.1775804 ],\n       [0.03006752, 3.46787138, 7.02488838, 2.25414606, 3.0584901 ,\n        5.19932948],\n       [0.02990005, 3.43710656, 7.06003755, 2.2769558 , 3.03610894,\n        5.16704999],\n       [0.02974143, 3.48557728, 6.98143711, 2.2693413 , 3.06990182,\n        5.19302469],\n       [0.02969879, 3.47518064, 7.01619761, 2.26896764, 3.06856989,\n        5.20916987]]), array([0.37131752, 0.37136234, 0.37140538, 0.37141918, 0.3714194 ,\n       0.37142194, 0.37143395]))", "callback": [0.7447411198555363, 0.4884589585450192, 0.45006781355035064, 0.4242181741153639, 0.38472435836513896, 0.3753870127899749, 0.3727252451705383, 0.3721610680451517, 0.37166817713294376, 0.3713623355341259]}, "4": {"maxiter": 500, "fatol": 1e-05, "xatol": 1e-05, "duration": 0.21044087409973145, "fun": "0.27561470366169394", "nit": "500", "nfev": "768", "status": "2", "success": "False", "message": "Maximum number of iterations has been exceeded.", "x": "[1.03555721 6.09160157 4.46494961 1.9124749  2.94506007 5.30420539]", "final_simplex": "(array([[1.03555721, 6.09160157, 4.46494961, 1.9124749 , 2.94506007,\n        5.30420539],\n       [1.0355999 , 6.09158036, 4.4649851 , 1.91247685, 2.94502847,\n        5.30419084],\n       [1.03556517, 6.09160992, 4.46495758, 1.91245592, 2.94501572,\n        5.30418501],\n       [1.03555063, 6.09158696, 4.46499877, 1.91245847, 2.94503761,\n        5.30422106],\n       [1.03556195, 6.09160782, 4.46495278, 1.91244224, 2.94507305,\n        5.30424862],\n       [1.03556542, 6.09162643, 4.4649701 , 1.91247229, 2.94505097,\n        5.30422536],\n       [1.03558484, 6.09159936, 4.4649917 , 1.91242188, 2.94505259,\n        5.3041813 ]]), array([0.2756147, 0.2756147, 0.2756147, 0.2756147, 0.2756147, 0.2756147,\n       0.2756147]))", "callback": [0.7447411198555363, 0.4884589585450192, 0.45006781355035064, 0.4242181741153639, 0.38472435836513896, 0.3753870127899749, 0.3727252451705383, 0.3721610680451517, 0.37166817713294376, 0.3713623355341259, 0.3713175237231301, 0.3710471594889715, 0.3696919317753168, 0.36776542970013604, 0.36594777231188236, 0.36486298354812463, 0.36478347855903426, 0.36450198343137197, 0.36444338806327625, 0.3644273978489677, 0.36442580670423874, 0.36441502239548174, 0.3643987173249489, 0.36432449263904554, 0.364179014111623, 0.3640404183775908, 0.363774216855844, 0.36323946035984667, 0.3623388240935995, 0.36033120213924497, 0.3525728977106082, 0.33570133885606546, 0.3067468638730667, 0.3005786426901539, 0.2900384862470563, 0.28471443448948575, 0.2767257352687942, 0.275906884817684, 0.27566614116614085, 0.2756378291783921, 0.27561819282782407, 0.27561630089643396, 0.27561512577936653, 0.2756148791082582, 0.2756147604173943, 0.2756147252454615, 0.2756147117878711, 0.2756147069304924, 0.27561470513505615, 0.275614703894592]}, "5": {"maxiter": 500, "fatol": 1e-05, "xatol": 1e-10, "duration": 0.21595215797424316, "fun": "0.27561470366169394", "nit": "500", "nfev": "768", "status": "2", "success": "False", "message": "Maximum number of iterations has been exceeded.", "x": "[1.03555721 6.09160157 4.46494961 1.9124749  2.94506007 5.30420539]", "final_simplex": "(array([[1.03555721, 6.09160157, 4.46494961, 1.9124749 , 2.94506007,\n        5.30420539],\n       [1.0355999 , 6.09158036, 4.4649851 , 1.91247685, 2.94502847,\n        5.30419084],\n       [1.03556517, 6.09160992, 4.46495758, 1.91245592, 2.94501572,\n        5.30418501],\n       [1.03555063, 6.09158696, 4.46499877, 1.91245847, 2.94503761,\n        5.30422106],\n       [1.03556195, 6.09160782, 4.46495278, 1.91244224, 2.94507305,\n        5.30424862],\n       [1.03556542, 6.09162643, 4.4649701 , 1.91247229, 2.94505097,\n        5.30422536],\n       [1.03558484, 6.09159936, 4.4649917 , 1.91242188, 2.94505259,\n        5.3041813 ]]), array([0.2756147, 0.2756147, 0.2756147, 0.2756147, 0.2756147, 0.2756147,\n       0.2756147]))", "callback": [0.7447411198555363, 0.4884589585450192, 0.45006781355035064, 0.4242181741153639, 0.38472435836513896, 0.3753870127899749, 0.3727252451705383, 0.3721610680451517, 0.37166817713294376, 0.3713623355341259, 0.3713175237231301, 0.3710471594889715, 0.3696919317753168, 0.36776542970013604, 0.36594777231188236, 0.36486298354812463, 0.36478347855903426, 0.36450198343137197, 0.36444338806327625, 0.3644273978489677, 0.36442580670423874, 0.36441502239548174, 0.3643987173249489, 0.36432449263904554, 0.364179014111623, 0.3640404183775908, 0.363774216855844, 0.36323946035984667, 0.3623388240935995, 0.36033120213924497, 0.3525728977106082, 0.33570133885606546, 0.3067468638730667, 0.3005786426901539, 0.2900384862470563, 0.28471443448948575, 0.2767257352687942, 0.275906884817684, 0.27566614116614085, 0.2756378291783921, 0.27561819282782407, 0.27561630089643396, 0.27561512577936653, 0.2756148791082582, 0.2756147604173943, 0.2756147252454615, 0.2756147117878711, 0.2756147069304924, 0.27561470513505615, 0.275614703894592]}, "6": {"maxiter": 500, "fatol": 1e-10, "xatol": 1e-05, "duration": 0.213087797164917, "fun": "0.27561470366169394", "nit": "500", "nfev": "768", "status": "2", "success": "False", "message": "Maximum number of iterations has been exceeded.", "x": "[1.03555721 6.09160157 4.46494961 1.9124749  2.94506007 5.30420539]", "final_simplex": "(array([[1.03555721, 6.09160157, 4.46494961, 1.9124749 , 2.94506007,\n        5.30420539],\n       [1.0355999 , 6.09158036, 4.4649851 , 1.91247685, 2.94502847,\n        5.30419084],\n       [1.03556517, 6.09160992, 4.46495758, 1.91245592, 2.94501572,\n        5.30418501],\n       [1.03555063, 6.09158696, 4.46499877, 1.91245847, 2.94503761,\n        5.30422106],\n       [1.03556195, 6.09160782, 4.46495278, 1.91244224, 2.94507305,\n        5.30424862],\n       [1.03556542, 6.09162643, 4.4649701 , 1.91247229, 2.94505097,\n        5.30422536],\n       [1.03558484, 6.09159936, 4.4649917 , 1.91242188, 2.94505259,\n        5.3041813 ]]), array([0.2756147, 0.2756147, 0.2756147, 0.2756147, 0.2756147, 0.2756147,\n       0.2756147]))", "callback": [0.7447411198555363, 0.4884589585450192, 0.45006781355035064, 0.4242181741153639, 0.38472435836513896, 0.3753870127899749, 0.3727252451705383, 0.3721610680451517, 0.37166817713294376, 0.3713623355341259, 0.3713175237231301, 0.3710471594889715, 0.3696919317753168, 0.36776542970013604, 0.36594777231188236, 0.36486298354812463, 0.36478347855903426, 0.36450198343137197, 0.36444338806327625, 0.3644273978489677, 0.36442580670423874, 0.36441502239548174, 0.3643987173249489, 0.36432449263904554, 0.364179014111623, 0.3640404183775908, 0.363774216855844, 0.36323946035984667, 0.3623388240935995, 0.36033120213924497, 0.3525728977106082, 0.33570133885606546, 0.3067468638730667, 0.3005786426901539, 0.2900384862470563, 0.28471443448948575, 0.2767257352687942, 0.275906884817684, 0.27566614116614085, 0.2756378291783921, 0.27561819282782407, 0.27561630089643396, 0.27561512577936653, 0.2756148791082582, 0.2756147604173943, 0.2756147252454615, 0.2756147117878711, 0.2756147069304924, 0.27561470513505615, 0.275614703894592]}, "7": {"maxiter": 500, "fatol": 1e-10, "xatol": 1e-10, "duration": 0.20925331115722656, "fun": "0.27561470366169394", "nit": "500", "nfev": "768", "status": "2", "success": "False", "message": "Maximum number of iterations has been exceeded.", "x": "[1.03555721 6.09160157 4.46494961 1.9124749  2.94506007 5.30420539]", "final_simplex": "(array([[1.03555721, 6.09160157, 4.46494961, 1.9124749 , 2.94506007,\n        5.30420539],\n       [1.0355999 , 6.09158036, 4.4649851 , 1.91247685, 2.94502847,\n        5.30419084],\n       [1.03556517, 6.09160992, 4.46495758, 1.91245592, 2.94501572,\n        5.30418501],\n       [1.03555063, 6.09158696, 4.46499877, 1.91245847, 2.94503761,\n        5.30422106],\n       [1.03556195, 6.09160782, 4.46495278, 1.91244224, 2.94507305,\n        5.30424862],\n       [1.03556542, 6.09162643, 4.4649701 , 1.91247229, 2.94505097,\n        5.30422536],\n       [1.03558484, 6.09159936, 4.4649917 , 1.91242188, 2.94505259,\n        5.3041813 ]]), array([0.2756147, 0.2756147, 0.2756147, 0.2756147, 0.2756147, 0.2756147,\n       0.2756147]))", "callback": [0.7447411198555363, 0.4884589585450192, 0.45006781355035064, 0.4242181741153639, 0.38472435836513896, 0.3753870127899749, 0.3727252451705383, 0.3721610680451517, 0.37166817713294376, 0.3713623355341259, 0.3713175237231301, 0.3710471594889715, 0.3696919317753168, 0.36776542970013604, 0.36594777231188236, 0.36486298354812463, 0.36478347855903426, 0.36450198343137197, 0.36444338806327625, 0.3644273978489677, 0.36442580670423874, 0.36441502239548174, 0.3643987173249489, 0.36432449263904554, 0.364179014111623, 0.3640404183775908, 0.363774216855844, 0.36323946035984667, 0.3623388240935995, 0.36033120213924497, 0.3525728977106082, 0.33570133885606546, 0.3067468638730667, 0.3005786426901539, 0.2900384862470563, 0.28471443448948575, 0.2767257352687942, 0.275906884817684, 0.27566614116614085, 0.2756378291783921, 0.27561819282782407, 0.27561630089643396, 0.27561512577936653, 0.2756148791082582, 0.2756147604173943, 0.2756147252454615, 0.2756147117878711, 0.2756147069304924, 0.27561470513505615, 0.275614703894592]}, "8": {"maxiter": 1000, "fatol": 1e-05, "xatol": 1e-05, "duration": 0.2521998882293701, "fun": "0.27561470340540095", "nit": "527", "nfev": "813", "status": "0", "success": "True", "message": "Optimization terminated successfully.", "x": "[1.03559754 6.09158552 4.46496978 1.91244801 2.94506101 5.30421378]", "final_simplex": "(array([[1.03559754, 6.09158552, 4.46496978, 1.91244801, 2.94506101,\n        5.30421378],\n       [1.03559676, 6.09158437, 4.46496798, 1.9124457 , 2.94505277,\n        5.30421087],\n       [1.03559891, 6.09158056, 4.46497423, 1.91244728, 2.94505731,\n        5.30421449],\n       [1.03559851, 6.09158443, 4.46497133, 1.9124466 , 2.94505285,\n        5.30420559],\n       [1.03559851, 6.09159205, 4.46496927, 1.91244669, 2.94505152,\n        5.30421181],\n       [1.03559856, 6.09158605, 4.46496494, 1.91245338, 2.94505609,\n        5.30420779],\n       [1.0356053 , 6.09158628, 4.46496674, 1.91244643, 2.94505347,\n        5.30420611]]), array([0.2756147, 0.2756147, 0.2756147, 0.2756147, 0.2756147, 0.2756147,\n       0.2756147]))", "callback": [0.7447411198555363, 0.4884589585450192, 0.45006781355035064, 0.4242181741153639, 0.38472435836513896, 0.3753870127899749, 0.3727252451705383, 0.3721610680451517, 0.37166817713294376, 0.3713623355341259, 0.3713175237231301, 0.3710471594889715, 0.3696919317753168, 0.36776542970013604, 0.36594777231188236, 0.36486298354812463, 0.36478347855903426, 0.36450198343137197, 0.36444338806327625, 0.3644273978489677, 0.36442580670423874, 0.36441502239548174, 0.3643987173249489, 0.36432449263904554, 0.364179014111623, 0.3640404183775908, 0.363774216855844, 0.36323946035984667, 0.3623388240935995, 0.36033120213924497, 0.3525728977106082, 0.33570133885606546, 0.3067468638730667, 0.3005786426901539, 0.2900384862470563, 0.28471443448948575, 0.2767257352687942, 0.275906884817684, 0.27566614116614085, 0.2756378291783921, 0.27561819282782407, 0.27561630089643396, 0.27561512577936653, 0.2756148791082582, 0.2756147604173943, 0.2756147252454615, 0.2756147117878711, 0.2756147069304924, 0.27561470513505615, 0.275614703894592, 0.2756147035798029, 0.2756147034352123, 0.2756147034150742]}, "9": {"maxiter": 1000, "fatol": 1e-05, "xatol": 1e-10, "duration": 0.2736241817474365, "fun": "0.275614703401478", "nit": "659", "nfev": "1082", "status": "0", "success": "True", "message": "Optimization terminated successfully.", "x": "[1.0355973  6.0915834  4.46496944 1.91244304 2.94505942 5.30421407]", "final_simplex": "(array([[1.0355973 , 6.0915834 , 4.46496944, 1.91244304, 2.94505942,\n        5.30421407],\n       [1.0355973 , 6.0915834 , 4.46496944, 1.91244304, 2.94505942,\n        5.30421407],\n       [1.0355973 , 6.0915834 , 4.46496944, 1.91244304, 2.94505942,\n        5.30421407],\n       [1.0355973 , 6.0915834 , 4.46496944, 1.91244304, 2.94505942,\n        5.30421407],\n       [1.0355973 , 6.0915834 , 4.46496944, 1.91244304, 2.94505942,\n        5.30421407],\n       [1.0355973 , 6.0915834 , 4.46496944, 1.91244304, 2.94505942,\n        5.30421407],\n       [1.0355973 , 6.0915834 , 4.46496944, 1.91244304, 2.94505942,\n        5.30421407]]), array([0.2756147, 0.2756147, 0.2756147, 0.2756147, 0.2756147, 0.2756147,\n       0.2756147]))", "callback": [0.7447411198555363, 0.4884589585450192, 0.45006781355035064, 0.4242181741153639, 0.38472435836513896, 0.3753870127899749, 0.3727252451705383, 0.3721610680451517, 0.37166817713294376, 0.3713623355341259, 0.3713175237231301, 0.3710471594889715, 0.3696919317753168, 0.36776542970013604, 0.36594777231188236, 0.36486298354812463, 0.36478347855903426, 0.36450198343137197, 0.36444338806327625, 0.3644273978489677, 0.36442580670423874, 0.36441502239548174, 0.3643987173249489, 0.36432449263904554, 0.364179014111623, 0.3640404183775908, 0.363774216855844, 0.36323946035984667, 0.3623388240935995, 0.36033120213924497, 0.3525728977106082, 0.33570133885606546, 0.3067468638730667, 0.3005786426901539, 0.2900384862470563, 0.28471443448948575, 0.2767257352687942, 0.275906884817684, 0.27566614116614085, 0.2756378291783921, 0.27561819282782407, 0.27561630089643396, 0.27561512577936653, 0.2756148791082582, 0.2756147604173943, 0.2756147252454615, 0.2756147117878711, 0.2756147069304924, 0.27561470513505615, 0.275614703894592, 0.2756147035798029, 0.2756147034352123, 0.2756147034150742, 0.27561470340540095, 0.27561470340214966, 0.27561470340170136, 0.27561470340157046, 0.2756147034015015, 0.2756147034014962, 0.2756147034014842, 0.275614703401482, 0.275614703401479, 0.27561470340147853, 0.2756147034014782, 0.275614703401478, 0.275614703401478]}, "10": {"maxiter": 1000, "fatol": 1e-10, "xatol": 1e-05, "duration": 0.1878678798675537, "fun": "0.27561470340540095", "nit": "527", "nfev": "813", "status": "0", "success": "True", "message": "Optimization terminated successfully.", "x": "[1.03559754 6.09158552 4.46496978 1.91244801 2.94506101 5.30421378]", "final_simplex": "(array([[1.03559754, 6.09158552, 4.46496978, 1.91244801, 2.94506101,\n        5.30421378],\n       [1.03559676, 6.09158437, 4.46496798, 1.9124457 , 2.94505277,\n        5.30421087],\n       [1.03559891, 6.09158056, 4.46497423, 1.91244728, 2.94505731,\n        5.30421449],\n       [1.03559851, 6.09158443, 4.46497133, 1.9124466 , 2.94505285,\n        5.30420559],\n       [1.03559851, 6.09159205, 4.46496927, 1.91244669, 2.94505152,\n        5.30421181],\n       [1.03559856, 6.09158605, 4.46496494, 1.91245338, 2.94505609,\n        5.30420779],\n       [1.0356053 , 6.09158628, 4.46496674, 1.91244643, 2.94505347,\n        5.30420611]]), array([0.2756147, 0.2756147, 0.2756147, 0.2756147, 0.2756147, 0.2756147,\n       0.2756147]))", "callback": [0.7447411198555363, 0.4884589585450192, 0.45006781355035064, 0.4242181741153639, 0.38472435836513896, 0.3753870127899749, 0.3727252451705383, 0.3721610680451517, 0.37166817713294376, 0.3713623355341259, 0.3713175237231301, 0.3710471594889715, 0.3696919317753168, 0.36776542970013604, 0.36594777231188236, 0.36486298354812463, 0.36478347855903426, 0.36450198343137197, 0.36444338806327625, 0.3644273978489677, 0.36442580670423874, 0.36441502239548174, 0.3643987173249489, 0.36432449263904554, 0.364179014111623, 0.3640404183775908, 0.363774216855844, 0.36323946035984667, 0.3623388240935995, 0.36033120213924497, 0.3525728977106082, 0.33570133885606546, 0.3067468638730667, 0.3005786426901539, 0.2900384862470563, 0.28471443448948575, 0.2767257352687942, 0.275906884817684, 0.27566614116614085, 0.2756378291783921, 0.27561819282782407, 0.27561630089643396, 0.27561512577936653, 0.2756148791082582, 0.2756147604173943, 0.2756147252454615, 0.2756147117878711, 0.2756147069304924, 0.27561470513505615, 0.275614703894592, 0.2756147035798029, 0.2756147034352123, 0.2756147034150742]}, "11": {"maxiter": 1000, "fatol": 1e-10, "xatol": 1e-10, "duration": 0.238602876663208, "fun": "0.275614703401478", "nit": "659", "nfev": "1082", "status": "0", "success": "True", "message": "Optimization terminated successfully.", "x": "[1.0355973  6.0915834  4.46496944 1.91244304 2.94505942 5.30421407]", "final_simplex": "(array([[1.0355973 , 6.0915834 , 4.46496944, 1.91244304, 2.94505942,\n        5.30421407],\n       [1.0355973 , 6.0915834 , 4.46496944, 1.91244304, 2.94505942,\n        5.30421407],\n       [1.0355973 , 6.0915834 , 4.46496944, 1.91244304, 2.94505942,\n        5.30421407],\n       [1.0355973 , 6.0915834 , 4.46496944, 1.91244304, 2.94505942,\n        5.30421407],\n       [1.0355973 , 6.0915834 , 4.46496944, 1.91244304, 2.94505942,\n        5.30421407],\n       [1.0355973 , 6.0915834 , 4.46496944, 1.91244304, 2.94505942,\n        5.30421407],\n       [1.0355973 , 6.0915834 , 4.46496944, 1.91244304, 2.94505942,\n        5.30421407]]), array([0.2756147, 0.2756147, 0.2756147, 0.2756147, 0.2756147, 0.2756147,\n       0.2756147]))", "callback": [0.7447411198555363, 0.4884589585450192, 0.45006781355035064, 0.4242181741153639, 0.38472435836513896, 0.3753870127899749, 0.3727252451705383, 0.3721610680451517, 0.37166817713294376, 0.3713623355341259, 0.3713175237231301, 0.3710471594889715, 0.3696919317753168, 0.36776542970013604, 0.36594777231188236, 0.36486298354812463, 0.36478347855903426, 0.36450198343137197, 0.36444338806327625, 0.3644273978489677, 0.36442580670423874, 0.36441502239548174, 0.3643987173249489, 0.36432449263904554, 0.364179014111623, 0.3640404183775908, 0.363774216855844, 0.36323946035984667, 0.3623388240935995, 0.36033120213924497, 0.3525728977106082, 0.33570133885606546, 0.3067468638730667, 0.3005786426901539, 0.2900384862470563, 0.28471443448948575, 0.2767257352687942, 0.275906884817684, 0.27566614116614085, 0.2756378291783921, 0.27561819282782407, 0.27561630089643396, 0.27561512577936653, 0.2756148791082582, 0.2756147604173943, 0.2756147252454615, 0.2756147117878711, 0.2756147069304924, 0.27561470513505615, 0.275614703894592, 0.2756147035798029, 0.2756147034352123, 0.2756147034150742, 0.27561470340540095, 0.27561470340214966, 0.27561470340170136, 0.27561470340157046, 0.2756147034015015, 0.2756147034014962, 0.2756147034014842, 0.275614703401482, 0.275614703401479, 0.27561470340147853, 0.2756147034014782, 0.275614703401478, 0.275614703401478]}}, "bfgs": {"type": "gradient", "0": {"maxiter": 100, "gtol": 1e-05, "xrtol": 1e-05, "eps": 1e-05, "duration": 0.03835582733154297, "fun": "0.2756147034586658", "jac": "[ 3.80990794e-06  3.55360186e-07 -1.48903112e-06 -1.04195541e-06\n -1.28101973e-06  3.28415073e-07]", "hess_inv": "[[ 5.16155703 -0.50671934  0.58742009  1.01634445 -0.32436474 -0.54348161]\n [-0.50671934  5.02164881 -2.49005018  0.90832029 -1.60791111 -1.75822655]\n [ 0.58742009 -2.49005018  5.05600509 -1.0908833  -0.29402947  2.19437799]\n [ 1.01634445  0.90832029 -1.0908833   4.93763549 -0.13773652 -1.2108896 ]\n [-0.32436474 -1.60791111 -0.29402947 -0.13773652  5.12010407  2.46507895]\n [-0.54348161 -1.75822655  2.19437799 -1.2108896   2.46507895  5.58808088]]", "nfev": "168", "njev": "24", "status": "0", "success": "True", "message": "Optimization terminated successfully.", "x": "[-1.03558801  2.94999598  7.60655044  1.91243877  2.94504714  5.30420073]", "nit": "21", "callback": [0.452207812548193, 0.44769423480711923, 0.4082236798651421, 0.35040132684396874, 0.32214353262488893, 0.3131618338305845, 0.29940593406941884, 0.2898575532341787, 0.2856148062026538, 0.27969577385777056, 0.27727460491024414, 0.27649700238308683, 0.2759741040666718, 0.27571603224985974, 0.2756345934703892, 0.27562277146689707, 0.2756184521127142, 0.27561556964762557, 0.2756147830314595, 0.27561470555972123, 0.2756147034586658]}, "1": {"maxiter": 100, "gtol": 1e-05, "xrtol": 1e-05, "eps": 1e-10, "duration": 0.03804421424865723, "fun": "0.27561470352130124", "jac": "[ 7.77156053e-06  1.11022293e-06  1.11022293e-06 -1.11022293e-06\n -2.22044587e-06  0.00000000e+00]", "hess_inv": "[[ 5.17494861 -0.45616697  0.63944703  1.06440368 -0.36780573 -0.5088512 ]\n [-0.45616697  5.01919813 -2.48575267  0.91335405 -1.62940172 -1.77908547]\n [ 0.63944703 -2.48575267  5.08990143 -1.07134855 -0.33180767  2.18940606]\n [ 1.06440368  0.91335405 -1.07134855  4.94775136 -0.17120184 -1.22796225]\n [-0.36780573 -1.62940172 -0.33180767 -0.17120184  5.16815743  2.46628962]\n [-0.5088512  -1.77908547  2.18940606 -1.22796225  2.46628962  5.57073887]]", "nfev": "168", "njev": "24", "status": "0", "success": "True", "message": "Optimization terminated successfully.", "x": "[-1.03556365  2.94998922  7.60656706  1.91244626  2.94505344  5.30421467]", "nit": "21", "callback": [0.452207718670531, 0.4476957240176528, 0.4082362361337457, 0.3504197297757463, 0.3221445689286242, 0.313163520718574, 0.29940754468090036, 0.28985651817670965, 0.28561519429950644, 0.27969632307565195, 0.277273946372129, 0.276497003958578, 0.2759738815034328, 0.2757159476857829, 0.275634580557359, 0.2756227565829944, 0.2756184365487767, 0.27561555904617396, 0.27561478053329613, 0.27561470590515724, 0.27561470352130124]}, "2": {"maxiter": 100, "gtol": 1e-05, "xrtol": 1e-10, "eps": 1e-05, "duration": 0.038050174713134766, "fun": "0.2756147034586658", "jac": "[ 3.80990794e-06  3.55360186e-07 -1.48903112e-06 -1.04195541e-06\n -1.28101973e-06  3.28415073e-07]", "hess_inv": "[[ 5.16155703 -0.50671934  0.58742009  1.01634445 -0.32436474 -0.54348161]\n [-0.50671934  5.02164881 -2.49005018  0.90832029 -1.60791111 -1.75822655]\n [ 0.58742009 -2.49005018  5.05600509 -1.0908833  -0.29402947  2.19437799]\n [ 1.01634445  0.90832029 -1.0908833   4.93763549 -0.13773652 -1.2108896 ]\n [-0.32436474 -1.60791111 -0.29402947 -0.13773652  5.12010407  2.46507895]\n [-0.54348161 -1.75822655  2.19437799 -1.2108896   2.46507895  5.58808088]]", "nfev": "168", "njev": "24", "status": "0", "success": "True", "message": "Optimization terminated successfully.", "x": "[-1.03558801  2.94999598  7.60655044  1.91243877  2.94504714  5.30420073]", "nit": "21", "callback": [0.452207812548193, 0.44769423480711923, 0.4082236798651421, 0.35040132684396874, 0.32214353262488893, 0.3131618338305845, 0.29940593406941884, 0.2898575532341787, 0.2856148062026538, 0.27969577385777056, 0.27727460491024414, 0.27649700238308683, 0.2759741040666718, 0.27571603224985974, 0.2756345934703892, 0.27562277146689707, 0.2756184521127142, 0.27561556964762557, 0.2756147830314595, 0.27561470555972123, 0.2756147034586658]}, "3": {"maxiter": 100, "gtol": 1e-05, "xrtol": 1e-10, "eps": 1e-10, "duration": 0.037900686264038086, "fun": "0.27561470352130124", "jac": "[ 7.77156053e-06  1.11022293e-06  1.11022293e-06 -1.11022293e-06\n -2.22044587e-06  0.00000000e+00]", "hess_inv": "[[ 5.17494861 -0.45616697  0.63944703  1.06440368 -0.36780573 -0.5088512 ]\n [-0.45616697  5.01919813 -2.48575267  0.91335405 -1.62940172 -1.77908547]\n [ 0.63944703 -2.48575267  5.08990143 -1.07134855 -0.33180767  2.18940606]\n [ 1.06440368  0.91335405 -1.07134855  4.94775136 -0.17120184 -1.22796225]\n [-0.36780573 -1.62940172 -0.33180767 -0.17120184  5.16815743  2.46628962]\n [-0.5088512  -1.77908547  2.18940606 -1.22796225  2.46628962  5.57073887]]", "nfev": "168", "njev": "24", "status": "0", "success": "True", "message": "Optimization terminated successfully.", "x": "[-1.03556365  2.94998922  7.60656706  1.91244626  2.94505344  5.30421467]", "nit": "21", "callback": [0.452207718670531, 0.4476957240176528, 0.4082362361337457, 0.3504197297757463, 0.3221445689286242, 0.313163520718574, 0.29940754468090036, 0.28985651817670965, 0.28561519429950644, 0.27969632307565195, 0.277273946372129, 0.276497003958578, 0.2759738815034328, 0.2757159476857829, 0.275634580557359, 0.2756227565829944, 0.2756184365487767, 0.27561555904617396, 0.27561478053329613, 0.27561470590515724, 0.27561470352130124]}, "4": {"maxiter": 100, "gtol": 1e-10, "xrtol": 1e-05, "eps": 1e-05, "duration": 0.03922009468078613, "fun": "0.27561470342339667", "jac": "[-3.70581343e-07  1.38977718e-07  1.43751677e-07  2.36144437e-07\n -3.72146758e-08  4.61419791e-07]", "hess_inv": "[[ 5.30875076 -0.62109375  0.27418582  0.97672875  0.11564621 -0.31787899]\n [-0.62109375  4.96341775 -2.52504892  0.89608074 -1.45603669 -1.66026599]\n [ 0.27418582 -2.52504892  5.19572655 -1.0879986  -0.29592262  2.23143015]\n [ 0.97672875  0.89608074 -1.0879986   4.93571528 -0.11174985 -1.19168972]\n [ 0.11564621 -1.45603669 -0.29592262 -0.11174985  4.77799913  2.22223459]\n [-0.31787899 -1.66026599  2.23143015 -1.19168972  2.22223459  5.42624757]]", "nfev": "175", "njev": "25", "status": "0", "success": "True", "message": "Optimization terminated successfully.", "x": "[-1.03560634  2.94999244  7.60655579  1.9124385   2.94505205  5.30420568]", "nit": "22", "callback": [0.452207812548193, 0.44769423480711923, 0.4082236798651421, 0.35040132684396874, 0.32214353262488893, 0.3131618338305845, 0.29940593406941884, 0.2898575532341787, 0.2856148062026538, 0.27969577385777056, 0.27727460491024414, 0.27649700238308683, 0.2759741040666718, 0.27571603224985974, 0.2756345934703892, 0.27562277146689707, 0.2756184521127142, 0.27561556964762557, 0.2756147830314595, 0.27561470555972123, 0.2756147034586658, 0.27561470342339667]}, "5": {"maxiter": 100, "gtol": 1e-10, "xrtol": 1e-05, "eps": 1e-10, "duration": 0.0391087532043457, "fun": "0.2756147034050711", "jac": "[-2.22044587e-06  0.00000000e+00  0.00000000e+00  0.00000000e+00\n  0.00000000e+00  1.11022293e-06]", "hess_inv": "[[ 5.0936298  -0.69346564  0.06078655  0.94908003  0.56909174 -0.01683308]\n [-0.69346564  5.02507705 -2.5031298   0.90361738 -1.59837906 -1.76861826]\n [ 0.06078655 -2.5031298   4.97163354 -1.10993191 -0.1334119   2.27965609]\n [ 0.94908003  0.90361738 -1.10993191  4.93712622 -0.10738099 -1.19717191]\n [ 0.56909174 -1.59837906 -0.1334119  -0.10738099  4.83576194  2.3142739 ]\n [-0.01683308 -1.76861826  2.27965609 -1.19717191  2.3142739   5.50279451]]", "nfev": "175", "njev": "25", "status": "0", "success": "True", "message": "Optimization terminated successfully.", "x": "[-1.03560022  2.94998926  7.60656232  1.91244436  2.94506156  5.30421805]", "nit": "22", "callback": [0.452207718670531, 0.4476957240176528, 0.4082362361337457, 0.3504197297757463, 0.3221445689286242, 0.313163520718574, 0.29940754468090036, 0.28985651817670965, 0.28561519429950644, 0.27969632307565195, 0.277273946372129, 0.276497003958578, 0.2759738815034328, 0.2757159476857829, 0.275634580557359, 0.2756227565829944, 0.2756184365487767, 0.27561555904617396, 0.27561478053329613, 0.27561470590515724, 0.27561470352130124, 0.2756147034050711]}, "6": {"maxiter": 100, "gtol": 1e-10, "xrtol": 1e-10, "eps": 1e-05, "duration": 0.07562613487243652, "fun": "0.27561470342339667", "jac": "[-3.70581343e-07  1.38977718e-07  1.43751677e-07  2.36144437e-07\n -3.72146758e-08  4.61419791e-07]", "hess_inv": "[[ 4.97786283 -0.59975448  0.47247048  1.02225942  0.20729144  0.13296623]\n [-0.59975448  4.98404144 -2.51158625  0.90613566 -1.46117768 -1.59611987]\n [ 0.47247048 -2.51158625  5.10822617 -1.09978173 -0.34992312  2.07249288]\n [ 1.02225942  0.90613566 -1.09978173  4.9371217  -0.12390609 -1.19867807]\n [ 0.20729144 -1.46117768 -0.34992312 -0.12390609  4.75264327  2.10062486]\n [ 0.13296623 -1.59611987  2.07249288 -1.19867807  2.10062486  5.20697043]]", "nfev": "340", "njev": "47", "status": "2", "success": "False", "message": "Desired error not necessarily achieved due to precision loss.", "x": "[-1.03560634  2.94999244  7.60655579  1.9124385   2.94505205  5.30420568]", "nit": "22", "callback": [0.452207812548193, 0.44769423480711923, 0.4082236798651421, 0.35040132684396874, 0.32214353262488893, 0.3131618338305845, 0.29940593406941884, 0.2898575532341787, 0.2856148062026538, 0.27969577385777056, 0.27727460491024414, 0.27649700238308683, 0.2759741040666718, 0.27571603224985974, 0.2756345934703892, 0.27562277146689707, 0.2756184521127142, 0.27561556964762557, 0.2756147830314595, 0.27561470555972123, 0.2756147034586658, 0.27561470342339667]}, "7": {"maxiter": 100, "gtol": 1e-10, "xrtol": 1e-10, "eps": 1e-10, "duration": 0.047148704528808594, "fun": "0.27561470340241523", "jac": "[0. 0. 0. 0. 0. 0.]", "hess_inv": "[[ 4.44606214 -0.85925787 -0.43949318 -4.0672892  -1.16482949 -2.54985644]\n [-0.85925787  5.01375728 -2.40921233  0.82205067 -1.50118035 -1.5825288 ]\n [-0.43949318 -2.40921233  4.02841219 -0.1705449  -1.27877687  1.04165821]\n [-4.0672892   0.82205067 -0.1705449   5.95584104  0.85563546  2.22339574]\n [-1.16482949 -1.50118035 -1.27877687  0.85563546  3.54016319  1.087524  ]\n [-2.54985644 -1.5825288   1.04165821  2.22339574  1.087524    5.17429611]]", "nfev": "210", "njev": "30", "status": "0", "success": "True", "message": "Optimization terminated successfully.", "x": "[-1.03559633  2.9499894   7.60656099  1.91244444  2.94506039  5.30421465]", "nit": "25", "callback": [0.452207718670531, 0.4476957240176528, 0.4082362361337457, 0.3504197297757463, 0.3221445689286242, 0.313163520718574, 0.29940754468090036, 0.28985651817670965, 0.28561519429950644, 0.27969632307565195, 0.277273946372129, 0.276497003958578, 0.2759738815034328, 0.2757159476857829, 0.275634580557359, 0.2756227565829944, 0.2756184365487767, 0.27561555904617396, 0.27561478053329613, 0.27561470590515724, 0.27561470352130124, 0.2756147034050711, 0.275614703403246, 0.2756147034025417, 0.27561470340241523]}, "8": {"maxiter": 500, "gtol": 1e-05, "xrtol": 1e-05, "eps": 1e-05, "duration": 0.03789019584655762, "fun": "0.2756147034586658", "jac": "[ 3.80990794e-06  3.55360186e-07 -1.48903112e-06 -1.04195541e-06\n -1.28101973e-06  3.28415073e-07]", "hess_inv": "[[ 5.16155703 -0.50671934  0.58742009  1.01634445 -0.32436474 -0.54348161]\n [-0.50671934  5.02164881 -2.49005018  0.90832029 -1.60791111 -1.75822655]\n [ 0.58742009 -2.49005018  5.05600509 -1.0908833  -0.29402947  2.19437799]\n [ 1.01634445  0.90832029 -1.0908833   4.93763549 -0.13773652 -1.2108896 ]\n [-0.32436474 -1.60791111 -0.29402947 -0.13773652  5.12010407  2.46507895]\n [-0.54348161 -1.75822655  2.19437799 -1.2108896   2.46507895  5.58808088]]", "nfev": "168", "njev": "24", "status": "0", "success": "True", "message": "Optimization terminated successfully.", "x": "[-1.03558801  2.94999598  7.60655044  1.91243877  2.94504714  5.30420073]", "nit": "21", "callback": [0.452207812548193, 0.44769423480711923, 0.4082236798651421, 0.35040132684396874, 0.32214353262488893, 0.3131618338305845, 0.29940593406941884, 0.2898575532341787, 0.2856148062026538, 0.27969577385777056, 0.27727460491024414, 0.27649700238308683, 0.2759741040666718, 0.27571603224985974, 0.2756345934703892, 0.27562277146689707, 0.2756184521127142, 0.27561556964762557, 0.2756147830314595, 0.27561470555972123, 0.2756147034586658]}, "9": {"maxiter": 500, "gtol": 1e-05, "xrtol": 1e-05, "eps": 1e-10, "duration": 0.03821396827697754, "fun": "0.27561470352130124", "jac": "[ 7.77156053e-06  1.11022293e-06  1.11022293e-06 -1.11022293e-06\n -2.22044587e-06  0.00000000e+00]", "hess_inv": "[[ 5.17494861 -0.45616697  0.63944703  1.06440368 -0.36780573 -0.5088512 ]\n [-0.45616697  5.01919813 -2.48575267  0.91335405 -1.62940172 -1.77908547]\n [ 0.63944703 -2.48575267  5.08990143 -1.07134855 -0.33180767  2.18940606]\n [ 1.06440368  0.91335405 -1.07134855  4.94775136 -0.17120184 -1.22796225]\n [-0.36780573 -1.62940172 -0.33180767 -0.17120184  5.16815743  2.46628962]\n [-0.5088512  -1.77908547  2.18940606 -1.22796225  2.46628962  5.57073887]]", "nfev": "168", "njev": "24", "status": "0", "success": "True", "message": "Optimization terminated successfully.", "x": "[-1.03556365  2.94998922  7.60656706  1.91244626  2.94505344  5.30421467]", "nit": "21", "callback": [0.452207718670531, 0.4476957240176528, 0.4082362361337457, 0.3504197297757463, 0.3221445689286242, 0.313163520718574, 0.29940754468090036, 0.28985651817670965, 0.28561519429950644, 0.27969632307565195, 0.277273946372129, 0.276497003958578, 0.2759738815034328, 0.2757159476857829, 0.275634580557359, 0.2756227565829944, 0.2756184365487767, 0.27561555904617396, 0.27561478053329613, 0.27561470590515724, 0.27561470352130124]}, "10": {"maxiter": 500, "gtol": 1e-05, "xrtol": 1e-10, "eps": 1e-05, "duration": 0.0371248722076416, "fun": "0.2756147034586658", "jac": "[ 3.80990794e-06  3.55360186e-07 -1.48903112e-06 -1.04195541e-06\n -1.28101973e-06  3.28415073e-07]", "hess_inv": "[[ 5.16155703 -0.50671934  0.58742009  1.01634445 -0.32436474 -0.54348161]\n [-0.50671934  5.02164881 -2.49005018  0.90832029 -1.60791111 -1.75822655]\n [ 0.58742009 -2.49005018  5.05600509 -1.0908833  -0.29402947  2.19437799]\n [ 1.01634445  0.90832029 -1.0908833   4.93763549 -0.13773652 -1.2108896 ]\n [-0.32436474 -1.60791111 -0.29402947 -0.13773652  5.12010407  2.46507895]\n [-0.54348161 -1.75822655  2.19437799 -1.2108896   2.46507895  5.58808088]]", "nfev": "168", "njev": "24", "status": "0", "success": "True", "message": "Optimization terminated successfully.", "x": "[-1.03558801  2.94999598  7.60655044  1.91243877  2.94504714  5.30420073]", "nit": "21", "callback": [0.452207812548193, 0.44769423480711923, 0.4082236798651421, 0.35040132684396874, 0.32214353262488893, 0.3131618338305845, 0.29940593406