{"date": "2024/09/23/, 22:29:43", "conf_id": 114, "data_type": "orthogonal\n", "num_data_points": 2, "s_rank": 0, "unitary": "[[-0.24866696+0.58742286j,-0.44704345-0.43151574j,-0.35669027-0.20570733j,-0.10517633+0.1626036j],[0.10596805-0.19687975j,-0.30269685-0.15056416j,0.18246286+0.30440582j,-0.83484447-0.11310748j],[0.26054512-0.52548482j,0.0285017-0.50723956j,-0.43110112+0.17165838j,0.15243271+0.39915801j],[0.42978035+0.11991271j,-0.17224126-0.46030424j,0.6827807-0.15164662j,0.26483638+0.0061855j]]", "databatch_0": {"databatch": "[[[0.30491711+0.20594382j,0.22119633-0.01321136j,-0.15654878+0.09167024j,-0.24243889+0.01111461j],[-0.03790331+0.00703974j,0.23899252-0.10031895j,-0.09252293+0.27271875j,-0.04074074-0.0056308j],[0.42640197-0.19225604j,-0.03638227-0.01297568j,-0.07487036+0.15623803j,-0.11677433+0.2062104j],[-0.19758184-0.3353949j,0.12915563-0.11832305j,0.18056396+0.10769079j,0.1527394+0.11923267j]],[[-0.02702369-0.25862063j,-0.01923625+0.0714005j,-0.36763062-0.14878702j,0.1381653+0.07957749j],[0.04822614-0.1714146j,-0.03300649-0.06410245j,-0.02759015+0.11896148j,0.04301969+0.09109014j],[0.12076959+0.01548396j,-0.56510963-0.00421703j,-0.16924907-0.13490022j,0.09578452-0.0034566j],[0.16580256+0.06573795j,-0.34564977-0.05409476j,0.32008468+0.18053944j,-0.05022905+0.0152063j]]]", "initial param values": "[5.77008287,5.08107875,2.18709092,5.64683268,0.70830525,1.55019508]", "nelder_mead": {"type": "gradient-free", "0": {"maxiter": 100, "fatol": 1e-05, "xatol": 1e-05, "duration": 0.038082122802734375, "fun": "0.2928950040992806", "nit": "100", "nfev": "164", "status": "2", "success": "False", "message": "Maximum number of iterations has been exceeded.", "x": "[4.04855102 3.46038748 1.92674495 4.14632308 0.80895701 2.57965522]", "final_simplex": "(array([[4.04855102, 3.46038748, 1.92674495, 4.14632308, 0.80895701,\n        2.57965522],\n       [4.04047462, 3.4615757 , 1.92031762, 4.14898192, 0.80822315,\n        2.58563388],\n       [4.03531631, 3.4580912 , 1.91851631, 4.15079174, 0.80926039,\n        2.58884875],\n       [4.02784272, 3.44746958, 1.91991865, 4.15272322, 0.80868439,\n        2.58863949],\n       [4.04512674, 3.44684054, 1.91694624, 4.15226684, 0.8075435 ,\n        2.59225099],\n       [4.03399043, 3.44856832, 1.9159812 , 4.1402527 , 0.80917614,\n        2.5942663 ],\n       [4.04685251, 3.44839919, 1.92160224, 4.14784547, 0.80972514,\n        2.58230083]]), array([0.292895  , 0.29290814, 0.29291673, 0.29293184, 0.29293242,\n       0.29293543, 0.29293742]))", "callback": [0.5545591234184373, 0.498095694222668, 0.3867513320600686, 0.34648518531314443, 0.3074511193164142, 0.29335596409058784, 0.29335596409058784, 0.2930445454103814, 0.2929167282874714]}, "1": {"maxiter": 100, "fatol": 1e-05, "xatol": 1e-10, "duration": 0.03837990760803223, "fun": "0.2928950040992806", "nit": "100", "nfev": "164", "status": "2", "success": "False", "message": "Maximum number of iterations has been exceeded.", "x": "[4.04855102 3.46038748 1.92674495 4.14632308 0.80895701 2.57965522]", "final_simplex": "(array([[4.04855102, 3.46038748, 1.92674495, 4.14632308, 0.80895701,\n        2.57965522],\n       [4.04047462, 3.4615757 , 1.92031762, 4.14898192, 0.80822315,\n        2.58563388],\n       [4.03531631, 3.4580912 , 1.91851631, 4.15079174, 0.80926039,\n        2.58884875],\n       [4.02784272, 3.44746958, 1.91991865, 4.15272322, 0.80868439,\n        2.58863949],\n       [4.04512674, 3.44684054, 1.91694624, 4.15226684, 0.8075435 ,\n        2.59225099],\n       [4.03399043, 3.44856832, 1.9159812 , 4.1402527 , 0.80917614,\n        2.5942663 ],\n       [4.04685251, 3.44839919, 1.92160224, 4.14784547, 0.80972514,\n        2.58230083]]), array([0.292895  , 0.29290814, 0.29291673, 0.29293184, 0.29293242,\n       0.29293543, 0.29293742]))", "callback": [0.5545591234184373, 0.498095694222668, 0.3867513320600686, 0.34648518531314443, 0.3074511193164142, 0.29335596409058784, 0.29335596409058784, 0.2930445454103814, 0.2929167282874714]}, "2": {"maxiter": 100, "fatol": 1e-10, "xatol": 1e-05, "duration": 0.03841996192932129, "fun": "0.2928950040992806", "nit": "100", "nfev": "164", "status": "2", "success": "False", "message": "Maximum number of iterations has been exceeded.", "x": "[4.04855102 3.46038748 1.92674495 4.14632308 0.80895701 2.57965522]", "final_simplex": "(array([[4.04855102, 3.46038748, 1.92674495, 4.14632308, 0.80895701,\n        2.57965522],\n       [4.04047462, 3.4615757 , 1.92031762, 4.14898192, 0.80822315,\n        2.58563388],\n       [4.03531631, 3.4580912 , 1.91851631, 4.15079174, 0.80926039,\n        2.58884875],\n       [4.02784272, 3.44746958, 1.91991865, 4.15272322, 0.80868439,\n        2.58863949],\n       [4.04512674, 3.44684054, 1.91694624, 4.15226684, 0.8075435 ,\n        2.59225099],\n       [4.03399043, 3.44856832, 1.9159812 , 4.1402527 , 0.80917614,\n        2.5942663 ],\n       [4.04685251, 3.44839919, 1.92160224, 4.14784547, 0.80972514,\n        2.58230083]]), array([0.292895  , 0.29290814, 0.29291673, 0.29293184, 0.29293242,\n       0.29293543, 0.29293742]))", "callback": [0.5545591234184373, 0.498095694222668, 0.3867513320600686, 0.34648518531314443, 0.3074511193164142, 0.29335596409058784, 0.29335596409058784, 0.2930445454103814, 0.2929167282874714]}, "3": {"maxiter": 100, "fatol": 1e-10, "xatol": 1e-10, "duration": 0.039031028747558594, "fun": "0.2928950040992806", "nit": "100", "nfev": "164", "status": "2", "success": "False", "message": "Maximum number of iterations has been exceeded.", "x": "[4.04855102 3.46038748 1.92674495 4.14632308 0.80895701 2.57965522]", "final_simplex": "(array([[4.04855102, 3.46038748, 1.92674495, 4.14632308, 0.80895701,\n        2.57965522],\n       [4.04047462, 3.4615757 , 1.92031762, 4.14898192, 0.80822315,\n        2.58563388],\n       [4.03531631, 3.4580912 , 1.91851631, 4.15079174, 0.80926039,\n        2.58884875],\n       [4.02784272, 3.44746958, 1.91991865, 4.15272322, 0.80868439,\n        2.58863949],\n       [4.04512674, 3.44684054, 1.91694624, 4.15226684, 0.8075435 ,\n        2.59225099],\n       [4.03399043, 3.44856832, 1.9159812 , 4.1402527 , 0.80917614,\n        2.5942663 ],\n       [4.04685251, 3.44839919, 1.92160224, 4.14784547, 0.80972514,\n        2.58230083]]), array([0.292895  , 0.29290814, 0.29291673, 0.29293184, 0.29293242,\n       0.29293543, 0.29293742]))", "callback": [0.5545591234184373, 0.498095694222668, 0.3867513320600686, 0.34648518531314443, 0.3074511193164142, 0.29335596409058784, 0.29335596409058784, 0.2930445454103814, 0.2929167282874714]}, "4": {"maxiter": 500, "fatol": 1e-05, "xatol": 1e-05, "duration": 0.12109804153442383, "fun": "0.29276639101209156", "nit": "321", "nfev": "518", "status": "0", "success": "True", "message": "Optimization terminated successfully.", "x": "[4.03594757 3.48506646 1.95973563 4.14299788 0.81844957 2.59400124]", "final_simplex": "(array([[4.03594757, 3.48506646, 1.95973563, 4.14299788, 0.81844957,\n        2.59400124],\n       [4.035941  , 3.48507028, 1.95973832, 4.14300085, 0.81844668,\n        2.59399899],\n       [4.03595024, 3.48507311, 1.95973952, 4.14299805, 0.81845044,\n        2.59399901],\n       [4.03595142, 3.4850701 , 1.95973977, 4.14300309, 0.81844927,\n        2.59399888],\n       [4.03595253, 3.48506761, 1.95973582, 4.14299788, 0.81844128,\n        2.59399591],\n       [4.03594315, 3.4850699 , 1.95974331, 4.1430001 , 0.818452  ,\n        2.59400782],\n       [4.03594852, 3.48506561, 1.95974049, 4.14300133, 0.8184457 ,\n        2.59399417]]), array([0.29276639, 0.29276639, 0.29276639, 0.29276639, 0.29276639,\n       0.29276639, 0.29276639]))", "callback": [0.5545591234184373, 0.498095694222668, 0.3867513320600686, 0.34648518531314443, 0.3074511193164142, 0.29335596409058784, 0.29335596409058784, 0.2930445454103814, 0.2929167282874714, 0.2928950040992806, 0.2928886464597078, 0.29285166894448467, 0.29280896517367316, 0.29280003784858444, 0.2927916994464196, 0.29278832484752604, 0.2927866413400779, 0.29278577739902834, 0.29278504077668943, 0.29278277065877223, 0.29278040952390283, 0.29277721565013315, 0.2927690335724318, 0.2927669676472817, 0.2927666462249614, 0.2927664810479381, 0.2927664094691056, 0.29276639485460376, 0.29276639163929985, 0.2927663911459042, 0.29276639103013213, 0.29276639101209156]}, "5": {"maxiter": 500, "fatol": 1e-05, "xatol": 1e-10, "duration": 0.17742180824279785, "fun": "0.2927663910075686", "nit": "440", "nfev": "764", "status": "0", "success": "True", "message": "Optimization terminated successfully.", "x": "[4.03594451 3.48506882 1.95973736 4.14300164 0.81844979 2.59400248]", "final_simplex": "(array([[4.03594451, 3.48506882, 1.95973736, 4.14300164, 0.81844979,\n        2.59400248],\n       [4.03594451, 3.48506882, 1.95973736, 4.14300164, 0.81844979,\n        2.59400248],\n       [4.03594451, 3.48506882, 1.95973736, 4.14300164, 0.81844979,\n        2.59400248],\n       [4.03594451, 3.48506882, 1.95973736, 4.14300164, 0.81844979,\n        2.59400248],\n       [4.03594451, 3.48506882, 1.95973736, 4.14300164, 0.81844979,\n        2.59400248],\n       [4.03594451, 3.48506882, 1.95973736, 4.14300164, 0.81844979,\n        2.59400248],\n       [4.03594451, 3.48506882, 1.95973736, 4.14300164, 0.81844979,\n        2.59400248]]), array([0.29276639, 0.29276639, 0.29276639, 0.29276639, 0.29276639,\n       0.29276639, 0.29276639]))", "callback": [0.5545591234184373, 0.498095694222668, 0.3867513320600686, 0.34648518531314443, 0.3074511193164142, 0.29335596409058784, 0.29335596409058784, 0.2930445454103814, 0.2929167282874714, 0.2928950040992806, 0.2928886464597078, 0.29285166894448467, 0.29280896517367316, 0.29280003784858444, 0.2927916994464196, 0.29278832484752604, 0.2927866413400779, 0.29278577739902834, 0.29278504077668943, 0.29278277065877223, 0.29278040952390283, 0.29277721565013315, 0.2927690335724318, 0.2927669676472817, 0.2927666462249614, 0.2927664810479381, 0.2927664094691056, 0.29276639485460376, 0.29276639163929985, 0.2927663911459042, 0.29276639103013213, 0.29276639101209156, 0.2927663910086178, 0.29276639100781143, 0.2927663910076347, 0.2927663910075967, 0.29276639100758417, 0.2927663910075722, 0.29276639100757107, 0.2927663910075696, 0.29276639100756907, 0.2927663910075686, 0.2927663910075686, 0.2927663910075686]}, "6": {"maxiter": 500, "fatol": 1e-10, "xatol": 1e-05, "duration": 0.1182560920715332, "fun": "0.29276639101209156", "nit": "321", "nfev": "518", "status": "0", "success": "True", "message": "Optimization terminated successfully.", "x": "[4.03594757 3.48506646 1.95973563 4.14299788 0.81844957 2.59400124]", "final_simplex": "(array([[4.03594757, 3.48506646, 1.95973563, 4.14299788, 0.81844957,\n        2.59400124],\n       [4.035941  , 3.48507028, 1.95973832, 4.14300085, 0.81844668,\n        2.59399899],\n       [4.03595024, 3.48507311, 1.95973952, 4.14299805, 0.81845044,\n        2.59399901],\n       [4.03595142, 3.4850701 , 1.95973977, 4.14300309, 0.81844927,\n        2.59399888],\n       [4.03595253, 3.48506761, 1.95973582, 4.14299788, 0.81844128,\n        2.59399591],\n       [4.03594315, 3.4850699 , 1.95974331, 4.1430001 , 0.818452  ,\n        2.59400782],\n       [4.03594852, 3.48506561, 1.95974049, 4.14300133, 0.8184457 ,\n        2.59399417]]), array([0.29276639, 0.29276639, 0.29276639, 0.29276639, 0.29276639,\n       0.29276639, 0.29276639]))", "callback": [0.5545591234184373, 0.498095694222668, 0.3867513320600686, 0.34648518531314443, 0.3074511193164142, 0.29335596409058784, 0.29335596409058784, 0.2930445454103814, 0.2929167282874714, 0.2928950040992806, 0.2928886464597078, 0.29285166894448467, 0.29280896517367316, 0.29280003784858444, 0.2927916994464196, 0.29278832484752604, 0.2927866413400779, 0.29278577739902834, 0.29278504077668943, 0.29278277065877223, 0.29278040952390283, 0.29277721565013315, 0.2927690335724318, 0.2927669676472817, 0.2927666462249614, 0.2927664810479381, 0.2927664094691056, 0.29276639485460376, 0.29276639163929985, 0.2927663911459042, 0.29276639103013213, 0.29276639101209156]}, "7": {"maxiter": 500, "fatol": 1e-10, "xatol": 1e-10, "duration": 0.17869186401367188, "fun": "0.2927663910075686", "nit": "440", "nfev": "764", "status": "0", "success": "True", "message": "Optimization terminated successfully.", "x": "[4.03594451 3.48506882 1.95973736 4.14300164 0.81844979 2.59400248]", "final_simplex": "(array([[4.03594451, 3.48506882, 1.95973736, 4.14300164, 0.81844979,\n        2.59400248],\n       [4.03594451, 3.48506882, 1.95973736, 4.14300164, 0.81844979,\n        2.59400248],\n       [4.03594451, 3.48506882, 1.95973736, 4.14300164, 0.81844979,\n        2.59400248],\n       [4.03594451, 3.48506882, 1.95973736, 4.14300164, 0.81844979,\n        2.59400248],\n       [4.03594451, 3.48506882, 1.95973736, 4.14300164, 0.81844979,\n        2.59400248],\n       [4.03594451, 3.48506882, 1.95973736, 4.14300164, 0.81844979,\n        2.59400248],\n       [4.03594451, 3.48506882, 1.95973736, 4.14300164, 0.81844979,\n        2.59400248]]), array([0.29276639, 0.29276639, 0.29276639, 0.29276639, 0.29276639,\n       0.29276639, 0.29276639]))", "callback": [0.5545591234184373, 0.498095694222668, 0.3867513320600686, 0.34648518531314443, 0.3074511193164142, 0.29335596409058784, 0.29335596409058784, 0.2930445454103814, 0.2929167282874714, 0.2928950040992806, 0.2928886464597078, 0.29285166894448467, 0.29280896517367316, 0.29280003784858444, 0.2927916994464196, 0.29278832484752604, 0.2927866413400779, 0.29278577739902834, 0.29278504077668943, 0.29278277065877223, 0.29278040952390283, 0.29277721565013315, 0.2927690335724318, 0.2927669676472817, 0.2927666462249614, 0.2927664810479381, 0.2927664094691056, 0.29276639485460376, 0.29276639163929985, 0.2927663911459042, 0.29276639103013213, 0.29276639101209156, 0.2927663910086178, 0.29276639100781143, 0.2927663910076347, 0.2927663910075967, 0.29276639100758417, 0.2927663910075722, 0.29276639100757107, 0.2927663910075696, 0.29276639100756907, 0.2927663910075686, 0.2927663910075686, 0.2927663910075686]}, "8": {"maxiter": 1000, "fatol": 1e-05, "xatol": 1e-05, "duration": 0.11946916580200195, "fun": "0.29276639101209156", "nit": "321", "nfev": "518", "status": "0", "success": "True", "message": "Optimization terminated successfully.", "x": "[4.03594757 3.48506646 1.95973563 4.14299788 0.81844957 2.59400124]", "final_simplex": "(array([[4.03594757, 3.48506646, 1.95973563, 4.14299788, 0.81844957,\n        2.59400124],\n       [4.035941  , 3.48507028, 1.95973832, 4.14300085, 0.81844668,\n        2.59399899],\n       [4.03595024, 3.48507311, 1.95973952, 4.14299805, 0.81845044,\n        2.59399901],\n       [4.03595142, 3.4850701 , 1.95973977, 4.14300309, 0.81844927,\n        2.59399888],\n       [4.03595253, 3.48506761, 1.95973582, 4.14299788, 0.81844128,\n        2.59399591],\n       [4.03594315, 3.4850699 , 1.95974331, 4.1430001 , 0.818452  ,\n        2.59400782],\n       [4.03594852, 3.48506561, 1.95974049, 4.14300133, 0.8184457 ,\n        2.59399417]]), array([0.29276639, 0.29276639, 0.29276639, 0.29276639, 0.29276639,\n       0.29276639, 0.29276639]))", "callback": [0.5545591234184373, 0.498095694222668, 0.3867513320600686, 0.34648518531314443, 0.3074511193164142, 0.29335596409058784, 0.29335596409058784, 0.2930445454103814, 0.2929167282874714, 0.2928950040992806, 0.2928886464597078, 0.29285166894448467, 0.29280896517367316, 0.29280003784858444, 0.2927916994464196, 0.29278832484752604, 0.2927866413400779, 0.29278577739902834, 0.29278504077668943, 0.29278277065877223, 0.29278040952390283, 0.29277721565013315, 0.2927690335724318, 0.2927669676472817, 0.2927666462249614, 0.2927664810479381, 0.2927664094691056, 0.29276639485460376, 0.29276639163929985, 0.2927663911459042, 0.29276639103013213, 0.29276639101209156]}, "9": {"maxiter": 1000, "fatol": 1e-05, "xatol": 1e-10, "duration": 0.1782829761505127, "fun": "0.2927663910075686", "nit": "440", "nfev": "764", "status": "0", "success": "True", "message": "Optimization terminated successfully.", "x": "[4.03594451 3.48506882 1.95973736 4.14300164 0.81844979 2.59400248]", "final_simplex": "(array([[4.03594451, 3.48506882, 1.95973736, 4.14300164, 0.81844979,\n        2.59400248],\n       [4.03594451, 3.48506882, 1.95973736, 4.14300164, 0.81844979,\n        2.59400248],\n       [4.03594451, 3.48506882, 1.95973736, 4.14300164, 0.81844979,\n        2.59400248],\n       [4.03594451, 3.48506882, 1.95973736, 4.14300164, 0.81844979,\n        2.59400248],\n       [4.03594451, 3.48506882, 1.95973736, 4.14300164, 0.81844979,\n        2.59400248],\n       [4.03594451, 3.48506882, 1.95973736, 4.14300164, 0.81844979,\n        2.59400248],\n       [4.03594451, 3.48506882, 1.95973736, 4.14300164, 0.81844979,\n        2.59400248]]), array([0.29276639, 0.29276639, 0.29276639, 0.29276639, 0.29276639,\n       0.29276639, 0.29276639]))", "callback": [0.5545591234184373, 0.498095694222668, 0.3867513320600686, 0.34648518531314443, 0.3074511193164142, 0.29335596409058784, 0.29335596409058784, 0.2930445454103814, 0.2929167282874714, 0.2928950040992806, 0.2928886464597078, 0.29285166894448467, 0.29280896517367316, 0.29280003784858444, 0.2927916994464196, 0.29278832484752604, 0.2927866413400779, 0.29278577739902834, 0.29278504077668943, 0.29278277065877223, 0.29278040952390283, 0.29277721565013315, 0.2927690335724318, 0.2927669676472817, 0.2927666462249614, 0.2927664810479381, 0.2927664094691056, 0.29276639485460376, 0.29276639163929985, 0.2927663911459042, 0.29276639103013213, 0.29276639101209156, 0.2927663910086178, 0.29276639100781143, 0.2927663910076347, 0.2927663910075967, 0.29276639100758417, 0.2927663910075722, 0.29276639100757107, 0.2927663910075696, 0.29276639100756907, 0.2927663910075686, 0.2927663910075686, 0.2927663910075686]}, "10": {"maxiter": 1000, "fatol": 1e-10, "xatol": 1e-05, "duration": 0.12752795219421387, "fun": "0.29276639101209156", "nit": "321", "nfev": "518", "status": "0", "success": "True", "message": "Optimization terminated successfully.", "x": "[4.03594757 3.48506646 1.95973563 4.14299788 0.81844957 2.59400124]", "final_simplex": "(array([[4.03594757, 3.48506646, 1.95973563, 4.14299788, 0.81844957,\n        2.59400124],\n       [4.035941  , 3.48507028, 1.95973832, 4.14300085, 0.81844668,\n        2.59399899],\n       [4.03595024, 3.48507311, 1.95973952, 4.14299805, 0.81845044,\n        2.59399901],\n       [4.03595142, 3.4850701 , 1.95973977, 4.14300309, 0.81844927,\n        2.59399888],\n       [4.03595253, 3.48506761, 1.95973582, 4.14299788, 0.81844128,\n        2.59399591],\n       [4.03594315, 3.4850699 , 1.95974331, 4.1430001 , 0.818452  ,\n        2.59400782],\n       [4.03594852, 3.48506561, 1.95974049, 4.14300133, 0.8184457 ,\n        2.59399417]]), array([0.29276639, 0.29276639, 0.29276639, 0.29276639, 0.29276639,\n       0.29276639, 0.29276639]))", "callback": [0.5545591234184373, 0.498095694222668, 0.3867513320600686, 0.34648518531314443, 0.3074511193164142, 0.29335596409058784, 0.29335596409058784, 0.2930445454103814, 0.2929167282874714, 0.2928950040992806, 0.2928886464597078, 0.29285166894448467, 0.29280896517367316, 0.29280003784858444, 0.2927916994464196, 0.29278832484752604, 0.2927866413400779, 0.29278577739902834, 0.29278504077668943, 0.29278277065877223, 0.29278040952390283, 0.29277721565013315, 0.2927690335724318, 0.2927669676472817, 0.2927666462249614, 0.2927664810479381, 0.2927664094691056, 0.29276639485460376, 0.29276639163929985, 0.2927663911459042, 0.29276639103013213, 0.29276639101209156]}, "11": {"maxiter": 1000, "fatol": 1e-10, "xatol": 1e-10, "duration": 0.18953537940979004, "fun": "0.2927663910075686", "nit": "440", "nfev": "764", "status": "0", "success": "True", "message": "Optimization terminated successfully.", "x": "[4.03594451 3.48506882 1.95973736 4.14300164 0.81844979 2.59400248]", "final_simplex": "(array([[4.03594451, 3.48506882, 1.95973736, 4.14300164, 0.81844979,\n        2.59400248],\n       [4.03594451, 3.48506882, 1.95973736, 4.14300164, 0.81844979,\n        2.59400248],\n       [4.03594451, 3.48506882, 1.95973736, 4.14300164, 0.81844979,\n        2.59400248],\n       [4.03594451, 3.48506882, 1.95973736, 4.14300164, 0.81844979,\n        2.59400248],\n       [4.03594451, 3.48506882, 1.95973736, 4.14300164, 0.81844979,\n        2.59400248],\n       [4.03594451, 3.48506882, 1.95973736, 4.14300164, 0.81844979,\n        2.59400248],\n       [4.03594451, 3.48506882, 1.95973736, 4.14300164, 0.81844979,\n        2.59400248]]), array([0.29276639, 0.29276639, 0.29276639, 0.29276639, 0.29276639,\n       0.29276639, 0.29276639]))", "callback": [0.5545591234184373, 0.498095694222668, 0.3867513320600686, 0.34648518531314443, 0.3074511193164142, 0.29335596409058784, 0.29335596409058784, 0.2930445454103814, 0.2929167282874714, 0.2928950040992806, 0.2928886464597078, 0.29285166894448467, 0.29280896517367316, 0.29280003784858444, 0.2927916994464196, 0.29278832484752604, 0.2927866413400779, 0.29278577739902834, 0.29278504077668943, 0.29278277065877223, 0.29278040952390283, 0.29277721565013315, 0.2927690335724318, 0.2927669676472817, 0.2927666462249614, 0.2927664810479381, 0.2927664094691056, 0.29276639485460376, 0.29276639163929985, 0.2927663911459042, 0.29276639103013213, 0.29276639101209156, 0.2927663910086178, 0.29276639100781143, 0.2927663910076347, 0.2927663910075967, 0.29276639100758417, 0.2927663910075722, 0.29276639100757107, 0.2927663910075696, 0.29276639100756907, 0.2927663910075686, 0.2927663910075686, 0.2927663910075686]}}, "bfgs": {"type": "gradient", "0": {"maxiter": 100, "gtol": 1e-05, "xrtol": 1e-05, "eps": 1e-05, "duration": 0.04502105712890625, "fun": "0.29276639108664804", "jac": "[ 1.11877174e-06 -1.14481757e-06  8.42148573e-07  2.41273668e-06\n  2.62523336e-07 -8.85136409e-07]", "hess_inv": "[[ 5.30433584  0.47080939 -0.58562684 -0.7366854  -3.23076914 -2.17314064]\n [ 0.47080939  6.1030002   3.92501887 -1.45023915  0.99198802 -0.52695163]\n [-0.58562684  3.92501887  5.97494682 -0.25724321  1.80910781 -0.0487891 ]\n [-0.7366854  -1.45023915 -0.25724321  3.6526411   0.81416693  0.91700722]\n [-3.23076914  0.99198802  1.80910781  0.81416693  6.64303791  3.53507773]\n [-2.17314064 -0.52695163 -0.0487891   0.91700722  3.53507773  5.32079891]]", "nfev": "189", "njev": "27", "status": "0", "success": "True", "message": "Optimization terminated successfully.", "x": "[4.03595308 3.48504404 1.95971696 4.14300813 0.81842789 2.59398656]", "nit": "22", "callback": [0.3004503245793513, 0.2927664239114245]}, "1": {"maxiter": 100, "gtol": 1e-05, "xrtol": 1e-05, "eps": 1e-10, "duration": 0.04424715042114258, "fun": "0.2927663910643129", "jac": "[ 1.11022293e-06 -3.33066880e-06 -3.33066880e-06  1.11022293e-06\n -1.11022293e-06 -3.33066880e-06]", "hess_inv": "[[ 5.42819061  0.38250217 -0.67017561 -0.74465772 -3.40065468 -2.20476129]\n [ 0.38250217  5.93793111  3.7809768  -1.35824608  1.0476463  -0.57649022]\n [-0.67017561  3.7809768   5.84013311 -0.18078094  1.86392114 -0.10524789]\n [-0.74465772 -1.35824608 -0.18078094  3.64010569  0.8627353   0.92402081]\n [-3.40065468  1.0476463   1.86392114  0.8627353   6.86485253  3.54967465]\n [-2.20476129 -0.57649022 -0.10524789  0.92402081  3.54967465  5.30415709]]", "nfev": "189", "njev": "27", "status": "0", "success": "True", "message": "Optimization terminated successfully.", "x": "[4.03596001 3.4850576  1.95973367 4.14301593 0.81844001 2.5939989 ]", "nit": "22", "callback": [0.3004499220766542, 0.29276642433061073]}, "2": {"maxiter": 100, "gtol": 1e-05, "xrtol": 1e-10, "eps": 1e-05, "duration": 0.04499506950378418, "fun": "0.29276639108664804", "jac": "[ 1.11877174e-06 -1.14481757e-06  8.42148573e-07  2.41273668e-06\n  2.62523336e-07 -8.85136409e-07]", "hess_inv": "[[ 5.30433584  0.47080939 -0.58562684 -0.7366854  -3.23076914 -2.17314064]\n [ 0.47080939  6.1030002   3.92501887 -1.45023915  0.99198802 -0.52695163]\n [-0.58562684  3.92501887  5.97494682 -0.25724321  1.80910781 -0.0487891 ]\n [-0.7366854  -1.45023915 -0.25724321  3.6526411   0.81416693  0.91700722]\n [-3.23076914  0.99198802  1.80910781  0.81416693  6.64303791  3.53507773]\n [-2.17314064 -0.52695163 -0.0487891   0.91700722  3.53507773  5.32079891]]", "nfev": "189", "njev": "27", "status": "0", "success": "True", "message": "Optimization terminated successfully.", "x": "[4.03595308 3.48504404 1.95971696 4.14300813 0.81842789 2.59398656]", "nit": "22", "callback": [0.3004503245793513, 0.2927664239114245]}, "3": {"maxiter": 100, "gtol": 1e-05, "xrtol": 1e-10, "eps": 1e-10, "duration": 0.04584193229675293, "fun": "0.2927663910643129", "jac": "[ 1.11022293e-06 -3.33066880e-06 -3.33066880e-06  1.11022293e-06\n -1.11022293e-06 -3.33066880e-06]", "hess_inv": "[[ 5.42819061  0.38250217 -0.67017561 -0.74465772 -3.40065468 -2.20476129]\n [ 0.38250217  5.93793111  3.7809768  -1.35824608  1.0476463  -0.57649022]\n [-0.67017561  3.7809768   5.84013311 -0.18078094  1.86392114 -0.10524789]\n [-0.74465772 -1.35824608 -0.18078094  3.64010569  0.8627353   0.92402081]\n [-3.40065468  1.0476463   1.86392114  0.8627353   6.86485253  3.54967465]\n [-2.20476129 -0.57649022 -0.10524789  0.92402081  3.54967465  5.30415709]]", "nfev": "189", "njev": "27", "status": "0", "success": "True", "message": "Optimization terminated successfully.", "x": "[4.03596001 3.4850576  1.95973367 4.14301593 0.81844001 2.5939989 ]", "nit": "22", "callback": [0.3004499220766542, 0.29276642433061073]}, "4": {"maxiter": 100, "gtol": 1e-10, "xrtol": 1e-05, "eps": 1e-05, "duration": 0.045350074768066406, "fun": "0.2927663910635607", "jac": "[ 9.49129664e-08 -6.72795153e-08  7.56283924e-08  4.61408689e-08\n -7.54951657e-08  6.55697718e-08]", "hess_inv": "[[ 5.25091711  0.39086093 -0.61911828 -0.60130303 -3.15013891 -2.24297628]\n [ 0.39086093  6.28379828  3.94507341 -1.72682702  1.02182608 -0.41180406]\n [-0.61911828  3.94507341  5.97034132 -0.284296    1.83844243 -0.04126402]\n [-0.60130303 -1.72682702 -0.284296    4.0738437   0.75470002  0.74363911]\n [-3.15013891  1.02182608  1.83844243  0.75470002  6.54879729  3.57407559]\n [-2.24297628 -0.41180406 -0.04126402  0.74363911  3.57407559  5.39010322]]", "nfev": "196", "njev": "28", "status": "0", "success": "True", "message": "Optimization terminated successfully.", "x": "[4.03594846 3.48505101 1.95971731 4.1429977  0.81843066 2.59399067]", "nit": "23", "callback": [0.3004503245793513, 0.2927664239114245]}, "5": {"maxiter": 100, "gtol": 1e-10, "xrtol": 1e-05, "eps": 1e-10, "duration": 0.04811382293701172, "fun": "0.2927663910470779", "jac": "[ 3.33066880e-06 -1.11022293e-06  3.33066880e-06  2.22044587e-06\n  0.00000000e+00  5.55111466e-06]", "hess_inv": "[[ 5.15223989  0.69551322 -0.17460953 -0.39190993 -2.79500263 -2.15707955]\n [ 0.69551322  5.83429351  3.28951891 -2.26484475  0.24628508 -0.28946994]\n [-0.17460953  3.28951891  4.97003173 -0.95661622  0.74411552 -0.09500406]\n [-0.39190993 -2.26484475 -0.95661622  4.20950381  0.3189323   0.17589938]\n [-2.79500263  0.24628508  0.74411552  0.3189323   5.58760554  3.28985066]\n [-2.15707955 -0.28946994 -0.09500406  0.17589938  3.28985066  5.75871846]]", "nfev": "203", "njev": "29", "status": "0", "success": "True", "message": "Optimization terminated successfully.", "x": "[4.03595471 3.48506965 1.95974489 4.14301055 0.8184489  2.59400801]", "nit": "23", "callback": [0.3004499220766542, 0.29276642433061073]}, "6": {"maxiter": 100, "gtol": 1e-10, "xrtol": 1e-10, "eps": 1e-05, "duration": 0.05130505561828613, "fun": "0.2927663910630711", "jac": "[ 0.00000000e+00 -2.22044605e-11 -2.22044605e-11 -1.11022302e-11\n  3.33066907e-11 -2.22044605e-11]", "hess_inv": "[[ 5.59738463  0.12242177 -0.83465317 -0.61820636 -3.41018406 -2.31108104]\n [ 0.12242177  6.4525045   4.07962877 -1.69181171  1.24542662 -0.38486872]\n [-0.83465317  4.07962877  6.09728845 -0.22398455  2.01523524 -0.02464909]\n [-0.61820636 -1.69181171 -0.22398455  4.11341995  0.7500352   0.75409887]\n [-3.41018406  1.24542662  2.01523524  0.7500352   6.73162169  3.64075912]\n [-2.31108104 -0.38486872 -0.02464909  0.75409887  3.64075912  5.38730369]]", "nfev": "217", "njev": "31", "status": "0", "success": "True", "message": "Optimization terminated successfully.", "x": "[4.03594793 3.48505131 1.95971735 4.14299746 0.81843115 2.59399075]", "nit": "26", "callback": [0.3004503245793513, 0.2927664239114245]}, "7": {"maxiter": 100, "gtol": 1e-10, "xrtol": 1e-10, "eps": 1e-10, "duration": 0.13668203353881836, "fun": "0.29276639100989144", "jac": "[0.00000000e+00 1.11022293e-06 3.33066880e-06 2.22044587e-06\n 2.22044587e-06 0.00000000e+00]", "hess_inv": "[[ 1.4560698  -1.35598023  0.10234261  2.11124027  0.07477706 -1.49986368]\n [-1.35598023  1.70281118 -0.01693574 -1.89509238 -0.47022263  1.32717043]\n [ 0.10234261 -0.01693574  0.34887264  0.07725952 -0.3047743  -0.62429014]\n [ 2.11124027 -1.89509238  0.07725952  3.46756574 -0.00813067 -2.08626473]\n [ 0.07477706 -0.47022263 -0.3047743  -0.00813067  0.58075327  0.35763581]\n [-1.49986368  1.32717043 -0.62429014 -2.08626473  0.35763581  2.36317094]]", "nfev": "579", "njev": "81", "status": "2", "success": "False", "message": "Desired error not necessarily achieved due to precision loss.", "x": "[4.03594264 3.48506532 1.95973733 4.14300304 0.81845057 2.5940016 ]", "nit": "32", "callback": [0.3004499220766542, 0.29276642433061073, 0.29276639101014157]}, "8": {"maxiter": 500, "gtol": 1e-05, "xrtol": 1e-05, "eps": 1e-05, "duration": 0.04597210884094238, "fun": "0.29276639108664804", "jac": "[ 1.11877174e-06 -1.14481757e-06  8.42148573e-07  2.41273668e-06\n  2.62523336e-07 -8.85136409e-07]", "hess_inv": "[[ 5.30433584  0.47080939 -0.58562684 -0.7366854  -3.23076914 -2.17314064]\n [ 0.47080939  6.1030002   3.92501887 -1.45023915  0.99198802 -0.52695163]\n [-0.58562684  3.92501887  5.97494682 -0.25724321  1.80910781 -0.0487891 ]\n [-0.7366854  -1.45023915 -0.25724321  3.6526411   0.81416693  0.91700722]\n [-3.23076914  0.99198802  1.80910781  0.81416693  6.64303791  3.53507773]\n [-2.17314064 -0.52695163 -0.0487891   0.91700722  3.53507773  5.32079891]]", "nfev": "189", "njev": "27", "status": "0", "success": "True", "message": "Optimization terminated successfully.", "x": "[4.03595308 3.48504404 1.95971696 4.14300813 0.81842789 2.59398656]", "nit": "22", "callback": [0.3004503245793513, 0.2927664239114245]}, "9": {"maxiter": 500, "gtol": 1e-05, "xrtol": 1e-05, "eps": 1e-10, "duration": 0.04608893394470215, "fun": "0.2927663910643129", "jac": "[ 1.11022293e-06 -3.33066880e-06 -3.33066880e-06  1.11022293e-06\n -1.11022293e-06 -3.33066880e-06]", "hess_inv": "[[ 5.42819061  0.38250217 -0.67017561 -0.74465772 -3.40065468 -2.20476129]\n [ 0.38250217  5.93793111  3.7809768  -1.35824608  1.0476463  -0.57649022]\n [-0.67017561  3.7809768   5.84013311 -0.18078094  1.86392114 -0.10524789]\n [-0.74465772 -1.35824608 -0.18078094  3.64010569  0.8627353   0.92402081]\n [-3.40065468  1.0476463   1.86392114  0.8627353   6.86485253  3.54967465]\n [-2.20476129 -0.57649022 -0.10524789  0.92402081  3.54967465  5.30415709]]", "nfev": "189", "njev": "27", "status": "0", "success": "True", "message": "Optimization terminated successfully.", "x": "[4.03596001 3.4850576  1.95973367 4.14301593 0.81844001 2.5939989 ]", "nit": "22", "callback": [0.3004499220766542, 0.29276642433061073]}, "10": {"maxiter": 500, "gtol": 1e-05, "xrtol": 1e-10, "eps": 1e-05, "duration": 0.04435610771179199, "fun": "0.29276639108664804", "jac": "[ 1.11877174e-06 -1.14481757e-06  8.42148573e-07  2.41273668e-06\n  2.62523336e-07 -8.85136409e-07]", "hess_inv": "[[ 5.30433584  0.47080939 -0.58562684 -0.7366854  -3.23076914 -2.17314064]\n [ 0.47080939  6.1030002   3.92501887 -1.45023915  0.99198802 -0.52695163]\n [-0.58562684  3.92501887  5.97494682 -0.25724321  1.80910781 -0.0487891 ]\n [-0.7366854  -1.45023915 -0.25724321  3.6526411   0.81416693  0.91700722]\n [-3.23076914  0.99198802  1.80910781  0.81416693  6.64303791  3.53507773]\n [-2.17314064 -0.52695163 -0.0487891   0.91700722  3.53507773  5.32079891]]", "nfev": "189", "njev": "27", "status": "0", "success": "True", "message": "Optimization terminated successfully.", "x": "[4.03595308 3.48504404 1.95971696 4.14300813 0.81842789 2.59398656]", "nit": "22", "callback": [0.3004503245793513, 0.2927664239114245]}, "11": {"maxiter": 500, "gtol": 1e-05, "xrtol": 1e-10, "eps": 1e-10, "duration": 0.04527783393859863, "fun": "0.2927663910643129", "jac": "[ 1.11022293e-06 -3.33066880e-06 -3.33066880e-06  1.11022293e-06\n -1.11022293e-06 -3.33066880e-06]", "hess_inv": "[[ 5.42819061  0.38250217 -0.67017561 -0.74465772 -3.40065468 -2.20476129]\n [ 0.38250217  5.93793111  3.7809768  -1.35824608  1.0476463  -0.57649022]\n [-0.67017561  3.7809768   5.84013311 -0.18078094  1.86392114 -0.10524789]\n [-0.74465772 -1.35824608 -0.18078094  3.64010569  0.8627353   0.92402081]\n [-3.40065468  1.0476463   1.86392114  0.8627353   6.86485253  3.54967465]\n [-2.20476129 -0.57649022 -0.10524789  0.92402081  3.54967465  5.30415709]]", "nfev": "189", "njev": "27", "status": "0", "success": "True", "message": "Optimization terminated successfully.", "x": "[4.03596001 3.4850576  1.95973367 4.14301593 0.81844001 2.5939989 ]", "nit": "22", "callback": [0.3004499220766542, 0.29276642433061073]}, "12": {"maxiter": 500, "gtol": 1e-10, "xrtol": 1e-05, "eps": 1e-05, "duration": 0.04606318473815918, "fun": "0.2927663910635607", "jac": "[ 9.49129664e-08 -6.72795153e-08  7.56283924e-08  4.61408689e-08\n -7.54951657e-08  6.55697718e-08]", "hess_inv": "[[ 5.25091711  0.39086093 -0.61911828 -0.60130303 -3.15013891 -2.24297628]\n [ 0.39086093  6.28379828  3.94507341 -1.72682702  1.02182608 -0.41180406]\n [-0.61911828  3.94507341  5.97034132 -0.284296    1.83844243 -0.04126402]\n [-0.60130303 -1.72682702 -0.284296    4.0738437   0.75470002  0.74363911]\n [-3.15013891  1.02182608  1.83844243  0.75470002  6.54879729  3.57407559]\n [-2.24297628 -0.41180406 -0.04126402  0.74363911  3.57407559  5.39010322]]", "nfev": "196", "njev": "28", "status": "0", "success": "True", "message": "Optimization terminated successfully.", "x": "[4.03594846 3.48505101 1.95971731 4.1429977  0.81843066 2.59399067]", "nit": "23", "callback": [0.3004503245793513, 0.2927664239114245]}, "13": {"maxiter": 500, "gtol": 1e-10, "xrtol": 1e-05, "eps": 1e-10, "duration": 0.04778909683227539, "fun": "0.2927663910470779", "jac": "[ 3.33066880e-06 -1.11022293e-06  3.33066880e-06  2.22044587e-06\n  0.00000000e+00  5.55111466e-06]", "hess_inv": "[[ 5.15223989  0.69551322 -0.17460953 -0.39190993 -2.79500263 -2.15707955]\n [ 0.69551322  5.83429351  3.28951891 -2.26484475  0.24628508 -0.28946994]\n [-0.17460953  3.28951891  4.97003173 -0.95661622  0.74411552 -0.09500406]\n [-0.39190993 -2.26484475 -0.95661622  4.20950381  0.3189323   0.17589938]\n [-2.79500263  0.24628508  0.74411552  0.3189323   5.58760554  3.28985066]\n [-2.15707955 -0.28946994 -0.09500406  0.17589938  3.28985066  5.75871846]]", "nfev": "203", "njev": "29", "status": "0", "success": "True", "message": "Optimization terminated successfully.", "x": "[4.03595471 3.48506965 1.95974489 4.14301055 0.8184489  2.59400801]", "nit": "23", "callback": [0.3004499220766542, 0.29276642433061073]}, "14": {"maxiter": 500, "gtol": 1e-10, "xrtol": 1e-10, "eps": 1e-05, "duration": 0.05024528503417969, "fun": "0.2927663910630711", "jac": "[ 0.00000000e+00 -2.22044605e-11 -2.22044605e-11 -1.11022302e-11\n  3.33066907e-11 -2.22044605e-11]", "hess_inv": "[[ 5.59738463  0.12242177 -0.83465317 -0.61820636 -3.41018406 -2.31108104]\n [ 0.12242177  6.4525045   4.07962877 -1.69181171  1.24542662 -0.38486872]\n [-0.83465317  4.07962877  6.09728845 -0.22398455  2.01523524 -0.02464909]\n [-0.61820636 -1.69181171 -0.22398455  4.11341995  0.7500352   0.75409887]\n [-3.41018406  1.24542662  2.01523524  0.7500352   6.73162169  3.64075912]\n [-2.31108104 -0.38486872 -0.02464909  0.75409887  3.64075912  5.38730369]]", "nfev": "217", "njev": "31", "status": "0", "success": "True", "message": "Optimization terminated successfully.", "x": "[4.03594793 3.48505131 1.95971735 4.14299746 0.81843115 2.59399075]", "nit": "26", "callback": [0.3004503245793513, 0.2927664239114245]}, "15": {"maxiter": 500, "gtol": 1e-10, "xrtol": 1e-10, "eps": 1e-10, "duration": 0.1347649097442627, "fun": "0.29276639100989144", "jac": "[0.00000000e+00 1.11022293e-06 3.33066880e-06 2.22044587e-06\n 2.22044587e-06 0.00000000e+00]", "hess_inv": "[[ 1.4560698  -1.35598023  0.10234261  2.11124027  0.07477706 -1.49986368]\n [-1.35598023  1.70281118 -0.01693574 -1.89509238 -0.47022263  1.32717043]\n [ 0.10234261 -0.01693574  0.34887264  0.07725952 -0.3047743  -0.62429014]\n [ 2.11124027 -1.89509238  0.07725952  3.46756574 -0.00813067 -2.08626473]\n [ 0.07477706 -0.47022263 -0.3047743  -0.00813067  0.58075327  0.35763581]\n [-1.49986368  1.32717043 -0.62429014 -2.08626473  0.35763581  2.36317094]]", "nfev": "579", "njev": "81", "status": "2", "success": "False", "message": "Desired error not necessarily achieved due to precision loss.", "x": "[4.03594264 3.48506532 1.95973733 4.14300304 0.81845057 2.5940016 ]", "nit": "32", "callback": [0.3004499220766542, 0.29276642433061073, 0.29276639101014157]}, "16": {"maxiter": 1000, "gtol": 1e-05, "xrtol": 1e-05, "eps": 1e-05, "duration": 0.04738593101501465, "fun": "0.29276639108664804", "jac": "[ 1.11877174e-06 -1.14481757e-06  8.42148573e-07  2.41273668e-06\n  2.62523336e-07 -8.85136409e-07]", "hess_inv": "[[ 5.30433584  0.47080939 -0.58562684 -0.7366854  -3.23076914 -2.17314064]\n [ 0.47080939  6.1030002   3.92501887 -1.45023915  0.99198802 -0.52695163]\n [-0.58562684  3.92501887  5.97494682 -0.25724321  1.80910781 -0.0487891 ]\n [-0.7366854  -1.45023915 -0.25724321  3.6526411   0.81416693  0.91700722]\n [-3.23076914  0.99198802  1.80910781  0.81416693  6.64303791  3.53507773]\n [-2.17314064 -0.52695163 -0.0487891   0.91700722  3.53507773  5.32079891]]", "nfev": "189", "njev": "27", "status": "0", "success": "True", "message": "Optimization terminated successfully.", "x": "[4.03595308 3.48504404 1.95971696 4.14300813 0.81842789 2.59398656]", "nit": "22", "callback": [0.3004503245793513, 0.2927664239114245]}, "17": {"maxiter": 1000, "gtol": 1e-05, "xrtol": 1e-05, "eps": 1e-10, "duration": 0.04563593864440918, "fun": "0.2927663910643129", "jac": "[ 1.11022293e-06 -3.33066880e-06 -3.33066880e-06  1.11022293e-06\n -1.11022293e-06 -3.33066880e-06]", "hess_inv": "[[ 5.42819061  0.38250217 -0.67017561 -0.74465772 -3.40065468 -2.20476129]\n [ 0.38250217  5.93793111  3.7809768  -1.35824608  1.0476463  -0.57649022]\n [-0.67017561  3.7809768   5.84013311 -0.18078094  1.86392114 -0.10524789]\n [-0.74465772 -1.35824608 -0.18078094  3.64010569  0.8627353   0.92402081]\n [-3.40065468  1.0476463   1.86392114  0.8627353   6.86485253  3.54967465]\n [-2.20476129 -0.57649022 -0.10524789  0.92402081  3.54967465  5.30415709]]", "nfev": "189", "njev": "27", "status": "0", "success": "True", "message": "Optimization terminated successfully.", "x": "[4.03596001 3.4850576  1.95973367 4.14301593 0.81844001 2.5939989 ]", "nit": "22", "callback": [0.3004499220766542, 0.29276642433061073]}, "18": {"maxiter": 1000, "gtol": 1e-05, "xrtol": 1e-10, "eps": 1e-05, "duration": 0.04380083084106445, "fun": "0.29276639108664804", "jac": "[ 1.11877174e-06 -1.14481757e-06  8.42148573e-07  2.41273668e-06\n  2.62523336e-07 -8.85136409e-07]", "hess_inv": "[[ 5.30433584  0.47080939 -0.58562684 -0.7366854  -3.23076914 -2.17314064]\n [ 0.47080939  6.1030002   3.92501887 -1.45023915  0.99198802 -0.52695163]\n [-0.58562684  3.92501887  5.97494682 -0.25724321  1.80910781 -0.0487891 ]\n [-0.7366854  -1.45023915 -0.25724321  3.6526411   0.81416693  0.91700722]\n [-3.23076914  0.99198802  1.80910781  0.81416693  6.64303791  3.53507773]\n [-2.17314064 -0.52695163 -0.0487891   0.91700722  3.53507773  5.32079891]]", "nfev": "189", "njev": "27", "status": "0", "success": "True", "message": "Optimization terminated successfully.", "x": "[4.03595308 3.48504404 1.95971696 4.14300813 0.81842789 2.59398656]", "nit": "22", "callback": [0.3004503245793513, 0.2927664239114245]}, "19": {"maxiter": 1000,