{"date": "2024/10/08/, 16:29:24", "conf_id": 12, "data_type": "random\n", "num_data_points": 1, "s_rank": 0, "unitary": "[[0.18663085-0.53122324j,-0.11886349-0.70040876j,0.28555095-0.02789305j,-0.12262021-0.2844587j],[-0.16702216+0.27758472j,0.27526351-0.29738586j,-0.01109314+0.22495461j,-0.77239203+0.28900673j],[0.61935415+0.12301792j,-0.31269928-0.03315917j,-0.61902762-0.19039079j,-0.27120731-0.0968989j],[0.42341754+0.0023929j,-0.05847358+0.47832119j,0.64900495-0.16218422j,-0.37182676-0.05229966j]]", "databatch_0": {"databatch": "[[[0.37499282-0.1988711j,-0.09805211+0.51312565j,-0.06018494-0.1195844j,0.01312463+0.17626814j],[-0.18377631-0.13956889j,-0.13231969+0.24612149j,-0.22095146+0.05001798j,-0.16555035+0.06802536j],[0.10817082+0.07249202j,-0.16364044-0.05995084j,0.09724384-0.07431174j,0.13547491+0.13020586j],[0.18773009-0.00895319j,0.26216462-0.05488097j,0.17452986+0.02131652j,0.05918097+0.20967497j]]]", "initial param values": "[3.60893908,1.25555904,3.36134244,3.14837654,3.53911995,4.2880478]", "nelder_mead": {"type": "gradient-free", "0": {"maxiter": 100, "fatol": 1e-05, "xatol": 1e-05, "duration": 0.07564067840576172, "fun": "0.30071817984996785", "nit": "100", "nfev": "157", "status": "2", "success": "False", "message": "Maximum number of iterations has been exceeded.", "x": "[6.2407782  2.37687969 2.14912555 2.20415221 1.40918377 2.19026134]", "final_simplex": "(array([[6.2407782 , 2.37687969, 2.14912555, 2.20415221, 1.40918377,\n        2.19026134],\n       [6.18832531, 2.42125709, 2.15061895, 2.15343468, 1.3275714 ,\n        2.19964157],\n       [6.19617637, 2.32311856, 2.2020166 , 2.2717012 , 1.4807833 ,\n        2.26337263],\n       [6.22684496, 2.33733893, 2.26960588, 2.22255979, 1.42779431,\n        2.23688651],\n       [6.14495954, 2.39381416, 2.20004066, 2.25157709, 1.36391759,\n        2.1352579 ],\n       [6.24609429, 2.33986415, 2.23837903, 2.28061651, 1.3803344 ,\n        2.23139106],\n       [6.28820141, 2.3908634 , 2.16681692, 2.25516595, 1.33723272,\n        2.13207926]]), array([0.30071818, 0.30136393, 0.30166684, 0.30239544, 0.30410551,\n       0.30482163, 0.30582069]))", "callback": [0.9215388202863322, 0.6878741600026637, 0.6781489543401835, 0.5559215443710148, 0.39143609869569373, 0.3713558188452464, 0.3533235214534607, 0.31573849210057614, 0.3083915091438173, 0.3041055139686507]}, "1": {"maxiter": 100, "fatol": 1e-05, "xatol": 1e-10, "duration": 0.07395005226135254, "fun": "0.30071817984996785", "nit": "100", "nfev": "157", "status": "2", "success": "False", "message": "Maximum number of iterations has been exceeded.", "x": "[6.2407782  2.37687969 2.14912555 2.20415221 1.40918377 2.19026134]", "final_simplex": "(array([[6.2407782 , 2.37687969, 2.14912555, 2.20415221, 1.40918377,\n        2.19026134],\n       [6.18832531, 2.42125709, 2.15061895, 2.15343468, 1.3275714 ,\n        2.19964157],\n       [6.19617637, 2.32311856, 2.2020166 , 2.2717012 , 1.4807833 ,\n        2.26337263],\n       [6.22684496, 2.33733893, 2.26960588, 2.22255979, 1.42779431,\n        2.23688651],\n       [6.14495954, 2.39381416, 2.20004066, 2.25157709, 1.36391759,\n        2.1352579 ],\n       [6.24609429, 2.33986415, 2.23837903, 2.28061651, 1.3803344 ,\n        2.23139106],\n       [6.28820141, 2.3908634 , 2.16681692, 2.25516595, 1.33723272,\n        2.13207926]]), array([0.30071818, 0.30136393, 0.30166684, 0.30239544, 0.30410551,\n       0.30482163, 0.30582069]))", "callback": [0.9215388202863322, 0.6878741600026637, 0.6781489543401835, 0.5559215443710148, 0.39143609869569373, 0.3713558188452464, 0.3533235214534607, 0.31573849210057614, 0.3083915091438173, 0.3041055139686507]}, "2": {"maxiter": 100, "fatol": 1e-10, "xatol": 1e-05, "duration": 0.0771017074584961, "fun": "0.30071817984996785", "nit": "100", "nfev": "157", "status": "2", "success": "False", "message": "Maximum number of iterations has been exceeded.", "x": "[6.2407782  2.37687969 2.14912555 2.20415221 1.40918377 2.19026134]", "final_simplex": "(array([[6.2407782 , 2.37687969, 2.14912555, 2.20415221, 1.40918377,\n        2.19026134],\n       [6.18832531, 2.42125709, 2.15061895, 2.15343468, 1.3275714 ,\n        2.19964157],\n       [6.19617637, 2.32311856, 2.2020166 , 2.2717012 , 1.4807833 ,\n        2.26337263],\n       [6.22684496, 2.33733893, 2.26960588, 2.22255979, 1.42779431,\n        2.23688651],\n       [6.14495954, 2.39381416, 2.20004066, 2.25157709, 1.36391759,\n        2.1352579 ],\n       [6.24609429, 2.33986415, 2.23837903, 2.28061651, 1.3803344 ,\n        2.23139106],\n       [6.28820141, 2.3908634 , 2.16681692, 2.25516595, 1.33723272,\n        2.13207926]]), array([0.30071818, 0.30136393, 0.30166684, 0.30239544, 0.30410551,\n       0.30482163, 0.30582069]))", "callback": [0.9215388202863322, 0.6878741600026637, 0.6781489543401835, 0.5559215443710148, 0.39143609869569373, 0.3713558188452464, 0.3533235214534607, 0.31573849210057614, 0.3083915091438173, 0.3041055139686507]}, "3": {"maxiter": 100, "fatol": 1e-10, "xatol": 1e-10, "duration": 0.07553791999816895, "fun": "0.30071817984996785", "nit": "100", "nfev": "157", "status": "2", "success": "False", "message": "Maximum number of iterations has been exceeded.", "x": "[6.2407782  2.37687969 2.14912555 2.20415221 1.40918377 2.19026134]", "final_simplex": "(array([[6.2407782 , 2.37687969, 2.14912555, 2.20415221, 1.40918377,\n        2.19026134],\n       [6.18832531, 2.42125709, 2.15061895, 2.15343468, 1.3275714 ,\n        2.19964157],\n       [6.19617637, 2.32311856, 2.2020166 , 2.2717012 , 1.4807833 ,\n        2.26337263],\n       [6.22684496, 2.33733893, 2.26960588, 2.22255979, 1.42779431,\n        2.23688651],\n       [6.14495954, 2.39381416, 2.20004066, 2.25157709, 1.36391759,\n        2.1352579 ],\n       [6.24609429, 2.33986415, 2.23837903, 2.28061651, 1.3803344 ,\n        2.23139106],\n       [6.28820141, 2.3908634 , 2.16681692, 2.25516595, 1.33723272,\n        2.13207926]]), array([0.30071818, 0.30136393, 0.30166684, 0.30239544, 0.30410551,\n       0.30482163, 0.30582069]))", "callback": [0.9215388202863322, 0.6878741600026637, 0.6781489543401835, 0.5559215443710148, 0.39143609869569373, 0.3713558188452464, 0.3533235214534607, 0.31573849210057614, 0.3083915091438173, 0.3041055139686507]}, "4": {"maxiter": 500, "fatol": 1e-05, "xatol": 1e-05, "duration": 0.34955906867980957, "fun": "0.28780476494036533", "nit": "500", "nfev": "777", "status": "2", "success": "False", "message": "Maximum number of iterations has been exceeded.", "x": "[5.8116131  3.70744388 0.59381569 2.37443384 1.26237895 2.50212588]", "final_simplex": "(array([[5.8116131 , 3.70744388, 0.59381569, 2.37443384, 1.26237895,\n        2.50212588],\n       [5.81188   , 3.70730028, 0.59431912, 2.37442763, 1.26222219,\n        2.50190782],\n       [5.81206179, 3.7069909 , 0.59485984, 2.37438712, 1.26264721,\n        2.50195995],\n       [5.81188428, 3.70689421, 0.5944954 , 2.37455097, 1.26219937,\n        2.50150115],\n       [5.81201892, 3.7077515 , 0.59396136, 2.37430521, 1.26255679,\n        2.50193587],\n       [5.81207418, 3.70735233, 0.59418433, 2.3743684 , 1.26256486,\n        2.50221951],\n       [5.81152307, 3.70720046, 0.59389337, 2.37493429, 1.2626057 ,\n        2.50270218]]), array([0.28780476, 0.28780477, 0.28780478, 0.28780479, 0.28780479,\n       0.2878048 , 0.2878048 ]))", "callback": [0.9215388202863322, 0.6878741600026637, 0.6781489543401835, 0.5559215443710148, 0.39143609869569373, 0.3713558188452464, 0.3533235214534607, 0.31573849210057614, 0.3083915091438173, 0.3041055139686507, 0.3000287992836377, 0.29899239577891834, 0.2987915970573236, 0.298763996106415, 0.298756321557502, 0.2987548931783528, 0.29875389503723315, 0.2987532769377681, 0.298750134856145, 0.29874591686298657, 0.29874155355707954, 0.29872608984144877, 0.2986683034763581, 0.29837904829085904, 0.2974423343671514, 0.29516187882602396, 0.29511712394005096, 0.2947171630976012, 0.2941266646337195, 0.29382963866457423, 0.29340617782601086, 0.29259958577113354, 0.2916664299978764, 0.29139909285742194, 0.2913669910839465, 0.2913363840547393, 0.2913233724590595, 0.29121477659944794, 0.2909672474401557, 0.2906114614944516, 0.2901670214734752, 0.2892997397233835, 0.2889416225353225, 0.2882199630286054, 0.28785278082275834, 0.28785278082275834, 0.28781676308857285, 0.28780609287617853, 0.2878049315383375, 0.28780478822060085]}, "5": {"maxiter": 500, "fatol": 1e-05, "xatol": 1e-10, "duration": 0.3399820327758789, "fun": "0.28780476494036533", "nit": "500", "nfev": "777", "status": "2", "success": "False", "message": "Maximum number of iterations has been exceeded.", "x": "[5.8116131  3.70744388 0.59381569 2.37443384 1.26237895 2.50212588]", "final_simplex": "(array([[5.8116131 , 3.70744388, 0.59381569, 2.37443384, 1.26237895,\n        2.50212588],\n       [5.81188   , 3.70730028, 0.59431912, 2.37442763, 1.26222219,\n        2.50190782],\n       [5.81206179, 3.7069909 , 0.59485984, 2.37438712, 1.26264721,\n        2.50195995],\n       [5.81188428, 3.70689421, 0.5944954 , 2.37455097, 1.26219937,\n        2.50150115],\n       [5.81201892, 3.7077515 , 0.59396136, 2.37430521, 1.26255679,\n        2.50193587],\n       [5.81207418, 3.70735233, 0.59418433, 2.3743684 , 1.26256486,\n        2.50221951],\n       [5.81152307, 3.70720046, 0.59389337, 2.37493429, 1.2626057 ,\n        2.50270218]]), array([0.28780476, 0.28780477, 0.28780478, 0.28780479, 0.28780479,\n       0.2878048 , 0.2878048 ]))", "callback": [0.9215388202863322, 0.6878741600026637, 0.6781489543401835, 0.5559215443710148, 0.39143609869569373, 0.3713558188452464, 0.3533235214534607, 0.31573849210057614, 0.3083915091438173, 0.3041055139686507, 0.3000287992836377, 0.29899239577891834, 0.2987915970573236, 0.298763996106415, 0.298756321557502, 0.2987548931783528, 0.29875389503723315, 0.2987532769377681, 0.298750134856145, 0.29874591686298657, 0.29874155355707954, 0.29872608984144877, 0.2986683034763581, 0.29837904829085904, 0.2974423343671514, 0.29516187882602396, 0.29511712394005096, 0.2947171630976012, 0.2941266646337195, 0.29382963866457423, 0.29340617782601086, 0.29259958577113354, 0.2916664299978764, 0.29139909285742194, 0.2913669910839465, 0.2913363840547393, 0.2913233724590595, 0.29121477659944794, 0.2909672474401557, 0.2906114614944516, 0.2901670214734752, 0.2892997397233835, 0.2889416225353225, 0.2882199630286054, 0.28785278082275834, 0.28785278082275834, 0.28781676308857285, 0.28780609287617853, 0.2878049315383375, 0.28780478822060085]}, "6": {"maxiter": 500, "fatol": 1e-10, "xatol": 1e-05, "duration": 0.3626251220703125, "fun": "0.28780476494036533", "nit": "500", "nfev": "777", "status": "2", "success": "False", "message": "Maximum number of iterations has been exceeded.", "x": "[5.8116131  3.70744388 0.59381569 2.37443384 1.26237895 2.50212588]", "final_simplex": "(array([[5.8116131 , 3.70744388, 0.59381569, 2.37443384, 1.26237895,\n        2.50212588],\n       [5.81188   , 3.70730028, 0.59431912, 2.37442763, 1.26222219,\n        2.50190782],\n       [5.81206179, 3.7069909 , 0.59485984, 2.37438712, 1.26264721,\n        2.50195995],\n       [5.81188428, 3.70689421, 0.5944954 , 2.37455097, 1.26219937,\n        2.50150115],\n       [5.81201892, 3.7077515 , 0.59396136, 2.37430521, 1.26255679,\n        2.50193587],\n       [5.81207418, 3.70735233, 0.59418433, 2.3743684 , 1.26256486,\n        2.50221951],\n       [5.81152307, 3.70720046, 0.59389337, 2.37493429, 1.2626057 ,\n        2.50270218]]), array([0.28780476, 0.28780477, 0.28780478, 0.28780479, 0.28780479,\n       0.2878048 , 0.2878048 ]))", "callback": [0.9215388202863322, 0.6878741600026637, 0.6781489543401835, 0.5559215443710148, 0.39143609869569373, 0.3713558188452464, 0.3533235214534607, 0.31573849210057614, 0.3083915091438173, 0.3041055139686507, 0.3000287992836377, 0.29899239577891834, 0.2987915970573236, 0.298763996106415, 0.298756321557502, 0.2987548931783528, 0.29875389503723315, 0.2987532769377681, 0.298750134856145, 0.29874591686298657, 0.29874155355707954, 0.29872608984144877, 0.2986683034763581, 0.29837904829085904, 0.2974423343671514, 0.29516187882602396, 0.29511712394005096, 0.2947171630976012, 0.2941266646337195, 0.29382963866457423, 0.29340617782601086, 0.29259958577113354, 0.2916664299978764, 0.29139909285742194, 0.2913669910839465, 0.2913363840547393, 0.2913233724590595, 0.29121477659944794, 0.2909672474401557, 0.2906114614944516, 0.2901670214734752, 0.2892997397233835, 0.2889416225353225, 0.2882199630286054, 0.28785278082275834, 0.28785278082275834, 0.28781676308857285, 0.28780609287617853, 0.2878049315383375, 0.28780478822060085]}, "7": {"maxiter": 500, "fatol": 1e-10, "xatol": 1e-10, "duration": 0.36147403717041016, "fun": "0.28780476494036533", "nit": "500", "nfev": "777", "status": "2", "success": "False", "message": "Maximum number of iterations has been exceeded.", "x": "[5.8116131  3.70744388 0.59381569 2.37443384 1.26237895 2.50212588]", "final_simplex": "(array([[5.8116131 , 3.70744388, 0.59381569, 2.37443384, 1.26237895,\n        2.50212588],\n       [5.81188   , 3.70730028, 0.59431912, 2.37442763, 1.26222219,\n        2.50190782],\n       [5.81206179, 3.7069909 , 0.59485984, 2.37438712, 1.26264721,\n        2.50195995],\n       [5.81188428, 3.70689421, 0.5944954 , 2.37455097, 1.26219937,\n        2.50150115],\n       [5.81201892, 3.7077515 , 0.59396136, 2.37430521, 1.26255679,\n        2.50193587],\n       [5.81207418, 3.70735233, 0.59418433, 2.3743684 , 1.26256486,\n        2.50221951],\n       [5.81152307, 3.70720046, 0.59389337, 2.37493429, 1.2626057 ,\n        2.50270218]]), array([0.28780476, 0.28780477, 0.28780478, 0.28780479, 0.28780479,\n       0.2878048 , 0.2878048 ]))", "callback": [0.9215388202863322, 0.6878741600026637, 0.6781489543401835, 0.5559215443710148, 0.39143609869569373, 0.3713558188452464, 0.3533235214534607, 0.31573849210057614, 0.3083915091438173, 0.3041055139686507, 0.3000287992836377, 0.29899239577891834, 0.2987915970573236, 0.298763996106415, 0.298756321557502, 0.2987548931783528, 0.29875389503723315, 0.2987532769377681, 0.298750134856145, 0.29874591686298657, 0.29874155355707954, 0.29872608984144877, 0.2986683034763581, 0.29837904829085904, 0.2974423343671514, 0.29516187882602396, 0.29511712394005096, 0.2947171630976012, 0.2941266646337195, 0.29382963866457423, 0.29340617782601086, 0.29259958577113354, 0.2916664299978764, 0.29139909285742194, 0.2913669910839465, 0.2913363840547393, 0.2913233724590595, 0.29121477659944794, 0.2909672474401557, 0.2906114614944516, 0.2901670214734752, 0.2892997397233835, 0.2889416225353225, 0.2882199630286054, 0.28785278082275834, 0.28785278082275834, 0.28781676308857285, 0.28780609287617853, 0.2878049315383375, 0.28780478822060085]}, "8": {"maxiter": 1000, "fatol": 1e-05, "xatol": 1e-05, "duration": 0.4115598201751709, "fun": "0.28780474732659034", "nit": "591", "nfev": "921", "status": "0", "success": "True", "message": "Optimization terminated successfully.", "x": "[5.81145505 3.70696004 0.59440715 2.37452959 1.26229603 2.50211369]", "final_simplex": "(array([[5.81145505, 3.70696004, 0.59440715, 2.37452959, 1.26229603,\n        2.50211369],\n       [5.81145137, 3.7069531 , 0.59441173, 2.37453075, 1.26229887,\n        2.50211696],\n       [5.81145066, 3.70696294, 0.59440326, 2.37453031, 1.26229871,\n        2.50211554],\n       [5.81145991, 3.7069604 , 0.59440614, 2.37452713, 1.26230383,\n        2.50211538],\n       [5.81145427, 3.70696088, 0.59440874, 2.37452496, 1.26229833,\n        2.50211254],\n       [5.81145424, 3.70695935, 0.59440931, 2.37452667, 1.26229674,\n        2.50210695],\n       [5.81145266, 3.7069591 , 0.59439998, 2.37453175, 1.26229777,\n        2.50212003]]), array([0.28780475, 0.28780475, 0.28780475, 0.28780475, 0.28780475,\n       0.28780475, 0.28780475]))", "callback": [0.9215388202863322, 0.6878741600026637, 0.6781489543401835, 0.5559215443710148, 0.39143609869569373, 0.3713558188452464, 0.3533235214534607, 0.31573849210057614, 0.3083915091438173, 0.3041055139686507, 0.3000287992836377, 0.29899239577891834, 0.2987915970573236, 0.298763996106415, 0.298756321557502, 0.2987548931783528, 0.29875389503723315, 0.2987532769377681, 0.298750134856145, 0.29874591686298657, 0.29874155355707954, 0.29872608984144877, 0.2986683034763581, 0.29837904829085904, 0.2974423343671514, 0.29516187882602396, 0.29511712394005096, 0.2947171630976012, 0.2941266646337195, 0.29382963866457423, 0.29340617782601086, 0.29259958577113354, 0.2916664299978764, 0.29139909285742194, 0.2913669910839465, 0.2913363840547393, 0.2913233724590595, 0.29121477659944794, 0.2909672474401557, 0.2906114614944516, 0.2901670214734752, 0.2892997397233835, 0.2889416225353225, 0.2882199630286054, 0.28785278082275834, 0.28785278082275834, 0.28781676308857285, 0.28780609287617853, 0.2878049315383375, 0.28780478822060085, 0.28780476494036533, 0.28780475371830416, 0.28780475024313656, 0.2878047488222071, 0.2878047480791992, 0.28780474748748963, 0.28780474748748963, 0.287804747338252, 0.2878047473327, 0.28780474732659034]}, "9": {"maxiter": 1000, "fatol": 1e-05, "xatol": 1e-10, "duration": 0.5114927291870117, "fun": "0.28780474732484695", "nit": "695", "nfev": "1157", "status": "0", "success": "True", "message": "Optimization terminated successfully.", "x": "[5.81145506 3.70695824 0.59440874 2.37452961 1.26229966 2.50211435]", "final_simplex": "(array([[5.81145506, 3.70695824, 0.59440874, 2.37452961, 1.26229966,\n        2.50211435],\n       [5.81145506, 3.70695824, 0.59440874, 2.37452961, 1.26229966,\n        2.50211435],\n       [5.81145506, 3.70695824, 0.59440874, 2.37452961, 1.26229966,\n        2.50211435],\n       [5.81145506, 3.70695824, 0.59440874, 2.37452961, 1.26229966,\n        2.50211435],\n       [5.81145506, 3.70695824, 0.59440874, 2.37452961, 1.26229966,\n        2.50211435],\n       [5.81145506, 3.70695824, 0.59440874, 2.37452961, 1.26229966,\n        2.50211435],\n       [5.81145506, 3.70695824, 0.59440874, 2.37452961, 1.26229966,\n        2.50211435]]), array([0.28780475, 0.28780475, 0.28780475, 0.28780475, 0.28780475,\n       0.28780475, 0.28780475]))", "callback": [0.9215388202863322, 0.6878741600026637, 0.6781489543401835, 0.5559215443710148, 0.39143609869569373, 0.3713558188452464, 0.3533235214534607, 0.31573849210057614, 0.3083915091438173, 0.3041055139686507, 0.3000287992836377, 0.29899239577891834, 0.2987915970573236, 0.298763996106415, 0.298756321557502, 0.2987548931783528, 0.29875389503723315, 0.2987532769377681, 0.298750134856145, 0.29874591686298657, 0.29874155355707954, 0.29872608984144877, 0.2986683034763581, 0.29837904829085904, 0.2974423343671514, 0.29516187882602396, 0.29511712394005096, 0.2947171630976012, 0.2941266646337195, 0.29382963866457423, 0.29340617782601086, 0.29259958577113354, 0.2916664299978764, 0.29139909285742194, 0.2913669910839465, 0.2913363840547393, 0.2913233724590595, 0.29121477659944794, 0.2909672474401557, 0.2906114614944516, 0.2901670214734752, 0.2892997397233835, 0.2889416225353225, 0.2882199630286054, 0.28785278082275834, 0.28785278082275834, 0.28781676308857285, 0.28780609287617853, 0.2878049315383375, 0.28780478822060085, 0.28780476494036533, 0.28780475371830416, 0.28780475024313656, 0.2878047488222071, 0.2878047480791992, 0.28780474748748963, 0.28780474748748963, 0.287804747338252, 0.2878047473327, 0.28780474732659034, 0.2878047473251415, 0.2878047473249682, 0.28780474732485906, 0.2878047473248553, 0.2878047473248504, 0.28780474732484806, 0.28780474732484707, 0.28780474732484707, 0.28780474732484707, 0.28780474732484695]}, "10": {"maxiter": 1000, "fatol": 1e-10, "xatol": 1e-05, "duration": 0.4302489757537842, "fun": "0.28780474732659034", "nit": "591", "nfev": "921", "status": "0", "success": "True", "message": "Optimization terminated successfully.", "x": "[5.81145505 3.70696004 0.59440715 2.37452959 1.26229603 2.50211369]", "final_simplex": "(array([[5.81145505, 3.70696004, 0.59440715, 2.37452959, 1.26229603,\n        2.50211369],\n       [5.81145137, 3.7069531 , 0.59441173, 2.37453075, 1.26229887,\n        2.50211696],\n       [5.81145066, 3.70696294, 0.59440326, 2.37453031, 1.26229871,\n        2.50211554],\n       [5.81145991, 3.7069604 , 0.59440614, 2.37452713, 1.26230383,\n        2.50211538],\n       [5.81145427, 3.70696088, 0.59440874, 2.37452496, 1.26229833,\n        2.50211254],\n       [5.81145424, 3.70695935, 0.59440931, 2.37452667, 1.26229674,\n        2.50210695],\n       [5.81145266, 3.7069591 , 0.59439998, 2.37453175, 1.26229777,\n        2.50212003]]), array([0.28780475, 0.28780475, 0.28780475, 0.28780475, 0.28780475,\n       0.28780475, 0.28780475]))", "callback": [0.9215388202863322, 0.6878741600026637, 0.6781489543401835, 0.5559215443710148, 0.39143609869569373, 0.3713558188452464, 0.3533235214534607, 0.31573849210057614, 0.3083915091438173, 0.3041055139686507, 0.3000287992836377, 0.29899239577891834, 0.2987915970573236, 0.298763996106415, 0.298756321557502, 0.2987548931783528, 0.29875389503723315, 0.2987532769377681, 0.298750134856145, 0.29874591686298657, 0.29874155355707954, 0.29872608984144877, 0.2986683034763581, 0.29837904829085904, 0.2974423343671514, 0.29516187882602396, 0.29511712394005096, 0.2947171630976012, 0.2941266646337195, 0.29382963866457423, 0.29340617782601086, 0.29259958577113354, 0.2916664299978764, 0.29139909285742194, 0.2913669910839465, 0.2913363840547393, 0.2913233724590595, 0.29121477659944794, 0.2909672474401557, 0.2906114614944516, 0.2901670214734752, 0.2892997397233835, 0.2889416225353225, 0.2882199630286054, 0.28785278082275834, 0.28785278082275834, 0.28781676308857285, 0.28780609287617853, 0.2878049315383375, 0.28780478822060085, 0.28780476494036533, 0.28780475371830416, 0.28780475024313656, 0.2878047488222071, 0.2878047480791992, 0.28780474748748963, 0.28780474748748963, 0.287804747338252, 0.2878047473327, 0.28780474732659034]}, "11": {"maxiter": 1000, "fatol": 1e-10, "xatol": 1e-10, "duration": 0.4886789321899414, "fun": "0.28780474732484695", "nit": "695", "nfev": "1157", "status": "0", "success": "True", "message": "Optimization terminated successfully.", "x": "[5.81145506 3.70695824 0.59440874 2.37452961 1.26229966 2.50211435]", "final_simplex": "(array([[5.81145506, 3.70695824, 0.59440874, 2.37452961, 1.26229966,\n        2.50211435],\n       [5.81145506, 3.70695824, 0.59440874, 2.37452961, 1.26229966,\n        2.50211435],\n       [5.81145506, 3.70695824, 0.59440874, 2.37452961, 1.26229966,\n        2.50211435],\n       [5.81145506, 3.70695824, 0.59440874, 2.37452961, 1.26229966,\n        2.50211435],\n       [5.81145506, 3.70695824, 0.59440874, 2.37452961, 1.26229966,\n        2.50211435],\n       [5.81145506, 3.70695824, 0.59440874, 2.37452961, 1.26229966,\n        2.50211435],\n       [5.81145506, 3.70695824, 0.59440874, 2.37452961, 1.26229966,\n        2.50211435]]), array([0.28780475, 0.28780475, 0.28780475, 0.28780475, 0.28780475,\n       0.28780475, 0.28780475]))", "callback": [0.9215388202863322, 0.6878741600026637, 0.6781489543401835, 0.5559215443710148, 0.39143609869569373, 0.3713558188452464, 0.3533235214534607, 0.31573849210057614, 0.3083915091438173, 0.3041055139686507, 0.3000287992836377, 0.29899239577891834, 0.2987915970573236, 0.298763996106415, 0.298756321557502, 0.2987548931783528, 0.29875389503723315, 0.2987532769377681, 0.298750134856145, 0.29874591686298657, 0.29874155355707954, 0.29872608984144877, 0.2986683034763581, 0.29837904829085904, 0.2974423343671514, 0.29516187882602396, 0.29511712394005096, 0.2947171630976012, 0.2941266646337195, 0.29382963866457423, 0.29340617782601086, 0.29259958577113354, 0.2916664299978764, 0.29139909285742194, 0.2913669910839465, 0.2913363840547393, 0.2913233724590595, 0.29121477659944794, 0.2909672474401557, 0.2906114614944516, 0.2901670214734752, 0.2892997397233835, 0.2889416225353225, 0.2882199630286054, 0.28785278082275834, 0.28785278082275834, 0.28781676308857285, 0.28780609287617853, 0.2878049315383375, 0.28780478822060085, 0.28780476494036533, 0.28780475371830416, 0.28780475024313656, 0.2878047488222071, 0.2878047480791992, 0.28780474748748963, 0.28780474748748963, 0.287804747338252, 0.2878047473327, 0.28780474732659034, 0.2878047473251415, 0.2878047473249682, 0.28780474732485906, 0.2878047473248553, 0.2878047473248504, 0.28780474732484806, 0.28780474732484707, 0.28780474732484707, 0.28780474732484707, 0.28780474732484695]}}, "bfgs": {"type": "gradient", "0": {"maxiter": 100, "gtol": 1e-05, "xrtol": 1e-05, "eps": 1e-05, "duration": 0.18255376815795898, "fun": "0.28780474737309714", "jac": "[ 8.06021916e-08 -4.79460915e-07  1.74571468e-07  2.38231657e-07\n  3.23929772e-07 -5.38635803e-07]", "hess_inv": "[[  8.86181081   0.56952789  -4.58497667  -4.6382576   -3.1849404\n    4.26976375]\n [  0.56952789  13.45089799 -11.92557138   0.90859221  -1.6335472\n   -0.47499235]\n [ -4.58497667 -11.92557138  16.74029797   2.71944603   2.20394286\n   -3.72545939]\n [ -4.6382576    0.90859221   2.71944603   6.12495993   0.89071674\n   -3.55854313]\n [ -3.1849404   -1.6335472    2.20394286   0.89071674   8.2776288\n    4.3131752 ]\n [  4.26976375  -0.47499235  -3.72545939  -3.55854313   4.3131752\n   10.32116043]]", "nfev": "406", "njev": "58", "status": "0", "success": "True", "message": "Optimization terminated successfully.", "x": "[6.75490686 0.56535333 3.7360138  3.90865572 4.40387814 5.64368398]", "nit": "38", "callback": [0.6980567531620651, 0.6876292701162334, 0.5904909233022881, 0.4851762680891909, 0.44600481535143566, 0.4228620495626225, 0.42200670891054304, 0.42179752298538253, 0.42143345083059436, 0.4207810764960874, 0.387693549993709, 0.38737718495128703, 0.37550382255199466, 0.35748013150227154, 0.34500463783244295, 0.3376794150726963, 0.3311495972353935, 0.33041434630849187, 0.3303708167608711, 0.3303447167090664, 0.33032004846225105, 0.32939461351936017, 0.3291874597905715, 0.32776998323447715, 0.32515080230112436, 0.3202278556386956, 0.31142084726158514, 0.2977374515171327, 0.2897824518077653, 0.2888958624199066, 0.28806052485788847, 0.28786534917512574, 0.2878339274197411, 0.2878156916796699, 0.28780595610548154, 0.28780480359501404, 0.28780474824718094, 0.28780474737309714]}, "1": {"maxiter": 100, "gtol": 1e-05, "xrtol": 1e-05, "eps": 1e-10, "duration": 0.19027209281921387, "fun": "0.28780474810405166", "jac": "[-9.99200639e-06 -3.33066880e-06  5.55111466e-06 -1.11022293e-06\n -3.33066880e-06  7.77156053e-06]", "hess_inv": "[[  8.78993605   0.09725525  -4.21559017  -4.79390482  -2.94232488\n    4.60311285]\n [  0.09725525  13.12270066 -11.62959279   0.83437583  -1.20065439\n    0.0184787 ]\n [ -4.21559017 -11.62959279  16.49858095   2.90121296   1.93481078\n   -4.17532458]\n [ -4.79390482   0.83437583   2.90121296   6.26186837   1.00236424\n   -3.60973304]\n [ -2.94232488  -1.20065439   1.93481078   1.00236424   7.38748183\n    3.4195576 ]\n [  4.60311285   0.0184787   -4.17532458  -3.60973304   3.4195576\n    9.65527389]]", "nfev": "399", "njev": "57", "status": "0", "success": "True", "message": "Optimization terminated successfully.", "x": "[6.75484053 0.5652495  3.73615071 3.90868372 4.40393638 5.6436902 ]", "nit": "37", "callback": [0.6980597504996687, 0.6876319320355684, 0.5904906584288941, 0.48517574093856053, 0.44600438801674636, 0.42286191164470177, 0.4220067031715701, 0.4217974388870177, 0.4214332688770511, 0.42078063528762066, 0.387697555128414, 0.38738127299124114, 0.3755104818722146, 0.35749018901621965, 0.34501032041101776, 0.3376837561380024, 0.3311521401538452, 0.33041400333471693, 0.33037010749279927, 0.3303438996222233, 0.33031900399497094, 0.3294255752014562, 0.3292036239046332, 0.32773873243934115, 0.3249580876289686, 0.3196730835365085, 0.310212224003662, 0.2959938155167732, 0.28968380555816076, 0.2888803196601273, 0.2880776682748398, 0.28786431899820164, 0.2878372612827075, 0.2878131328867376, 0.28780562022563005, 0.28780477362365775, 0.28780474810405166]}, "2": {"maxiter": 100, "gtol": 1e-05, "xrtol": 1e-10, "eps": 1e-05, "duration": 0.19047307968139648, "fun": "0.28780474737309714", "jac": "[ 8.06021916e-08 -4.79460915e-07  1.74571468e-07  2.38231657e-07\n  3.23929772e-07 -5.38635803e-07]", "hess_inv": "[[  8.86181081   0.56952789  -4.58497667  -4.6382576   -3.1849404\n    4.26976375]\n [  0.56952789  13.45089799 -11.92557138   0.90859221  -1.6335472\n   -0.47499235]\n [ -4.58497667 -11.92557138  16.74029797   2.71944603   2.20394286\n   -3.72545939]\n [ -4.6382576    0.90859221   2.71944603   6.12495993   0.89071674\n   -3.55854313]\n [ -3.1849404   -1.6335472    2.20394286   0.89071674   8.2776288\n    4.3131752 ]\n [  4.26976375  -0.47499235  -3.72545939  -3.55854313   4.3131752\n   10.32116043]]", "nfev": "406", "njev": "58", "status": "0", "success": "True", "message": "Optimization terminated successfully.", "x": "[6.75490686 0.56535333 3.7360138  3.90865572 4.40387814 5.64368398]", "nit": "38", "callback": [0.6980567531620651, 0.6876292701162334, 0.5904909233022881, 0.4851762680891909, 0.44600481535143566, 0.4228620495626225, 0.42200670891054304, 0.42179752298538253, 0.42143345083059436, 0.4207810764960874, 0.387693549993709, 0.38737718495128703, 0.37550382255199466, 0.35748013150227154, 0.34500463783244295, 0.3376794150726963, 0.3311495972353935, 0.33041434630849187, 0.3303708167608711, 0.3303447167090664, 0.33032004846225105, 0.32939461351936017, 0.3291874597905715, 0.32776998323447715, 0.32515080230112436, 0.3202278556386956, 0.31142084726158514, 0.2977374515171327, 0.2897824518077653, 0.2888958624199066, 0.28806052485788847, 0.28786534917512574, 0.2878339274197411, 0.2878156916796699, 0.28780595610548154, 0.28780480359501404, 0.28780474824718094, 0.28780474737309714]}, "3": {"maxiter": 100, "gtol": 1e-05, "xrtol": 1e-10, "eps": 1e-10, "duration": 0.1531980037689209, "fun": "0.28780474810405166", "jac": "[-9.99200639e-06 -3.33066880e-06  5.55111466e-06 -1.11022293e-06\n -3.33066880e-06  7.77156053e-06]", "hess_inv": "[[  8.78993605   0.09725525  -4.21559017  -4.79390482  -2.94232488\n    4.60311285]\n [  0.09725525  13.12270066 -11.62959279   0.83437583  -1.20065439\n    0.0184787 ]\n [ -4.21559017 -11.62959279  16.49858095   2.90121296   1.93481078\n   -4.17532458]\n [ -4.79390482   0.83437583   2.90121296   6.26186837   1.00236424\n   -3.60973304]\n [ -2.94232488  -1.20065439   1.93481078   1.00236424   7.38748183\n    3.4195576 ]\n [  4.60311285   0.0184787   -4.17532458  -3.60973304   3.4195576\n    9.65527389]]", "nfev": "399", "njev": "57", "status": "0", "success": "True", "message": "Optimization terminated successfully.", "x": "[6.75484053 0.5652495  3.73615071 3.90868372 4.40393638 5.6436902 ]", "nit": "37", "callback": [0.6980597504996687, 0.6876319320355684, 0.5904906584288941, 0.48517574093856053, 0.44600438801674636, 0.42286191164470177, 0.4220067031715701, 0.4217974388870177, 0.4214332688770511, 0.42078063528762066, 0.387697555128414, 0.38738127299124114, 0.3755104818722146, 0.35749018901621965, 0.34501032041101776, 0.3376837561380024, 0.3311521401538452, 0.33041400333471693, 0.33037010749279927, 0.3303438996222233, 0.33031900399497094, 0.3294255752014562, 0.3292036239046332, 0.32773873243934115, 0.3249580876289686, 0.3196730835365085, 0.310212224003662, 0.2959938155167732, 0.28968380555816076, 0.2888803196601273, 0.2880776682748398, 0.28786431899820164, 0.2878372612827075, 0.2878131328867376, 0.28780562022563005, 0.28780477362365775, 0.28780474810405166]}, "4": {"maxiter": 100, "gtol": 1e-10, "xrtol": 1e-05, "eps": 1e-05, "duration": 0.1420590877532959, "fun": "0.2878047473622096", "jac": "[ 4.73732165e-08 -1.73305814e-08 -9.41469125e-09  2.36477504e-08\n  9.00612918e-08 -2.90323321e-08]", "hess_inv": "[[  9.13463624   1.05250213  -5.22248893  -4.78812206  -3.26790106\n    4.50451656]\n [  1.05250213  14.30559998 -13.05172088   0.64717613  -1.78027964\n   -0.06478995]\n [ -5.22248893 -13.05172088  18.20995123   3.0374726    2.3967192\n   -4.229517  ]\n [ -4.78812206   0.64717613   3.0374726    6.15562288   0.93455572\n   -3.6160349 ]\n [ -3.26790106  -1.78027964   2.3967192    0.93455572   8.3027974\n    4.24418718]\n [  4.50451656  -0.06478995  -4.229517    -3.6160349    4.24418718\n   10.42430393]]", "nfev": "413", "njev": "59", "status": "0", "success": "True", "message": "Optimization terminated successfully.", "x": "[6.75491217 0.56536277 3.73600101 3.90865217 4.40387651 5.64368943]", "nit": "39", "callback": [0.6980567531620651, 0.6876292701162334, 0.5904909233022881, 0.4851762680891909, 0.44600481535143566, 0.4228620495626225, 0.42200670891054304, 0.42179752298538253, 0.42143345083059436, 0.4207810764960874, 0.387693549993709, 0.38737718495128703, 0.37550382255199466, 0.35748013150227154, 0.34500463783244295, 0.3376794150726963, 0.3311495972353935, 0.33041434630849187, 0.3303708167608711, 0.3303447167090664, 0.33032004846225105, 0.32939461351936017, 0.3291874597905715, 0.32776998323447715, 0.32515080230112436, 0.3202278556386956, 0.31142084726158514, 0.2977374515171327, 0.2897824518077653, 0.2888958624199066, 0.28806052485788847, 0.28786534917512574, 0.2878339274197411, 0.2878156916796699, 0.28780595610548154, 0.28780480359501404, 0.28780474824718094, 0.28780474737309714, 0.2878047473622096]}, "5": {"maxiter": 100, "gtol": 1e-10, "xrtol": 1e-05, "eps": 1e-10, "duration": 0.14819693565368652, "fun": "0.28780474733532113", "jac": "[ 2.22044587e-06  1.11022293e-06 -1.11022293e-06 -1.11022293e-06\n  2.22044587e-06 -4.44089173e-06]", "hess_inv": "[[ 11.34906654   2.13327089  -7.56577186  -5.91362319  -3.54349226\n    6.13173246]\n [  2.13327089  12.62546133 -12.41535209  -0.17442446  -0.56140029\n    2.46910371]\n [ -7.56577186 -12.41535209  19.15065804   4.39319811   1.7755561\n   -7.09834095]\n [ -5.91362319  -0.17442446   4.39319811   6.65006258   1.38329369\n   -3.99893931]\n [ -3.54349226  -0.56140029   1.7755561    1.38329369   6.9062715\n    2.28557432]\n [  6.13173246   2.46910371  -7.09834095  -3.99893931   2.28557432\n    9.38135111]]", "nfev": "420", "njev": "60", "status": "0", "success": "True", "message": "Optimization terminated successfully.", "x": "[6.7549236  0.56536874 3.73599705 3.9086531  4.40388719 5.64370272]", "nit": "39", "callback": [0.6980597504996687, 0.6876319320355684, 0.5904906584288941, 0.48517574093856053, 0.44600438801674636, 0.42286191164470177, 0.4220067031715701, 0.4217974388870177, 0.4214332688770511, 0.42078063528762066, 0.387697555128414, 0.38738127299124114, 0.3755104818722146, 0.35749018901621965, 0.34501032041101776, 0.3376837561380024, 0.3311521401538452, 0.33041400333471693, 0.33037010749279927, 0.3303438996222233, 0.33031900399497094, 0.3294255752014562, 0.3292036239046332, 0.32773873243934115, 0.3249580876289686, 0.3196730835365085, 0.310212224003662, 0.2959938155167732, 0.28968380555816076, 0.2888803196601273, 0.2880776682748398, 0.28786431899820164, 0.2878372612827075, 0.2878131328867376, 0.28780562022563005, 0.28780477362365775, 0.28780474810405166, 0.2878047473577222, 0.28780474733532113]}, "6": {"maxiter": 100, "gtol": 1e-10, "xrtol": 1e-10, "eps": 1e-05, "duration": 0.20925211906433105, "fun": "0.2878047473622096", "jac": "[ 4.73732165e-08 -1.73305814e-08 -9.41469125e-09  2.36477504e-08\n  9.00612918e-08 -2.90323321e-08]", "hess_inv": "[[  9.17345532   1.16494611  -5.33527399  -4.82328986  -3.52187763\n    4.37948459]\n [  1.16494611  14.58284457 -13.35698929   0.55557327  -2.24554099\n   -0.24273873]\n [ -5.33527399 -13.35698929  18.52816392   3.13511087   3.01506693\n   -3.94769802]\n [ -4.82328986   0.55557327   3.13511087   6.18530867   1.10736822\n   -3.54178277]\n [ -3.52187763  -2.24554099   3.01506693   1.10736822   8.45561365\n    4.03430054]\n [  4.37948459  -0.24273873  -3.94769802  -3.54178277   4.03430054\n   10.12673759]]", "nfev": "600", "njev": "84", "status": "2", "success": "False", "message": "Desired error not necessarily achieved due to precision loss.", "x": "[6.75491217 0.56536277 3.73600101 3.90865217 4.40387651 5.64368943]", "nit": "39", "callback": [0.6980567531620651, 0.6876292701162334, 0.5904909233022881, 0.4851762680891909, 0.44600481535143566, 0.4228620495626225, 0.42200670891054304, 0.42179752298538253, 0.42143345083059436, 0.4207810764960874, 0.387693549993709, 0.38737718495128703, 0.37550382255199466, 0.35748013150227154, 0.34500463783244295, 0.3376794150726963, 0.3311495972353935, 0.33041434630849187, 0.3303708167608711, 0.3303447167090664, 0.33032004846225105, 0.32939461351936017, 0.3291874597905715, 0.32776998323447715, 0.32515080230112436, 0.3202278556386956, 0.31142084726158514, 0.2977374515171327, 0.2897824518077653, 0.2888958624199066, 0.28806052485788847, 0.28786534917512574, 0.2878339274197411, 0.2878156916796699, 0.28780595610548154, 0.28780480359501404, 0.28780474824718094, 0.28780474737309714, 0.2878047473622096]}, "7": {"maxiter": 100, "gtol": 1e-10, "xrtol": 1e-10, "eps": 1e-10, "duration": 0.21294689178466797, "fun": "0.2878047473274661", "jac": "[0.00000000e+00 0.00000000e+00 0.00000000e+00 2.22044587e-06\n 2.22044587e-06 2.22044587e-06]", "hess_inv": "[[ 2.31115658 -0.8567078  -1.40670379  0.27117828 -1.19843519  1.12711684]\n [-0.8567078   0.33485505  0.53765137 -0.10069735  0.44642891 -0.42350092]\n [-1.40670379  0.53765137  0.94623996 -0.20482773  0.68098358 -0.65744904]\n [ 0.27117828 -0.10069735 -0.20482773  0.10436484 -0.14363961  0.13540412]\n [-1.19843519  0.44642891  0.68098358 -0.14363961  0.70139423 -0.61551338]\n [ 1.12711684 -0.42350092 -0.65744904  0.13540412 -0.61551338  0.59879226]]", "nfev": "595", "njev": "85", "status": "0", "success": "True", "message": "Optimization terminated successfully.", "x": "[6.75491564 0.5653586  3.7360096  3.9086551  4.40389375 5.64370597]", "nit": "48", "callback": [0.6980597504996687, 0.6876319320355684, 0.5904906584288941, 0.48517574093856053, 0.44600438801674636, 0.42286191164470177, 0.4220067031715701, 0.4217974388870177, 0.4214332688770511, 0.42078063528762066, 0.387697555128414, 0.38738127299124114, 0.3755104818722146, 0.35749018901621965, 0.34501032041101776, 0.3376837561380024, 0.3311521401538452, 0.33041400333471693, 0.33037010749279927, 0.3303438996222233, 0.33031900399497094, 0.3294255752014562, 0.3292036239046332, 0.32773873243934115, 0.3249580876289686, 0.3196730835365085, 0.310212224003662, 0.2959938155167732, 0.28968380555816076, 0.2888803196601273, 0.2880776682748398, 0.28786431899820164, 0.2878372612827075, 0.2878131328867376, 0.28780562022563005, 0.28780477362365775, 0.28780474810405166, 0.2878047473577222, 0.28780474733532113, 0.2878047473294013, 0.2878047473293074, 0.2878047473292682, 0.28780474732923944, 0.28780474732869776, 0.287804747328251, 0.28780474732749906, 0.2878047473274663, 0.2878047473274661]}, "8": {"maxiter": 500, "gtol": 1e-05, "xrtol": 1e-05, "eps": 1e-05, "duration": 0.15085482597351074, "fun": "0.28780474737309714", "jac": "[ 8.06021916e-08 -4.79460915e-07  1.74571468e-07  2.38231657e-07\n  3.23929772e-07 -5.38635803e-07]", "hess_inv": "[[  8.86181081   0.56952789  -4.58497667  -4.6382576   -3.1849404\n    4.26976375]\n [  0.56952789  13.45089799 -11.92557138   0.90859221  -1.6335472\n   -0.47499235]\n [ -4.58497667 -11.92557138  16.74029797   2.71944603   2.20394286\n   -3.72545939]\n [ -4.6382576    0.90859221   2.71944603   6.12495993   0.89071674\n   -3.55854313]\n [ -3.1849404   -1.6335472    2.20394286   0.89071674   8.2776288\n    4.3131752 ]\n [  4.26976375  -0.47499235  -3.72545939  -3.55854313   4.3131752\n   10.32116043]]", "nfev": "406", "njev": "58", "status": "0", "success": "True", "message": "Optimization terminated successfully.", "x": "[6.75490686 0.56535333 3.7360138  3.90865572 4.40387814 5.64368398]", "nit": "38", "callback": [0.6980567531620651, 0.6876292701162334, 0.5904909233022881, 0.4851762680891909, 0.44600481535143566, 0.4228620495626225, 0.42200670891054304, 0.42179752298538253, 0.42143345083059436, 0.4207810764960874, 0.387693549993709, 0.38737718495128703, 0.37550382255199466, 0.35748013150227154, 0.34500463783244295, 0.3376794150726963, 0.3311495972353935, 0.33041434630849187, 0.3303708167608711, 0.3303447167090664, 0.33032004846225105, 