{"date": "2024/09/24/, 20:20:58", "conf_id": 41, "data_type": "random\n", "num_data_points": 3, "s_rank": 0, "unitary": "[[-0.56303964-0.00798273j,-0.21670212-0.15784972j,-0.06047197-0.73952673j,-0.01438004+0.24552571j],[-0.06976756+0.23474685j,-0.01275565-0.5435098j,-0.02703657-0.08917885j,-0.08210486-0.79311774j],[-0.38559961+0.10714929j,0.5933431-0.2687392j,-0.24060861+0.29149289j,-0.45147719+0.26241743j],[-0.50180421+0.45931857j,-0.11617175+0.44134496j,0.49642745+0.22684508j,-0.08544628-0.15407063j]]", "databatch_0": {"databatch": "[[[0.10381957+0.17331767j,-0.3223593+0.08733307j,-0.16330093+0.08124279j,-0.5043022+0.22700794j],[-0.14087195+0.02974829j,0.01593735-0.23747587j,-0.0168592-0.12888473j,-0.03597031-0.39247791j],[-0.09227209+0.0022183j,0.03790956-0.14779382j,0.00449818-0.08320501j,0.02338382-0.25157127j],[-0.11229672-0.01931438j,0.08115926-0.16998126j,0.025288-0.09971242j,0.08830918-0.29914884j]],[[0.02731385+0.41866971j,-0.15865966-0.11179529j,0.35994812+0.47245475j,0.00820363+0.24480452j],[-0.02386436-0.16837998j,0.0675511+0.04032501j,-0.15995502-0.17992937j,-0.01081459-0.09869306j],[-0.1003005-0.22474223j,0.1100476+0.02918124j,-0.29423397-0.18657719j,-0.05437498-0.13299332j],[0.09770812+0.07692869j,-0.05608035+0.01282706j,0.1754692+0.01425518j,0.05559296+0.04669406j]],[[0.17792841+0.24161415j,0.23224897-0.07643475j,0.13568316-0.06367608j,-0.01840403+0.3581706j],[0.12897654+0.10503513j,0.1140696-0.07320258j,0.06400576-0.0529759j,0.03974362+0.19479697j],[0.1123431-0.11594326j,-0.06125579-0.11641959j,-0.04587952-0.06631866j,0.19168648-0.02215693j],[-0.12361778+0.37438812j,0.25850678+0.19075679j,0.17140703+0.09697886j,-0.39780826+0.25262744j]]]", "initial param values": "[5.5836736,1.83915807,1.41734749,4.38158526,3.21350362,1.89357975]", "nelder_mead": {"type": "gradient-free", "0": {"maxiter": 100, "fatol": 1e-05, "xatol": 1e-05, "duration": 0.03658294677734375, "fun": "0.18584866252977716", "nit": "100", "nfev": "159", "status": "2", "success": "False", "message": "Maximum number of iterations has been exceeded.", "x": "[8.29379069 0.24876236 0.44742504 3.27151172 3.19202487 1.78296241]", "final_simplex": "(array([[8.29379069, 0.24876236, 0.44742504, 3.27151172, 3.19202487,\n        1.78296241],\n       [8.33500774, 0.21677533, 0.41827779, 3.27865172, 3.17770056,\n        1.77689907],\n       [8.29642138, 0.23465534, 0.42612045, 3.27751391, 3.21305972,\n        1.78320845],\n       [8.32525114, 0.26773791, 0.44370992, 3.29901544, 3.20833741,\n        1.76620643],\n       [8.27336613, 0.22477677, 0.44879967, 3.30312612, 3.23124605,\n        1.79564199],\n       [8.31240766, 0.24983377, 0.46406696, 3.29205535, 3.23031765,\n        1.78187775],\n       [8.32846829, 0.26958573, 0.44923269, 3.29391315, 3.18633079,\n        1.75573541]]), array([0.18584866, 0.18588285, 0.18589101, 0.18592878, 0.18593686,\n       0.18593863, 0.18606622]))", "callback": [0.6474019842455911, 0.5727402625612932, 0.4654642404696673, 0.3551053847768083, 0.2653274809833812, 0.2288604204407424, 0.20733627083205486, 0.18768856927935784, 0.18717042800812767, 0.18606621546105828]}, "1": {"maxiter": 100, "fatol": 1e-05, "xatol": 1e-10, "duration": 0.036473989486694336, "fun": "0.18584866252977716", "nit": "100", "nfev": "159", "status": "2", "success": "False", "message": "Maximum number of iterations has been exceeded.", "x": "[8.29379069 0.24876236 0.44742504 3.27151172 3.19202487 1.78296241]", "final_simplex": "(array([[8.29379069, 0.24876236, 0.44742504, 3.27151172, 3.19202487,\n        1.78296241],\n       [8.33500774, 0.21677533, 0.41827779, 3.27865172, 3.17770056,\n        1.77689907],\n       [8.29642138, 0.23465534, 0.42612045, 3.27751391, 3.21305972,\n        1.78320845],\n       [8.32525114, 0.26773791, 0.44370992, 3.29901544, 3.20833741,\n        1.76620643],\n       [8.27336613, 0.22477677, 0.44879967, 3.30312612, 3.23124605,\n        1.79564199],\n       [8.31240766, 0.24983377, 0.46406696, 3.29205535, 3.23031765,\n        1.78187775],\n       [8.32846829, 0.26958573, 0.44923269, 3.29391315, 3.18633079,\n        1.75573541]]), array([0.18584866, 0.18588285, 0.18589101, 0.18592878, 0.18593686,\n       0.18593863, 0.18606622]))", "callback": [0.6474019842455911, 0.5727402625612932, 0.4654642404696673, 0.3551053847768083, 0.2653274809833812, 0.2288604204407424, 0.20733627083205486, 0.18768856927935784, 0.18717042800812767, 0.18606621546105828]}, "2": {"maxiter": 100, "fatol": 1e-10, "xatol": 1e-05, "duration": 0.0370328426361084, "fun": "0.18584866252977716", "nit": "100", "nfev": "159", "status": "2", "success": "False", "message": "Maximum number of iterations has been exceeded.", "x": "[8.29379069 0.24876236 0.44742504 3.27151172 3.19202487 1.78296241]", "final_simplex": "(array([[8.29379069, 0.24876236, 0.44742504, 3.27151172, 3.19202487,\n        1.78296241],\n       [8.33500774, 0.21677533, 0.41827779, 3.27865172, 3.17770056,\n        1.77689907],\n       [8.29642138, 0.23465534, 0.42612045, 3.27751391, 3.21305972,\n        1.78320845],\n       [8.32525114, 0.26773791, 0.44370992, 3.29901544, 3.20833741,\n        1.76620643],\n       [8.27336613, 0.22477677, 0.44879967, 3.30312612, 3.23124605,\n        1.79564199],\n       [8.31240766, 0.24983377, 0.46406696, 3.29205535, 3.23031765,\n        1.78187775],\n       [8.32846829, 0.26958573, 0.44923269, 3.29391315, 3.18633079,\n        1.75573541]]), array([0.18584866, 0.18588285, 0.18589101, 0.18592878, 0.18593686,\n       0.18593863, 0.18606622]))", "callback": [0.6474019842455911, 0.5727402625612932, 0.4654642404696673, 0.3551053847768083, 0.2653274809833812, 0.2288604204407424, 0.20733627083205486, 0.18768856927935784, 0.18717042800812767, 0.18606621546105828]}, "3": {"maxiter": 100, "fatol": 1e-10, "xatol": 1e-10, "duration": 0.03630328178405762, "fun": "0.18584866252977716", "nit": "100", "nfev": "159", "status": "2", "success": "False", "message": "Maximum number of iterations has been exceeded.", "x": "[8.29379069 0.24876236 0.44742504 3.27151172 3.19202487 1.78296241]", "final_simplex": "(array([[8.29379069, 0.24876236, 0.44742504, 3.27151172, 3.19202487,\n        1.78296241],\n       [8.33500774, 0.21677533, 0.41827779, 3.27865172, 3.17770056,\n        1.77689907],\n       [8.29642138, 0.23465534, 0.42612045, 3.27751391, 3.21305972,\n        1.78320845],\n       [8.32525114, 0.26773791, 0.44370992, 3.29901544, 3.20833741,\n        1.76620643],\n       [8.27336613, 0.22477677, 0.44879967, 3.30312612, 3.23124605,\n        1.79564199],\n       [8.31240766, 0.24983377, 0.46406696, 3.29205535, 3.23031765,\n        1.78187775],\n       [8.32846829, 0.26958573, 0.44923269, 3.29391315, 3.18633079,\n        1.75573541]]), array([0.18584866, 0.18588285, 0.18589101, 0.18592878, 0.18593686,\n       0.18593863, 0.18606622]))", "callback": [0.6474019842455911, 0.5727402625612932, 0.4654642404696673, 0.3551053847768083, 0.2653274809833812, 0.2288604204407424, 0.20733627083205486, 0.18768856927935784, 0.18717042800812767, 0.18606621546105828]}, "4": {"maxiter": 500, "fatol": 1e-05, "xatol": 1e-05, "duration": 0.17099690437316895, "fun": "0.13576026889999981", "nit": "463", "nfev": "734", "status": "0", "success": "True", "message": "Optimization terminated successfully.", "x": "[ 8.50584757 -0.68274176 -0.51749282  3.89447129  4.86436386  4.21858306]", "final_simplex": "(array([[ 8.50584757, -0.68274176, -0.51749282,  3.89447129,  4.86436386,\n         4.21858306],\n       [ 8.50584847, -0.68273565, -0.51748526,  3.89446561,  4.86436812,\n         4.21858173],\n       [ 8.50584731, -0.68273373, -0.5174869 ,  3.8944688 ,  4.86436435,\n         4.21857806],\n       [ 8.5058444 , -0.68273754, -0.51748323,  3.89446847,  4.86437138,\n         4.2185846 ],\n       [ 8.50584111, -0.68274196, -0.51749484,  3.89446528,  4.86435982,\n         4.21858213],\n       [ 8.50584671, -0.68273695, -0.51748832,  3.89446947,  4.86436263,\n         4.2185856 ],\n       [ 8.50584714, -0.6827415 , -0.5174969 ,  3.89446992,  4.864369  ,\n         4.21859015]]), array([0.13576027, 0.13576027, 0.13576027, 0.13576027, 0.13576027,\n       0.13576027, 0.13576027]))", "callback": [0.6474019842455911, 0.5727402625612932, 0.4654642404696673, 0.3551053847768083, 0.2653274809833812, 0.2288604204407424, 0.20733627083205486, 0.18768856927935784, 0.18717042800812767, 0.18606621546105828, 0.1857476276720006, 0.18565461134687922, 0.1854973085618462, 0.18534185366950628, 0.18468344692851568, 0.18339380292580554, 0.18182411809890076, 0.17908959415478654, 0.1720989321822639, 0.16622583840892435, 0.16422647115644173, 0.16321143778001845, 0.15993113318715835, 0.1545459562379632, 0.15081525261230277, 0.14628003350670982, 0.14173549850959288, 0.14034255724626832, 0.1393612185263916, 0.13839955474328136, 0.1380054635172948, 0.1374328318440673, 0.13666906866834172, 0.135845649540411, 0.13580667485514308, 0.13577440678556607, 0.1357626290767725, 0.13576035231001515, 0.13576035231001515, 0.13576033940128962, 0.1357602923096638, 0.1357602723237551, 0.1357602696838498, 0.13576026906444916, 0.13576026896886162, 0.13576026890755089, 0.13576026890002668]}, "5": {"maxiter": 500, "fatol": 1e-05, "xatol": 1e-10, "duration": 0.18511176109313965, "fun": "0.1357602688953975", "nit": "500", "nfev": "798", "status": "2", "success": "False", "message": "Maximum number of iterations has been exceeded.", "x": "[ 8.5058437  -0.68273981 -0.51748811  3.89446848  4.86436332  4.21858065]", "final_simplex": "(array([[ 8.5058437 , -0.68273981, -0.51748811,  3.89446848,  4.86436332,\n         4.21858065],\n       [ 8.50584359, -0.6827397 , -0.51748825,  3.89446853,  4.86436325,\n         4.21858058],\n       [ 8.50584356, -0.68274011, -0.5174883 ,  3.89446875,  4.86436347,\n         4.21858091],\n       [ 8.50584398, -0.68273948, -0.51748793,  3.89446842,  4.86436377,\n         4.21858059],\n       [ 8.50584369, -0.68273986, -0.51748825,  3.89446856,  4.86436313,\n         4.21858032],\n       [ 8.50584351, -0.68273992, -0.51748825,  3.89446832,  4.86436348,\n         4.21858069],\n       [ 8.50584379, -0.68274032, -0.51748897,  3.89446873,  4.86436356,\n         4.21858119]]), array([0.13576027, 0.13576027, 0.13576027, 0.13576027, 0.13576027,\n       0.13576027, 0.13576027]))", "callback": [0.6474019842455911, 0.5727402625612932, 0.4654642404696673, 0.3551053847768083, 0.2653274809833812, 0.2288604204407424, 0.20733627083205486, 0.18768856927935784, 0.18717042800812767, 0.18606621546105828, 0.1857476276720006, 0.18565461134687922, 0.1854973085618462, 0.18534185366950628, 0.18468344692851568, 0.18339380292580554, 0.18182411809890076, 0.17908959415478654, 0.1720989321822639, 0.16622583840892435, 0.16422647115644173, 0.16321143778001845, 0.15993113318715835, 0.1545459562379632, 0.15081525261230277, 0.14628003350670982, 0.14173549850959288, 0.14034255724626832, 0.1393612185263916, 0.13839955474328136, 0.1380054635172948, 0.1374328318440673, 0.13666906866834172, 0.135845649540411, 0.13580667485514308, 0.13577440678556607, 0.1357626290767725, 0.13576035231001515, 0.13576035231001515, 0.13576033940128962, 0.1357602923096638, 0.1357602723237551, 0.1357602696838498, 0.13576026906444916, 0.13576026896886162, 0.13576026890755089, 0.13576026890002668, 0.13576026889634207, 0.1357602688955034, 0.13576026889541415]}, "6": {"maxiter": 500, "fatol": 1e-10, "xatol": 1e-05, "duration": 0.1786651611328125, "fun": "0.13576026889999981", "nit": "463", "nfev": "734", "status": "0", "success": "True", "message": "Optimization terminated successfully.", "x": "[ 8.50584757 -0.68274176 -0.51749282  3.89447129  4.86436386  4.21858306]", "final_simplex": "(array([[ 8.50584757, -0.68274176, -0.51749282,  3.89447129,  4.86436386,\n         4.21858306],\n       [ 8.50584847, -0.68273565, -0.51748526,  3.89446561,  4.86436812,\n         4.21858173],\n       [ 8.50584731, -0.68273373, -0.5174869 ,  3.8944688 ,  4.86436435,\n         4.21857806],\n       [ 8.5058444 , -0.68273754, -0.51748323,  3.89446847,  4.86437138,\n         4.2185846 ],\n       [ 8.50584111, -0.68274196, -0.51749484,  3.89446528,  4.86435982,\n         4.21858213],\n       [ 8.50584671, -0.68273695, -0.51748832,  3.89446947,  4.86436263,\n         4.2185856 ],\n       [ 8.50584714, -0.6827415 , -0.5174969 ,  3.89446992,  4.864369  ,\n         4.21859015]]), array([0.13576027, 0.13576027, 0.13576027, 0.13576027, 0.13576027,\n       0.13576027, 0.13576027]))", "callback": [0.6474019842455911, 0.5727402625612932, 0.4654642404696673, 0.3551053847768083, 0.2653274809833812, 0.2288604204407424, 0.20733627083205486, 0.18768856927935784, 0.18717042800812767, 0.18606621546105828, 0.1857476276720006, 0.18565461134687922, 0.1854973085618462, 0.18534185366950628, 0.18468344692851568, 0.18339380292580554, 0.18182411809890076, 0.17908959415478654, 0.1720989321822639, 0.16622583840892435, 0.16422647115644173, 0.16321143778001845, 0.15993113318715835, 0.1545459562379632, 0.15081525261230277, 0.14628003350670982, 0.14173549850959288, 0.14034255724626832, 0.1393612185263916, 0.13839955474328136, 0.1380054635172948, 0.1374328318440673, 0.13666906866834172, 0.135845649540411, 0.13580667485514308, 0.13577440678556607, 0.1357626290767725, 0.13576035231001515, 0.13576035231001515, 0.13576033940128962, 0.1357602923096638, 0.1357602723237551, 0.1357602696838498, 0.13576026906444916, 0.13576026896886162, 0.13576026890755089, 0.13576026890002668]}, "7": {"maxiter": 500, "fatol": 1e-10, "xatol": 1e-10, "duration": 0.18544626235961914, "fun": "0.1357602688953975", "nit": "500", "nfev": "798", "status": "2", "success": "False", "message": "Maximum number of iterations has been exceeded.", "x": "[ 8.5058437  -0.68273981 -0.51748811  3.89446848  4.86436332  4.21858065]", "final_simplex": "(array([[ 8.5058437 , -0.68273981, -0.51748811,  3.89446848,  4.86436332,\n         4.21858065],\n       [ 8.50584359, -0.6827397 , -0.51748825,  3.89446853,  4.86436325,\n         4.21858058],\n       [ 8.50584356, -0.68274011, -0.5174883 ,  3.89446875,  4.86436347,\n         4.21858091],\n       [ 8.50584398, -0.68273948, -0.51748793,  3.89446842,  4.86436377,\n         4.21858059],\n       [ 8.50584369, -0.68273986, -0.51748825,  3.89446856,  4.86436313,\n         4.21858032],\n       [ 8.50584351, -0.68273992, -0.51748825,  3.89446832,  4.86436348,\n         4.21858069],\n       [ 8.50584379, -0.68274032, -0.51748897,  3.89446873,  4.86436356,\n         4.21858119]]), array([0.13576027, 0.13576027, 0.13576027, 0.13576027, 0.13576027,\n       0.13576027, 0.13576027]))", "callback": [0.6474019842455911, 0.5727402625612932, 0.4654642404696673, 0.3551053847768083, 0.2653274809833812, 0.2288604204407424, 0.20733627083205486, 0.18768856927935784, 0.18717042800812767, 0.18606621546105828, 0.1857476276720006, 0.18565461134687922, 0.1854973085618462, 0.18534185366950628, 0.18468344692851568, 0.18339380292580554, 0.18182411809890076, 0.17908959415478654, 0.1720989321822639, 0.16622583840892435, 0.16422647115644173, 0.16321143778001845, 0.15993113318715835, 0.1545459562379632, 0.15081525261230277, 0.14628003350670982, 0.14173549850959288, 0.14034255724626832, 0.1393612185263916, 0.13839955474328136, 0.1380054635172948, 0.1374328318440673, 0.13666906866834172, 0.135845649540411, 0.13580667485514308, 0.13577440678556607, 0.1357626290767725, 0.13576035231001515, 0.13576035231001515, 0.13576033940128962, 0.1357602923096638, 0.1357602723237551, 0.1357602696838498, 0.13576026906444916, 0.13576026896886162, 0.13576026890755089, 0.13576026890002668, 0.13576026889634207, 0.1357602688955034, 0.13576026889541415]}, "8": {"maxiter": 1000, "fatol": 1e-05, "xatol": 1e-05, "duration": 0.1737830638885498, "fun": "0.13576026889999981", "nit": "463", "nfev": "734", "status": "0", "success": "True", "message": "Optimization terminated successfully.", "x": "[ 8.50584757 -0.68274176 -0.51749282  3.89447129  4.86436386  4.21858306]", "final_simplex": "(array([[ 8.50584757, -0.68274176, -0.51749282,  3.89447129,  4.86436386,\n         4.21858306],\n       [ 8.50584847, -0.68273565, -0.51748526,  3.89446561,  4.86436812,\n         4.21858173],\n       [ 8.50584731, -0.68273373, -0.5174869 ,  3.8944688 ,  4.86436435,\n         4.21857806],\n       [ 8.5058444 , -0.68273754, -0.51748323,  3.89446847,  4.86437138,\n         4.2185846 ],\n       [ 8.50584111, -0.68274196, -0.51749484,  3.89446528,  4.86435982,\n         4.21858213],\n       [ 8.50584671, -0.68273695, -0.51748832,  3.89446947,  4.86436263,\n         4.2185856 ],\n       [ 8.50584714, -0.6827415 , -0.5174969 ,  3.89446992,  4.864369  ,\n         4.21859015]]), array([0.13576027, 0.13576027, 0.13576027, 0.13576027, 0.13576027,\n       0.13576027, 0.13576027]))", "callback": [0.6474019842455911, 0.5727402625612932, 0.4654642404696673, 0.3551053847768083, 0.2653274809833812, 0.2288604204407424, 0.20733627083205486, 0.18768856927935784, 0.18717042800812767, 0.18606621546105828, 0.1857476276720006, 0.18565461134687922, 0.1854973085618462, 0.18534185366950628, 0.18468344692851568, 0.18339380292580554, 0.18182411809890076, 0.17908959415478654, 0.1720989321822639, 0.16622583840892435, 0.16422647115644173, 0.16321143778001845, 0.15993113318715835, 0.1545459562379632, 0.15081525261230277, 0.14628003350670982, 0.14173549850959288, 0.14034255724626832, 0.1393612185263916, 0.13839955474328136, 0.1380054635172948, 0.1374328318440673, 0.13666906866834172, 0.135845649540411, 0.13580667485514308, 0.13577440678556607, 0.1357626290767725, 0.13576035231001515, 0.13576035231001515, 0.13576033940128962, 0.1357602923096638, 0.1357602723237551, 0.1357602696838498, 0.13576026906444916, 0.13576026896886162, 0.13576026890755089, 0.13576026890002668]}, "9": {"maxiter": 1000, "fatol": 1e-05, "xatol": 1e-10, "duration": 0.2415449619293213, "fun": "0.1357602688953906", "nit": "559", "nfev": "952", "status": "0", "success": "True", "message": "Optimization terminated successfully.", "x": "[ 8.5058437  -0.68273984 -0.51748825  3.89446854  4.86436355  4.21858078]", "final_simplex": "(array([[ 8.5058437 , -0.68273984, -0.51748825,  3.89446854,  4.86436355,\n         4.21858078],\n       [ 8.5058437 , -0.68273984, -0.51748825,  3.89446854,  4.86436355,\n         4.21858078],\n       [ 8.5058437 , -0.68273984, -0.51748825,  3.89446854,  4.86436355,\n         4.21858078],\n       [ 8.5058437 , -0.68273984, -0.51748825,  3.89446854,  4.86436355,\n         4.21858078],\n       [ 8.5058437 , -0.68273984, -0.51748825,  3.89446854,  4.86436355,\n         4.21858078],\n       [ 8.5058437 , -0.68273984, -0.51748825,  3.89446854,  4.86436355,\n         4.21858078],\n       [ 8.5058437 , -0.68273984, -0.51748825,  3.89446854,  4.86436355,\n         4.21858078]]), array([0.13576027, 0.13576027, 0.13576027, 0.13576027, 0.13576027,\n       0.13576027, 0.13576027]))", "callback": [0.6474019842455911, 0.5727402625612932, 0.4654642404696673, 0.3551053847768083, 0.2653274809833812, 0.2288604204407424, 0.20733627083205486, 0.18768856927935784, 0.18717042800812767, 0.18606621546105828, 0.1857476276720006, 0.18565461134687922, 0.1854973085618462, 0.18534185366950628, 0.18468344692851568, 0.18339380292580554, 0.18182411809890076, 0.17908959415478654, 0.1720989321822639, 0.16622583840892435, 0.16422647115644173, 0.16321143778001845, 0.15993113318715835, 0.1545459562379632, 0.15081525261230277, 0.14628003350670982, 0.14173549850959288, 0.14034255724626832, 0.1393612185263916, 0.13839955474328136, 0.1380054635172948, 0.1374328318440673, 0.13666906866834172, 0.135845649540411, 0.13580667485514308, 0.13577440678556607, 0.1357626290767725, 0.13576035231001515, 0.13576035231001515, 0.13576033940128962, 0.1357602923096638, 0.1357602723237551, 0.1357602696838498, 0.13576026906444916, 0.13576026896886162, 0.13576026890755089, 0.13576026890002668, 0.13576026889634207, 0.1357602688955034, 0.13576026889541415, 0.13576026889539505, 0.1357602688953915, 0.13576026889539072, 0.1357602688953906, 0.1357602688953906, 0.1357602688953906]}, "10": {"maxiter": 1000, "fatol": 1e-10, "xatol": 1e-05, "duration": 0.22366690635681152, "fun": "0.13576026889999981", "nit": "463", "nfev": "734", "status": "0", "success": "True", "message": "Optimization terminated successfully.", "x": "[ 8.50584757 -0.68274176 -0.51749282  3.89447129  4.86436386  4.21858306]", "final_simplex": "(array([[ 8.50584757, -0.68274176, -0.51749282,  3.89447129,  4.86436386,\n         4.21858306],\n       [ 8.50584847, -0.68273565, -0.51748526,  3.89446561,  4.86436812,\n         4.21858173],\n       [ 8.50584731, -0.68273373, -0.5174869 ,  3.8944688 ,  4.86436435,\n         4.21857806],\n       [ 8.5058444 , -0.68273754, -0.51748323,  3.89446847,  4.86437138,\n         4.2185846 ],\n       [ 8.50584111, -0.68274196, -0.51749484,  3.89446528,  4.86435982,\n         4.21858213],\n       [ 8.50584671, -0.68273695, -0.51748832,  3.89446947,  4.86436263,\n         4.2185856 ],\n       [ 8.50584714, -0.6827415 , -0.5174969 ,  3.89446992,  4.864369  ,\n         4.21859015]]), array([0.13576027, 0.13576027, 0.13576027, 0.13576027, 0.13576027,\n       0.13576027, 0.13576027]))", "callback": [0.6474019842455911, 0.5727402625612932, 0.4654642404696673, 0.3551053847768083, 0.2653274809833812, 0.2288604204407424, 0.20733627083205486, 0.18768856927935784, 0.18717042800812767, 0.18606621546105828, 0.1857476276720006, 0.18565461134687922, 0.1854973085618462, 0.18534185366950628, 0.18468344692851568, 0.18339380292580554, 0.18182411809890076, 0.17908959415478654, 0.1720989321822639, 0.16622583840892435, 0.16422647115644173, 0.16321143778001845, 0.15993113318715835, 0.1545459562379632, 0.15081525261230277, 0.14628003350670982, 0.14173549850959288, 0.14034255724626832, 0.1393612185263916, 0.13839955474328136, 0.1380054635172948, 0.1374328318440673, 0.13666906866834172, 0.135845649540411, 0.13580667485514308, 0.13577440678556607, 0.1357626290767725, 0.13576035231001515, 0.13576035231001515, 0.13576033940128962, 0.1357602923096638, 0.1357602723237551, 0.1357602696838498, 0.13576026906444916, 0.13576026896886162, 0.13576026890755089, 0.13576026890002668]}, "11": {"maxiter": 1000, "fatol": 1e-10, "xatol": 1e-10, "duration": 0.2266077995300293, "fun": "0.1357602688953906", "nit": "559", "nfev": "952", "status": "0", "success": "True", "message": "Optimization terminated successfully.", "x": "[ 8.5058437  -0.68273984 -0.51748825  3.89446854  4.86436355  4.21858078]", "final_simplex": "(array([[ 8.5058437 , -0.68273984, -0.51748825,  3.89446854,  4.86436355,\n         4.21858078],\n       [ 8.5058437 , -0.68273984, -0.51748825,  3.89446854,  4.86436355,\n         4.21858078],\n       [ 8.5058437 , -0.68273984, -0.51748825,  3.89446854,  4.86436355,\n         4.21858078],\n       [ 8.5058437 , -0.68273984, -0.51748825,  3.89446854,  4.86436355,\n         4.21858078],\n       [ 8.5058437 , -0.68273984, -0.51748825,  3.89446854,  4.86436355,\n         4.21858078],\n       [ 8.5058437 , -0.68273984, -0.51748825,  3.89446854,  4.86436355,\n         4.21858078],\n       [ 8.5058437 , -0.68273984, -0.51748825,  3.89446854,  4.86436355,\n         4.21858078]]), array([0.13576027, 0.13576027, 0.13576027, 0.13576027, 0.13576027,\n       0.13576027, 0.13576027]))", "callback": [0.6474019842455911, 0.5727402625612932, 0.4654642404696673, 0.3551053847768083, 0.2653274809833812, 0.2288604204407424, 0.20733627083205486, 0.18768856927935784, 0.18717042800812767, 0.18606621546105828, 0.1857476276720006, 0.18565461134687922, 0.1854973085618462, 0.18534185366950628, 0.18468344692851568, 0.18339380292580554, 0.18182411809890076, 0.17908959415478654, 0.1720989321822639, 0.16622583840892435, 0.16422647115644173, 0.16321143778001845, 0.15993113318715835, 0.1545459562379632, 0.15081525261230277, 0.14628003350670982, 0.14173549850959288, 0.14034255724626832, 0.1393612185263916, 0.13839955474328136, 0.1380054635172948, 0.1374328318440673, 0.13666906866834172, 0.135845649540411, 0.13580667485514308, 0.13577440678556607, 0.1357626290767725, 0.13576035231001515, 0.13576035231001515, 0.13576033940128962, 0.1357602923096638, 0.1357602723237551, 0.1357602696838498, 0.13576026906444916, 0.13576026896886162, 0.13576026890755089, 0.13576026890002668, 0.13576026889634207, 0.1357602688955034, 0.13576026889541415, 0.13576026889539505, 0.1357602688953915, 0.13576026889539072, 0.1357602688953906, 0.1357602688953906, 0.1357602688953906]}}, "bfgs": {"type": "gradient", "0": {"maxiter": 100, "gtol": 1e-05, "xrtol": 1e-05, "eps": 1e-05, "duration": 0.060514211654663086, "fun": "0.13576026986921652", "jac": "[ 1.68237202e-05  8.38560332e-06 -5.67974556e-06 -4.70716799e-06\n -2.59499089e-06  7.62715446e-06]", "hess_inv": "[[ 1.96287157 -1.4335108  -0.82577986  0.42064431 -1.39557192 -0.87510196]\n [-1.4335108  16.01797162 15.05071665 -6.87996622  1.06915657 -8.77447485]\n [-0.82577986 15.05071665 17.01187689 -7.17649922  0.54158678 -9.30836162]\n [ 0.42064431 -6.87996622 -7.17649922  5.92895019  0.34797561  5.19676419]\n [-1.39557192  1.06915657  0.54158678  0.34797561  6.41413152  4.62789542]\n [-0.87510196 -8.77447485 -9.30836162  5.19676419  4.62789542 12.23221032]]", "nfev": "259", "njev": "37", "status": "0", "success": "True", "message": "Optimization terminated successfully.", "x": "[4.06060228 2.45878079 2.62399684 3.89447796 4.86434312 4.21865345]", "nit": "34", "callback": [0.6463004236243721, 0.6189455428801787, 0.5776252447533505, 0.5639585954971593, 0.5397977632879425, 0.36560656782513157, 0.26772902672502374, 0.2247427650421282, 0.20210833700381536, 0.18973342840942065, 0.18865023756886734, 0.18769319563299114, 0.1861745344545035, 0.18455714759509156, 0.18419218472264587, 0.18386901262570277, 0.1833297000596934, 0.18235002342361295, 0.1805665852405519, 0.17758067809749034, 0.17280001008049328, 0.16626826184953492, 0.15974057441474676, 0.14973922677096352, 0.14161590818232084, 0.1370990478582409, 0.1361194936387703, 0.1359717132917232, 0.13578723434258455, 0.1357615614765626, 0.13576032333382904, 0.1357602788712483, 0.1357602708847706, 0.13576026986921652]}, "1": {"maxiter": 100, "gtol": 1e-05, "xrtol": 1e-05, "eps": 1e-10, "duration": 0.06060028076171875, "fun": "0.1357602696607052", "jac": "[ 1.22124523e-05  5.55111466e-06 -5.55111466e-06 -9.99200639e-06\n -5.55111466e-06  4.44089173e-06]", "hess_inv": "[[ 1.83788758 -1.57677264 -1.03169428  0.60297    -1.13241897 -0.51437186]\n [-1.57677264 16.11171921 15.00832383 -6.7951879   1.28802211 -8.46263929]\n [-1.03169428 15.00832383 16.95852246 -6.97286635  0.88882074 -8.86524766]\n [ 0.60297    -6.7951879  -6.97286635  5.58057524  0.12127534  4.89622404]\n [-1.13241897  1.28802211  0.88882074  0.12127534  5.97889562  3.84969081]\n [-0.51437186 -8.46263929 -8.86524766  4.89622404  3.84969081 10.98860375]]", "nfev": "259", "njev": "37", "status": "0", "success": "True", "message": "Optimization terminated successfully.", "x": "[4.06059333 2.45882416 2.624048   3.89445359 4.86434109 4.21861827]", "nit": "34", "callback": [0.6463003034134365, 0.6189455062404612, 0.5776251359932316, 0.5639606346090513, 0.5398029586830475, 0.3656287697454773, 0.26772982700347947, 0.22474494855879312, 0.20210419909124955, 0.18973261430503097, 0.18864926334857623, 0.18769193677705542, 0.18617329424309992, 0.18455512280698738, 0.18418993405128747, 0.18386633405601438, 0.18332626384031603, 0.18234532186514107, 0.18055871574522708, 0.17756860745508962, 0.1727844702236303, 0.1662583869372073, 0.15971088371235842, 0.1496718236849376, 0.14167393067113954, 0.13709108449047047, 0.136123613013723, 0.13598750503864077, 0.1358023176011961, 0.13576159575658808, 0.135760328784027, 0.13576027722866169, 0.13576027051966744, 0.1357602696607052]}, "2": {"maxiter": 100, "gtol": 1e-05, "xrtol": 1e-10, "eps": 1e-05, "duration": 0.06232595443725586, "fun": "0.13576026895890336", "jac": "[ 1.56497038e-07  2.62080357e-06 -1.47640788e-06  8.88145113e-07\n -1.04245501e-06  1.67706959e-06]", "hess_inv": "[[  3.91164364  -2.60820439  -2.87593648   0.44122796  -1.50603384\n    0.98133187]\n [ -2.60820439  16.71928035  16.22930567  -6.85633757   1.16435799\n   -9.81138613]\n [ -2.87593648  16.22930567  18.68587475  -6.89407156   0.89926804\n  -10.56841018]\n [  0.44122796  -6.85633757  -6.89407156   5.73765445   0.19472769\n    4.77993756]\n [ -1.50603384   1.16435799   0.89926804   0.19472769   6.29962468\n    4.17609314]\n [  0.98133187  -9.81138613 -10.56841018   4.77993756   4.17609314\n   13.00609941]]", "nfev": "266", "njev": "38", "status": "0", "success": "True", "message": "Optimization terminated successfully.", "x": "[4.06053269 2.45882223 2.62406575 3.89447993 4.86434921 4.21859333]", "nit": "35", "callback": [0.6463004236243721, 0.6189455428801787, 0.5776252447533505, 0.5639585954971593, 0.5397977632879425, 0.36560656782513157, 0.26772902672502374, 0.2247427650421282, 0.20210833700381536, 0.18973342840942065, 0.18865023756886734, 0.18769319563299114, 0.1861745344545035, 0.18455714759509156, 0.18419218472264587, 0.18386901262570277, 0.1833297000596934, 0.18235002342361295, 0.1805665852405519, 0.17758067809749034, 0.17280001008049328, 0.16626826184953492, 0.15974057441474676, 0.14973922677096352, 0.14161590818232084, 0.1370990478582409, 0.1361194936387703, 0.1359717132917232, 0.13578723434258455, 0.1357615614765626, 0.13576032333382904, 0.1357602788712483, 0.1357602708847706, 0.13576026986921652, 0.13576026895890336]}, "3": {"maxiter": 100, "gtol": 1e-05, "xrtol": 1e-10, "eps": 1e-10, "duration": 0.061524152755737305, "fun": "0.1357602691082337", "jac": "[ 2.22044587e-06  6.66133760e-06 -6.66133760e-06  6.66133760e-06\n -3.33066880e-06  1.11022293e-06]", "hess_inv": "[[ 3.09091813 -2.06139363 -1.55123974 -0.46153438 -1.5519183  -0.12834753]\n [-2.06139363 15.50413043 14.77496439 -5.83514031  2.54558825 -7.14642995]\n [-1.55123974 14.77496439 16.93669656 -6.23194577  1.6611028  -8.22473761]\n [-0.46153438 -5.83514031 -6.23194577  6.10671719 -0.27780549  3.5574906 ]\n [-1.5519183   2.54558825  1.6611028  -0.27780549  4.61028571  1.70138508]\n [-0.12834753 -7.14642995 -8.22473761  3.5574906   1.70138508  8.40607063]]", "nfev": "266", "njev": "38", "status": "0", "success": "True", "message": "Optimization terminated successfully.", "x": "[4.06054576 2.45883285 2.62406242 3.8945007  4.86437039 4.21862151]", "nit": "35", "callback": [0.6463003034134365, 0.6189455062404612, 0.5776251359932316, 0.5639606346090513, 0.5398029586830475, 0.3656287697454773, 0.26772982700347947, 0.22474494855879312, 0.20210419909124955, 0.18973261430503097, 0.18864926334857623, 0.18769193677705542, 0.18617329424309992, 0.18455512280698738, 0.18418993405128747, 0.18386633405601438, 0.18332626384031603, 0.18234532186514107, 0.18055871574522708, 0.17756860745508962, 0.1727844702236303, 0.1662583869372073, 0.15971088371235842, 0.1496718236849376, 0.14167393067113954, 0.13709108449047047, 0.136123613013723, 0.13598750503864077, 0.1358023176011961, 0.13576159575658808, 0.135760328784027, 0.13576027722866169, 0.13576027051966744, 0.1357602696607052, 0.1357602691082337]}, "4": {"maxiter": 100, "gtol": 1e-10, "xrtol": 1e-05, "eps": 1e-05, "duration": 0.059037208557128906, "fun": "0.13576026986921652", "jac": "[ 1.68237202e-05  8.38560332e-06 -5.67974556e-06 -4.70716799e-06\n -2.59499089e-06  7.62715446e-06]", "hess_inv": "[[ 1.96287157 -1.4335108  -0.82577986  0.42064431 -1.39557192 -0.87510196]\n [-1.4335108  16.01797162 15.05071665 -6.87996622  1.06915657 -8.77447485]\n [-0.82577986 15.05071665 17.01187689 -7.17649922  0.54158678 -9.30836162]\n [ 0.42064431 -6.87996622 -7.17649922  5.92895019  0.34797561  5.19676419]\n [-1.39557192  1.06915657  0.54158678  0.34797561  6.41413152  4.62789542]\n [-0.87510196 -8.77447485 -9.30836162  5.19676419  4.62789542 12.23221032]]", "nfev": "259", "njev": "37", "status": "0", "success": "True", "message": "Optimization terminated successfully.", "x": "[4.06060228 2.45878079 2.62399684 3.89447796 4.86434312 4.21865345]", "nit": "34", "callback": [0.6463004236243721, 0.6189455428801787, 0.5776252447533505, 0.5639585954971593, 0.5397977632879425, 0.36560656782513157, 0.26772902672502374, 0.2247427650421282, 0.20210833700381536, 0.18973342840942065, 0.18865023756886734, 0.18769319563299114, 0.1861745344545035, 0.18455714759509156, 0.18419218472264587, 0.18386901262570277, 0.1833297000596934, 0.18235002342361295, 0.1805665852405519, 0.17758067809749034, 0.17280001008049328, 0.16626826184953492, 0.15974057441474676, 0.14973922677096352, 0.14161590818232084, 0.1370990478582409, 0.1361194936387703, 0.1359717132917232, 0.13578723434258455, 0.1357615614765626, 0.13576032333382904, 0.1357602788712483, 0.1357602708847706, 0.13576026986921652]}, "5": {"maxiter": 100, "gtol": 1e-10, "xrtol": 1e-05, "eps": 1e-10, "duration": 0.058947086334228516, "fun": "0.1357602696607052", "jac": "[ 1.22124523e-05  5.55111466e-06 -5.55111466e-06 -9.99200639e-06\n -5.55111466e-06  4.44089173e-06]", "hess_inv": "[[ 1.83788758 -1.57677264 -1.03169428  0.60297    -1.13241897 -0.51437186]\n [-1.57677264 16.11171921 15.00832383 -6.7951879   1.28802211 -8.46263929]\n [-1.03169428 15.00832383 16.95852246 -6.97286635  0.88882074 -8.86524766]\n [ 0.60297    -6.7951879  -6.97286635  5.58057524  0.12127534  4.89622404]\n [-1.13241897  1.28802211  0.88882074  0.12127534  5.97889562  3.84969081]\n [-0.51437186 -8.46263929 -8.86524766  4.89622404  3.84969081 10.98860375]]", "nfev": "259", "njev": "37", "status": "0", "success": "True", "message": "Optimization terminated successfully.", "x": "[4.06059333 2.45882416 2.624048   3.89445359 4.86434109 4.21861827]", "nit": "34", "callback": [0.6463003034134365, 0.6189455062404612, 0.5776251359932316, 0.5639606346090513, 0.5398029586830475, 0.3656287697454773, 0.26772982700347947, 0.22474494855879312, 0.20210419909124955, 0.18973261430503097, 0.18864926334857623, 0.18769193677705542, 0.18617329424309992, 0.18455512280698738, 0.18418993405128747, 0.18386633405601438, 0.18332626384031603, 0.18234532186514107, 0.18055871574522708, 0.17756860745508962, 0.1727844702236303, 0.1662583869372073, 0.15971088371235842, 0.1496718236849376, 0.14167393067113954, 0.13709108449047047, 0.136123613013723, 0.13598750503864077, 0.1358023176011961, 0.13576159575658808, 0.135760328784027, 0.13576027722866169, 0.13576027051966744, 0.1357602696607052]}, "6": {"maxiter": 100, "gtol": 1e-10, "xrtol": 1e-10, "eps": 1e-05, "duration": 0.09990596771240234, "fun": "0.13576026894922244", "jac": "[-1.40121248e-07  4.28501679e-07 -1.76048065e-07  2.78865819e-07\n -1.60937930e-07  2.48323584e-07]", "hess_inv": "[[  3.77987254  -2.59444275  -2.98336054   0.61430151  -1.40411021\n    1.20203809]\n [ -2.59444275  16.7391987   16.42451442  -7.03291887   1.05290785\n  -10.14762442]\n [ -2.98336054  16.42451442  19.44725217  -7.40227588   0.60930647\n  -11.67132449]\n [  0.61430151  -7.03291887  -7.40227588   5.98985016   0.32701152\n    5.43742868]\n [ -1.40411021   1.05290785   0.60930647   0.32701152   6.36321478\n    4.53120399]\n [  1.20203809 -10.14762442 -11.67132449   5.43742868   4.53120399\n   14.50814983]]", "nfev": "439", "njev": "61", "status": "2", "success": "False", "message": "Desired error not necessarily achieved due to precision loss.", "x": "[4.06053005 2.45882737 2.62407764 3.89447441 4.86434705 4.21858   ]", "nit": "36", "callback": [0.6463004236243721, 0.6189455428801787, 0.5776252447533505, 0.5639585954971593, 0.5397977632879425, 0.36560656782513157, 0.26772902672502374, 0.2247427650421282, 0.20210833700381536, 0.18973342840942065, 0.18865023756886734, 0.18769319563299114, 0.1861745344545035, 0.18455714759509156, 0.18419218472264587, 0.18386901262570277, 0.1833297000596934, 0.18235002342361295, 0.1805665852405519, 0.17758067809749034, 0.17280001008049328, 0.16626826184953492, 0.15974057441474676, 0.14973922677096352, 0.14161590818232084, 0.1370990478582409, 0.1361194936387703, 0.1359717132917232, 0.13578723434258455, 0.1357615614765626, 0.13576032333382904, 0.1357602788712483, 0.1357602708847706, 0.13576026986921652, 0.13576026895890336, 0.13576026894922244]}, "7": {"maxiter": 100, "gtol": 1e-10, "xrtol": 1e-10, "eps": 1e-10, "duration": 0.161362886428833, "fun": "0.13576026892121262", "jac": "[2.22044587e-06 0.00000000e+00 2.22044587e-06 1.11022293e-06\n 1.11022293e-06 1.11022293e-06]", "hess_inv": "[[ 0.77057877  1.27332082  1.73419805  1.68551512 -4.32634071 -3.4637071 ]\n [ 1.27332082  2.15130989  2.89264462  2.83186199 -7.22875951 -5.79513004]\n [ 1.73419805  2.89264462  3.93018523  3.82018889 -9.78499124 -7.84709573]\n [ 1.68551512  2.83186199  3.82018889  3.73904831 -9.55206123 -7.6526268 ]\n [-4.32634071 -7.22875951 -9.78499124 -9.55206123 24.44365934 19.57613726]\n [-3.4637071  -5.79513004 -7.84709573 -7.6526268  19.57613726 15.70493303]]", "nfev": "665", "njev": "95", "status": "0", "success": "True", "message": "Optimization terminated successfully.", "x": "[4.06052806 2.45886016 2.62411458 3.89446992 4.86437271 4.21859063]", "nit": "49", "callback": [0.6463003034134365, 0.6189455062404612, 0.5776251359932316, 0.5639606346090513, 0.5398029586830475, 0.3656287697454773, 0.26772982700347947, 0.22474494855879312, 0.20210419909124955, 0.18973261430503097, 0.18864926334857623, 0.18769193677705542, 0.18617329424309992, 0.18455512280698738, 0.18418993405128747, 0.18386633405601438, 0.18332626384031603, 0.18234532186514107, 0.18055871574522708, 0.17756860745508962, 0.1727844702236303, 0.1662583869372073, 0.15971088371235842, 0.1496718236849376, 0.14167393067113954, 0.13709108449047047, 0.136123613013723, 0.13598750503864077, 0.1358023176011961, 0.13576159575658808, 0.135760328784027, 0.13576027722866169, 0.13576027051966744, 0.1357602696607052, 0.1357602691082337, 0.13576026908492322, 0.13576026896174953, 0.13576026893374138, 0.13576026893113768, 0.13576026893111648, 0.13576026893110316, 0.13576026893104298, 0.13576026893094306, 0.13576026893073478, 0.1357602689220796, 0.13576026892148763, 0.13576026892124993, 0.13576026892121262, 0.13576026892121262]}, "8": {"maxiter": 500, "gtol": 1e-05, "xrtol": 1e-05, "eps": 1e-05, "duration": 0.06332802772521973, "fun": "0.13576026986921652", "jac": "[ 1.68237202e-05  8.38560332e-06 -5.67974556e-06 -4.70716799e-06\n -2.59499089e-06  7.62715446e-06]", "hess_inv": "[[ 1.96287157 -1.4335108  -0.82577986  0.42064431 -1.39557192 -0.87510196]\n [-1.4335108  16.01797162 15.05071665 -6.87996622  1.06915657 -8.77447485]\n [-0.82577986 15.05071665 17.01187689 -7.17649922  0.54158678 -9.30836162]\n [ 0.42064431 -6.87996622 -7.17649922  5.92895019  0.34797561  5.19676419]\n [-1.39557192  1.06915657  0.54158678  0.34797561  6.41413152  4.62789542]\n [-0.87510196 -8.77447485 -9.30836162  5.19676419  4.62789542 12.23221032]]", "nfev": "259", "njev": "37", "status": "0", "success": "True", "message": "Optimization terminated successfully.", "x": "[4.06060228 2.45878079 2.62399684 3.89447796 4.86434312 4.21865345]", "nit": "34", "callback": [0.6463004236243721, 0.6189455428801787, 0.5776252447533505, 0.5639585954971593, 0.5397977632879425, 0.36560656782513157, 0.26772902672502374, 0.2247427650421282, 0.20210833700381536, 0.18973342840942065, 0.18865023756886734, 0.18769319563299114, 0.1861745344545035, 0.18455714759509156, 0.18419218472264587, 0.18386901262570277, 0.1833297000596934, 0.18235002342361295, 0.1805665852405519, 0.17758067809749034, 0.17280001008049328, 0.16626826184953492, 0.15974057441474676, 0.14973922677096352, 0.14161590818232084, 0.1370990478582409, 0.1361194936387703, 0.1359717132917232, 0.13578723434258455, 0.1357615614765626, 0.13576032333382904, 0.1357602788712483, 0.1357602708847706, 0.13576026986921652]}, "9": {"maxiter": 500, "gtol": 1e-05, "xrtol": 1e-05, "eps": 1e-10, "duration": 0.06119585037231445, "fun": "0.1357602696607052", "jac": "[ 1.22124523e-05  5.55111466e-06 -5.55111466e-06 -9.99200639e-06\n -5.55111466e-06  4.44089173e-06]", "hess_inv": "[[ 1.83788758 -1.57677264 -1.03169428  0.60297    -1.13241897 -0.51437186]\n [-1.57677264 16.11171921 15.00832383 -6.7951879   1.28802211 -8.46263929]\n [-1.03169428 15.00832383 16.95852246 -6.97286635  0.88882074 -8.