{"date": "2024/09/25/, 09:10:30", "conf_id": 190, "data_type": "non_lin_ind\n", "num_data_points": 2, "s_rank": 0, "unitary": "[[-0.45070455-0.02711853j,0.78437395-0.06613086j,0.06358678+0.19963393j,-0.07343613+0.35668523j],[-0.01890143-0.03813363j,0.32408202+0.25557629j,0.05872864-0.68979805j,0.55466693-0.20227297j],[-0.11215405+0.64023111j,-0.13344055+0.29565494j,-0.49012687-0.19046288j,-0.04241254+0.44046348j],[0.55771659+0.24656916j,0.31851997-0.05798805j,0.28761525-0.34294258j,-0.56718418+0.03616933j]]", "databatch_0": {"databatch": "[[[-0.00844838+0.11062565j,-0.09956197-0.06273741j,-0.15787511+0.00571735j,-0.00999706-0.04697525j],[0.06799556-0.04639192j,0.03266157-0.18132485j,0.14928109-0.20927844j,-0.26873235+0.35646913j],[-0.15356759+0.15212536j,-0.01408071+0.05042718j,-0.18557234+0.05253686j,0.10556664-0.42529456j],[-0.05694838+0.00583767j,-0.25473147+0.09315314j,-0.28456543+0.07020069j,0.44246054-0.05730957j]],[[0.02578116-0.02508663j,-0.20534918-0.13686784j,-0.01839011-0.03456414j,-0.08838738-0.09989562j],[-0.13099396-0.3327536j,0.15951424+0.63523362j,0.13452168-0.08281629j,-0.50682207-0.11954086j],[-0.04393787-0.03636451j,0.04773599+0.11096399j,-0.15943258-0.11836964j,-0.27573106+0.25288054j],[0.02471725-0.02313185j,-0.46860445+0.03091954j,-0.01021902-0.17660784j,-0.40267732-0.14915679j]]]", "initial param values": "[1.36763278,1.31639279,2.13448955,3.99568133,1.72828547,4.24099383]", "nelder_mead": {"type": "gradient-free", "0": {"maxiter": 100, "fatol": 1e-05, "xatol": 1e-05, "duration": 0.03724408149719238, "fun": "-0.11691417785762548", "nit": "100", "nfev": "154", "status": "2", "success": "False", "message": "Maximum number of iterations has been exceeded.", "x": "[0.21226698 1.99996019 3.0687612  2.71918622 1.19045406 6.32486693]", "final_simplex": "(array([[0.21226698, 1.99996019, 3.0687612 , 2.71918622, 1.19045406,\n        6.32486693],\n       [0.26147763, 2.07713827, 2.83111976, 2.58266477, 1.26420424,\n        6.34748222],\n       [0.40031112, 2.06665685, 2.62293384, 2.35725016, 1.4363796 ,\n        6.16583988],\n       [0.4981385 , 1.9597712 , 2.64704002, 2.40348605, 1.45765257,\n        6.11042694],\n       [0.33027213, 2.03000779, 2.70380781, 2.53431917, 1.4073197 ,\n        6.21990309],\n       [0.51672652, 2.04777994, 2.49558137, 2.28509527, 1.45907776,\n        6.0844296 ],\n       [0.52746676, 1.95565183, 2.49636461, 2.24971885, 1.56530427,\n        6.16823148]]), array([-0.11691418, -0.10509948, -0.09133772, -0.09099218, -0.0877099 ,\n       -0.08658402, -0.07696658]))", "callback": [0.5981076632068492, 0.19487621850597492, 0.11574974101808866, 0.01887747997351008, -0.03411432936035763, -0.04696313104570904, -0.05291095590504136, -0.05861373916296153, -0.06315603225289279, -0.07696657585627964]}, "1": {"maxiter": 100, "fatol": 1e-05, "xatol": 1e-10, "duration": 0.03592681884765625, "fun": "-0.11691417785762548", "nit": "100", "nfev": "154", "status": "2", "success": "False", "message": "Maximum number of iterations has been exceeded.", "x": "[0.21226698 1.99996019 3.0687612  2.71918622 1.19045406 6.32486693]", "final_simplex": "(array([[0.21226698, 1.99996019, 3.0687612 , 2.71918622, 1.19045406,\n        6.32486693],\n       [0.26147763, 2.07713827, 2.83111976, 2.58266477, 1.26420424,\n        6.34748222],\n       [0.40031112, 2.06665685, 2.62293384, 2.35725016, 1.4363796 ,\n        6.16583988],\n       [0.4981385 , 1.9597712 , 2.64704002, 2.40348605, 1.45765257,\n        6.11042694],\n       [0.33027213, 2.03000779, 2.70380781, 2.53431917, 1.4073197 ,\n        6.21990309],\n       [0.51672652, 2.04777994, 2.49558137, 2.28509527, 1.45907776,\n        6.0844296 ],\n       [0.52746676, 1.95565183, 2.49636461, 2.24971885, 1.56530427,\n        6.16823148]]), array([-0.11691418, -0.10509948, -0.09133772, -0.09099218, -0.0877099 ,\n       -0.08658402, -0.07696658]))", "callback": [0.5981076632068492, 0.19487621850597492, 0.11574974101808866, 0.01887747997351008, -0.03411432936035763, -0.04696313104570904, -0.05291095590504136, -0.05861373916296153, -0.06315603225289279, -0.07696657585627964]}, "2": {"maxiter": 100, "fatol": 1e-10, "xatol": 1e-05, "duration": 0.03788924217224121, "fun": "-0.11691417785762548", "nit": "100", "nfev": "154", "status": "2", "success": "False", "message": "Maximum number of iterations has been exceeded.", "x": "[0.21226698 1.99996019 3.0687612  2.71918622 1.19045406 6.32486693]", "final_simplex": "(array([[0.21226698, 1.99996019, 3.0687612 , 2.71918622, 1.19045406,\n        6.32486693],\n       [0.26147763, 2.07713827, 2.83111976, 2.58266477, 1.26420424,\n        6.34748222],\n       [0.40031112, 2.06665685, 2.62293384, 2.35725016, 1.4363796 ,\n        6.16583988],\n       [0.4981385 , 1.9597712 , 2.64704002, 2.40348605, 1.45765257,\n        6.11042694],\n       [0.33027213, 2.03000779, 2.70380781, 2.53431917, 1.4073197 ,\n        6.21990309],\n       [0.51672652, 2.04777994, 2.49558137, 2.28509527, 1.45907776,\n        6.0844296 ],\n       [0.52746676, 1.95565183, 2.49636461, 2.24971885, 1.56530427,\n        6.16823148]]), array([-0.11691418, -0.10509948, -0.09133772, -0.09099218, -0.0877099 ,\n       -0.08658402, -0.07696658]))", "callback": [0.5981076632068492, 0.19487621850597492, 0.11574974101808866, 0.01887747997351008, -0.03411432936035763, -0.04696313104570904, -0.05291095590504136, -0.05861373916296153, -0.06315603225289279, -0.07696657585627964]}, "3": {"maxiter": 100, "fatol": 1e-10, "xatol": 1e-10, "duration": 0.035845041275024414, "fun": "-0.11691417785762548", "nit": "100", "nfev": "154", "status": "2", "success": "False", "message": "Maximum number of iterations has been exceeded.", "x": "[0.21226698 1.99996019 3.0687612  2.71918622 1.19045406 6.32486693]", "final_simplex": "(array([[0.21226698, 1.99996019, 3.0687612 , 2.71918622, 1.19045406,\n        6.32486693],\n       [0.26147763, 2.07713827, 2.83111976, 2.58266477, 1.26420424,\n        6.34748222],\n       [0.40031112, 2.06665685, 2.62293384, 2.35725016, 1.4363796 ,\n        6.16583988],\n       [0.4981385 , 1.9597712 , 2.64704002, 2.40348605, 1.45765257,\n        6.11042694],\n       [0.33027213, 2.03000779, 2.70380781, 2.53431917, 1.4073197 ,\n        6.21990309],\n       [0.51672652, 2.04777994, 2.49558137, 2.28509527, 1.45907776,\n        6.0844296 ],\n       [0.52746676, 1.95565183, 2.49636461, 2.24971885, 1.56530427,\n        6.16823148]]), array([-0.11691418, -0.10509948, -0.09133772, -0.09099218, -0.0877099 ,\n       -0.08658402, -0.07696658]))", "callback": [0.5981076632068492, 0.19487621850597492, 0.11574974101808866, 0.01887747997351008, -0.03411432936035763, -0.04696313104570904, -0.05291095590504136, -0.05861373916296153, -0.06315603225289279, -0.07696657585627964]}, "4": {"maxiter": 500, "fatol": 1e-05, "xatol": 1e-05, "duration": 0.17466306686401367, "fun": "-0.33576177868612733", "nit": "477", "nfev": "751", "status": "0", "success": "True", "message": "Optimization terminated successfully.", "x": "[ 1.19229498  0.99281525  5.77012048  1.90240516 -1.813635    4.604491  ]", "final_simplex": "(array([[ 1.19229498,  0.99281525,  5.77012048,  1.90240516, -1.813635  ,\n         4.604491  ],\n       [ 1.19229103,  0.9928087 ,  5.7701175 ,  1.90240785, -1.81362972,\n         4.60449119],\n       [ 1.19229154,  0.99281179,  5.77011991,  1.9024076 , -1.81362978,\n         4.6044923 ],\n       [ 1.19229579,  0.99280914,  5.77012168,  1.90240776, -1.81363166,\n         4.60449754],\n       [ 1.19229187,  0.99281103,  5.77011117,  1.90241313, -1.81362568,\n         4.604492  ],\n       [ 1.19229664,  0.99281318,  5.7701262 ,  1.90240778, -1.81364028,\n         4.60449259],\n       [ 1.19228864,  0.99281265,  5.77011937,  1.90240917, -1.81363148,\n         4.6044949 ]]), array([-0.33576178, -0.33576178, -0.33576178, -0.33576178, -0.33576178,\n       -0.33576178, -0.33576178]))", "callback": [0.5981076632068492, 0.19487621850597492, 0.11574974101808866, 0.01887747997351008, -0.03411432936035763, -0.04696313104570904, -0.05291095590504136, -0.05861373916296153, -0.06315603225289279, -0.07696657585627964, -0.11691417785762548, -0.1359529792313392, -0.15704892216369526, -0.16644257246237304, -0.16720668126966154, -0.16776199239126388, -0.16813006707922984, -0.168598599912815, -0.16931458566782132, -0.17162631653488036, -0.17936406440023278, -0.19008852293283884, -0.20559448410384462, -0.22463388064044776, -0.2400700622210985, -0.258362768536575, -0.2634495830142529, -0.2710866122483102, -0.28176209477020997, -0.29761035922088874, -0.31992349165466427, -0.3321690829691055, -0.33413684799031484, -0.33511328095289694, -0.33542701103289896, -0.3355119466253291, -0.33572963139045053, -0.3357498743047538, -0.33575959712034864, -0.3357612799276266, -0.33576164325669744, -0.3357617208391628, -0.33576176480422926, -0.33576177533432316, -0.33576177806569185, -0.3357617785559037, -0.33576177865059487, -0.335761778680397]}, "5": {"maxiter": 500, "fatol": 1e-05, "xatol": 1e-10, "duration": 0.18120598793029785, "fun": "-0.33576177868944757", "nit": "500", "nfev": "791", "status": "2", "success": "False", "message": "Maximum number of iterations has been exceeded.", "x": "[ 1.19229518  0.99281133  5.77012117  1.90240615 -1.81363417  4.60449149]", "final_simplex": "(array([[ 1.19229518,  0.99281133,  5.77012117,  1.90240615, -1.81363417,\n         4.60449149],\n       [ 1.19229407,  0.99281112,  5.77012065,  1.90240651, -1.81363317,\n         4.60449132],\n       [ 1.19229447,  0.99281183,  5.77012104,  1.90240622, -1.81363367,\n         4.6044911 ],\n       [ 1.19229485,  0.99281147,  5.77012211,  1.90240592, -1.81363409,\n         4.60449167],\n       [ 1.1922948 ,  0.99281126,  5.77012185,  1.90240675, -1.81363403,\n         4.60449173],\n       [ 1.19229545,  0.99281108,  5.77012125,  1.90240656, -1.81363345,\n         4.60449141],\n       [ 1.19229472,  0.9928121 ,  5.77012082,  1.90240623, -1.81363352,\n         4.60449223]]), array([-0.33576178, -0.33576178, -0.33576178, -0.33576178, -0.33576178,\n       -0.33576178, -0.33576178]))", "callback": [0.5981076632068492, 0.19487621850597492, 0.11574974101808866, 0.01887747997351008, -0.03411432936035763, -0.04696313104570904, -0.05291095590504136, -0.05861373916296153, -0.06315603225289279, -0.07696657585627964, -0.11691417785762548, -0.1359529792313392, -0.15704892216369526, -0.16644257246237304, -0.16720668126966154, -0.16776199239126388, -0.16813006707922984, -0.168598599912815, -0.16931458566782132, -0.17162631653488036, -0.17936406440023278, -0.19008852293283884, -0.20559448410384462, -0.22463388064044776, -0.2400700622210985, -0.258362768536575, -0.2634495830142529, -0.2710866122483102, -0.28176209477020997, -0.29761035922088874, -0.31992349165466427, -0.3321690829691055, -0.33413684799031484, -0.33511328095289694, -0.33542701103289896, -0.3355119466253291, -0.33572963139045053, -0.3357498743047538, -0.33575959712034864, -0.3357612799276266, -0.33576164325669744, -0.3357617208391628, -0.33576176480422926, -0.33576177533432316, -0.33576177806569185, -0.3357617785559037, -0.33576177865059487, -0.335761778680397, -0.3357617786882645, -0.33576177868912827]}, "6": {"maxiter": 500, "fatol": 1e-10, "xatol": 1e-05, "duration": 0.1885218620300293, "fun": "-0.33576177868612733", "nit": "477", "nfev": "751", "status": "0", "success": "True", "message": "Optimization terminated successfully.", "x": "[ 1.19229498  0.99281525  5.77012048  1.90240516 -1.813635    4.604491  ]", "final_simplex": "(array([[ 1.19229498,  0.99281525,  5.77012048,  1.90240516, -1.813635  ,\n         4.604491  ],\n       [ 1.19229103,  0.9928087 ,  5.7701175 ,  1.90240785, -1.81362972,\n         4.60449119],\n       [ 1.19229154,  0.99281179,  5.77011991,  1.9024076 , -1.81362978,\n         4.6044923 ],\n       [ 1.19229579,  0.99280914,  5.77012168,  1.90240776, -1.81363166,\n         4.60449754],\n       [ 1.19229187,  0.99281103,  5.77011117,  1.90241313, -1.81362568,\n         4.604492  ],\n       [ 1.19229664,  0.99281318,  5.7701262 ,  1.90240778, -1.81364028,\n         4.60449259],\n       [ 1.19228864,  0.99281265,  5.77011937,  1.90240917, -1.81363148,\n         4.6044949 ]]), array([-0.33576178, -0.33576178, -0.33576178, -0.33576178, -0.33576178,\n       -0.33576178, -0.33576178]))", "callback": [0.5981076632068492, 0.19487621850597492, 0.11574974101808866, 0.01887747997351008, -0.03411432936035763, -0.04696313104570904, -0.05291095590504136, -0.05861373916296153, -0.06315603225289279, -0.07696657585627964, -0.11691417785762548, -0.1359529792313392, -0.15704892216369526, -0.16644257246237304, -0.16720668126966154, -0.16776199239126388, -0.16813006707922984, -0.168598599912815, -0.16931458566782132, -0.17162631653488036, -0.17936406440023278, -0.19008852293283884, -0.20559448410384462, -0.22463388064044776, -0.2400700622210985, -0.258362768536575, -0.2634495830142529, -0.2710866122483102, -0.28176209477020997, -0.29761035922088874, -0.31992349165466427, -0.3321690829691055, -0.33413684799031484, -0.33511328095289694, -0.33542701103289896, -0.3355119466253291, -0.33572963139045053, -0.3357498743047538, -0.33575959712034864, -0.3357612799276266, -0.33576164325669744, -0.3357617208391628, -0.33576176480422926, -0.33576177533432316, -0.33576177806569185, -0.3357617785559037, -0.33576177865059487, -0.335761778680397]}, "7": {"maxiter": 500, "fatol": 1e-10, "xatol": 1e-10, "duration": 0.18414807319641113, "fun": "-0.33576177868944757", "nit": "500", "nfev": "791", "status": "2", "success": "False", "message": "Maximum number of iterations has been exceeded.", "x": "[ 1.19229518  0.99281133  5.77012117  1.90240615 -1.81363417  4.60449149]", "final_simplex": "(array([[ 1.19229518,  0.99281133,  5.77012117,  1.90240615, -1.81363417,\n         4.60449149],\n       [ 1.19229407,  0.99281112,  5.77012065,  1.90240651, -1.81363317,\n         4.60449132],\n       [ 1.19229447,  0.99281183,  5.77012104,  1.90240622, -1.81363367,\n         4.6044911 ],\n       [ 1.19229485,  0.99281147,  5.77012211,  1.90240592, -1.81363409,\n         4.60449167],\n       [ 1.1922948 ,  0.99281126,  5.77012185,  1.90240675, -1.81363403,\n         4.60449173],\n       [ 1.19229545,  0.99281108,  5.77012125,  1.90240656, -1.81363345,\n         4.60449141],\n       [ 1.19229472,  0.9928121 ,  5.77012082,  1.90240623, -1.81363352,\n         4.60449223]]), array([-0.33576178, -0.33576178, -0.33576178, -0.33576178, -0.33576178,\n       -0.33576178, -0.33576178]))", "callback": [0.5981076632068492, 0.19487621850597492, 0.11574974101808866, 0.01887747997351008, -0.03411432936035763, -0.04696313104570904, -0.05291095590504136, -0.05861373916296153, -0.06315603225289279, -0.07696657585627964, -0.11691417785762548, -0.1359529792313392, -0.15704892216369526, -0.16644257246237304, -0.16720668126966154, -0.16776199239126388, -0.16813006707922984, -0.168598599912815, -0.16931458566782132, -0.17162631653488036, -0.17936406440023278, -0.19008852293283884, -0.20559448410384462, -0.22463388064044776, -0.2400700622210985, -0.258362768536575, -0.2634495830142529, -0.2710866122483102, -0.28176209477020997, -0.29761035922088874, -0.31992349165466427, -0.3321690829691055, -0.33413684799031484, -0.33511328095289694, -0.33542701103289896, -0.3355119466253291, -0.33572963139045053, -0.3357498743047538, -0.33575959712034864, -0.3357612799276266, -0.33576164325669744, -0.3357617208391628, -0.33576176480422926, -0.33576177533432316, -0.33576177806569185, -0.3357617785559037, -0.33576177865059487, -0.335761778680397, -0.3357617786882645, -0.33576177868912827]}, "8": {"maxiter": 1000, "fatol": 1e-05, "xatol": 1e-05, "duration": 0.17995405197143555, "fun": "-0.33576177868612733", "nit": "477", "nfev": "751", "status": "0", "success": "True", "message": "Optimization terminated successfully.", "x": "[ 1.19229498  0.99281525  5.77012048  1.90240516 -1.813635    4.604491  ]", "final_simplex": "(array([[ 1.19229498,  0.99281525,  5.77012048,  1.90240516, -1.813635  ,\n         4.604491  ],\n       [ 1.19229103,  0.9928087 ,  5.7701175 ,  1.90240785, -1.81362972,\n         4.60449119],\n       [ 1.19229154,  0.99281179,  5.77011991,  1.9024076 , -1.81362978,\n         4.6044923 ],\n       [ 1.19229579,  0.99280914,  5.77012168,  1.90240776, -1.81363166,\n         4.60449754],\n       [ 1.19229187,  0.99281103,  5.77011117,  1.90241313, -1.81362568,\n         4.604492  ],\n       [ 1.19229664,  0.99281318,  5.7701262 ,  1.90240778, -1.81364028,\n         4.60449259],\n       [ 1.19228864,  0.99281265,  5.77011937,  1.90240917, -1.81363148,\n         4.6044949 ]]), array([-0.33576178, -0.33576178, -0.33576178, -0.33576178, -0.33576178,\n       -0.33576178, -0.33576178]))", "callback": [0.5981076632068492, 0.19487621850597492, 0.11574974101808866, 0.01887747997351008, -0.03411432936035763, -0.04696313104570904, -0.05291095590504136, -0.05861373916296153, -0.06315603225289279, -0.07696657585627964, -0.11691417785762548, -0.1359529792313392, -0.15704892216369526, -0.16644257246237304, -0.16720668126966154, -0.16776199239126388, -0.16813006707922984, -0.168598599912815, -0.16931458566782132, -0.17162631653488036, -0.17936406440023278, -0.19008852293283884, -0.20559448410384462, -0.22463388064044776, -0.2400700622210985, -0.258362768536575, -0.2634495830142529, -0.2710866122483102, -0.28176209477020997, -0.29761035922088874, -0.31992349165466427, -0.3321690829691055, -0.33413684799031484, -0.33511328095289694, -0.33542701103289896, -0.3355119466253291, -0.33572963139045053, -0.3357498743047538, -0.33575959712034864, -0.3357612799276266, -0.33576164325669744, -0.3357617208391628, -0.33576176480422926, -0.33576177533432316, -0.33576177806569185, -0.3357617785559037, -0.33576177865059487, -0.335761778680397]}, "9": {"maxiter": 1000, "fatol": 1e-05, "xatol": 1e-10, "duration": 0.22831392288208008, "fun": "-0.33576177868953905", "nit": "576", "nfev": "971", "status": "0", "success": "True", "message": "Optimization terminated successfully.", "x": "[ 1.19229467  0.99281119  5.77012104  1.90240633 -1.81363367  4.60449149]", "final_simplex": "(array([[ 1.19229467,  0.99281119,  5.77012104,  1.90240633, -1.81363367,\n         4.60449149],\n       [ 1.19229467,  0.99281119,  5.77012104,  1.90240633, -1.81363367,\n         4.60449149],\n       [ 1.19229467,  0.99281118,  5.77012104,  1.90240633, -1.81363367,\n         4.60449149],\n       [ 1.19229467,  0.99281119,  5.77012104,  1.90240633, -1.81363367,\n         4.60449149],\n       [ 1.19229467,  0.99281119,  5.77012104,  1.90240633, -1.81363367,\n         4.60449149],\n       [ 1.19229467,  0.99281119,  5.77012104,  1.90240633, -1.81363367,\n         4.60449149],\n       [ 1.19229467,  0.99281119,  5.77012104,  1.90240633, -1.81363367,\n         4.60449149]]), array([-0.33576178, -0.33576178, -0.33576178, -0.33576178, -0.33576178,\n       -0.33576178, -0.33576178]))", "callback": [0.5981076632068492, 0.19487621850597492, 0.11574974101808866, 0.01887747997351008, -0.03411432936035763, -0.04696313104570904, -0.05291095590504136, -0.05861373916296153, -0.06315603225289279, -0.07696657585627964, -0.11691417785762548, -0.1359529792313392, -0.15704892216369526, -0.16644257246237304, -0.16720668126966154, -0.16776199239126388, -0.16813006707922984, -0.168598599912815, -0.16931458566782132, -0.17162631653488036, -0.17936406440023278, -0.19008852293283884, -0.20559448410384462, -0.22463388064044776, -0.2400700622210985, -0.258362768536575, -0.2634495830142529, -0.2710866122483102, -0.28176209477020997, -0.29761035922088874, -0.31992349165466427, -0.3321690829691055, -0.33413684799031484, -0.33511328095289694, -0.33542701103289896, -0.3355119466253291, -0.33572963139045053, -0.3357498743047538, -0.33575959712034864, -0.3357612799276266, -0.33576164325669744, -0.3357617208391628, -0.33576176480422926, -0.33576177533432316, -0.33576177806569185, -0.3357617785559037, -0.33576177865059487, -0.335761778680397, -0.3357617786882645, -0.33576177868912827, -0.33576177868944757, -0.3357617786895244, -0.3357617786895355, -0.33576177868953705, -0.3357617786895384, -0.33576177868953905, -0.33576177868953905, -0.33576177868953905]}, "10": {"maxiter": 1000, "fatol": 1e-10, "xatol": 1e-05, "duration": 0.1745741367340088, "fun": "-0.33576177868612733", "nit": "477", "nfev": "751", "status": "0", "success": "True", "message": "Optimization terminated successfully.", "x": "[ 1.19229498  0.99281525  5.77012048  1.90240516 -1.813635    4.604491  ]", "final_simplex": "(array([[ 1.19229498,  0.99281525,  5.77012048,  1.90240516, -1.813635  ,\n         4.604491  ],\n       [ 1.19229103,  0.9928087 ,  5.7701175 ,  1.90240785, -1.81362972,\n         4.60449119],\n       [ 1.19229154,  0.99281179,  5.77011991,  1.9024076 , -1.81362978,\n         4.6044923 ],\n       [ 1.19229579,  0.99280914,  5.77012168,  1.90240776, -1.81363166,\n         4.60449754],\n       [ 1.19229187,  0.99281103,  5.77011117,  1.90241313, -1.81362568,\n         4.604492  ],\n       [ 1.19229664,  0.99281318,  5.7701262 ,  1.90240778, -1.81364028,\n         4.60449259],\n       [ 1.19228864,  0.99281265,  5.77011937,  1.90240917, -1.81363148,\n         4.6044949 ]]), array([-0.33576178, -0.33576178, -0.33576178, -0.33576178, -0.33576178,\n       -0.33576178, -0.33576178]))", "callback": [0.5981076632068492, 0.19487621850597492, 0.11574974101808866, 0.01887747997351008, -0.03411432936035763, -0.04696313104570904, -0.05291095590504136, -0.05861373916296153, -0.06315603225289279, -0.07696657585627964, -0.11691417785762548, -0.1359529792313392, -0.15704892216369526, -0.16644257246237304, -0.16720668126966154, -0.16776199239126388, -0.16813006707922984, -0.168598599912815, -0.16931458566782132, -0.17162631653488036, -0.17936406440023278, -0.19008852293283884, -0.20559448410384462, -0.22463388064044776, -0.2400700622210985, -0.258362768536575, -0.2634495830142529, -0.2710866122483102, -0.28176209477020997, -0.29761035922088874, -0.31992349165466427, -0.3321690829691055, -0.33413684799031484, -0.33511328095289694, -0.33542701103289896, -0.3355119466253291, -0.33572963139045053, -0.3357498743047538, -0.33575959712034864, -0.3357612799276266, -0.33576164325669744, -0.3357617208391628, -0.33576176480422926, -0.33576177533432316, -0.33576177806569185, -0.3357617785559037, -0.33576177865059487, -0.335761778680397]}, "11": {"maxiter": 1000, "fatol": 1e-10, "xatol": 1e-10, "duration": 0.2227036952972412, "fun": "-0.33576177868953905", "nit": "576", "nfev": "971", "status": "0", "success": "True", "message": "Optimization terminated successfully.", "x": "[ 1.19229467  0.99281119  5.77012104  1.90240633 -1.81363367  4.60449149]", "final_simplex": "(array([[ 1.19229467,  0.99281119,  5.77012104,  1.90240633, -1.81363367,\n         4.60449149],\n       [ 1.19229467,  0.99281119,  5.77012104,  1.90240633, -1.81363367,\n         4.60449149],\n       [ 1.19229467,  0.99281118,  5.77012104,  1.90240633, -1.81363367,\n         4.60449149],\n       [ 1.19229467,  0.99281119,  5.77012104,  1.90240633, -1.81363367,\n         4.60449149],\n       [ 1.19229467,  0.99281119,  5.77012104,  1.90240633, -1.81363367,\n         4.60449149],\n       [ 1.19229467,  0.99281119,  5.77012104,  1.90240633, -1.81363367,\n         4.60449149],\n       [ 1.19229467,  0.99281119,  5.77012104,  1.90240633, -1.81363367,\n         4.60449149]]), array([-0.33576178, -0.33576178, -0.33576178, -0.33576178, -0.33576178,\n       -0.33576178, -0.33576178]))", "callback": [0.5981076632068492, 0.19487621850597492, 0.11574974101808866, 0.01887747997351008, -0.03411432936035763, -0.04696313104570904, -0.05291095590504136, -0.05861373916296153, -0.06315603225289279, -0.07696657585627964, -0.11691417785762548, -0.1359529792313392, -0.15704892216369526, -0.16644257246237304, -0.16720668126966154, -0.16776199239126388, -0.16813006707922984, -0.168598599912815, -0.16931458566782132, -0.17162631653488036, -0.17936406440023278, -0.19008852293283884, -0.20559448410384462, -0.22463388064044776, -0.2400700622210985, -0.258362768536575, -0.2634495830142529, -0.2710866122483102, -0.28176209477020997, -0.29761035922088874, -0.31992349165466427, -0.3321690829691055, -0.33413684799031484, -0.33511328095289694, -0.33542701103289896, -0.3355119466253291, -0.33572963139045053, -0.3357498743047538, -0.33575959712034864, -0.3357612799276266, -0.33576164325669744, -0.3357617208391628, -0.33576176480422926, -0.33576177533432316, -0.33576177806569185, -0.3357617785559037, -0.33576177865059487, -0.335761778680397, -0.3357617786882645, -0.33576177868912827, -0.33576177868944757, -0.3357617786895244, -0.3357617786895355, -0.33576177868953705, -0.3357617786895384, -0.33576177868953905, -0.33576177868953905, -0.33576177868953905]}}, "bfgs": {"type": "gradient", "0": {"maxiter": 100, "gtol": 1e-05, "xrtol": 1e-05, "eps": 1e-05, "duration": 0.04299330711364746, "fun": "-0.33576177862888335", "jac": "[ 1.99356087e-06 -6.46838139e-07 -3.86888299e-06 -2.56512589e-06\n -1.12769794e-06  1.83513205e-06]", "hess_inv": "[[ 2.48601667  0.5886994   1.98420536 -1.83196808 -1.68060015  0.60147635]\n [ 0.5886994   2.4259858   0.52554185 -1.24790271 -1.37569449 -0.08392044]\n [ 1.98420536  0.52554185  5.36008387 -3.03106131 -3.54884438  1.38382638]\n [-1.83196808 -1.24790271 -3.03106131  3.84725047  2.54265928 -0.5124331 ]\n [-1.68060015 -1.37569449 -3.54884438  2.54265928  4.4625766  -0.21544451]\n [ 0.60147635 -0.08392044  1.38382638 -0.5124331  -0.21544451  2.48620803]]", "nfev": "182", "njev": "26", "status": "0", "success": "True", "message": "Optimization terminated successfully.", "x": "[ 1.19229326  0.99281186  5.77010988  1.90240169 -1.81363545  4.60448337]", "nit": "25", "callback": [0.5573688783265653, 0.36320333645690994, 0.2904506623346047, 0.16198029868487296, 0.05189648366436406, -0.05291062509417688, -0.20710962323859272, -0.2339253328724391, -0.2395560465292923, -0.2468226247383034, -0.25917780583802363, -0.2738595162709576, -0.282248941180095, -0.2963913692511788, -0.3165355263367311, -0.3230268943923622, -0.33081893567568876, -0.3317863734760864, -0.33345486973128957, -0.3353146235608577, -0.3356213486726942, -0.3357608236774512, -0.33576171267762556, -0.33576177712276656, -0.33576177862888335]}, "1": {"maxiter": 100, "gtol": 1e-05, "xrtol": 1e-05, "eps": 1e-10, "duration": 0.04391598701477051, "fun": "-0.335761778500151", "jac": "[ 6.66133760e-06 -2.22044587e-06  2.22044587e-06 -4.44089173e-06\n  6.66133760e-06  2.22044587e-06]", "hess_inv": "[[ 2.55715927  0.55665961  1.92789954 -1.82025323 -1.74648196  0.68556328]\n [ 0.55665961  2.337763    0.36633065 -1.21963458 -1.27875431  0.01733979]\n [ 1.92789954  0.36633065  4.97745855 -2.82229337 -3.30934653  1.47120058]\n [-1.82025323 -1.21963458 -2.82229337  3.83955124  2.59414406 -0.62880364]\n [-1.74648196 -1.27875431 -3.30934653  2.59414406  4.62554282 -0.45126687]\n [ 0.68556328  0.01733979  1.47120058 -0.62880364 -0.45126687  2.28186954]]", "nfev": "182", "njev": "26", "status": "0", "success": "True", "message": "Optimization terminated successfully.", "x": "[ 1.19228338  0.9927987   5.77008497  1.90242639 -1.81359384  4.60448656]", "nit": "25", "callback": [0.5573687622858163, 0.3632031713833761, 0.2904505539947786, 0.1619800535585011, 0.05189996799350827, -0.052904855719130284, -0.20710586094403638, -0.2339235398623125, -0.23955683030381447, -0.24681872048122422, -0.2591678314426804, -0.27385969456434167, -0.28224693035448567, -0.2963805933368364, -0.31651521070479216, -0.3231127129079876, -0.3308853572254229, -0.3317770489391132, -0.333338006096654, -0.3352599356691097, -0.3356184706816374, -0.33575848369373507, -0.3357616691701988, -0.3357617739431107, -0.335761778500151]}, "2": {"maxiter": 100, "gtol": 1e-05, "xrtol": 1e-10, "eps": 1e-05, "duration": 0.043309926986694336, "fun": "-0.33576177862888335", "jac": "[ 1.99356087e-06 -6.46838139e-07 -3.86888299e-06 -2.56512589e-06\n -1.12769794e-06  1.83513205e-06]", "hess_inv": "[[ 2.48601667  0.5886994   1.98420536 -1.83196808 -1.68060015  0.60147635]\n [ 0.5886994   2.4259858   0.52554185 -1.24790271 -1.37569449 -0.08392044]\n [ 1.98420536  0.52554185  5.36008387 -3.03106131 -3.54884438  1.38382638]\n [-1.83196808 -1.24790271 -3.03106131  3.84725047  2.54265928 -0.5124331 ]\n [-1.68060015 -1.37569449 -3.54884438  2.54265928  4.4625766  -0.21544451]\n [ 0.60147635 -0.08392044  1.38382638 -0.5124331  -0.21544451  2.48620803]]", "nfev": "182", "njev": "26", "status": "0", "success": "True", "message": "Optimization terminated successfully.", "x": "[ 1.19229326  0.99281186  5.77010988  1.90240169 -1.81363545  4.60448337]", "nit": "25", "callback": [0.5573688783265653, 0.36320333645690994, 0.2904506623346047, 0.16198029868487296, 0.05189648366436406, -0.05291062509417688, -0.20710962323859272, -0.2339253328724391, -0.2395560465292923, -0.2468226247383034, -0.25917780583802363, -0.2738595162709576, -0.282248941180095, -0.2963913692511788, -0.3165355263367311, -0.3230268943923622, -0.33081893567568876, -0.3317863734760864, -0.33345486973128957, -0.3353146235608577, -0.3356213486726942, -0.3357608236774512, -0.33576171267762556, -0.33576177712276656, -0.33576177862888335]}, "3": {"maxiter": 100, "gtol": 1e-05, "xrtol": 1e-10, "eps": 1e-10, "duration": 0.04280495643615723, "fun": "-0.335761778500151", "jac": "[ 6.66133760e-06 -2.22044587e-06  2.22044587e-06 -4.44089173e-06\n  6.66133760e-06  2.22044587e-06]", "hess_inv": "[[ 2.55715927  0.55665961  1.92789954 -1.82025323 -1.74648196  0.68556328]\n [ 0.55665961  2.337763    0.36633065 -1.21963458 -1.27875431  0.01733979]\n [ 1.92789954  0.36633065  4.97745855 -2.82229337 -3.30934653  1.47120058]\n [-1.82025323 -1.21963458 -2.82229337  3.83955124  2.59414406 -0.62880364]\n [-1.74648196 -1.27875431 -3.30934653  2.59414406  4.62554282 -0.45126687]\n [ 0.68556328  0.01733979  1.47120058 -0.62880364 -0.45126687  2.28186954]]", "nfev": "182", "njev": "26", "status": "0", "success": "True", "message": "Optimization terminated successfully.", "x": "[ 1.19228338  0.9927987   5.77008497  1.90242639 -1.81359384  4.60448656]", "nit": "25", "callback": [0.5573687622858163, 0.3632031713833761, 0.2904505539947786, 0.1619800535585011, 0.05189996799350827, -0.052904855719130284, -0.20710586094403638, -0.2339235398623125, -0.23955683030381447, -0.24681872048122422, -0.2591678314426804, -0.27385969456434167, -0.28224693035448567, -0.2963805933368364, -0.31651521070479216, -0.3231127129079876, -0.3308853572254229, -0.3317770489391132, -0.333338006096654, -0.3352599356691097, -0.3356184706816374, -0.33575848369373507, -0.3357616691701988, -0.3357617739431107, -0.335761778500151]}, "4": {"maxiter": 100, "gtol": 1e-10, "xrtol": 1e-05, "eps": 1e-05, "duration": 0.045289039611816406, "fun": "-0.33576177864738965", "jac": "[-6.24167384e-08  1.87339033e-07 -1.66067160e-07 -1.96642702e-07\n  9.45465928e-08  1.34936506e-07]", "hess_inv": "[[ 2.60769844  0.64462643  1.91642243 -1.95301427 -1.70113069  0.65393044]\n [ 0.64462643  2.44755604  0.51220984 -1.28738071 -1.39205783 -0.06257027]\n [ 1.91642243  0.51220984  5.32102335 -3.03327355 -3.50754972  1.36649731]\n [-1.95301427 -1.28738071 -3.03327355  3.90453051  2.59015075 -0.55383372]\n [-1.70113069 -1.39205783 -3.50754972  2.59015075  4.45443532 -0.22891635]\n [ 0.65393044 -0.06257027  1.36649731 -0.55383372 -0.22891635  2.50697924]]", "nfev": "189", "njev": "27", "status": "0", "success": "True", "message": "Optimization terminated successfully.", "x": "[ 1.19228776  0.99280938  5.77011274  1.90240696 -1.81363444  4.60448104]", "nit": "26", "callback": [0.5573688783265653, 0.36320333645690994, 0.2904506623346047, 0.16198029868487296, 0.05189648366436406, -0.05291062509417688, -0.20710962323859272, -0.2339253328724391, -0.2395560465292923, -0.2468226247383034, -0.25917780583802363, -0.2738595162709576, -0.282248941180095, -0.2963913692511788, -0.3165355263367311, -0.3230268943923622, -0.33081893567568876, -0.3317863734760864, -0.33345486973128957, -0.3353146235608577, -0.3356213486726942, -0.3357608236774512, -0.33576171267762556, -0.33576177712276656, -0.33576177862888335, -0.33576177864738965]}, "5": {"maxiter": 100, "gtol": 1e-10, "xrtol": 1e-05, "eps": 1e-10, "duration": 0.04836678504943848, "fun": "-0.33576177850241673", "jac": "[ 2.22044587e-06  2.22044587e-06 -2.22044587e-06  0.00000000e+00\n  1.33226752e-05  4.44089173e-06]", "hess_inv": "[[ 2.57730106e+00  5.50319582e-01  1.78393149e+00 -1.82278204e+00\n  -1.80366268e+00  7.76241764e-01]\n [ 5.50319582e-01  2.33953124e+00  3.94629063e-01 -1.21713692e+00\n  -1.26698514e+00 -3.19707485e-03]\n [ 1.78393149e+00  3.94629063e-01  4.73290424e+00 -2.67687064e+00\n  -3.36683665e+00  1.42219638e+00]\n [-1.82278204e+00 -1.21713692e+00 -2.67687064e+00  3.82713522e+00\n   2.64793882e+00 -7.00096621e-01]\n [-1.80366268e+00 -1.26698514e+00 -3.36683665e+00  2.64793882e+00\n   4.61721978e+00 -4.89378611e-01]\n [ 7.76241764e-01 -3.19707485e-03  1.42219638e+00 -7.00096621e-01\n  -4.89378611e-01  2.40824994e+00]]", "nfev": "203", "njev": "29", "status": "0", "success": "True", "message": "Optimization terminated successfully.", "x": "[ 1.19228134  0.99279912  5.77008334  1.90242827 -1.81359399  4.604485  ]", "nit": "26", "callback": [0.5573687622858163, 0.3632031713833761, 0.2904505539947786, 0.1619800535585011, 0.05189996799350827, -0.052904855719130284, -0.20710586094403638, -0.2339235398623125, -0.23955683030381447, -0.24681872048122422, -0.2591678314426804, -0.27385969456434167, -0.28224693035448567, -0.2963805933368364, -0.31651521070479216, -0.3231127129079876, -0.3308853572254229, -0.3317770489391132, -0.333338006096654, -0.3352599356691097, -0.3356184706816374, -0.33575848369373507, -0.3357616691701988, -0.3357617739431107, -0.335761778500151, -0.33576177850241673]}, "6": {"maxiter": 100, "gtol": 1e-10, "xrtol": 1e-10, "eps": 1e-05, "duration": 0.09190702438354492, "fun": "-0.33576177864738965", "jac": "[-6.24167384e-08  1.87339033e-07 -1.66067160e-07 -1.96642702e-07\n  9.45465928e-08  1.34936506e-07]", "hess_inv": "[[ 2.55905549  0.69132001  1.87084455 -1.94440083 -1.64827035  0.65769232]\n [ 0.69132001  2.49954598  0.45603005 -1.34940975 -1.38081347 -0.03169393]\n [ 1.87084455  0.45603005  5.38146788 -2.96971013 -3.52200345  1.33442364]\n [-1.94440083 -1.34940975 -2.96971013  3.93285918  2.54636891 -0.57365108]\n [-1.64827035 -1.38081347 -3.52200345  2.54636891  4.43668012 -0.21092299]\n [ 0.65769232 -0.03169393  1.33442364 -0.57365108 -0.21092299  2.51897379]]", "nfev": "396", "njev": "55", "status": "2", "success": "False", "message": "Desired error not necessarily achieved due to precision loss.", "x": "[ 1.19228776  0.99280938  5.77011274  1.90240696 -1.81363444  4.60448104]", "nit": "26", "callback": [0.5573688783265653, 0.36320333645690994, 0.2904506623346047, 0.16198029868487296, 0.05189648366436406, -0.05291062509417688, -0.20710962323859272, -0.2339253328724391, -0.2395560465292923, -0.2468226247383034, -0.25917780583802363, -0.2738595162709576, -0.282248941180095, -0.2963913692511788, -0.3165355263367311, -0.3230268943923622, -0.33081893567568876, -0.3317863734760864, -0.33345486973128957, -0.3353146235608577, -0.3356213486726942, -0.3357608236774512, -0.33576171267762556, -0.33576177712276656, -0.33576177862888335, -0.33576177864738965]}, "7": {"maxiter": 100, "gtol": 1e-10, "xrtol": 1e-10, "eps": 1e-10, "duration": 0.11653828620910645, "fun": "-0.3357617786066409", "jac": "[0.00000000e+00 0.00000000e+00 6.66133760e-06 8.88178346e-06\n 8.88178346e-06 2.22044587e-06]", "hess_inv": "[[ 21.93045683  11.00336971 -32.98464884   7.51951899  14.50279635\n    7.49899747]\n [ 11.00336971   5.68009741 -16.91176415   3.85302189   7.32392037\n    3.7960033 ]\n [-32.98464884 -16.91176415  50.53322904 -11.52814363 -21.95665727\n  -11.35344824]\n [  7.51951899   3.85302189 -11.52814363   2.63931883   5.00787712\n    2.58812836]\n [ 14.50279635   7.32392037 -21.95665727   5.00787712   9.63129028\n    4.97152081]\n [  7.49899747   3.7960033  -11.35344824   2.58812836   4.97152081\n    2.58711495]]", "nfev": "511", "njev": "73", "status": "0", "success": "True", "message": "Optimization terminated successfully.", "x": "[ 1.19228078  0.99279765  5.77010793  1.90242374 -1.81361053  4.60449297]", "nit": "42", "callback": [0.5573687622858163, 0.3632031713833761, 0.2904505539947786, 0.1619800535585011, 0.05189996799350827, -0.052904855719130284, -0.20710586094403638, -0.2339235398623125, -0.23955683030381447, -0.24681872048122422, -0.2591678314426804, -0.27385969456434167, -0.28224693035448567, -0.2963805933368364, -0.31651521070479216, -0.3231127129079876, -0.3308853572254229, -0.3317770489391132, -0.333338006096654, -0.3352599356691097, -0.3356184706816374, -0.33575848369373507, -0.3357616691701988, -0.3357617739431107, -0.335761778500151, -0.33576177850241673, -0.3357617785044664, -0.33576177850678723, -0.3357617785266358, -0.3357617785381324, -0.3357617785437472, -0.33576177854701506, -0.3357617785504561, -0.33576177855400835, -0.3357617785597604, -0.3357617785859188, -0.3357617785907321, -0.33576177859245293, -0.3357617785938982, -0.33576177859462786, -0.3357617786066409, -0.3357617786066409]}, "8": {"maxiter": 500, "gtol": 1e-05, "xrtol": 1e-05, "eps": 1e-05, "duration": 0.042702674865722656, "fun": "-0.33576177862888335", "jac": "[ 1.99356087e-06 -6.46838139e-07 -3.86888299e-06 -2.56512589e-06\n -1.12769794e-06  1.83513205e-06]", "hess_inv": "[[ 2.48601667  0.5886994   1.98420536 -1.83196808 -1.68060015  0.60147635]\n [ 0.5886994   2.4259858   0.52554185 -1.24790271 -1.37569449 -0.08392044]\n [ 1.98420536  0.52554185  5.36008387 -3.03106131 -3.54884438  1.38382638]\n [-1.83196808 -1.24790271 -3.03106131  3.84725047  2.54265928 -0.5124331 ]\n [-1.68060015 -1.37569449 -3.54884438  2.54265928  4.4625766  -0.21544451]\n [ 0.60147635 -0.08392044  1.38382638 -0.5124331  -0.21544451  2.48620803]]", "nfev": "182", "njev": "26", "status": "0", "success": "True", "message": "Optimization terminated successfully.", "x": "[ 1.19229326  0.99281186  5.77010988  1.90240169 -1.81363545  4.60448337]", "nit": "25", "callback": [0.5573688783265653, 0.36320333645690994, 0.2904506623346047, 0.16198029868487296, 0.05189648366436406, -0.05291062509417688, -0.20710962323859272, -0.2339253328724391, -0.2395560465292923, -0.2468226247383034, -0.25917780583802363, -0.2738595162709576, -0.282248941180095, -0.2963913692511788, -0.3165355263367311, -0.3230268943923622, -0.33081893567568876, -0.3317863734760864, -0.33345486973128957, -0.3353146235608577, -0.3356213486726942, -0.3357608236774512, -0.33576171267762556, -0.33576177712276656, -0.33576177862888335]}, "9": {"maxiter": 500, "gtol": 1e-05, "xrtol": 1e-05, "eps": 1e-10, "duration": 0.0417780876159668, "fun": "-0.335761778500151", "jac": "[ 6.66133760e-06 -2.22044587e-06  2.22044587e-06 -4.44089173e-06\n  6.66133760e-06  2.22044587e-06]", "hess_inv": "[[ 2.55715927  0.55665961  1.92789954 -1.82025323 -1.74648196  0.68556328]\n [ 0.55665961  2.337763    0.36633065 -1.21963458 -1.27875431  0.01733979]\n [ 1.92789954  0.36633065  4.97745855 -2.82229337 -3.30934653  1.47120058]\n [-1.82025323 -1.21963458 -2.82229337  3.83955124  2.59414406 -0.62880364]\n [-1.74648196 -1.27875431 -3.30934653  2.59414406  4.62554282 -0.45126687]\n [ 0.68556328  0.01733979  1.47120058 -0.62880364 -0.45126687  2.28186954]]", "nfev": "182", "njev": "26", "status": "0", "success": "True", "message": "Optimization terminated successfully.", "x": "[ 1.19228338  0.9927987   5.77008497  1.90242639 -1.81359384  4.60448656]", "nit": "25", "callback": [0.5573687622858163, 0.3632031713833761, 0.2904505539947786, 0.1619800535585011, 0.05189996799350827, -0.052904855719130284, -0.20710586094403638, -0.2339235398623125, -0.23955683030381447, -0.24681872048122422, -0.2591678314426804, -0.27385969456434167, -0.28224693035448567, -0.2963805933368364, -0.31651521070479216, -0.3231127129079876, -0.3308853572254229, -0.3317770489391132, -0.333338006096654, -0.3352599356691097, -0.3356184706816374, -0.33575848369373507, -0.3357616691701988, -0.3357617739431107, -0.3357