{"date": "2024/10/08/, 13:35:59", "conf_id": 1, "data_type": "random\n", "num_data_points": 1, "s_rank": 0, "unitary": "[[-0.56303964-0.00798273j,-0.21670212-0.15784972j,-0.06047197-0.73952673j,-0.01438004+0.24552571j],[-0.06976756+0.23474685j,-0.01275565-0.5435098j,-0.02703657-0.08917885j,-0.08210486-0.79311774j],[-0.38559961+0.10714929j,0.5933431-0.2687392j,-0.24060861+0.29149289j,-0.45147719+0.26241743j],[-0.50180421+0.45931857j,-0.11617175+0.44134496j,0.49642745+0.22684508j,-0.08544628-0.15407063j]]", "databatch_0": {"databatch": "[[[0.13097013+0.12006982j,-0.14593665-0.09634602j,-0.06364278+0.05900074j,0.04976175-0.16136353j],[-0.05970905-0.05036634j,0.0658529+0.03967376j,0.02688563-0.02707164j,-0.01893102+0.07178422j],[-0.34609938-0.25660397j,0.37622185+0.19561964j,0.13863591-0.15831944j,-0.07938546+0.40169886j],[0.21023659-0.23237435j,-0.16822327+0.25849413j,0.1047932+0.11155645j,-0.28516049-0.08588756j]]]", "initial param values": "[2.04221595,5.87348424,5.2249324,0.82592029,6.00323099,1.14687881]", "nelder_mead": {"type": "gradient-free", "0": {"maxiter": 100, "fatol": 1e-05, "xatol": 1e-05, "duration": 0.0635077953338623, "fun": "0.057421471796046286", "nit": "100", "nfev": "154", "status": "2", "success": "False", "message": "Maximum number of iterations has been exceeded.", "x": "[ 2.81594188  5.29167528  4.75777188  1.11279992  6.80824475 -0.06651682]", "final_simplex": "(array([[ 2.81594188,  5.29167528,  4.75777188,  1.11279992,  6.80824475,\n        -0.06651682],\n       [ 2.82872023,  5.47363194,  4.94288312,  1.06929634,  6.82081012,\n        -0.06427875],\n       [ 2.79347481,  5.50654593,  5.00182395,  1.08414412,  6.80057024,\n        -0.07144416],\n       [ 2.78297778,  5.35925774,  4.81383092,  1.10985316,  6.79420214,\n        -0.07695682],\n       [ 2.82580126,  5.33255101,  4.80783686,  1.08115811,  6.81291591,\n        -0.02197049],\n       [ 2.78579907,  5.46463181,  4.88858882,  1.06631088,  6.80260501,\n        -0.01063807],\n       [ 2.78882793,  5.39084909,  4.83557573,  1.0941093 ,  6.75603993,\n        -0.03031664]]), array([0.05742147, 0.05751892, 0.0575594 , 0.0575613 , 0.05764747,\n       0.05767281, 0.05795173]))", "callback": [0.2973943772001859, 0.21219342360433147, 0.13381313756613578, 0.09172428012159306, 0.08947460353844694, 0.08479620525548337, 0.08148187231731341, 0.06805128183049103, 0.05969113615466415, 0.05764747487606936]}, "1": {"maxiter": 100, "fatol": 1e-05, "xatol": 1e-10, "duration": 0.05601310729980469, "fun": "0.057421471796046286", "nit": "100", "nfev": "154", "status": "2", "success": "False", "message": "Maximum number of iterations has been exceeded.", "x": "[ 2.81594188  5.29167528  4.75777188  1.11279992  6.80824475 -0.06651682]", "final_simplex": "(array([[ 2.81594188,  5.29167528,  4.75777188,  1.11279992,  6.80824475,\n        -0.06651682],\n       [ 2.82872023,  5.47363194,  4.94288312,  1.06929634,  6.82081012,\n        -0.06427875],\n       [ 2.79347481,  5.50654593,  5.00182395,  1.08414412,  6.80057024,\n        -0.07144416],\n       [ 2.78297778,  5.35925774,  4.81383092,  1.10985316,  6.79420214,\n        -0.07695682],\n       [ 2.82580126,  5.33255101,  4.80783686,  1.08115811,  6.81291591,\n        -0.02197049],\n       [ 2.78579907,  5.46463181,  4.88858882,  1.06631088,  6.80260501,\n        -0.01063807],\n       [ 2.78882793,  5.39084909,  4.83557573,  1.0941093 ,  6.75603993,\n        -0.03031664]]), array([0.05742147, 0.05751892, 0.0575594 , 0.0575613 , 0.05764747,\n       0.05767281, 0.05795173]))", "callback": [0.2973943772001859, 0.21219342360433147, 0.13381313756613578, 0.09172428012159306, 0.08947460353844694, 0.08479620525548337, 0.08148187231731341, 0.06805128183049103, 0.05969113615466415, 0.05764747487606936]}, "2": {"maxiter": 100, "fatol": 1e-10, "xatol": 1e-05, "duration": 0.06089210510253906, "fun": "0.057421471796046286", "nit": "100", "nfev": "154", "status": "2", "success": "False", "message": "Maximum number of iterations has been exceeded.", "x": "[ 2.81594188  5.29167528  4.75777188  1.11279992  6.80824475 -0.06651682]", "final_simplex": "(array([[ 2.81594188,  5.29167528,  4.75777188,  1.11279992,  6.80824475,\n        -0.06651682],\n       [ 2.82872023,  5.47363194,  4.94288312,  1.06929634,  6.82081012,\n        -0.06427875],\n       [ 2.79347481,  5.50654593,  5.00182395,  1.08414412,  6.80057024,\n        -0.07144416],\n       [ 2.78297778,  5.35925774,  4.81383092,  1.10985316,  6.79420214,\n        -0.07695682],\n       [ 2.82580126,  5.33255101,  4.80783686,  1.08115811,  6.81291591,\n        -0.02197049],\n       [ 2.78579907,  5.46463181,  4.88858882,  1.06631088,  6.80260501,\n        -0.01063807],\n       [ 2.78882793,  5.39084909,  4.83557573,  1.0941093 ,  6.75603993,\n        -0.03031664]]), array([0.05742147, 0.05751892, 0.0575594 , 0.0575613 , 0.05764747,\n       0.05767281, 0.05795173]))", "callback": [0.2973943772001859, 0.21219342360433147, 0.13381313756613578, 0.09172428012159306, 0.08947460353844694, 0.08479620525548337, 0.08148187231731341, 0.06805128183049103, 0.05969113615466415, 0.05764747487606936]}, "3": {"maxiter": 100, "fatol": 1e-10, "xatol": 1e-10, "duration": 0.0650789737701416, "fun": "0.057421471796046286", "nit": "100", "nfev": "154", "status": "2", "success": "False", "message": "Maximum number of iterations has been exceeded.", "x": "[ 2.81594188  5.29167528  4.75777188  1.11279992  6.80824475 -0.06651682]", "final_simplex": "(array([[ 2.81594188,  5.29167528,  4.75777188,  1.11279992,  6.80824475,\n        -0.06651682],\n       [ 2.82872023,  5.47363194,  4.94288312,  1.06929634,  6.82081012,\n        -0.06427875],\n       [ 2.79347481,  5.50654593,  5.00182395,  1.08414412,  6.80057024,\n        -0.07144416],\n       [ 2.78297778,  5.35925774,  4.81383092,  1.10985316,  6.79420214,\n        -0.07695682],\n       [ 2.82580126,  5.33255101,  4.80783686,  1.08115811,  6.81291591,\n        -0.02197049],\n       [ 2.78579907,  5.46463181,  4.88858882,  1.06631088,  6.80260501,\n        -0.01063807],\n       [ 2.78882793,  5.39084909,  4.83557573,  1.0941093 ,  6.75603993,\n        -0.03031664]]), array([0.05742147, 0.05751892, 0.0575594 , 0.0575613 , 0.05764747,\n       0.05767281, 0.05795173]))", "callback": [0.2973943772001859, 0.21219342360433147, 0.13381313756613578, 0.09172428012159306, 0.08947460353844694, 0.08479620525548337, 0.08148187231731341, 0.06805128183049103, 0.05969113615466415, 0.05764747487606936]}, "4": {"maxiter": 500, "fatol": 1e-05, "xatol": 1e-05, "duration": 0.14265084266662598, "fun": "0.05659614784037503", "nit": "260", "nfev": "415", "status": "0", "success": "True", "message": "Optimization terminated successfully.", "x": "[ 2.75286982  5.4012731   4.87127377  1.09263992  6.84507529 -0.0486258 ]", "final_simplex": "(array([[ 2.75286982,  5.4012731 ,  4.87127377,  1.09263992,  6.84507529,\n        -0.0486258 ],\n       [ 2.75286923,  5.40126726,  4.87126926,  1.09264535,  6.84507242,\n        -0.0486254 ],\n       [ 2.75286743,  5.40126999,  4.87126961,  1.09264381,  6.84507281,\n        -0.0486198 ],\n       [ 2.7528663 ,  5.40127022,  4.8712774 ,  1.09264466,  6.84507305,\n        -0.04862494],\n       [ 2.75286176,  5.4012666 ,  4.87127146,  1.09264493,  6.84507732,\n        -0.04862242],\n       [ 2.75287154,  5.40128036,  4.87127584,  1.09264119,  6.8450719 ,\n        -0.04862534],\n       [ 2.75287314,  5.40127498,  4.87126868,  1.09264296,  6.84507707,\n        -0.04862957]]), array([0.05659615, 0.05659615, 0.05659615, 0.05659615, 0.05659615,\n       0.05659615, 0.05659615]))", "callback": [0.2973943772001859, 0.21219342360433147, 0.13381313756613578, 0.09172428012159306, 0.08947460353844694, 0.08479620525548337, 0.08148187231731341, 0.06805128183049103, 0.05969113615466415, 0.05764747487606936, 0.0570424374823707, 0.05680736799946451, 0.056755206012032766, 0.05668699882742656, 0.0566168184728878, 0.05660344588300137, 0.05659788731837345, 0.05659632613757459, 0.05659625514728517, 0.05659620513876851, 0.05659615934709783, 0.05659614878492447, 0.05659614807520874, 0.05659614797315449, 0.05659614789355638, 0.05659614784459488]}, "5": {"maxiter": 500, "fatol": 1e-05, "xatol": 1e-10, "duration": 0.22649121284484863, "fun": "0.056596147838765654", "nit": "366", "nfev": "653", "status": "0", "success": "True", "message": "Optimization terminated successfully.", "x": "[ 2.75286926  5.40126996  4.87127073  1.09264275  6.84507342 -0.04862382]", "final_simplex": "(array([[ 2.75286926,  5.40126996,  4.87127073,  1.09264275,  6.84507342,\n        -0.04862382],\n       [ 2.75286926,  5.40126996,  4.87127073,  1.09264275,  6.84507342,\n        -0.04862382],\n       [ 2.75286926,  5.40126996,  4.87127073,  1.09264275,  6.84507342,\n        -0.04862382],\n       [ 2.75286926,  5.40126996,  4.87127073,  1.09264275,  6.84507342,\n        -0.04862382],\n       [ 2.75286926,  5.40126996,  4.87127073,  1.09264275,  6.84507342,\n        -0.04862382],\n       [ 2.75286926,  5.40126996,  4.87127073,  1.09264275,  6.84507342,\n        -0.04862382],\n       [ 2.75286926,  5.40126996,  4.87127073,  1.09264275,  6.84507342,\n        -0.04862382]]), array([0.05659615, 0.05659615, 0.05659615, 0.05659615, 0.05659615,\n       0.05659615, 0.05659615]))", "callback": [0.2973943772001859, 0.21219342360433147, 0.13381313756613578, 0.09172428012159306, 0.08947460353844694, 0.08479620525548337, 0.08148187231731341, 0.06805128183049103, 0.05969113615466415, 0.05764747487606936, 0.0570424374823707, 0.05680736799946451, 0.056755206012032766, 0.05668699882742656, 0.0566168184728878, 0.05660344588300137, 0.05659788731837345, 0.05659632613757459, 0.05659625514728517, 0.05659620513876851, 0.05659615934709783, 0.05659614878492447, 0.05659614807520874, 0.05659614797315449, 0.05659614789355638, 0.05659614784459488, 0.05659614784008937, 0.05659614783907729, 0.05659614783883793, 0.05659614783879052, 0.056596147838771316, 0.056596147838766986, 0.05659614783876621, 0.056596147838765765, 0.056596147838765765, 0.056596147838765654, 0.056596147838765654]}, "6": {"maxiter": 500, "fatol": 1e-10, "xatol": 1e-05, "duration": 0.15639805793762207, "fun": "0.05659614784037503", "nit": "260", "nfev": "415", "status": "0", "success": "True", "message": "Optimization terminated successfully.", "x": "[ 2.75286982  5.4012731   4.87127377  1.09263992  6.84507529 -0.0486258 ]", "final_simplex": "(array([[ 2.75286982,  5.4012731 ,  4.87127377,  1.09263992,  6.84507529,\n        -0.0486258 ],\n       [ 2.75286923,  5.40126726,  4.87126926,  1.09264535,  6.84507242,\n        -0.0486254 ],\n       [ 2.75286743,  5.40126999,  4.87126961,  1.09264381,  6.84507281,\n        -0.0486198 ],\n       [ 2.7528663 ,  5.40127022,  4.8712774 ,  1.09264466,  6.84507305,\n        -0.04862494],\n       [ 2.75286176,  5.4012666 ,  4.87127146,  1.09264493,  6.84507732,\n        -0.04862242],\n       [ 2.75287154,  5.40128036,  4.87127584,  1.09264119,  6.8450719 ,\n        -0.04862534],\n       [ 2.75287314,  5.40127498,  4.87126868,  1.09264296,  6.84507707,\n        -0.04862957]]), array([0.05659615, 0.05659615, 0.05659615, 0.05659615, 0.05659615,\n       0.05659615, 0.05659615]))", "callback": [0.2973943772001859, 0.21219342360433147, 0.13381313756613578, 0.09172428012159306, 0.08947460353844694, 0.08479620525548337, 0.08148187231731341, 0.06805128183049103, 0.05969113615466415, 0.05764747487606936, 0.0570424374823707, 0.05680736799946451, 0.056755206012032766, 0.05668699882742656, 0.0566168184728878, 0.05660344588300137, 0.05659788731837345, 0.05659632613757459, 0.05659625514728517, 0.05659620513876851, 0.05659615934709783, 0.05659614878492447, 0.05659614807520874, 0.05659614797315449, 0.05659614789355638, 0.05659614784459488]}, "7": {"maxiter": 500, "fatol": 1e-10, "xatol": 1e-10, "duration": 0.22318482398986816, "fun": "0.056596147838765654", "nit": "366", "nfev": "653", "status": "0", "success": "True", "message": "Optimization terminated successfully.", "x": "[ 2.75286926  5.40126996  4.87127073  1.09264275  6.84507342 -0.04862382]", "final_simplex": "(array([[ 2.75286926,  5.40126996,  4.87127073,  1.09264275,  6.84507342,\n        -0.04862382],\n       [ 2.75286926,  5.40126996,  4.87127073,  1.09264275,  6.84507342,\n        -0.04862382],\n       [ 2.75286926,  5.40126996,  4.87127073,  1.09264275,  6.84507342,\n        -0.04862382],\n       [ 2.75286926,  5.40126996,  4.87127073,  1.09264275,  6.84507342,\n        -0.04862382],\n       [ 2.75286926,  5.40126996,  4.87127073,  1.09264275,  6.84507342,\n        -0.04862382],\n       [ 2.75286926,  5.40126996,  4.87127073,  1.09264275,  6.84507342,\n        -0.04862382],\n       [ 2.75286926,  5.40126996,  4.87127073,  1.09264275,  6.84507342,\n        -0.04862382]]), array([0.05659615, 0.05659615, 0.05659615, 0.05659615, 0.05659615,\n       0.05659615, 0.05659615]))", "callback": [0.2973943772001859, 0.21219342360433147, 0.13381313756613578, 0.09172428012159306, 0.08947460353844694, 0.08479620525548337, 0.08148187231731341, 0.06805128183049103, 0.05969113615466415, 0.05764747487606936, 0.0570424374823707, 0.05680736799946451, 0.056755206012032766, 0.05668699882742656, 0.0566168184728878, 0.05660344588300137, 0.05659788731837345, 0.05659632613757459, 0.05659625514728517, 0.05659620513876851, 0.05659615934709783, 0.05659614878492447, 0.05659614807520874, 0.05659614797315449, 0.05659614789355638, 0.05659614784459488, 0.05659614784008937, 0.05659614783907729, 0.05659614783883793, 0.05659614783879052, 0.056596147838771316, 0.056596147838766986, 0.05659614783876621, 0.056596147838765765, 0.056596147838765765, 0.056596147838765654, 0.056596147838765654]}, "8": {"maxiter": 1000, "fatol": 1e-05, "xatol": 1e-05, "duration": 0.15866875648498535, "fun": "0.05659614784037503", "nit": "260", "nfev": "415", "status": "0", "success": "True", "message": "Optimization terminated successfully.", "x": "[ 2.75286982  5.4012731   4.87127377  1.09263992  6.84507529 -0.0486258 ]", "final_simplex": "(array([[ 2.75286982,  5.4012731 ,  4.87127377,  1.09263992,  6.84507529,\n        -0.0486258 ],\n       [ 2.75286923,  5.40126726,  4.87126926,  1.09264535,  6.84507242,\n        -0.0486254 ],\n       [ 2.75286743,  5.40126999,  4.87126961,  1.09264381,  6.84507281,\n        -0.0486198 ],\n       [ 2.7528663 ,  5.40127022,  4.8712774 ,  1.09264466,  6.84507305,\n        -0.04862494],\n       [ 2.75286176,  5.4012666 ,  4.87127146,  1.09264493,  6.84507732,\n        -0.04862242],\n       [ 2.75287154,  5.40128036,  4.87127584,  1.09264119,  6.8450719 ,\n        -0.04862534],\n       [ 2.75287314,  5.40127498,  4.87126868,  1.09264296,  6.84507707,\n        -0.04862957]]), array([0.05659615, 0.05659615, 0.05659615, 0.05659615, 0.05659615,\n       0.05659615, 0.05659615]))", "callback": [0.2973943772001859, 0.21219342360433147, 0.13381313756613578, 0.09172428012159306, 0.08947460353844694, 0.08479620525548337, 0.08148187231731341, 0.06805128183049103, 0.05969113615466415, 0.05764747487606936, 0.0570424374823707, 0.05680736799946451, 0.056755206012032766, 0.05668699882742656, 0.0566168184728878, 0.05660344588300137, 0.05659788731837345, 0.05659632613757459, 0.05659625514728517, 0.05659620513876851, 0.05659615934709783, 0.05659614878492447, 0.05659614807520874, 0.05659614797315449, 0.05659614789355638, 0.05659614784459488]}, "9": {"maxiter": 1000, "fatol": 1e-05, "xatol": 1e-10, "duration": 0.26113295555114746, "fun": "0.056596147838765654", "nit": "366", "nfev": "653", "status": "0", "success": "True", "message": "Optimization terminated successfully.", "x": "[ 2.75286926  5.40126996  4.87127073  1.09264275  6.84507342 -0.04862382]", "final_simplex": "(array([[ 2.75286926,  5.40126996,  4.87127073,  1.09264275,  6.84507342,\n        -0.04862382],\n       [ 2.75286926,  5.40126996,  4.87127073,  1.09264275,  6.84507342,\n        -0.04862382],\n       [ 2.75286926,  5.40126996,  4.87127073,  1.09264275,  6.84507342,\n        -0.04862382],\n       [ 2.75286926,  5.40126996,  4.87127073,  1.09264275,  6.84507342,\n        -0.04862382],\n       [ 2.75286926,  5.40126996,  4.87127073,  1.09264275,  6.84507342,\n        -0.04862382],\n       [ 2.75286926,  5.40126996,  4.87127073,  1.09264275,  6.84507342,\n        -0.04862382],\n       [ 2.75286926,  5.40126996,  4.87127073,  1.09264275,  6.84507342,\n        -0.04862382]]), array([0.05659615, 0.05659615, 0.05659615, 0.05659615, 0.05659615,\n       0.05659615, 0.05659615]))", "callback": [0.2973943772001859, 0.21219342360433147, 0.13381313756613578, 0.09172428012159306, 0.08947460353844694, 0.08479620525548337, 0.08148187231731341, 0.06805128183049103, 0.05969113615466415, 0.05764747487606936, 0.0570424374823707, 0.05680736799946451, 0.056755206012032766, 0.05668699882742656, 0.0566168184728878, 0.05660344588300137, 0.05659788731837345, 0.05659632613757459, 0.05659625514728517, 0.05659620513876851, 0.05659615934709783, 0.05659614878492447, 0.05659614807520874, 0.05659614797315449, 0.05659614789355638, 0.05659614784459488, 0.05659614784008937, 0.05659614783907729, 0.05659614783883793, 0.05659614783879052, 0.056596147838771316, 0.056596147838766986, 0.05659614783876621, 0.056596147838765765, 0.056596147838765765, 0.056596147838765654, 0.056596147838765654]}, "10": {"maxiter": 1000, "fatol": 1e-10, "xatol": 1e-05, "duration": 0.14335393905639648, "fun": "0.05659614784037503", "nit": "260", "nfev": "415", "status": "0", "success": "True", "message": "Optimization terminated successfully.", "x": "[ 2.75286982  5.4012731   4.87127377  1.09263992  6.84507529 -0.0486258 ]", "final_simplex": "(array([[ 2.75286982,  5.4012731 ,  4.87127377,  1.09263992,  6.84507529,\n        -0.0486258 ],\n       [ 2.75286923,  5.40126726,  4.87126926,  1.09264535,  6.84507242,\n        -0.0486254 ],\n       [ 2.75286743,  5.40126999,  4.87126961,  1.09264381,  6.84507281,\n        -0.0486198 ],\n       [ 2.7528663 ,  5.40127022,  4.8712774 ,  1.09264466,  6.84507305,\n        -0.04862494],\n       [ 2.75286176,  5.4012666 ,  4.87127146,  1.09264493,  6.84507732,\n        -0.04862242],\n       [ 2.75287154,  5.40128036,  4.87127584,  1.09264119,  6.8450719 ,\n        -0.04862534],\n       [ 2.75287314,  5.40127498,  4.87126868,  1.09264296,  6.84507707,\n        -0.04862957]]), array([0.05659615, 0.05659615, 0.05659615, 0.05659615, 0.05659615,\n       0.05659615, 0.05659615]))", "callback": [0.2973943772001859, 0.21219342360433147, 0.13381313756613578, 0.09172428012159306, 0.08947460353844694, 0.08479620525548337, 0.08148187231731341, 0.06805128183049103, 0.05969113615466415, 0.05764747487606936, 0.0570424374823707, 0.05680736799946451, 0.056755206012032766, 0.05668699882742656, 0.0566168184728878, 0.05660344588300137, 0.05659788731837345, 0.05659632613757459, 0.05659625514728517, 0.05659620513876851, 0.05659615934709783, 0.05659614878492447, 0.05659614807520874, 0.05659614797315449, 0.05659614789355638, 0.05659614784459488]}, "11": {"maxiter": 1000, "fatol": 1e-10, "xatol": 1e-10, "duration": 0.23421382904052734, "fun": "0.056596147838765654", "nit": "366", "nfev": "653", "status": "0", "success": "True", "message": "Optimization terminated successfully.", "x": "[ 2.75286926  5.40126996  4.87127073  1.09264275  6.84507342 -0.04862382]", "final_simplex": "(array([[ 2.75286926,  5.40126996,  4.87127073,  1.09264275,  6.84507342,\n        -0.04862382],\n       [ 2.75286926,  5.40126996,  4.87127073,  1.09264275,  6.84507342,\n        -0.04862382],\n       [ 2.75286926,  5.40126996,  4.87127073,  1.09264275,  6.84507342,\n        -0.04862382],\n       [ 2.75286926,  5.40126996,  4.87127073,  1.09264275,  6.84507342,\n        -0.04862382],\n       [ 2.75286926,  5.40126996,  4.87127073,  1.09264275,  6.84507342,\n        -0.04862382],\n       [ 2.75286926,  5.40126996,  4.87127073,  1.09264275,  6.84507342,\n        -0.04862382],\n       [ 2.75286926,  5.40126996,  4.87127073,  1.09264275,  6.84507342,\n        -0.04862382]]), array([0.05659615, 0.05659615, 0.05659615, 0.05659615, 0.05659615,\n       0.05659615, 0.05659615]))", "callback": [0.2973943772001859, 0.21219342360433147, 0.13381313756613578, 0.09172428012159306, 0.08947460353844694, 0.08479620525548337, 0.08148187231731341, 0.06805128183049103, 0.05969113615466415, 0.05764747487606936, 0.0570424374823707, 0.05680736799946451, 0.056755206012032766, 0.05668699882742656, 0.0566168184728878, 0.05660344588300137, 0.05659788731837345, 0.05659632613757459, 0.05659625514728517, 0.05659620513876851, 0.05659615934709783, 0.05659614878492447, 0.05659614807520874, 0.05659614797315449, 0.05659614789355638, 0.05659614784459488, 0.05659614784008937, 0.05659614783907729, 0.05659614783883793, 0.05659614783879052, 0.056596147838771316, 0.056596147838766986, 0.05659614783876621, 0.056596147838765765, 0.056596147838765765, 0.056596147838765654, 0.056596147838765654]}}, "bfgs": {"type": "gradient", "0": {"maxiter": 100, "gtol": 1e-05, "xrtol": 1e-05, "eps": 1e-05, "duration": 0.05849409103393555, "fun": "0.05659614786175182", "jac": "[ 1.41131551e-07  4.98934227e-08  2.55371280e-06  3.86468635e-07\n  2.49346099e-06 -4.71933603e-07]", "hess_inv": "[[ 5.20532392 -0.27131288 -4.37623474 -3.92356724  2.1292897  -5.4314854 ]\n [-0.27131288  2.77428729 -0.09412688 -3.07335186 -0.32332164  0.32935837]\n [-4.37623474 -0.09412688  8.20801992  6.46271757 -6.31880424  9.13161726]\n [-3.92356724 -3.07335186  6.46271757 14.08951786 -4.63001124  9.00279588]\n [ 2.1292897  -0.32332164 -6.31880424 -4.63001124  8.81875372 -8.96894803]\n [-5.4314854   0.32935837  9.13161726  9.00279588 -8.96894803 14.04743167]]", "nfev": "140", "njev": "20", "status": "0", "success": "True", "message": "Optimization terminated successfully.", "x": "[ 2.9259467   5.03884953  4.22482814  0.76123058  6.80726734 -0.1634945 ]", "nit": "19", "callback": [0.23883966163264003, 0.1490308633103138, 0.11937388787088898, 0.08430151183701806, 0.08099335428864751, 0.07788266051741266, 0.07319526477232796, 0.06711541375900931, 0.06309835122402685, 0.058038441701040666, 0.057411671855336355, 0.057285067359636344, 0.05710527782380681, 0.05688465234350604, 0.05668824010556994, 0.05661016991565104, 0.0565962492832468, 0.0565961483396068, 0.05659614786175182]}, "1": {"maxiter": 100, "gtol": 1e-05, "xrtol": 1e-05, "eps": 1e-10, "duration": 0.05042910575866699, "fun": "0.056596147982310274", "jac": "[-3.33066880e-06 -4.44089173e-06  0.00000000e+00  0.00000000e+00\n  4.44089173e-06 -3.33066880e-06]", "hess_inv": "[[ 5.23637758 -0.26124536 -4.33724796 -3.91065282  2.00478773 -5.33909572]\n [-0.26124536  2.73438371 -0.12671141 -2.99626482 -0.24173484  0.28649166]\n [-4.33724796 -0.12671141  8.17993287  6.52959996 -6.27965409  9.1037975 ]\n [-3.91065282 -2.99626482  6.52959996 13.94145007 -4.8298511   9.09780024]\n [ 2.00478773 -0.24173484 -6.27965409 -4.8298511   8.81750829 -8.98413658]\n [-5.33909572  0.28649166  9.1037975   9.09780024 -8.98413658 14.04612134]]", "nfev": "140", "njev": "20", "status": "0", "success": "True", "message": "Optimization terminated successfully.", "x": "[ 2.92591326  5.03895025  4.22498669  0.7613138   6.80728467 -0.1634627 ]", "nit": "19", "callback": [0.23884013322959086, 0.1490310672202203, 0.11937296493818628, 0.08430152267975022, 0.08099384779554197, 0.07788264174424309, 0.07319780954048927, 0.06711594827124168, 0.06310032047071057, 0.05804020894208217, 0.05741211661498791, 0.05728531484212751, 0.057105048264305625, 0.05688421246542308, 0.05668845278480683, 0.05661006342040242, 0.05659625579414851, 0.056596148697043214, 0.056596147982310274]}, "2": {"maxiter": 100, "gtol": 1e-05, "xrtol": 1e-10, "eps": 1e-05, "duration": 0.05738067626953125, "fun": "0.05659614786175182", "jac": "[ 1.41131551e-07  4.98934227e-08  2.55371280e-06  3.86468635e-07\n  2.49346099e-06 -4.71933603e-07]", "hess_inv": "[[ 5.20532392 -0.27131288 -4.37623474 -3.92356724  2.1292897  -5.4314854 ]\n [-0.27131288  2.77428729 -0.09412688 -3.07335186 -0.32332164  0.32935837]\n [-4.37623474 -0.09412688  8.20801992  6.46271757 -6.31880424  9.13161726]\n [-3.92356724 -3.07335186  6.46271757 14.08951786 -4.63001124  9.00279588]\n [ 2.1292897  -0.32332164 -6.31880424 -4.63001124  8.81875372 -8.96894803]\n [-5.4314854   0.32935837  9.13161726  9.00279588 -8.96894803 14.04743167]]", "nfev": "140", "njev": "20", "status": "0", "success": "True", "message": "Optimization terminated successfully.", "x": "[ 2.9259467   5.03884953  4.22482814  0.76123058  6.80726734 -0.1634945 ]", "nit": "19", "callback": [0.23883966163264003, 0.1490308633103138, 0.11937388787088898, 0.08430151183701806, 0.08099335428864751, 0.07788266051741266, 0.07319526477232796, 0.06711541375900931, 0.06309835122402685, 0.058038441701040666, 0.057411671855336355, 0.057285067359636344, 0.05710527782380681, 0.05688465234350604, 0.05668824010556994, 0.05661016991565104, 0.0565962492832468, 0.0565961483396068, 0.05659614786175182]}, "3": {"maxiter": 100, "gtol": 1e-05, "xrtol": 1e-10, "eps": 1e-10, "duration": 0.049253225326538086, "fun": "0.056596147982310274", "jac": "[-3.33066880e-06 -4.44089173e-06  0.00000000e+00  0.00000000e+00\n  4.44089173e-06 -3.33066880e-06]", "hess_inv": "[[ 5.23637758 -0.26124536 -4.33724796 -3.91065282  2.00478773 -5.33909572]\n [-0.26124536  2.73438371 -0.12671141 -2.99626482 -0.24173484  0.28649166]\n [-4.33724796 -0.12671141  8.17993287  6.52959996 -6.27965409  9.1037975 ]\n [-3.91065282 -2.99626482  6.52959996 13.94145007 -4.8298511   9.09780024]\n [ 2.00478773 -0.24173484 -6.27965409 -4.8298511   8.81750829 -8.98413658]\n [-5.33909572  0.28649166  9.1037975   9.09780024 -8.98413658 14.04612134]]", "nfev": "140", "njev": "20", "status": "0", "success": "True", "message": "Optimization terminated successfully.", "x": "[ 2.92591326  5.03895025  4.22498669  0.7613138   6.80728467 -0.1634627 ]", "nit": "19", "callback": [0.23884013322959086, 0.1490310672202203, 0.11937296493818628, 0.08430152267975022, 0.08099384779554197, 0.07788264174424309, 0.07319780954048927, 0.06711594827124168, 0.06310032047071057, 0.05804020894208217, 0.05741211661498791, 0.05728531484212751, 0.057105048264305625, 0.05688421246542308, 0.05668845278480683, 0.05661006342040242, 0.05659625579414851, 0.056596148697043214, 0.056596147982310274]}, "4": {"maxiter": 100, "gtol": 1e-10, "xrtol": 1e-05, "eps": 1e-05, "duration": 0.05390596389770508, "fun": "0.05659614785991118", "jac": "[ 8.72291128e-07  1.81965554e-06  1.47531987e-06  2.42150744e-07\n -1.60094160e-07 -6.15618667e-07]", "hess_inv": "[[ 5.41679736 -0.13730271 -4.64040887 -4.37363853  1.98701081 -5.59971332]\n [-0.13730271  2.85709627 -0.2453929  -3.33606253 -0.45350348  0.26539407]\n [-4.64040887 -0.2453929   8.41473203  6.85308603 -5.83535665  9.01603372]\n [-4.37363853 -3.33606253  6.85308603 14.80782547 -3.90106913  8.90678354]\n [ 1.98701081 -0.45350348 -5.83535665 -3.90106913  8.15646854 -8.04810691]\n [-5.59971332  0.26539407  9.01603372  8.90678354 -8.04810691 13.32070052]]", "nfev": "147", "njev": "21", "status": "0", "success": "True", "message": "Optimization terminated successfully.", "x": "[ 2.92595188  5.03885258  4.22482347  0.76122207  6.80725936 -0.16349384]", "nit": "20", "callback": [0.23883966163264003, 0.1490308633103138, 0.11937388787088898, 0.08430151183701806, 0.08099335428864751, 0.07788266051741266, 0.07319526477232796, 0.06711541375900931, 0.06309835122402685, 0.058038441701040666, 0.057411671855336355, 0.057285067359636344, 0.05710527782380681, 0.05688465234350604, 0.05668824010556994, 0.05661016991565104, 0.0565962492832468, 0.0565961483396068, 0.05659614786175182, 0.05659614785991118]}, "5": {"maxiter": 100, "gtol": 1e-10, "xrtol": 1e-05, "eps": 1e-10, "duration": 0.05360698699951172, "fun": "0.05659614790342915", "jac": "[ 0.00000000e+00  0.00000000e+00 -1.11022293e-06  0.00000000e+00\n  2.22044587e-06  5.55111466e-06]", "hess_inv": "[[ 5.20032914 -0.03853585 -4.04432239 -3.86170095  1.45001419 -4.81223041]\n [-0.03853585  2.88130798 -0.70128008 -3.63589875  0.29863702 -0.52198957]\n [-4.04432239 -0.70128008  6.80145365  5.85832117 -4.11325957  6.80687832]\n [-3.86170095 -3.63589875  5.85832117 13.9496445  -3.43720953  7.84060394]\n [ 1.45001419  0.29863702 -4.11325957 -3.43720953  5.75311437 -5.51407089]\n [-4.81223041 -0.52198957  6.80687832  7.84060394 -5.51407089 10.27621418]]", "nfev": "147", "njev": "21", "status": "0", "success": "True", "message": "Optimization terminated successfully.", "x": "[ 2.92590795  5.03895985  4.22501105  0.76132617  6.80724691 -0.16342233]", "nit": "20", "callback": [0.23884013322959086, 0.1490310672202203, 0.11937296493818628, 0.08430152267975022, 0.08099384779554197, 0.07788264174424309, 0.07319780954048927, 0.06711594827124168, 0.06310032047071057, 0.05804020894208217, 0.05741211661498791, 0.05728531484212751, 0.057105048264305625, 0.05688421246542308, 0.05668845278480683, 0.05661006342040242, 0.05659625579414851, 0.056596148697043214, 0.056596147982310274, 0.05659614790342915]}, "6": {"maxiter": 100, "gtol": 1e-10, "xrtol": 1e-10, "eps": 1e-05, "duration": 0.1563129425048828, "fun": "0.05659614785991118", "jac": "[ 8.72291128e-07  1.81965554e-06  1.47531987e-06  2.42150744e-07\n -1.60094160e-07 -6.15618667e-07]", "hess_inv": "[[ 5.78420893 -0.48834817 -5.63696066 -4.75773492  2.19624349 -6.14633864]\n [-0.48834817  2.3173172  -0.32117934 -2.63138886  0.54260215 -0.12866013]\n [-5.63696066 -0.32117934  9.91036636  8.29152131 -4.99809285  9.42240558]\n [-4.75773492 -2.63138886  8.29152131 15.0790697  -4.58128096  9.83179352]\n [ 2.19624349  0.54260215 -4.99809285 -4.58128096  6.64116115 -7.10715421]\n [-6.14633864 -0.12866013  9.42240558  9.83179352 -7.10715421 13.17454776]]", "nfev": "432", "njev": "60", "status": "2", "success": "False", "message": "Desired error not necessarily achieved due to precision loss.", "x": "[ 2.92595188  5.03885258  4.22482347  0.76122207  6.80725936 -0.16349384]", "nit": "20", "callback": [0.23883966163264003, 0.1490308633103138, 0.11937388787088898, 0.08430151183701806, 0.08099335428864751, 0.07788266051741266, 0.07319526477232796, 0.06711541375900931, 0.06309835122402685, 0.058038441701040666, 0.057411671855336355, 0.057285067359636344, 0.05710527782380681, 0.05688465234350604, 0.05668824010556994, 0.05661016991565104, 0.0565962492832468, 0.0565961483396068, 0.05659614786175182, 0.05659614785991118]}, "7": {"maxiter": 100, "gtol": 1e-10, "xrtol": 1e-10, "eps": 1e-10, "duration": 0.09254002571105957, "fun": "0.0565961478492627", "jac": "[ 2.22044587e-06  2.22044587e-06 -1.11022293e-06  0.00000000e+00\n  2.22044587e-06  2.22044587e-06]", "hess_inv": "[[  5.52975164  -3.26230744  -8.08440017   2.04878218  11.06230956\n  -10.54260053]\n [ -3.26230744   4.41815082   4.09851879  -4.79507357  -5.69820539\n    5.13001493]\n [ -8.08440017   4.09851879  16.01643438  -1.43946692 -19.86418688\n   18.22653973]\n [  2.04878218  -4.79507357  -1.43946692  11.56539412   3.34655466\n   -1.36700515]\n [ 11.06230956  -5.69820539 -19.86418688   3.34655466  27.52717306\n  -24.08962796]\n [-10.54260053   5.13001493  18.22653973  -1.36700515 -24.08962796\n   23.57418564]]", "nfev": "224", "njev": "32", "status": "0", "success": "True", "message": "Optimization terminated successfully.", "x": "[ 2.92592125  5.03896128  4.22499795  0.76130887  6.8072542  -0.16344545]", "nit": "23", "callback": [0.23884013322959086, 0.1490310672202203, 0.11937296493818628, 0.08430152267975022, 0.08099384779554197, 0.07788264174424309, 0.07319780954048927, 0.06711594827124168, 0.06310032047071057, 0.05804020894208217, 0.05741211661498791, 0.05728531484212751, 0.057105048264305625, 0.05688421246542308, 0.05668845278480683, 0.05661006342040242, 0.05659625579414851, 0.056596148697043214, 0.056596147982310274, 0.05659614790342915, 0.05659614785105127, 0.05659614784926281, 0.0565961478492627]}, "8": {"maxiter": 500, "gtol": 1e-05, "xrtol": 1e-05, "eps": 1e-05, "duration": 0.05806398391723633, "fun": "0.05659614786175182", "jac": "[ 1.41131551e-07  4.98934227e-08  2.55371280e-06  3.86468635e-07\n  2.49346099e-06 -4.71933603e-07]", "hess_inv": "[[ 5.20532392 -0.27131288 -4.37623474 -3.92356724  2.1292897  -5.4314854 ]\n [-0.27131288  2.77428729 -0.09412688 -3.07335186 -0.32332164  0.32935837]\n [-4.37623474 -0.09412688  8.20801992  6.46271757 -6.31880424  9.13161726]\n [-3.92356724 -3.07335186  6.46271757 14.08951786 -4.63001124  9.00279588]\n [ 2.1292897  -0.32332164 -6.31880424 -4.63001124  8.81875372 -8.96894803]\n [-5.4314854   0.32935837  9.13161726  9.00279588 -8.96894803 14.04743167]]", "nfev": "140", "njev": "20", "status": "0", "success": "True", "message": "Optimization terminated successfully.", "x": "[ 2.9259467   5.03884953  4.22482814  0.76123058  6.80726734 -0.1634945 ]", "nit": "19", "callback": [0.23883966163264003, 0.1490308633103138, 0.11937388787088898, 0.08430151183701806, 0.08099335428864751, 0.07788266051741266, 0.07319526477232796, 0.06711541375900931, 0.06309835122402685, 0.058038441701040666, 0.057411671855336355, 0.057285067359636344, 0.05710527782380681, 0.05688465234350604, 0.05668824010556994, 0.05661016991565104, 0.0565962492832468, 0.0565961483396068, 0.05659614786175182]}, "9": {"maxiter": 500, "gtol": 1e-05, "xrtol": 1e-05, "eps": 1e-10, "duration": 0.04654121398925781, "fun": "0.056596147982310274", "jac": "[-3.33066880e-06 -4.44089173e-06  0.00000000e+00  0.00000000e+00\n  4.44089173e-06 -3.33066880e-06]", "hess_inv": "[[ 5.23637758 -0.26124536 -4.33724796 -3.91065282  2.00478773 -5.33909572]\n [-0.26124536  2.73438371 -0.12671141 -2.99626482 -0.24173484  0.28649166]\n [-4.33724796 -0.12671141  8.17993287  6.52959996 -6.27965409  9.1037975 ]\n [-3.91065282 -2.99626482  6.52959996 13.94145007 -4.8298511   9.09780024]\n [ 2.00478773 -0.24173484 -6.27965409 -4.8298511   8.81750829 -8.98413658]\n [-5.33909572  0.28649166  9.1037975   9.09780024 -8.98413658 14.04612134]]", "nfev": "140", "njev": "20", "status": "0", "success": "True", "message": "Optimization terminated successfully.", "x": "[ 2.92591326  5.03895025  4.22498669  0.7613138   6.80728467 -0.1634627 ]", "nit": "19", "callback": [0.23884013322959086, 0.1490310672202203, 0.11937296493818628, 0.08430152267975022, 0.08099384779554197, 0.07788264174424309, 0.07319780954048927, 0.06711594827124168, 0.06310032047071057, 0.05804020894208217, 0.05741211661498791, 0.05728531484212751, 0.057105048264305625, 0.05688421246542308, 0.05668845278480683, 0.05661006342040242, 0.05659625579414851, 0.056596148697043214, 0.056596147982310274]}, "10": {"maxiter": 500, "gtol": 1e-05, "xrtol": 1e-10, "eps": 1e-05, "duration": 0.05574822425842285, "fun": "0.05659614786175182", "jac": "[ 1.41131551e-07  4.98934227e-08  2.55371280e-06  3.86468635e-07\n  2.49346099e-06 -4.71933603e-07]", "hess_inv": "[[ 5.20532392 -0.27131288 -4.37623474 -3.92356724  2.1292897  -5.4314854 ]\n [-0.27131288  2.77428729 -0.09412688 -3.07335186 -0.32332164  0.32935837]\n [-4.37623474 -0.09412688  8.20801992  6.46271757 -6.31880424  9.13161726]\n [-3.92356724 -3.07335186  6.46271757 14.08951786 -4.63001124  9.00279588]\n [ 2.1292897  -0.32332164 -6.31880424 -4.63001124  8.81875372 -8.96894803]\n [-5.4314854   0.32935837  9.13161726  9.00279588 -8.96894803 14.04743167]]", "nfev": "140", "njev": "20", "status": "0", "success": "True", "message": "Optimization terminated successfully.", "x": "[ 2.9259467   5.03884953  4.22482814  0.76123058  6.80726734 -0.1634945 ]", "nit": "19", "callback": [0.23883966163264003, 0.1490308633103138, 0.11937388787088898, 0.08430151183701806, 0.08099335428864751, 0.07788266051741266, 0.07319526477232796, 0.06711541375900931, 0.06309835122402685, 0.058038441701040666, 0.057411671855336355, 0.057285067359636344, 0.05710527782380681, 0.05688465234350604, 0.05668824010556994, 0.05661016991565104, 0.0565962492832468, 0.0565961483396068, 0.05659614786175182]}, "11": {"maxiter": 500, "gtol": 1e-05, "xrtol": 1e-10, "eps": 1e-10, "duration": 0.05898094177246094, "fun": "0.056596147982310274", "jac": "[-3.33066880e-06 -4.44089173e-06  0.00000000e+00  0.00000000e+00\n  4.44089173e-06 -3.33066880e-06]", "hess_inv": "[[ 5.23637758 -0.26124536 -4.33724796 -3.91065282  2.00478773 -5.33909572]\n [-0.26124536  2.73438371 -0.12671141 -2.99626482 -0.24173484  0.28649166]\n [-4.33724796 -0.12671141  8.17993287  6.52959996 -6.27965409  9.1037975 ]\n [-3.91065282 -2.99626482  6.52959996 13.94145007 -4.8298511   9.09780024]\n [ 2.00478773 -0.24173484 -6.27965409 -4.8298511   8.81750829 -8.98413658]\n [-5.33909572  0.28649166  9.1037975   9.09780024 -8.98413658 14.04612134]]", "nfev": "140", "njev": "20", "status": "0", "success": "True", "message": "Optimization terminated successfully.", "x": "[ 2.92591326  5.03895025  4.22498669  0.7613138   6.80728467 -0.1634627 ]", "nit": "19", "callback": [0.23884013322959086, 0.1490310672202203, 0.11937296493818628, 0.08430152267975022, 0.08099384779554197, 0.07788264174424309, 0.07319780954048927, 0.06711594827124168, 0.06310032047071057, 0.05804020894208217, 0.05741211661498791, 0.05728531484212751, 0.057105048264305625, 0.05688421246542308, 0.05668845278480683, 0.05661006342040242, 0.05659625579414851, 0.056596148697043214, 0.056596147982310274]}, "12": {"maxiter": 500, "gtol": 1e-10, "xrtol": 1e-05, "eps": 1e-05, "duration": 0.05721116065979004, "fun": "0.05659614785991118", "jac": "[ 8.72291128e-07  1.81965554e-06  1.47531987e-06  2.42150744e-07\n -1.60094160e-07 -6.15618667e-07]", "hess_inv": "[[ 5.41679736 -0.13730271 -4.64040887 -4.37363853  1.98701081 -5.59971332]\n [-0.13730271  2.85709627 -0.2453929  -3.33606253 -0.45350348  0.26539407]\n [-4.64040887 -0.2453929   8.41473203  6.85308603 -5.83535665  9.01603372]\n [-4.37363853 -3.33606253  6.85308603 14.80782547 -3.90106913  8.90678354]\n [ 1.98701081 -0.45350348 -5.83535665 -3.90106913  8.15646854 -8.04810691]\n [-5.59971332  0.26539407  9.01603372  8.90678354 -8.04810691 13.32070052]]", "nfev": "147", "njev": "21", "status": "0", "success": "True", "message": "Optimization terminated successfully.", "x": "[ 2.92595188  5.03885258  4.22482347  0.76122207  6.80725936 -0.16349384]", "nit": "20", "callback": [0.23883966163264003, 0.1490308633103138, 0.11937388787088898, 0.08430151183701806, 0.08099335428864751, 0.07788266051741266, 0.07319526477232796, 0.06711541375900931, 0.06309835122402685, 0.058038441701040666, 0.057411671855336355, 0.057285067359636344, 0.05710527782380681, 0.05688465234350604, 0.05668824010556994, 0.05661016991565104, 0.0565962492832468, 0.0565961483396068, 0.05659614786175182, 0.05659614785991118]}, "13": {"maxiter": 500, "gtol": 1e-10, "xrtol": 1e-05, "eps": 1e-10, "duration": 0.0566868782043457, "fun": "0.05659614790342915", "jac": "[ 0.00000000e+00  0.00000000e+00 -1.11022293e-06  0.00000000e+00\n  2.22044587e-06  5.55111466e-06]", "hess_inv": "[[ 5.20032914 -0.03853585 -4.04432239 -3.86170095  1.45001419 -4.81223041]\n [-0.03853585  2.88130798 -0.70128008 -3.63589875  0.29863702 -0.52198957]\n [-4.04432239 -0.70128008  6.80145365  5.85832117 -4.11325957  6.80687832]\n [-3.86170095 -3.63589875  5.85832117 13.9496445  -3.43720953  7.84060394]\n [ 1.45001419  0.29863702 -4.11325957 -3.43720953  5.75311437 -5.51407089]\n [-4.81223041 -0.52198957  6.80687832  7.84060394 -5.51407089 10.27621418]]", "nfev": "147", "njev": "21", "status": "0", "success": "True", "message": "Optimization terminated successfully.", "x": "[ 2.92590795  5.03895985  4.22501105  0.76132617  6.80724691 -0.16342233]", "nit": "20", "callback": [0.23884013322959086, 0.1490310672202203, 0.11937296493818628, 0.08430152267975022, 0.08099384779554197, 0.07788264174424309, 0.07319780954048927, 0.06711594827124168, 0.06310032047071057, 0.05804020894208217, 0.05741211661498791, 0.05728531484212751, 0.057105048264305625, 0.05688421246542308, 0.05668845278480683, 0.05661006342040242, 0.05659625579414851, 0.056596148697043214, 0.056596147982310274, 0.05659614790342915]}, "14": {"maxiter": 500, "gtol": 1e-10, "xrtol": 1e-10, "eps": 1e-05, "duration": 0.16353106498718262, "fun": "0.05659614785991118", "jac": "[ 8.72291128e-07  1.819655