{"date": "2024/10/08/, 14:09:51", "conf_id": 3, "data_type": "random\n", "num_data_points": 1, "s_rank": 0, "unitary": "[[-0.53618537-0.34368723j,-0.12107031-0.46226139j,-0.07699282-0.46603512j,0.36022595-0.11472301j],[0.26026499-0.63450712j,-0.56616638+0.37832564j,-0.14988651+0.08458591j,0.10363514-0.16008501j],[-0.32580188-0.11070003j,-0.36476308-0.23593218j,0.02559343+0.41761608j,-0.25598305+0.6725303j],[0.07406738-0.0126433j,0.28513701+0.19483972j,-0.74939717-0.10299659j,0.29798249+0.46269921j]]", "databatch_0": {"databatch": "[[[0.06318202-0.11875141j,-0.09598484+0.10659092j,0.20844971+0.08357694j,-0.23608642+0.01980526j],[-0.03545851-0.14932089j,-0.00179743+0.16364685j,0.24149981-0.08564091j,-0.18719829+0.19499707j],[-0.01601117-0.27916861j,-0.05538858+0.29299214j,0.46052399-0.07665005j,-0.39797126+0.29013259j],[-0.01037376-0.06809724j,-0.00681803+0.07313637j,0.11117486-0.02943376j,-0.09090355+0.08034647j]]]", "initial param values": "[5.66768182,4.26662273,0.72781501,3.34827739,1.88372544,1.24141182]", "nelder_mead": {"type": "gradient-free", "0": {"maxiter": 100, "fatol": 1e-05, "xatol": 1e-05, "duration": 0.05882096290588379, "fun": "0.002563256081170695", "nit": "100", "nfev": "169", "status": "2", "success": "False", "message": "Maximum number of iterations has been exceeded.", "x": "[4.82136675 5.42394147 0.22359827 4.56694328 2.23547014 0.97266125]", "final_simplex": "(array([[4.82136675, 5.42394147, 0.22359827, 4.56694328, 2.23547014,\n        0.97266125],\n       [4.82241145, 5.42660667, 0.22692948, 4.56453197, 2.23141583,\n        0.97061072],\n       [4.82195519, 5.42917917, 0.22330899, 4.56649696, 2.23345423,\n        0.97168559],\n       [4.82314046, 5.42929106, 0.22639617, 4.56278145, 2.23011936,\n        0.97054375],\n       [4.8270753 , 5.42418017, 0.22587145, 4.56446189, 2.23377518,\n        0.97074135],\n       [4.81764295, 5.43094598, 0.22620256, 4.5684844 , 2.23119812,\n        0.96850477],\n       [4.82492808, 5.43041204, 0.22550053, 4.56595429, 2.23573228,\n        0.96759695]]), array([0.00256326, 0.00256437, 0.00256711, 0.00256761, 0.00256767,\n       0.002568  , 0.00256921]))", "callback": [0.42451234965454854, 0.10232744336866473, 0.06724022845824407, 0.034310900868416594, 0.020592270146803537, 0.005227822884026456, 0.003592101849343443, 0.002740290425763847, 0.0025926525287272018, 0.0025692105066099646]}, "1": {"maxiter": 100, "fatol": 1e-05, "xatol": 1e-10, "duration": 0.06128525733947754, "fun": "0.002563256081170695", "nit": "100", "nfev": "169", "status": "2", "success": "False", "message": "Maximum number of iterations has been exceeded.", "x": "[4.82136675 5.42394147 0.22359827 4.56694328 2.23547014 0.97266125]", "final_simplex": "(array([[4.82136675, 5.42394147, 0.22359827, 4.56694328, 2.23547014,\n        0.97266125],\n       [4.82241145, 5.42660667, 0.22692948, 4.56453197, 2.23141583,\n        0.97061072],\n       [4.82195519, 5.42917917, 0.22330899, 4.56649696, 2.23345423,\n        0.97168559],\n       [4.82314046, 5.42929106, 0.22639617, 4.56278145, 2.23011936,\n        0.97054375],\n       [4.8270753 , 5.42418017, 0.22587145, 4.56446189, 2.23377518,\n        0.97074135],\n       [4.81764295, 5.43094598, 0.22620256, 4.5684844 , 2.23119812,\n        0.96850477],\n       [4.82492808, 5.43041204, 0.22550053, 4.56595429, 2.23573228,\n        0.96759695]]), array([0.00256326, 0.00256437, 0.00256711, 0.00256761, 0.00256767,\n       0.002568  , 0.00256921]))", "callback": [0.42451234965454854, 0.10232744336866473, 0.06724022845824407, 0.034310900868416594, 0.020592270146803537, 0.005227822884026456, 0.003592101849343443, 0.002740290425763847, 0.0025926525287272018, 0.0025692105066099646]}, "2": {"maxiter": 100, "fatol": 1e-10, "xatol": 1e-05, "duration": 0.04597878456115723, "fun": "0.002563256081170695", "nit": "100", "nfev": "169", "status": "2", "success": "False", "message": "Maximum number of iterations has been exceeded.", "x": "[4.82136675 5.42394147 0.22359827 4.56694328 2.23547014 0.97266125]", "final_simplex": "(array([[4.82136675, 5.42394147, 0.22359827, 4.56694328, 2.23547014,\n        0.97266125],\n       [4.82241145, 5.42660667, 0.22692948, 4.56453197, 2.23141583,\n        0.97061072],\n       [4.82195519, 5.42917917, 0.22330899, 4.56649696, 2.23345423,\n        0.97168559],\n       [4.82314046, 5.42929106, 0.22639617, 4.56278145, 2.23011936,\n        0.97054375],\n       [4.8270753 , 5.42418017, 0.22587145, 4.56446189, 2.23377518,\n        0.97074135],\n       [4.81764295, 5.43094598, 0.22620256, 4.5684844 , 2.23119812,\n        0.96850477],\n       [4.82492808, 5.43041204, 0.22550053, 4.56595429, 2.23573228,\n        0.96759695]]), array([0.00256326, 0.00256437, 0.00256711, 0.00256761, 0.00256767,\n       0.002568  , 0.00256921]))", "callback": [0.42451234965454854, 0.10232744336866473, 0.06724022845824407, 0.034310900868416594, 0.020592270146803537, 0.005227822884026456, 0.003592101849343443, 0.002740290425763847, 0.0025926525287272018, 0.0025692105066099646]}, "3": {"maxiter": 100, "fatol": 1e-10, "xatol": 1e-10, "duration": 0.0504150390625, "fun": "0.002563256081170695", "nit": "100", "nfev": "169", "status": "2", "success": "False", "message": "Maximum number of iterations has been exceeded.", "x": "[4.82136675 5.42394147 0.22359827 4.56694328 2.23547014 0.97266125]", "final_simplex": "(array([[4.82136675, 5.42394147, 0.22359827, 4.56694328, 2.23547014,\n        0.97266125],\n       [4.82241145, 5.42660667, 0.22692948, 4.56453197, 2.23141583,\n        0.97061072],\n       [4.82195519, 5.42917917, 0.22330899, 4.56649696, 2.23345423,\n        0.97168559],\n       [4.82314046, 5.42929106, 0.22639617, 4.56278145, 2.23011936,\n        0.97054375],\n       [4.8270753 , 5.42418017, 0.22587145, 4.56446189, 2.23377518,\n        0.97074135],\n       [4.81764295, 5.43094598, 0.22620256, 4.5684844 , 2.23119812,\n        0.96850477],\n       [4.82492808, 5.43041204, 0.22550053, 4.56595429, 2.23573228,\n        0.96759695]]), array([0.00256326, 0.00256437, 0.00256711, 0.00256761, 0.00256767,\n       0.002568  , 0.00256921]))", "callback": [0.42451234965454854, 0.10232744336866473, 0.06724022845824407, 0.034310900868416594, 0.020592270146803537, 0.005227822884026456, 0.003592101849343443, 0.002740290425763847, 0.0025926525287272018, 0.0025692105066099646]}, "4": {"maxiter": 500, "fatol": 1e-05, "xatol": 1e-05, "duration": 0.09954214096069336, "fun": "0.002554999617907283", "nit": "204", "nfev": "340", "status": "0", "success": "True", "message": "Optimization terminated successfully.", "x": "[4.82202093 5.42002519 0.22512521 4.56642214 2.24006522 0.96999034]", "final_simplex": "(array([[4.82202093, 5.42002519, 0.22512521, 4.56642214, 2.24006522,\n        0.96999034],\n       [4.8220138 , 5.42002945, 0.22513045, 4.56642318, 2.24005699,\n        0.96998962],\n       [4.8220156 , 5.42002681, 0.22512756, 4.56642038, 2.24006322,\n        0.96998817],\n       [4.82202248, 5.42002914, 0.2251271 , 4.56642217, 2.24005973,\n        0.9699892 ],\n       [4.82202083, 5.42003116, 0.22512132, 4.56642026, 2.24006725,\n        0.96999153],\n       [4.82201996, 5.42003435, 0.22512509, 4.56641449, 2.24006146,\n        0.96999133],\n       [4.82201682, 5.42002829, 0.22512995, 4.56642445, 2.24006102,\n        0.96998581]]), array([0.002555, 0.002555, 0.002555, 0.002555, 0.002555, 0.002555,\n       0.002555]))", "callback": [0.42451234965454854, 0.10232744336866473, 0.06724022845824407, 0.034310900868416594, 0.020592270146803537, 0.005227822884026456, 0.003592101849343443, 0.002740290425763847, 0.0025926525287272018, 0.0025692105066099646, 0.002563256081170695, 0.002556266124145168, 0.002555838376586017, 0.002555121998862764, 0.002555061478552001, 0.002555010327807139, 0.0025550021740872175, 0.0025549998785331374, 0.0025549997031879546, 0.002554999652891188, 0.0025549996198255265]}, "5": {"maxiter": 500, "fatol": 1e-05, "xatol": 1e-10, "duration": 0.15718817710876465, "fun": "0.002554999614386988", "nit": "299", "nfev": "554", "status": "0", "success": "True", "message": "Optimization terminated successfully.", "x": "[4.82201725 5.42002842 0.2251266  4.56642245 2.2400618  0.96999053]", "final_simplex": "(array([[4.82201725, 5.42002842, 0.2251266 , 4.56642245, 2.2400618 ,\n        0.96999053],\n       [4.82201725, 5.42002842, 0.2251266 , 4.56642245, 2.2400618 ,\n        0.96999053],\n       [4.82201725, 5.42002842, 0.2251266 , 4.56642245, 2.2400618 ,\n        0.96999053],\n       [4.82201725, 5.42002842, 0.2251266 , 4.56642245, 2.2400618 ,\n        0.96999053],\n       [4.82201725, 5.42002842, 0.2251266 , 4.56642245, 2.2400618 ,\n        0.96999053],\n       [4.82201725, 5.42002842, 0.2251266 , 4.56642245, 2.2400618 ,\n        0.96999053],\n       [4.82201725, 5.42002842, 0.2251266 , 4.56642245, 2.2400618 ,\n        0.96999053]]), array([0.002555, 0.002555, 0.002555, 0.002555, 0.002555, 0.002555,\n       0.002555]))", "callback": [0.42451234965454854, 0.10232744336866473, 0.06724022845824407, 0.034310900868416594, 0.020592270146803537, 0.005227822884026456, 0.003592101849343443, 0.002740290425763847, 0.0025926525287272018, 0.0025692105066099646, 0.002563256081170695, 0.002556266124145168, 0.002555838376586017, 0.002555121998862764, 0.002555061478552001, 0.002555010327807139, 0.0025550021740872175, 0.0025549998785331374, 0.0025549997031879546, 0.002554999652891188, 0.0025549996198255265, 0.0025549996153941823, 0.0025549996145437515, 0.0025549996144331732, 0.002554999614392206, 0.0025549996143909848, 0.002554999614387765, 0.00255499961438721, 0.002554999614387099, 0.002554999614386988]}, "6": {"maxiter": 500, "fatol": 1e-10, "xatol": 1e-05, "duration": 0.09264898300170898, "fun": "0.002554999617907283", "nit": "204", "nfev": "340", "status": "0", "success": "True", "message": "Optimization terminated successfully.", "x": "[4.82202093 5.42002519 0.22512521 4.56642214 2.24006522 0.96999034]", "final_simplex": "(array([[4.82202093, 5.42002519, 0.22512521, 4.56642214, 2.24006522,\n        0.96999034],\n       [4.8220138 , 5.42002945, 0.22513045, 4.56642318, 2.24005699,\n        0.96998962],\n       [4.8220156 , 5.42002681, 0.22512756, 4.56642038, 2.24006322,\n        0.96998817],\n       [4.82202248, 5.42002914, 0.2251271 , 4.56642217, 2.24005973,\n        0.9699892 ],\n       [4.82202083, 5.42003116, 0.22512132, 4.56642026, 2.24006725,\n        0.96999153],\n       [4.82201996, 5.42003435, 0.22512509, 4.56641449, 2.24006146,\n        0.96999133],\n       [4.82201682, 5.42002829, 0.22512995, 4.56642445, 2.24006102,\n        0.96998581]]), array([0.002555, 0.002555, 0.002555, 0.002555, 0.002555, 0.002555,\n       0.002555]))", "callback": [0.42451234965454854, 0.10232744336866473, 0.06724022845824407, 0.034310900868416594, 0.020592270146803537, 0.005227822884026456, 0.003592101849343443, 0.002740290425763847, 0.0025926525287272018, 0.0025692105066099646, 0.002563256081170695, 0.002556266124145168, 0.002555838376586017, 0.002555121998862764, 0.002555061478552001, 0.002555010327807139, 0.0025550021740872175, 0.0025549998785331374, 0.0025549997031879546, 0.002554999652891188, 0.0025549996198255265]}, "7": {"maxiter": 500, "fatol": 1e-10, "xatol": 1e-10, "duration": 0.1744070053100586, "fun": "0.002554999614386988", "nit": "299", "nfev": "554", "status": "0", "success": "True", "message": "Optimization terminated successfully.", "x": "[4.82201725 5.42002842 0.2251266  4.56642245 2.2400618  0.96999053]", "final_simplex": "(array([[4.82201725, 5.42002842, 0.2251266 , 4.56642245, 2.2400618 ,\n        0.96999053],\n       [4.82201725, 5.42002842, 0.2251266 , 4.56642245, 2.2400618 ,\n        0.96999053],\n       [4.82201725, 5.42002842, 0.2251266 , 4.56642245, 2.2400618 ,\n        0.96999053],\n       [4.82201725, 5.42002842, 0.2251266 , 4.56642245, 2.2400618 ,\n        0.96999053],\n       [4.82201725, 5.42002842, 0.2251266 , 4.56642245, 2.2400618 ,\n        0.96999053],\n       [4.82201725, 5.42002842, 0.2251266 , 4.56642245, 2.2400618 ,\n        0.96999053],\n       [4.82201725, 5.42002842, 0.2251266 , 4.56642245, 2.2400618 ,\n        0.96999053]]), array([0.002555, 0.002555, 0.002555, 0.002555, 0.002555, 0.002555,\n       0.002555]))", "callback": [0.42451234965454854, 0.10232744336866473, 0.06724022845824407, 0.034310900868416594, 0.020592270146803537, 0.005227822884026456, 0.003592101849343443, 0.002740290425763847, 0.0025926525287272018, 0.0025692105066099646, 0.002563256081170695, 0.002556266124145168, 0.002555838376586017, 0.002555121998862764, 0.002555061478552001, 0.002555010327807139, 0.0025550021740872175, 0.0025549998785331374, 0.0025549997031879546, 0.002554999652891188, 0.0025549996198255265, 0.0025549996153941823, 0.0025549996145437515, 0.0025549996144331732, 0.002554999614392206, 0.0025549996143909848, 0.002554999614387765, 0.00255499961438721, 0.002554999614387099, 0.002554999614386988]}, "8": {"maxiter": 1000, "fatol": 1e-05, "xatol": 1e-05, "duration": 0.09266996383666992, "fun": "0.002554999617907283", "nit": "204", "nfev": "340", "status": "0", "success": "True", "message": "Optimization terminated successfully.", "x": "[4.82202093 5.42002519 0.22512521 4.56642214 2.24006522 0.96999034]", "final_simplex": "(array([[4.82202093, 5.42002519, 0.22512521, 4.56642214, 2.24006522,\n        0.96999034],\n       [4.8220138 , 5.42002945, 0.22513045, 4.56642318, 2.24005699,\n        0.96998962],\n       [4.8220156 , 5.42002681, 0.22512756, 4.56642038, 2.24006322,\n        0.96998817],\n       [4.82202248, 5.42002914, 0.2251271 , 4.56642217, 2.24005973,\n        0.9699892 ],\n       [4.82202083, 5.42003116, 0.22512132, 4.56642026, 2.24006725,\n        0.96999153],\n       [4.82201996, 5.42003435, 0.22512509, 4.56641449, 2.24006146,\n        0.96999133],\n       [4.82201682, 5.42002829, 0.22512995, 4.56642445, 2.24006102,\n        0.96998581]]), array([0.002555, 0.002555, 0.002555, 0.002555, 0.002555, 0.002555,\n       0.002555]))", "callback": [0.42451234965454854, 0.10232744336866473, 0.06724022845824407, 0.034310900868416594, 0.020592270146803537, 0.005227822884026456, 0.003592101849343443, 0.002740290425763847, 0.0025926525287272018, 0.0025692105066099646, 0.002563256081170695, 0.002556266124145168, 0.002555838376586017, 0.002555121998862764, 0.002555061478552001, 0.002555010327807139, 0.0025550021740872175, 0.0025549998785331374, 0.0025549997031879546, 0.002554999652891188, 0.0025549996198255265]}, "9": {"maxiter": 1000, "fatol": 1e-05, "xatol": 1e-10, "duration": 0.15210795402526855, "fun": "0.002554999614386988", "nit": "299", "nfev": "554", "status": "0", "success": "True", "message": "Optimization terminated successfully.", "x": "[4.82201725 5.42002842 0.2251266  4.56642245 2.2400618  0.96999053]", "final_simplex": "(array([[4.82201725, 5.42002842, 0.2251266 , 4.56642245, 2.2400618 ,\n        0.96999053],\n       [4.82201725, 5.42002842, 0.2251266 , 4.56642245, 2.2400618 ,\n        0.96999053],\n       [4.82201725, 5.42002842, 0.2251266 , 4.56642245, 2.2400618 ,\n        0.96999053],\n       [4.82201725, 5.42002842, 0.2251266 , 4.56642245, 2.2400618 ,\n        0.96999053],\n       [4.82201725, 5.42002842, 0.2251266 , 4.56642245, 2.2400618 ,\n        0.96999053],\n       [4.82201725, 5.42002842, 0.2251266 , 4.56642245, 2.2400618 ,\n        0.96999053],\n       [4.82201725, 5.42002842, 0.2251266 , 4.56642245, 2.2400618 ,\n        0.96999053]]), array([0.002555, 0.002555, 0.002555, 0.002555, 0.002555, 0.002555,\n       0.002555]))", "callback": [0.42451234965454854, 0.10232744336866473, 0.06724022845824407, 0.034310900868416594, 0.020592270146803537, 0.005227822884026456, 0.003592101849343443, 0.002740290425763847, 0.0025926525287272018, 0.0025692105066099646, 0.002563256081170695, 0.002556266124145168, 0.002555838376586017, 0.002555121998862764, 0.002555061478552001, 0.002555010327807139, 0.0025550021740872175, 0.0025549998785331374, 0.0025549997031879546, 0.002554999652891188, 0.0025549996198255265, 0.0025549996153941823, 0.0025549996145437515, 0.0025549996144331732, 0.002554999614392206, 0.0025549996143909848, 0.002554999614387765, 0.00255499961438721, 0.002554999614387099, 0.002554999614386988]}, "10": {"maxiter": 1000, "fatol": 1e-10, "xatol": 1e-05, "duration": 0.10392308235168457, "fun": "0.002554999617907283", "nit": "204", "nfev": "340", "status": "0", "success": "True", "message": "Optimization terminated successfully.", "x": "[4.82202093 5.42002519 0.22512521 4.56642214 2.24006522 0.96999034]", "final_simplex": "(array([[4.82202093, 5.42002519, 0.22512521, 4.56642214, 2.24006522,\n        0.96999034],\n       [4.8220138 , 5.42002945, 0.22513045, 4.56642318, 2.24005699,\n        0.96998962],\n       [4.8220156 , 5.42002681, 0.22512756, 4.56642038, 2.24006322,\n        0.96998817],\n       [4.82202248, 5.42002914, 0.2251271 , 4.56642217, 2.24005973,\n        0.9699892 ],\n       [4.82202083, 5.42003116, 0.22512132, 4.56642026, 2.24006725,\n        0.96999153],\n       [4.82201996, 5.42003435, 0.22512509, 4.56641449, 2.24006146,\n        0.96999133],\n       [4.82201682, 5.42002829, 0.22512995, 4.56642445, 2.24006102,\n        0.96998581]]), array([0.002555, 0.002555, 0.002555, 0.002555, 0.002555, 0.002555,\n       0.002555]))", "callback": [0.42451234965454854, 0.10232744336866473, 0.06724022845824407, 0.034310900868416594, 0.020592270146803537, 0.005227822884026456, 0.003592101849343443, 0.002740290425763847, 0.0025926525287272018, 0.0025692105066099646, 0.002563256081170695, 0.002556266124145168, 0.002555838376586017, 0.002555121998862764, 0.002555061478552001, 0.002555010327807139, 0.0025550021740872175, 0.0025549998785331374, 0.0025549997031879546, 0.002554999652891188, 0.0025549996198255265]}, "11": {"maxiter": 1000, "fatol": 1e-10, "xatol": 1e-10, "duration": 0.16607904434204102, "fun": "0.002554999614386988", "nit": "299", "nfev": "554", "status": "0", "success": "True", "message": "Optimization terminated successfully.", "x": "[4.82201725 5.42002842 0.2251266  4.56642245 2.2400618  0.96999053]", "final_simplex": "(array([[4.82201725, 5.42002842, 0.2251266 , 4.56642245, 2.2400618 ,\n        0.96999053],\n       [4.82201725, 5.42002842, 0.2251266 , 4.56642245, 2.2400618 ,\n        0.96999053],\n       [4.82201725, 5.42002842, 0.2251266 , 4.56642245, 2.2400618 ,\n        0.96999053],\n       [4.82201725, 5.42002842, 0.2251266 , 4.56642245, 2.2400618 ,\n        0.96999053],\n       [4.82201725, 5.42002842, 0.2251266 , 4.56642245, 2.2400618 ,\n        0.96999053],\n       [4.82201725, 5.42002842, 0.2251266 , 4.56642245, 2.2400618 ,\n        0.96999053],\n       [4.82201725, 5.42002842, 0.2251266 , 4.56642245, 2.2400618 ,\n        0.96999053]]), array([0.002555, 0.002555, 0.002555, 0.002555, 0.002555, 0.002555,\n       0.002555]))", "callback": [0.42451234965454854, 0.10232744336866473, 0.06724022845824407, 0.034310900868416594, 0.020592270146803537, 0.005227822884026456, 0.003592101849343443, 0.002740290425763847, 0.0025926525287272018, 0.0025692105066099646, 0.002563256081170695, 0.002556266124145168, 0.002555838376586017, 0.002555121998862764, 0.002555061478552001, 0.002555010327807139, 0.0025550021740872175, 0.0025549998785331374, 0.0025549997031879546, 0.002554999652891188, 0.0025549996198255265, 0.0025549996153941823, 0.0025549996145437515, 0.0025549996144331732, 0.002554999614392206, 0.0025549996143909848, 0.002554999614387765, 0.00255499961438721, 0.002554999614387099, 0.002554999614386988]}}, "bfgs": {"type": "gradient", "0": {"maxiter": 100, "gtol": 1e-05, "xrtol": 1e-05, "eps": 1e-05, "duration": 0.03388023376464844, "fun": "0.0025549996347187243", "jac": "[ 7.72015785e-07 -1.48375756e-06  3.57536223e-07  7.25908222e-07\n  1.00554010e-06  1.27013955e-06]", "hess_inv": "[[ 2.941194    0.06553207  0.0533516  -1.52596774  0.7426792   0.45231691]\n [ 0.06553207  1.99209248  0.36924631  0.20827812 -0.23513258  1.06954379]\n [ 0.0533516   0.36924631  2.55219591 -0.58853166 -1.34953487  0.74594465]\n [-1.52596774  0.20827812 -0.58853166  2.74228836 -0.23116942 -0.39852677]\n [ 0.7426792  -0.23513258 -1.34953487 -0.23116942  2.81690678 -0.45841003]\n [ 0.45231691  1.06954379  0.74594465 -0.39852677 -0.45841003  2.48222807]]", "nfev": "112", "njev": "16", "status": "0", "success": "True", "message": "Optimization terminated successfully.", "x": "[4.8526342  5.11855924 0.39732648 4.71840304 2.43244148 1.20417487]", "nit": "15", "callback": [0.23435601979832965, 0.1720567254687655, 0.1110658719710641, 0.0218334729705556, 0.00802508986293371, 0.0036187954823454493, 0.0030991201313199657, 0.0026030586463000605, 0.002568013337450825, 0.002556099563401748, 0.002555623992555822, 0.0025551011384573608, 0.0025550108444093445, 0.0025549997736467045, 0.0025549996347187243]}, "1": {"maxiter": 100, "gtol": 1e-05, "xrtol": 1e-05, "eps": 1e-10, "duration": 0.035759925842285156, "fun": "0.0025549998173148847", "jac": "[ 8.88178346e-06 -2.22044587e-06 -6.66133760e-06  2.22044587e-06\n -2.22044587e-06  1.11022293e-06]", "hess_inv": "[[ 2.80057457  0.05719104  0.04101852 -1.53114015  0.87118536  0.37549926]\n [ 0.05719104  1.99894674  0.40510382  0.234558   -0.32049277  1.08619565]\n [ 0.04101852  0.40510382  2.61657388 -0.55836305 -1.49239754  0.79086116]\n [-1.53114015  0.234558   -0.55836305  2.73087103 -0.27063653 -0.36936747]\n [ 0.87118536 -0.32049277 -1.49239754 -0.27063653  3.02911118 -0.51864605]\n [ 0.37549926  1.08619565  0.79086116 -0.36936747 -0.51864605  2.47537962]]", "nfev": "105", "njev": "15", "status": "0", "success": "True", "message": "Optimization terminated successfully.", "x": "[4.85266792 5.11852973 0.39733306 4.71841887 2.43247295 1.20420169]", "nit": "14", "callback": [0.23435594002353932, 0.17205708302201272, 0.11106544448909461, 0.02183185315312608, 0.008025038990547073, 0.003619055340549182, 0.0030993571922222074, 0.002603094742194889, 0.002568029065287858, 0.002556097236879329, 0.0025556219203974884, 0.0025551020586407347, 0.0025550118765436114, 0.0025549998173148847]}, "2": {"maxiter": 100, "gtol": 1e-05, "xrtol": 1e-10, "eps": 1e-05, "duration": 0.03746294975280762, "fun": "0.0025549996347187243", "jac": "[ 7.72015785e-07 -1.48375756e-06  3.57536223e-07  7.25908222e-07\n  1.00554010e-06  1.27013955e-06]", "hess_inv": "[[ 2.941194    0.06553207  0.0533516  -1.52596774  0.7426792   0.45231691]\n [ 0.06553207  1.99209248  0.36924631  0.20827812 -0.23513258  1.06954379]\n [ 0.0533516   0.36924631  2.55219591 -0.58853166 -1.34953487  0.74594465]\n [-1.52596774  0.20827812 -0.58853166  2.74228836 -0.23116942 -0.39852677]\n [ 0.7426792  -0.23513258 -1.34953487 -0.23116942  2.81690678 -0.45841003]\n [ 0.45231691  1.06954379  0.74594465 -0.39852677 -0.45841003  2.48222807]]", "nfev": "112", "njev": "16", "status": "0", "success": "True", "message": "Optimization terminated successfully.", "x": "[4.8526342  5.11855924 0.39732648 4.71840304 2.43244148 1.20417487]", "nit": "15", "callback": [0.23435601979832965, 0.1720567254687655, 0.1110658719710641, 0.0218334729705556, 0.00802508986293371, 0.0036187954823454493, 0.0030991201313199657, 0.0026030586463000605, 0.002568013337450825, 0.002556099563401748, 0.002555623992555822, 0.0025551011384573608, 0.0025550108444093445, 0.0025549997736467045, 0.0025549996347187243]}, "3": {"maxiter": 100, "gtol": 1e-05, "xrtol": 1e-10, "eps": 1e-10, "duration": 0.03483915328979492, "fun": "0.0025549998173148847", "jac": "[ 8.88178346e-06 -2.22044587e-06 -6.66133760e-06  2.22044587e-06\n -2.22044587e-06  1.11022293e-06]", "hess_inv": "[[ 2.80057457  0.05719104  0.04101852 -1.53114015  0.87118536  0.37549926]\n [ 0.05719104  1.99894674  0.40510382  0.234558   -0.32049277  1.08619565]\n [ 0.04101852  0.40510382  2.61657388 -0.55836305 -1.49239754  0.79086116]\n [-1.53114015  0.234558   -0.55836305  2.73087103 -0.27063653 -0.36936747]\n [ 0.87118536 -0.32049277 -1.49239754 -0.27063653  3.02911118 -0.51864605]\n [ 0.37549926  1.08619565  0.79086116 -0.36936747 -0.51864605  2.47537962]]", "nfev": "105", "njev": "15", "status": "0", "success": "True", "message": "Optimization terminated successfully.", "x": "[4.85266792 5.11852973 0.39733306 4.71841887 2.43247295 1.20420169]", "nit": "14", "callback": [0.23435594002353932, 0.17205708302201272, 0.11106544448909461, 0.02183185315312608, 0.008025038990547073, 0.003619055340549182, 0.0030993571922222074, 0.002603094742194889, 0.002568029065287858, 0.002556097236879329, 0.0025556219203974884, 0.0025551020586407347, 0.0025550118765436114, 0.0025549998173148847]}, "4": {"maxiter": 100, "gtol": 1e-10, "xrtol": 1e-05, "eps": 1e-05, "duration": 0.035475969314575195, "fun": "0.0025549996347187243", "jac": "[ 7.72015785e-07 -1.48375756e-06  3.57536223e-07  7.25908222e-07\n  1.00554010e-06  1.27013955e-06]", "hess_inv": "[[ 2.941194    0.06553207  0.0533516  -1.52596774  0.7426792   0.45231691]\n [ 0.06553207  1.99209248  0.36924631  0.20827812 -0.23513258  1.06954379]\n [ 0.0533516   0.36924631  2.55219591 -0.58853166 -1.34953487  0.74594465]\n [-1.52596774  0.20827812 -0.58853166  2.74228836 -0.23116942 -0.39852677]\n [ 0.7426792  -0.23513258 -1.34953487 -0.23116942  2.81690678 -0.45841003]\n [ 0.45231691  1.06954379  0.74594465 -0.39852677 -0.45841003  2.48222807]]", "nfev": "112", "njev": "16", "status": "0", "success": "True", "message": "Optimization terminated successfully.", "x": "[4.8526342  5.11855924 0.39732648 4.71840304 2.43244148 1.20417487]", "nit": "15", "callback": [0.23435601979832965, 0.1720567254687655, 0.1110658719710641, 0.0218334729705556, 0.00802508986293371, 0.0036187954823454493, 0.0030991201313199657, 0.0026030586463000605, 0.002568013337450825, 0.002556099563401748, 0.002555623992555822, 0.0025551011384573608, 0.0025550108444093445, 0.0025549997736467045, 0.0025549996347187243]}, "5": {"maxiter": 100, "gtol": 1e-10, "xrtol": 1e-05, "eps": 1e-10, "duration": 0.035372018814086914, "fun": "0.002554999631654953", "jac": "[ 4.44089173e-06  2.22044587e-06 -1.11022293e-06  2.22044587e-06\n  1.11022293e-06  0.00000000e+00]", "hess_inv": "[[ 2.93264191  0.06230294  0.03890321 -1.52950144  0.76434324  0.44045677]\n [ 0.06230294  1.98883479  0.37439112  0.22547648 -0.26980654  1.06603008]\n [ 0.03890321  0.37439112  2.52560253 -0.58555924 -1.32780903  0.72243809]\n [-1.52950144  0.22547648 -0.58555924  2.72277968 -0.22333465 -0.3886788 ]\n [ 0.76434324 -0.26980654 -1.32780903 -0.22333465  2.82403553 -0.45059792]\n [ 0.44045677  1.06603008  0.72243809 -0.3886788  -0.45059792  2.45743717]]", "nfev": "112", "njev": "16", "status": "0", "success": "True", "message": "Optimization terminated successfully.", "x": "[4.85264687 5.11853381 0.39734792 4.71842294 2.43246398 1.20420209]", "nit": "15", "callback": [0.23435594002353932, 0.17205708302201272, 0.11106544448909461, 0.02183185315312608, 0.008025038990547073, 0.003619055340549182, 0.0030993571922222074, 0.002603094742194889, 0.002568029065287858, 0.002556097236879329, 0.0025556219203974884, 0.0025551020586407347, 0.0025550118765436114, 0.0025549998173148847, 0.002554999631654953]}, "6": {"maxiter": 100, "gtol": 1e-10, "xrtol": 1e-10, "eps": 1e-05, "duration": 0.10752201080322266, "fun": "0.0025549996347187243", "jac": "[ 7.72015785e-07 -1.48375756e-06  3.57536223e-07  7.25908222e-07\n  1.00554010e-06  1.27013955e-06]", "hess_inv": "[[ 3.19127875 -0.06107012  0.00598152 -1.57708333  0.95196908  0.58831363]\n [-0.06107012  2.00833808  0.39743437  0.2420084  -0.25476074  1.02158272]\n [ 0.00598152  0.39743437  2.56079855 -0.57954021 -1.39676902  0.71834798]\n [-1.57708333  0.2420084  -0.57954021  2.75144686 -0.28811641 -0.42975187]\n [ 0.95196908 -0.25476074 -1.39676902 -0.28811641  2.83631406 -0.38227932]\n [ 0.58831363  1.02158272  0.71834798 -0.42975187 -0.38227932  2.5470664 ]]", "nfev": "368", "njev": "51", "status": "2", "success": "False", "message": "Desired error not necessarily achieved due to precision loss.", "x": "[4.8526342  5.11855924 0.39732648 4.71840304 2.43244148 1.20417487]", "nit": "15", "callback": [0.23435601979832965, 0.1720567254687655, 0.1110658719710641, 0.0218334729705556, 0.00802508986293371, 0.0036187954823454493, 0.0030991201313199657, 0.0026030586463000605, 0.002568013337450825, 0.002556099563401748, 0.002555623992555822, 0.0025551011384573608, 0.0025550108444093445, 0.0025549997736467045, 0.0025549996347187243]}, "7": {"maxiter": 100, "gtol": 1e-10, "xrtol": 1e-10, "eps": 1e-10, "duration": 0.12727022171020508, "fun": "0.002554999616124376", "jac": "[ 1.11022293e-06  0.00000000e+00 -1.11022293e-06  1.11022293e-06\n  0.00000000e+00  0.00000000e+00]", "hess_inv": "[[ 0.12817859 -0.14807282 -0.41919727 -0.21050982  0.13312299  0.21357232]\n [-0.14807282  0.40616525  1.02867497  0.49627302 -0.36980064 -0.57601827]\n [-0.41919727  1.02867497  2.84363519  1.32775874 -0.90866014 -1.57891446]\n [-0.21050982  0.49627302  1.32775874  0.63163096 -0.44455242 -0.73477284]\n [ 0.13312299 -0.36980064 -0.90866014 -0.44455242  0.3544652   0.4896177 ]\n [ 0.21357232 -0.57601827 -1.57891446 -0.73477284  0.4896177   0.93252346]]", "nfev": "441", "njev": "63", "status": "0", "success": "True", "message": "Optimization terminated successfully.", "x": "[4.85263799 5.11853138 0.3973494  4.71842239 2.43246009 1.2042023 ]", "nit": "26", "callback": [0.23435594002353932, 0.17205708302201272, 0.11106544448909461, 0.02183185315312608, 0.008025038990547073, 0.003619055340549182, 0.0030993571922222074, 0.002603094742194889, 0.002568029065287858, 0.002556097236879329, 0.0025556219203974884, 0.0025551020586407347, 0.0025550118765436114, 0.0025549998173148847, 0.002554999631654953, 0.0025549996202134384, 0.0025549996191372992, 0.002554999618817999, 0.0025549996185849633, 0.002554999618259779, 0.002554999616782627, 0.002554999616781073, 0.0025549996167795186, 0.0025549996162178568, 0.002554999616124598, 0.002554999616124376]}, "8": {"maxiter": 500, "gtol": 1e-05, "xrtol": 1e-05, "eps": 1e-05, "duration": 0.03509783744812012, "fun": "0.0025549996347187243", "jac": "[ 7.72015785e-07 -1.48375756e-06  3.57536223e-07  7.25908222e-07\n  1.00554010e-06  1.27013955e-06]", "hess_inv": "[[ 2.941194    0.06553207  0.0533516  -1.52596774  0.7426792   0.45231691]\n [ 0.06553207  1.99209248  0.36924631  0.20827812 -0.23513258  1.06954379]\n [ 0.0533516   0.36924631  2.55219591 -0.58853166 -1.34953487  0.74594465]\n [-1.52596774  0.20827812 -0.58853166  2.74228836 -0.23116942 -0.39852677]\n [ 0.7426792  -0.23513258 -1.34953487 -0.23116942  2.81690678 -0.45841003]\n [ 0.45231691  1.06954379  0.74594465 -0.39852677 -0.45841003  2.48222807]]", "nfev": "112", "njev": "16", "status": "0", "success": "True", "message": "Optimization terminated successfully.", "x": "[4.8526342  5.11855924 0.39732648 4.71840304 2.43244148 1.20417487]", "nit": "15", "callback": [0.23435601979832965, 0.1720567254687655, 0.1110658719710641, 0.0218334729705556, 0.00802508986293371, 0.0036187954823454493, 0.0030991201313199657, 0.0026030586463000605, 0.002568013337450825, 0.002556099563401748, 0.002555623992555822, 0.0025551011384573608, 0.0025550108444093445, 0.0025549997736467045, 0.0025549996347187243]}, "9": {"maxiter": 500, "gtol": 1e-05, "xrtol": 1e-05, "eps": 1e-10, "duration": 0.0295717716217041, "fun": "0.0025549998173148847", "jac": "[ 8.88178346e-06 -2.22044587e-06 -6.66133760e-06  2.22044587e-06\n -2.22044587e-06  1.11022293e-06]", "hess_inv": "[[ 2.80057457  0.05719104  0.04101852 -1.53114015  0.87118536  0.37549926]\n [ 0.05719104  1.99894674  0.40510382  0.234558   -0.32049277  1.08619565]\n [ 0.04101852  0.40510382  2.61657388 -0.55836305 -1.49239754  0.79086116]\n [-1.53114015  0.234558   -0.55836305  2.73087103 -0.27063653 -0.36936747]\n [ 0.87118536 -0.32049277 -1.49239754 -0.27063653  3.02911118 -0.51864605]\n [ 0.37549926  1.08619565  0.79086116 -0.36936747 -0.51864605  2.47537962]]", "nfev": "105", "njev": "15", "status": "0", "success": "True", "message": "Optimization terminated successfully.", "x": "[4.85266792 5.11852973 0.39733306 4.71841887 2.43247295 1.20420169]", "nit": "14", "callback": [0.23435594002353932, 0.17205708302201272, 0.11106544448909461, 0.02183185315312608, 0.008025038990547073, 0.003619055340549182, 0.0030993571922222074, 0.002603094742194889, 0.002568029065287858, 0.002556097236879329, 0.0025556219203974884, 0.0025551020586407347, 0.0025550118765436114, 0.0025549998173148847]}, "10": {"maxiter": 500, "gtol": 1e-05, "xrtol": 1e-10, "eps": 1e-05, "duration": 0.02911686897277832, "fun": "0.0025549996347187243", "jac": "[ 7.72015785e-07 -1.48375756e-06  3.57536223e-07  7.25908222e-07\n  1.00554010e-06  1.27013955e-06]", "hess_inv": "[[ 2.941194    0.06553207  0.0533516  -1.52596774  0.7426792   0.45231691]\n [ 0.06553207  1.99209248  0.36924631  0.20827812 -0.23513258  1.06954379]\n [ 0.0533516   0.36924631  2.55219591 -0.58853166 -1.34953487  0.74594465]\n [-1.52596774  0.20827812 -0.58853166  2.74228836 -0.23116942 -0.39852677]\n [ 0.7426792  -0.23513258 -1.34953487 -0.23116942  2.81690678 -0.45841003]\n [ 0.45231691  1.06954379  0.74594465 -0.39852677 -0.45841003  2.48222807]]", "nfev": "112", "njev": "16", "status": "0", "success": "True", "message": "Optimization terminated successfully.", "x": "[4.8526342  5.11855924 0.39732648 4.71840304 2.43244148 1.20417487]", "nit": "15", "callback": [0.23435601979832965, 0.1720567254687655, 0.1110658719710641, 0.0218334729705556, 0.00802508986293371, 0.0036187954823454493, 0.0030991201313199657, 0.0026030586463000605, 0.002568013337450825, 0.002556099563401748, 0.002555623992555822, 0.0025551011384573608, 0.0025550108444093445, 0.0025549997736467045, 0.0025549996347187243]}, "11": {"maxiter": 500, "gtol": 1e-05, "xrtol": 1e-10, "eps": 1e-10, "duration": 0.02724599838256836, "fun": "0.0025549998173148847", "jac": "[ 8.88178346e-06 -2.22044587e-06 -6.66133760e-06  2.22044587e-06\n -2.22044587e-06  1.11022293e-06]", "hess_inv": "[[ 2.80057457  0.05719104  0.04101852 -1.53114015  0.87118536  0.37549926]\n [ 0.05719104  1.99894674  0.40510382  0.234558   -0.32049277  1.08619565]\n [ 0.04101852  0.40510382  2.61657388 -0.55836305 -1.49239754  0.79086116]\n [-1.53114015  0.234558   -0.55836305  2.73087103 -0.27063653 -0.36936747]\n [ 0.87118536 -0.32049277 -1.49239754 -0.27063653  3.02911118 -0.51864605]\n [ 0.37549926  1.08619565  0.79086116 -0.36936747 -0.51864605  2.47537962]]", "nfev": "105", "njev": "15", "status": "0", "success": "True", "message": "Optimization terminated successfully.", "x": "[4.85266792 5.11852973 0.39733306 4.71841887 2.43247295 1.20420169]", "nit": "14", "callback": [0.23435594002353932, 0.17205708302201272, 0.11106544448909461, 0.02183185315312608, 0.008025038990547073, 0.003619055340549182, 0.0030993571922222074, 0.002603094742194889, 0.002568029065287858, 0.002556097236879329, 0.0025556219203974884, 0.0025551020586407347, 0.0025550118765436114, 0.0025549998173148847]}, "12": {"maxiter": 500, "gtol": 1e-10, "xrtol": 1e-05, "eps": 1e-05, "duration": 0.028558969497680664, "fun": "0.0025549996347187243", "jac": "[ 7.72015785e-07 -1.48375756e-06  3.57536223e-07  7.25908222e-07\n  1.00554010e-06  1.27013955e-06]", "hess_inv": "[[ 2.941194    0.06553207  0.0533516  -1.52596774  0.7426792   0.45231691]\n [ 0.06553207  1.99209248  0.36924631  0.20827812 -0.23513258  1.06954379]\n [ 0.0533516   0.36924631  2.55219591 -0.58853166 -1.34953487  0.74594465]\n [-1.52596774  0.20827812 -0.58853166  2.74228836 -0.23116942 -0.39852677]\n [ 0.7426792  -0.23513258 -1.34953487 -0.23116942  2.81690678 -0.45841003]\n [ 0.45231691  1.06954379  0.74594465 -0.39852677 -0.45841003  2.48222807]]", "nfev": "112", "njev": "16", "status": "0", "success": "True", "message": "Optimization terminated successfully.", "x": "[4.8526342  5.11855924 0.39732648 4.71840304 2.43244148 1.20417487]", "nit": "15", "callback": [0.23435601979832965, 0.1720567254687655, 0.1110658719710641, 0.0218334729705556, 0.00802508986293371, 0.0036187954823454493, 0.0030991201313199657, 0.0026030586463000605, 0.002568013337450825, 0.002556099563401748, 0.002555623992555822, 0.0025551011384573608, 0.0025550108444093445, 0.0025549997736467045, 0.0025549996347187243]}, "13": {"maxiter": 500, "gtol": 1e-10, "xrtol": 1e-05, "eps": 1e-10, "duration": 0.034278154373168945, "fun": "0.002554999631654953", "jac": "[ 4.44089173e-06  2.22044587e-06 -1.11022293e-06  2.22044587e-06\n  1.11022293e-06  0.00000000e+00]", "hess_inv": "[[ 2.93264191  0.06230294  0.03890321 -1.52950144  0.76434324  0.44045677]\n [ 0.06230294  1.98883479  0.37439112  0.22547648 -0.26980654  1.06603008]\n [ 0.03890321  0.37439112  2.52560253 -0.58555924 -1.32780903  0.72243809]\n [-1.52950144  0.22547648 -0.58555924  2.72277968 -0.22333465 -0.3886788 ]\n [ 0.76434324 -0.26980654 -1.32780903 -0.22333465  2.82403553 -0.45059792]\n [ 0.44045677  1.06603008  0.72243809 -0.3886788  -0.45059792  2.45743717]]", "nfev": "112", "njev": "16", "status": "0", "success": "True", "message": "Optimization terminated successfully.", "x": "[4.85264687 5.11853381 0.39734792 4.71842294 2.43246398 1.20420209]", "nit": "15", "callback": [0.23435594002353932, 0.17205708302201272, 0.11106544448909461, 0.02183185315312608, 0.008025038990547073, 0.003619055340549182, 0.0030993571922222074, 0.002603094742194889, 0.002568029065287858, 0.002556097236879329, 0.0025556219203974884, 0.0025551020586407347, 0.0025550118765436114, 0.0025549998173148847, 0.002554999631654953]}, "14": {"maxiter": 500, "gtol": 1e-10, "xrtol": 1e-10, "eps": 1e-05, "duration": 0.11436009407043457, "fun": "0.0025549996347187243", "jac": "[ 7.72015785e-07 -1.48375756e-06  3.57536223e-07  7.25908222e-07\n  1.00554010e-06  1.27013955e-06]", "hess_inv": "[[ 3.19127875 -0.06107012  0.00598152 -1.57708333  0.95196908  0.58831363]\n [-0.06107012  2.00833808  0.39743437  0.2420084  -0.25476074  1.02158272]\n [ 0.00598152  0.39743437  2.56079855 -0.57954021 -1.39676902  0.71834798]\n [-1.57708333  0.2420084  -0.57954021  2.75144686 -0.28811641 -0.42975187]\n [ 0.95196908 -0.25476074 -1.39676902 -0.28811641  2.83631406 -0.38227932]\n [ 0.58831363  1.02158272  0.71834798 -0.42975187 -0.38227932  2.5470664 ]]", "nfev": "368", "njev": "51", "status": "2", "success": "False", "message": "Desired error not necessarily achieved due to precision loss.", "x": "[4.8526342  5.11855924 0.39732648 4.71840304 2.43244148 1.20417487]", "nit": "15", "callback": [0.23435601979832965, 0.1720567254687655, 0.1110658719710641, 0.0218334729705556, 0.00802508986293371, 0.0036187954823454493, 0.0030991201313199657, 0.0026030586463000605, 0.002568013337450825, 0.002556099563401748, 0.002555623992555822, 0.0025551011384573608, 0.0025550108444093445, 0.0025549997736467045, 0.0025549996347187243]}, "15": {"maxiter": 500, "gtol": 1e-10, "xrtol": 1e-10, "eps": 1e-10, "duration": 0.12938308715820312, "fun": "0.002554999616124376", "jac": "[ 1.11022293e-06  0.00000000e+00 -1.11022293e-06  1.11022293e-06\n  0.00000000e+00  0.00000000e+00]", "hess_inv": "[[ 0.12817859 -0.14807282 -0.41919727 -0.21050982  0.13312299  0.21357232]\n [-0.14807282  0.40616525  1.02867497  0.49627302 -0.36980064 -0.57601827]\n [-0.41919727  1.02867497  2.84363519  1.32775874 -0.90866014 -1.57891446]\n [-0.21050982  0.49627302  1.32775874  0.63163096 -0.44455242 -0.73477284]\n [ 0.13312299 -0.36980064 -0.90866014 -0.44455242  0.3544652   0.4896177 ]\n [ 0.21357232 -0.57601827 -1.57891446 -0.73477284  0.4896177   0.93252346]]", "nfev": "441", "njev": "63", "status": "0", "success": "True", "message": "Optimization terminated successfully.", "x": "[4.85263799 5.11853138 0.3973494  4.71842239 2.43246009 1.2042023 ]", "nit": "26", "callback": [0.23435594002353932, 0.17205708302201272, 0.11106544448909461, 0.02183185315312608, 0.008025038990547073, 0.003619055340549182, 0.0030993571922222074, 0.002603094742194889, 0.002568029065287858, 0.002556097236879329, 0.0025556219203974884, 0.0025551020586407347, 0.0025550118765436114, 0.0025549998173148847, 0.002554999631654953, 0.0025549996202134384, 0.0025549996191372992, 0.002554999618817999, 0.0025549996185849633, 0.002554999618259779, 0.002554999616782627, 0.002554999616781073, 0