{"date": "2024/09/24/, 03:33:38", "conf_id": 236, "data_type": "non_lin_ind\n", "num_data_points": 4, "s_rank": 0, "unitary": "[[-0.56303964-0.00798273j,-0.21670212-0.15784972j,-0.06047197-0.73952673j,-0.01438004+0.24552571j],[-0.06976756+0.23474685j,-0.01275565-0.5435098j,-0.02703657-0.08917885j,-0.08210486-0.79311774j],[-0.38559961+0.10714929j,0.5933431-0.2687392j,-0.24060861+0.29149289j,-0.45147719+0.26241743j],[-0.50180421+0.45931857j,-0.11617175+0.44134496j,0.49642745+0.22684508j,-0.08544628-0.15407063j]]", "databatch_0": {"databatch": "[[[0.04166384-0.04426795j,-0.10199713+0.2761506j,-0.21488748-0.18774503j,-0.22561177-0.1835943j],[-0.05135477-0.06986003j,0.126463-0.16752625j,-0.09185465+0.01608726j,-0.14914807+0.41094669j],[-0.14709856-0.28917975j,-0.16200904+0.18626817j,-0.03108345+0.16024826j,-0.03699564+0.14022706j],[0.29776812+0.17504001j,0.23330497+0.17991734j,0.26781929+0.00730777j,-0.01462114-0.01520294j]],[[0.00090175+0.0249466j,-0.02784012+0.17753673j,0.24558617-0.1367375j,-0.08678322-0.2286336j],[0.32926779-0.06465567j,-0.18536446+0.02079937j,-0.17777089-0.30136039j,0.24662378+0.06676029j],[0.06193408+0.21374761j,0.02099488-0.01226101j,0.24159927-0.15120184j,-0.15307389+0.01324433j],[-0.14455894+0.13814817j,-0.12407068+0.09590496j,0.40270686+0.26883843j,0.17713345-0.08846588j]],[[-0.52845798-0.06312485j,0.21534869-0.2398862j,-0.0978587-0.20773568j,-0.2112955-0.24427384j],[-0.16293014+0.01492024j,0.16395844-0.22444977j,-0.17084311-0.09923351j,-0.25342632-0.06881585j],[-0.2143641+0.06459541j,-0.05825597-0.04862375j,-0.03686369+0.03174982j,0.20480488+0.14055582j],[-0.06643854-0.20973881j,0.1631638+0.00478272j,0.02724773-0.08822897j,-0.10102127-0.17327606j]],[[-0.30140439+0.10826076j,-0.01804693+0.10379715j,0.26787327-0.17655952j,0.24531252-0.03625997j],[0.12064694+0.14646381j,0.21001386+0.23461114j,-0.25463238+0.05312799j,-0.05310368-0.14511874j],[-0.04130257+0.30217279j,0.08543392-0.32925327j,0.1195537-0.16186571j,0.08807252-0.0717663j],[0.00338961-0.102195j,0.25546171-0.10497697j,0.02378044-0.19920543j,-0.32261083-0.04509897j]]]", "initial param values": "[3.08364894,0.40567078,1.45818573,2.28077688,2.95556965,5.24510241]", "nelder_mead": {"type": "gradient-free", "0": {"maxiter": 100, "fatol": 1e-05, "xatol": 1e-05, "duration": 0.0368189811706543, "fun": "0.4728141688776375", "nit": "100", "nfev": "153", "status": "2", "success": "False", "message": "Maximum number of iterations has been exceeded.", "x": "[ 1.1699561   0.67660293 -0.2068012   4.16592164  3.43526886  8.476226  ]", "final_simplex": "(array([[ 1.1699561 ,  0.67660293, -0.2068012 ,  4.16592164,  3.43526886,\n         8.476226  ],\n       [ 1.1801124 ,  0.66710981, -0.05369603,  4.04203979,  3.35481258,\n         8.31922376],\n       [ 1.17163179,  0.67215816, -0.10078203,  4.02801745,  3.32200346,\n         8.29141218],\n       [ 1.18328916,  0.67932644, -0.15089088,  4.08957371,  3.30973352,\n         8.36148153],\n       [ 1.09274743,  0.69296133, -0.28579171,  4.12850872,  3.40251946,\n         8.37887391],\n       [ 1.15742903,  0.67790274, -0.17225418,  3.99341316,  3.38405978,\n         8.40122929],\n       [ 1.23016277,  0.67890282, -0.17345614,  4.05071812,  3.31536878,\n         8.30329556]]), array([0.47281417, 0.47306002, 0.47307219, 0.47318271, 0.47368697,\n       0.47388853, 0.47426059]))", "callback": [0.7580501353412019, 0.6953515880300238, 0.6263822843065618, 0.5172468747407772, 0.5069252854893692, 0.503018015541172, 0.49620140043162264, 0.4841328459289047, 0.4730600174828785]}, "1": {"maxiter": 100, "fatol": 1e-05, "xatol": 1e-10, "duration": 0.03507208824157715, "fun": "0.4728141688776375", "nit": "100", "nfev": "153", "status": "2", "success": "False", "message": "Maximum number of iterations has been exceeded.", "x": "[ 1.1699561   0.67660293 -0.2068012   4.16592164  3.43526886  8.476226  ]", "final_simplex": "(array([[ 1.1699561 ,  0.67660293, -0.2068012 ,  4.16592164,  3.43526886,\n         8.476226  ],\n       [ 1.1801124 ,  0.66710981, -0.05369603,  4.04203979,  3.35481258,\n         8.31922376],\n       [ 1.17163179,  0.67215816, -0.10078203,  4.02801745,  3.32200346,\n         8.29141218],\n       [ 1.18328916,  0.67932644, -0.15089088,  4.08957371,  3.30973352,\n         8.36148153],\n       [ 1.09274743,  0.69296133, -0.28579171,  4.12850872,  3.40251946,\n         8.37887391],\n       [ 1.15742903,  0.67790274, -0.17225418,  3.99341316,  3.38405978,\n         8.40122929],\n       [ 1.23016277,  0.67890282, -0.17345614,  4.05071812,  3.31536878,\n         8.30329556]]), array([0.47281417, 0.47306002, 0.47307219, 0.47318271, 0.47368697,\n       0.47388853, 0.47426059]))", "callback": [0.7580501353412019, 0.6953515880300238, 0.6263822843065618, 0.5172468747407772, 0.5069252854893692, 0.503018015541172, 0.49620140043162264, 0.4841328459289047, 0.4730600174828785]}, "2": {"maxiter": 100, "fatol": 1e-10, "xatol": 1e-05, "duration": 0.033624887466430664, "fun": "0.4728141688776375", "nit": "100", "nfev": "153", "status": "2", "success": "False", "message": "Maximum number of iterations has been exceeded.", "x": "[ 1.1699561   0.67660293 -0.2068012   4.16592164  3.43526886  8.476226  ]", "final_simplex": "(array([[ 1.1699561 ,  0.67660293, -0.2068012 ,  4.16592164,  3.43526886,\n         8.476226  ],\n       [ 1.1801124 ,  0.66710981, -0.05369603,  4.04203979,  3.35481258,\n         8.31922376],\n       [ 1.17163179,  0.67215816, -0.10078203,  4.02801745,  3.32200346,\n         8.29141218],\n       [ 1.18328916,  0.67932644, -0.15089088,  4.08957371,  3.30973352,\n         8.36148153],\n       [ 1.09274743,  0.69296133, -0.28579171,  4.12850872,  3.40251946,\n         8.37887391],\n       [ 1.15742903,  0.67790274, -0.17225418,  3.99341316,  3.38405978,\n         8.40122929],\n       [ 1.23016277,  0.67890282, -0.17345614,  4.05071812,  3.31536878,\n         8.30329556]]), array([0.47281417, 0.47306002, 0.47307219, 0.47318271, 0.47368697,\n       0.47388853, 0.47426059]))", "callback": [0.7580501353412019, 0.6953515880300238, 0.6263822843065618, 0.5172468747407772, 0.5069252854893692, 0.503018015541172, 0.49620140043162264, 0.4841328459289047, 0.4730600174828785]}, "3": {"maxiter": 100, "fatol": 1e-10, "xatol": 1e-10, "duration": 0.03401017189025879, "fun": "0.4728141688776375", "nit": "100", "nfev": "153", "status": "2", "success": "False", "message": "Maximum number of iterations has been exceeded.", "x": "[ 1.1699561   0.67660293 -0.2068012   4.16592164  3.43526886  8.476226  ]", "final_simplex": "(array([[ 1.1699561 ,  0.67660293, -0.2068012 ,  4.16592164,  3.43526886,\n         8.476226  ],\n       [ 1.1801124 ,  0.66710981, -0.05369603,  4.04203979,  3.35481258,\n         8.31922376],\n       [ 1.17163179,  0.67215816, -0.10078203,  4.02801745,  3.32200346,\n         8.29141218],\n       [ 1.18328916,  0.67932644, -0.15089088,  4.08957371,  3.30973352,\n         8.36148153],\n       [ 1.09274743,  0.69296133, -0.28579171,  4.12850872,  3.40251946,\n         8.37887391],\n       [ 1.15742903,  0.67790274, -0.17225418,  3.99341316,  3.38405978,\n         8.40122929],\n       [ 1.23016277,  0.67890282, -0.17345614,  4.05071812,  3.31536878,\n         8.30329556]]), array([0.47281417, 0.47306002, 0.47307219, 0.47318271, 0.47368697,\n       0.47388853, 0.47426059]))", "callback": [0.7580501353412019, 0.6953515880300238, 0.6263822843065618, 0.5172468747407772, 0.5069252854893692, 0.503018015541172, 0.49620140043162264, 0.4841328459289047, 0.4730600174828785]}, "4": {"maxiter": 500, "fatol": 1e-05, "xatol": 1e-05, "duration": 0.11297798156738281, "fun": "0.4521880981460056", "nit": "317", "nfev": "510", "status": "0", "success": "True", "message": "Optimization terminated successfully.", "x": "[ 1.12052841  0.2272834  -0.02881994  4.09258147  3.41889353  8.35648933]", "final_simplex": "(array([[ 1.12052841,  0.2272834 , -0.02881994,  4.09258147,  3.41889353,\n         8.35648933],\n       [ 1.12052326,  0.22728478, -0.02881848,  4.09258548,  3.41889686,\n         8.35649347],\n       [ 1.12052687,  0.2272815 , -0.02882046,  4.09258606,  3.41889313,\n         8.35648829],\n       [ 1.12052694,  0.2272842 , -0.0288133 ,  4.09258354,  3.41889025,\n         8.35648657],\n       [ 1.12052101,  0.22727747, -0.02881614,  4.09258719,  3.41889148,\n         8.35648212],\n       [ 1.12052864,  0.22728101, -0.02881436,  4.09258374,  3.41889353,\n         8.35649161],\n       [ 1.12052639,  0.22728385, -0.02881977,  4.09258672,  3.41888788,\n         8.35648997]]), array([0.4521881, 0.4521881, 0.4521881, 0.4521881, 0.4521881, 0.4521881,\n       0.4521881]))", "callback": [0.7580501353412019, 0.6953515880300238, 0.6263822843065618, 0.5172468747407772, 0.5069252854893692, 0.503018015541172, 0.49620140043162264, 0.4841328459289047, 0.4730600174828785, 0.4728141688776375, 0.4722973152923555, 0.47208016899539706, 0.4718926000794613, 0.47143942229793856, 0.4701586613284485, 0.46426939393451394, 0.4575741698400302, 0.45509129812334037, 0.4526457204820227, 0.4523403316876946, 0.45228101446394875, 0.4522049584232579, 0.4521909331223003, 0.4521886411612165, 0.4521881452970543, 0.45218810773256246, 0.4521881006763726, 0.452188098727592, 0.4521880982978994, 0.45218809817418903, 0.4521880981530142]}, "5": {"maxiter": 500, "fatol": 1e-05, "xatol": 1e-10, "duration": 0.1863410472869873, "fun": "0.4521880981336732", "nit": "486", "nfev": "834", "status": "0", "success": "True", "message": "Optimization terminated successfully.", "x": "[ 1.12052191  0.22727925 -0.02881622  4.09257594  3.41888901  8.3564865 ]", "final_simplex": "(array([[ 1.12052191,  0.22727925, -0.02881622,  4.09257594,  3.41888901,\n         8.3564865 ],\n       [ 1.12052191,  0.22727925, -0.02881622,  4.09257594,  3.41888901,\n         8.3564865 ],\n       [ 1.12052191,  0.22727925, -0.02881622,  4.09257594,  3.41888901,\n         8.3564865 ],\n       [ 1.12052191,  0.22727925, -0.02881622,  4.09257594,  3.41888901,\n         8.3564865 ],\n       [ 1.12052191,  0.22727925, -0.02881622,  4.09257594,  3.41888901,\n         8.3564865 ],\n       [ 1.12052191,  0.22727925, -0.02881622,  4.09257594,  3.41888901,\n         8.3564865 ],\n       [ 1.12052191,  0.22727925, -0.02881622,  4.09257594,  3.41888901,\n         8.3564865 ]]), array([0.4521881, 0.4521881, 0.4521881, 0.4521881, 0.4521881, 0.4521881,\n       0.4521881]))", "callback": [0.7580501353412019, 0.6953515880300238, 0.6263822843065618, 0.5172468747407772, 0.5069252854893692, 0.503018015541172, 0.49620140043162264, 0.4841328459289047, 0.4730600174828785, 0.4728141688776375, 0.4722973152923555, 0.47208016899539706, 0.4718926000794613, 0.47143942229793856, 0.4701586613284485, 0.46426939393451394, 0.4575741698400302, 0.45509129812334037, 0.4526457204820227, 0.4523403316876946, 0.45228101446394875, 0.4522049584232579, 0.4521909331223003, 0.4521886411612165, 0.4521881452970543, 0.45218810773256246, 0.4521881006763726, 0.452188098727592, 0.4521880982978994, 0.45218809817418903, 0.4521880981530142, 0.4521880981460056, 0.4521880981428459, 0.4521880981393125, 0.45218809813576966, 0.45218809813412464, 0.4521880981338191, 0.45218809813375127, 0.4521880981336984, 0.45218809813368643, 0.4521880981336803, 0.45218809813367533, 0.4521880981336751, 0.45218809813367433, 0.45218809813367344, 0.45218809813367344, 0.4521880981336732, 0.4521880981336732]}, "6": {"maxiter": 500, "fatol": 1e-10, "xatol": 1e-05, "duration": 0.11388921737670898, "fun": "0.4521880981460056", "nit": "317", "nfev": "510", "status": "0", "success": "True", "message": "Optimization terminated successfully.", "x": "[ 1.12052841  0.2272834  -0.02881994  4.09258147  3.41889353  8.35648933]", "final_simplex": "(array([[ 1.12052841,  0.2272834 , -0.02881994,  4.09258147,  3.41889353,\n         8.35648933],\n       [ 1.12052326,  0.22728478, -0.02881848,  4.09258548,  3.41889686,\n         8.35649347],\n       [ 1.12052687,  0.2272815 , -0.02882046,  4.09258606,  3.41889313,\n         8.35648829],\n       [ 1.12052694,  0.2272842 , -0.0288133 ,  4.09258354,  3.41889025,\n         8.35648657],\n       [ 1.12052101,  0.22727747, -0.02881614,  4.09258719,  3.41889148,\n         8.35648212],\n       [ 1.12052864,  0.22728101, -0.02881436,  4.09258374,  3.41889353,\n         8.35649161],\n       [ 1.12052639,  0.22728385, -0.02881977,  4.09258672,  3.41888788,\n         8.35648997]]), array([0.4521881, 0.4521881, 0.4521881, 0.4521881, 0.4521881, 0.4521881,\n       0.4521881]))", "callback": [0.7580501353412019, 0.6953515880300238, 0.6263822843065618, 0.5172468747407772, 0.5069252854893692, 0.503018015541172, 0.49620140043162264, 0.4841328459289047, 0.4730600174828785, 0.4728141688776375, 0.4722973152923555, 0.47208016899539706, 0.4718926000794613, 0.47143942229793856, 0.4701586613284485, 0.46426939393451394, 0.4575741698400302, 0.45509129812334037, 0.4526457204820227, 0.4523403316876946, 0.45228101446394875, 0.4522049584232579, 0.4521909331223003, 0.4521886411612165, 0.4521881452970543, 0.45218810773256246, 0.4521881006763726, 0.452188098727592, 0.4521880982978994, 0.45218809817418903, 0.4521880981530142]}, "7": {"maxiter": 500, "fatol": 1e-10, "xatol": 1e-10, "duration": 0.20647716522216797, "fun": "0.4521880981336732", "nit": "486", "nfev": "834", "status": "0", "success": "True", "message": "Optimization terminated successfully.", "x": "[ 1.12052191  0.22727925 -0.02881622  4.09257594  3.41888901  8.3564865 ]", "final_simplex": "(array([[ 1.12052191,  0.22727925, -0.02881622,  4.09257594,  3.41888901,\n         8.3564865 ],\n       [ 1.12052191,  0.22727925, -0.02881622,  4.09257594,  3.41888901,\n         8.3564865 ],\n       [ 1.12052191,  0.22727925, -0.02881622,  4.09257594,  3.41888901,\n         8.3564865 ],\n       [ 1.12052191,  0.22727925, -0.02881622,  4.09257594,  3.41888901,\n         8.3564865 ],\n       [ 1.12052191,  0.22727925, -0.02881622,  4.09257594,  3.41888901,\n         8.3564865 ],\n       [ 1.12052191,  0.22727925, -0.02881622,  4.09257594,  3.41888901,\n         8.3564865 ],\n       [ 1.12052191,  0.22727925, -0.02881622,  4.09257594,  3.41888901,\n         8.3564865 ]]), array([0.4521881, 0.4521881, 0.4521881, 0.4521881, 0.4521881, 0.4521881,\n       0.4521881]))", "callback": [0.7580501353412019, 0.6953515880300238, 0.6263822843065618, 0.5172468747407772, 0.5069252854893692, 0.503018015541172, 0.49620140043162264, 0.4841328459289047, 0.4730600174828785, 0.4728141688776375, 0.4722973152923555, 0.47208016899539706, 0.4718926000794613, 0.47143942229793856, 0.4701586613284485, 0.46426939393451394, 0.4575741698400302, 0.45509129812334037, 0.4526457204820227, 0.4523403316876946, 0.45228101446394875, 0.4522049584232579, 0.4521909331223003, 0.4521886411612165, 0.4521881452970543, 0.45218810773256246, 0.4521881006763726, 0.452188098727592, 0.4521880982978994, 0.45218809817418903, 0.4521880981530142, 0.4521880981460056, 0.4521880981428459, 0.4521880981393125, 0.45218809813576966, 0.45218809813412464, 0.4521880981338191, 0.45218809813375127, 0.4521880981336984, 0.45218809813368643, 0.4521880981336803, 0.45218809813367533, 0.4521880981336751, 0.45218809813367433, 0.45218809813367344, 0.45218809813367344, 0.4521880981336732, 0.4521880981336732]}, "8": {"maxiter": 1000, "fatol": 1e-05, "xatol": 1e-05, "duration": 0.11794805526733398, "fun": "0.4521880981460056", "nit": "317", "nfev": "510", "status": "0", "success": "True", "message": "Optimization terminated successfully.", "x": "[ 1.12052841  0.2272834  -0.02881994  4.09258147  3.41889353  8.35648933]", "final_simplex": "(array([[ 1.12052841,  0.2272834 , -0.02881994,  4.09258147,  3.41889353,\n         8.35648933],\n       [ 1.12052326,  0.22728478, -0.02881848,  4.09258548,  3.41889686,\n         8.35649347],\n       [ 1.12052687,  0.2272815 , -0.02882046,  4.09258606,  3.41889313,\n         8.35648829],\n       [ 1.12052694,  0.2272842 , -0.0288133 ,  4.09258354,  3.41889025,\n         8.35648657],\n       [ 1.12052101,  0.22727747, -0.02881614,  4.09258719,  3.41889148,\n         8.35648212],\n       [ 1.12052864,  0.22728101, -0.02881436,  4.09258374,  3.41889353,\n         8.35649161],\n       [ 1.12052639,  0.22728385, -0.02881977,  4.09258672,  3.41888788,\n         8.35648997]]), array([0.4521881, 0.4521881, 0.4521881, 0.4521881, 0.4521881, 0.4521881,\n       0.4521881]))", "callback": [0.7580501353412019, 0.6953515880300238, 0.6263822843065618, 0.5172468747407772, 0.5069252854893692, 0.503018015541172, 0.49620140043162264, 0.4841328459289047, 0.4730600174828785, 0.4728141688776375, 0.4722973152923555, 0.47208016899539706, 0.4718926000794613, 0.47143942229793856, 0.4701586613284485, 0.46426939393451394, 0.4575741698400302, 0.45509129812334037, 0.4526457204820227, 0.4523403316876946, 0.45228101446394875, 0.4522049584232579, 0.4521909331223003, 0.4521886411612165, 0.4521881452970543, 0.45218810773256246, 0.4521881006763726, 0.452188098727592, 0.4521880982978994, 0.45218809817418903, 0.4521880981530142]}, "9": {"maxiter": 1000, "fatol": 1e-05, "xatol": 1e-10, "duration": 0.19093108177185059, "fun": "0.4521880981336732", "nit": "486", "nfev": "834", "status": "0", "success": "True", "message": "Optimization terminated successfully.", "x": "[ 1.12052191  0.22727925 -0.02881622  4.09257594  3.41888901  8.3564865 ]", "final_simplex": "(array([[ 1.12052191,  0.22727925, -0.02881622,  4.09257594,  3.41888901,\n         8.3564865 ],\n       [ 1.12052191,  0.22727925, -0.02881622,  4.09257594,  3.41888901,\n         8.3564865 ],\n       [ 1.12052191,  0.22727925, -0.02881622,  4.09257594,  3.41888901,\n         8.3564865 ],\n       [ 1.12052191,  0.22727925, -0.02881622,  4.09257594,  3.41888901,\n         8.3564865 ],\n       [ 1.12052191,  0.22727925, -0.02881622,  4.09257594,  3.41888901,\n         8.3564865 ],\n       [ 1.12052191,  0.22727925, -0.02881622,  4.09257594,  3.41888901,\n         8.3564865 ],\n       [ 1.12052191,  0.22727925, -0.02881622,  4.09257594,  3.41888901,\n         8.3564865 ]]), array([0.4521881, 0.4521881, 0.4521881, 0.4521881, 0.4521881, 0.4521881,\n       0.4521881]))", "callback": [0.7580501353412019, 0.6953515880300238, 0.6263822843065618, 0.5172468747407772, 0.5069252854893692, 0.503018015541172, 0.49620140043162264, 0.4841328459289047, 0.4730600174828785, 0.4728141688776375, 0.4722973152923555, 0.47208016899539706, 0.4718926000794613, 0.47143942229793856, 0.4701586613284485, 0.46426939393451394, 0.4575741698400302, 0.45509129812334037, 0.4526457204820227, 0.4523403316876946, 0.45228101446394875, 0.4522049584232579, 0.4521909331223003, 0.4521886411612165, 0.4521881452970543, 0.45218810773256246, 0.4521881006763726, 0.452188098727592, 0.4521880982978994, 0.45218809817418903, 0.4521880981530142, 0.4521880981460056, 0.4521880981428459, 0.4521880981393125, 0.45218809813576966, 0.45218809813412464, 0.4521880981338191, 0.45218809813375127, 0.4521880981336984, 0.45218809813368643, 0.4521880981336803, 0.45218809813367533, 0.4521880981336751, 0.45218809813367433, 0.45218809813367344, 0.45218809813367344, 0.4521880981336732, 0.4521880981336732]}, "10": {"maxiter": 1000, "fatol": 1e-10, "xatol": 1e-05, "duration": 0.13054227828979492, "fun": "0.4521880981460056", "nit": "317", "nfev": "510", "status": "0", "success": "True", "message": "Optimization terminated successfully.", "x": "[ 1.12052841  0.2272834  -0.02881994  4.09258147  3.41889353  8.35648933]", "final_simplex": "(array([[ 1.12052841,  0.2272834 , -0.02881994,  4.09258147,  3.41889353,\n         8.35648933],\n       [ 1.12052326,  0.22728478, -0.02881848,  4.09258548,  3.41889686,\n         8.35649347],\n       [ 1.12052687,  0.2272815 , -0.02882046,  4.09258606,  3.41889313,\n         8.35648829],\n       [ 1.12052694,  0.2272842 , -0.0288133 ,  4.09258354,  3.41889025,\n         8.35648657],\n       [ 1.12052101,  0.22727747, -0.02881614,  4.09258719,  3.41889148,\n         8.35648212],\n       [ 1.12052864,  0.22728101, -0.02881436,  4.09258374,  3.41889353,\n         8.35649161],\n       [ 1.12052639,  0.22728385, -0.02881977,  4.09258672,  3.41888788,\n         8.35648997]]), array([0.4521881, 0.4521881, 0.4521881, 0.4521881, 0.4521881, 0.4521881,\n       0.4521881]))", "callback": [0.7580501353412019, 0.6953515880300238, 0.6263822843065618, 0.5172468747407772, 0.5069252854893692, 0.503018015541172, 0.49620140043162264, 0.4841328459289047, 0.4730600174828785, 0.4728141688776375, 0.4722973152923555, 0.47208016899539706, 0.4718926000794613, 0.47143942229793856, 0.4701586613284485, 0.46426939393451394, 0.4575741698400302, 0.45509129812334037, 0.4526457204820227, 0.4523403316876946, 0.45228101446394875, 0.4522049584232579, 0.4521909331223003, 0.4521886411612165, 0.4521881452970543, 0.45218810773256246, 0.4521881006763726, 0.452188098727592, 0.4521880982978994, 0.45218809817418903, 0.4521880981530142]}, "11": {"maxiter": 1000, "fatol": 1e-10, "xatol": 1e-10, "duration": 0.19884705543518066, "fun": "0.4521880981336732", "nit": "486", "nfev": "834", "status": "0", "success": "True", "message": "Optimization terminated successfully.", "x": "[ 1.12052191  0.22727925 -0.02881622  4.09257594  3.41888901  8.3564865 ]", "final_simplex": "(array([[ 1.12052191,  0.22727925, -0.02881622,  4.09257594,  3.41888901,\n         8.3564865 ],\n       [ 1.12052191,  0.22727925, -0.02881622,  4.09257594,  3.41888901,\n         8.3564865 ],\n       [ 1.12052191,  0.22727925, -0.02881622,  4.09257594,  3.41888901,\n         8.3564865 ],\n       [ 1.12052191,  0.22727925, -0.02881622,  4.09257594,  3.41888901,\n         8.3564865 ],\n       [ 1.12052191,  0.22727925, -0.02881622,  4.09257594,  3.41888901,\n         8.3564865 ],\n       [ 1.12052191,  0.22727925, -0.02881622,  4.09257594,  3.41888901,\n         8.3564865 ],\n       [ 1.12052191,  0.22727925, -0.02881622,  4.09257594,  3.41888901,\n         8.3564865 ]]), array([0.4521881, 0.4521881, 0.4521881, 0.4521881, 0.4521881, 0.4521881,\n       0.4521881]))", "callback": [0.7580501353412019, 0.6953515880300238, 0.6263822843065618, 0.5172468747407772, 0.5069252854893692, 0.503018015541172, 0.49620140043162264, 0.4841328459289047, 0.4730600174828785, 0.4728141688776375, 0.4722973152923555, 0.47208016899539706, 0.4718926000794613, 0.47143942229793856, 0.4701586613284485, 0.46426939393451394, 0.4575741698400302, 0.45509129812334037, 0.4526457204820227, 0.4523403316876946, 0.45228101446394875, 0.4522049584232579, 0.4521909331223003, 0.4521886411612165, 0.4521881452970543, 0.45218810773256246, 0.4521881006763726, 0.452188098727592, 0.4521880982978994, 0.45218809817418903, 0.4521880981530142, 0.4521880981460056, 0.4521880981428459, 0.4521880981393125, 0.45218809813576966, 0.45218809813412464, 0.4521880981338191, 0.45218809813375127, 0.4521880981336984, 0.45218809813368643, 0.4521880981336803, 0.45218809813367533, 0.4521880981336751, 0.45218809813367433, 0.45218809813367344, 0.45218809813367344, 0.4521880981336732, 0.4521880981336732]}}, "bfgs": {"type": "gradient", "0": {"maxiter": 100, "gtol": 1e-05, "xrtol": 1e-05, "eps": 1e-05, "duration": 0.04810905456542969, "fun": "0.4521880981870634", "jac": "[-1.35716993e-06  8.71769323e-07  9.00834962e-07  1.88700167e-06\n -7.89379673e-07  3.47455398e-07]", "hess_inv": "[[ 5.23292855  0.55971252  0.79926234 -2.06246768  0.1734636   0.39101386]\n [ 0.55971252  5.44217245 -2.1734705   0.0595291  -0.29489325  0.82189252]\n [ 0.79926234 -2.1734705   6.74123527 -2.21840139 -2.0100011  -3.04606681]\n [-2.06246768  0.0595291  -2.21840139  5.45136884  0.94148088  1.06926475]\n [ 0.1734636  -0.29489325 -2.0100011   0.94148088  7.80237405  4.93111873]\n [ 0.39101386  0.82189252 -3.04606681  1.06926475  4.93111873  7.81368944]]", "nfev": "203", "njev": "29", "status": "0", "success": "True", "message": "Optimization terminated successfully.", "x": "[ 1.12050483  0.22727677 -0.02881373  4.09258317  3.41886796  8.35646805]", "nit": "25", "callback": [0.5119527942514477, 0.45222335054254714]}, "1": {"maxiter": 100, "gtol": 1e-05, "xrtol": 1e-05, "eps": 1e-10, "duration": 0.0499420166015625, "fun": "0.45218809815385197", "jac": "[-2.22044587e-06  1.11022293e-06  1.11022301e-06  0.00000000e+00\n -2.22044587e-06  0.00000000e+00]", "hess_inv": "[[ 5.25435863  0.53895884  0.83322823 -2.09358855  0.14178997  0.3571648 ]\n [ 0.53895884  5.39357922 -2.13361911  0.04145778 -0.31436752  0.80801165]\n [ 0.83322823 -2.13361911  6.71958331 -2.22241428 -1.99609326 -3.03668505]\n [-2.09358855  0.04145778 -2.22241428  5.46239216  0.93297049  1.06339918]\n [ 0.14178997 -0.31436752 -1.99609326  0.93297049  7.83251918  4.96740549]\n [ 0.3571648   0.80801165 -3.03668505  1.06339918  4.96740549  7.85666799]]", "nfev": "203", "njev": "29", "status": "0", "success": "True", "message": "Optimization terminated successfully.", "x": "[ 1.12051237  0.22728056 -0.02881233  4.0925815   3.41887635  8.35647848]", "nit": "25", "callback": [0.5119509680192882, 0.4522236844890575]}, "2": {"maxiter": 100, "gtol": 1e-05, "xrtol": 1e-10, "eps": 1e-05, "duration": 0.04753732681274414, "fun": "0.4521880981870634", "jac": "[-1.35716993e-06  8.71769323e-07  9.00834962e-07  1.88700167e-06\n -7.89379673e-07  3.47455398e-07]", "hess_inv": "[[ 5.23292855  0.55971252  0.79926234 -2.06246768  0.1734636   0.39101386]\n [ 0.55971252  5.44217245 -2.1734705   0.0595291  -0.29489325  0.82189252]\n [ 0.79926234 -2.1734705   6.74123527 -2.21840139 -2.0100011  -3.04606681]\n [-2.06246768  0.0595291  -2.21840139  5.45136884  0.94148088  1.06926475]\n [ 0.1734636  -0.29489325 -2.0100011   0.94148088  7.80237405  4.93111873]\n [ 0.39101386  0.82189252 -3.04606681  1.06926475  4.93111873  7.81368944]]", "nfev": "203", "njev": "29", "status": "0", "success": "True", "message": "Optimization terminated successfully.", "x": "[ 1.12050483  0.22727677 -0.02881373  4.09258317  3.41886796  8.35646805]", "nit": "25", "callback": [0.5119527942514477, 0.45222335054254714]}, "3": {"maxiter": 100, "gtol": 1e-05, "xrtol": 1e-10, "eps": 1e-10, "duration": 0.0475308895111084, "fun": "0.45218809815385197", "jac": "[-2.22044587e-06  1.11022293e-06  1.11022301e-06  0.00000000e+00\n -2.22044587e-06  0.00000000e+00]", "hess_inv": "[[ 5.25435863  0.53895884  0.83322823 -2.09358855  0.14178997  0.3571648 ]\n [ 0.53895884  5.39357922 -2.13361911  0.04145778 -0.31436752  0.80801165]\n [ 0.83322823 -2.13361911  6.71958331 -2.22241428 -1.99609326 -3.03668505]\n [-2.09358855  0.04145778 -2.22241428  5.46239216  0.93297049  1.06339918]\n [ 0.14178997 -0.31436752 -1.99609326  0.93297049  7.83251918  4.96740549]\n [ 0.3571648   0.80801165 -3.03668505  1.06339918  4.96740549  7.85666799]]", "nfev": "203", "njev": "29", "status": "0", "success": "True", "message": "Optimization terminated successfully.", "x": "[ 1.12051237  0.22728056 -0.02881233  4.0925815   3.41887635  8.35647848]", "nit": "25", "callback": [0.5119509680192882, 0.4522236844890575]}, "4": {"maxiter": 100, "gtol": 1e-10, "xrtol": 1e-05, "eps": 1e-05, "duration": 0.048638105392456055, "fun": "0.4521880981618225", "jac": "[ 6.39488462e-09  1.18904886e-08 -9.88098492e-09  1.11410881e-07\n  3.46278561e-08 -1.18771659e-07]", "hess_inv": "[[ 5.43690617  0.54866984  0.78116622 -2.24404001  0.24062998  0.40375229]\n [ 0.54866984  5.37968942 -2.1300081   0.00840928 -0.24665578  0.85402076]\n [ 0.78116622 -2.1300081   6.71423005 -2.16124561 -2.05089492 -3.06929858]\n [-2.24404001  0.00840928 -2.16124561  5.55410667  0.93181317  1.08963457]\n [ 0.24062998 -0.24665578 -2.05089492  0.93181317  7.78183326  4.90832598]\n [ 0.40375229  0.85402076 -3.06929858  1.08963457  4.90832598  7.79741144]]", "nfev": "210", "njev": "30", "status": "0", "success": "True", "message": "Optimization terminated successfully.", "x": "[ 1.12051531  0.22727423 -0.02881333  4.09257194  3.41887302  8.35646972]", "nit": "26", "callback": [0.5119527942514477, 0.45222335054254714]}, "5": {"maxiter": 100, "gtol": 1e-10, "xrtol": 1e-05, "eps": 1e-10, "duration": 0.04937601089477539, "fun": "0.45218809814099037", "jac": "[2.22044587e-06 0.00000000e+00 0.00000000e+00 1.11022293e-06\n 1.11022293e-06 0.00000000e+00]", "hess_inv": "[[ 5.50348115  0.53249474  0.67874505 -2.13020569  0.42978617  0.54541133]\n [ 0.53249474  5.33765938 -2.15299983  0.06960275 -0.16079008  0.92900357]\n [ 0.67874505 -2.15299983  6.80562622 -2.18836709 -2.10752258 -3.10092655]\n [-2.13020569  0.06960275 -2.18836709  5.45458851  0.81255207  0.97469691]\n [ 0.42978617 -0.16079008 -2.10752258  0.81255207  7.70301442  4.82358404]\n [ 0.54541133  0.92900357 -3.10092655  0.97469691  4.82358404  7.71641178]]", "nfev": "210", "njev": "30", "status": "0", "success": "True", "message": "Optimization terminated successfully.", "x": "[ 1.1205242   0.22727785 -0.02882066  4.09258093  3.41889692  8.35649281]", "nit": "26", "callback": [0.5119509680192882, 0.4522236844890575]}, "6": {"maxiter": 100, "gtol": 1e-10, "xrtol": 1e-10, "eps": 1e-05, "duration": 0.07965373992919922, "fun": "0.45218809816100014", "jac": "[ 1.44328993e-10  5.89528426e-09 -1.47659662e-09 -4.54081217e-09\n -1.08468790e-08  1.08801856e-08]", "hess_inv": "[[ 5.46033115  0.45797578  0.84035861 -2.32863288  0.35718987  0.48553564]\n [ 0.45797578  5.36174469 -2.14062592  0.21108011 -0.31340934  0.60835553]\n [ 0.84035861 -2.14062592  6.72796716 -2.27630153 -1.99747881 -2.95438983]\n [-2.32863288  0.21108011 -2.27630153  5.72170432  0.69276173  1.0102964 ]\n [ 0.35718987 -0.31340934 -1.99747881  0.69276173  7.93314662  5.13735363]\n [ 0.48553564  0.60835553 -2.95438983  1.0102964   5.13735363  7.68394224]]", "nfev": "334", "njev": "46", "status": "2", "success": "False", "message": "Desired error not necessarily achieved due to precision loss.", "x": "[ 1.1205156   0.22727425 -0.02881329  4.09257137  3.41887323  8.35647034]", "nit": "27", "callback": [0.5119527942514477, 0.45222335054254714]}, "7": {"maxiter": 100, "gtol": 1e-10, "xrtol": 1e-10, "eps": 1e-10, "duration": 0.08254194259643555, "fun": "0.4521880981347087", "jac": "[-1.11022293e-06 -1.11022293e-06 -1.11022301e-06 -1.11022293e-06\n -1.11022293e-06  0.00000000e+00]", "hess_inv": "[[  1.50787169  -1.95075717  -5.52470652   1.7350188    2.35708095\n    5.48954561]\n [ -1.95075717   2.83251792   7.73697521  -2.40434686  -3.52843611\n   -7.78108533]\n [ -5.52470652   7.73697521  21.71612275  -6.66019682  -9.80902294\n  -21.59183013]\n [  1.7350188   -2.40434686  -6.66019682   2.08339311   2.96161405\n    6.65661689]\n [  2.35708095  -3.52843611  -9.80902294   2.96161405   4.69743882\n    9.61335968]\n [  5.48954561  -7.78108533 -21.59183013   6.65661689   9.61335968\n   21.89379903]]", "nfev": "357", "njev": "51", "status": "2", "success": "False", "message": "Desired error not necessarily achieved due to precision loss.", "x": "[ 1.12051927  0.2272772  -0.02881581  4.09257618  3.41888888  8.35648635]", "nit": "34", "callback": [0.5119509680192882, 0.4522236844890575, 0.45218809813476313]}, "8": {"maxiter": 500, "gtol": 1e-05, "xrtol": 1e-05, "eps": 1e-05, "duration": 0.047145843505859375, "fun": "0.4521880981870634", "jac": "[-1.35716993e-06  8.71769323e-07  9.00834962e-07  1.88700167e-06\n -7.89379673e-07  3.47455398e-07]", "hess_inv": "[[ 5.23292855  0.55971252  0.79926234 -2.06246768  0.1734636   0.39101386]\n [ 0.55971252  5.44217245 -2.1734705   0.0595291  -0.29489325  0.82189252]\n [ 0.79926234 -2.1734705   6.74123527 -2.21840139 -2.0100011  -3.04606681]\n [-2.06246768  0.0595291  -2.21840139  5.45136884  0.94148088  1.06926475]\n [ 0.1734636  -0.29489325 -2.0100011   0.94148088  7.80237405  4.93111873]\n [ 0.39101386  0.82189252 -3.04606681  1.06926475  4.93111873  7.81368944]]", "nfev": "203", "njev": "29", "status": "0", "success": "True", "message": "Optimization terminated successfully.", "x": "[ 1.12050483  0.22727677 -0.02881373  4.09258317  3.41886796  8.35646805]", "nit": "25", "callback": [0.5119527942514477, 0.45222335054254714]}, "9": {"maxiter": 500, "gtol": 1e-05, "xrtol": 1e-05, "eps": 1e-10, "duration": 0.04776287078857422, "fun": "0.45218809815385197", "jac": "[-2.22044587e-06  1.11022293e-06  1.11022301e-06  0.00000000e+00\n -2.22044587e-06  0.00000000e+00]", "hess_inv": "[[ 5.25435863  0.53895884  0.83322823 -2.09358855  0.14178997  0.3571648 ]\n [ 0.53895884  5.39357922 -2.13361911  0.04145778 -0.31436752  0.80801165]\n [ 0.83322823 -2.13361911  6.71958331 -2.22241428 -1.99609326 -3.03668505]\n [-2.09358855  0.04145778 -2.22241428  5.46239216  0.93297049  1.06339918]\n [ 0.14178997 -0.31436752 -1.99609326  0.93297049  7.83251918  4.96740549]\n [ 0.3571648   0.80801165 -3.03668505  1.06339918  4.96740549  7.85666799]]", "nfev": "203", "njev": "29", "status": "0", "success": "True", "message": "Optimization terminated successfully.", "x": "[ 1.12051237  0.22728056 -0.02881233  4.0925815   3.41887635  8.35647848]", "nit": "25", "callback": [0.5119509680192882, 0.4522236844890575]}, "10": {"maxiter": 500, "gtol": 1e-05, "xrtol": 1e-10, "eps": 1e-05, "duration": 0.04729509353637695, "fun": "0.4521880981870634", "jac": "[-1.35716993e-06  8.71769323e-07  9.00834962e-07  1.88700167e-06\n -7.89379673e-07  3.47455398e-07]", "hess_inv": "[[ 5.23292855  0.55971252  0.79926234 -2.06246768  0.1734636   0.39101386]\n [ 0.55971252  5.44217245 -2.1734705   0.0595291  -0.29489325  0.82189252]\n [ 0.79926234 -2.1734705   6.74123527 -2.21840139 -2.0100011  -3.04606681]\n [-2.06246768  0.0595291  -2.21840139  5.45136884  0.94148088  1.06926475]\n [ 0.1734636  -0.29489325 -2.0100011   0.94148088  7.80237405  4.93111873]\n [ 0.39101386  0.82189252 -3.04606681  1.06926475  4.93111873  7.81368944]]", "nfev": "203", "njev": "29", "status": "0", "success": "True", "message": "Optimization terminated successfully.", "x": "[ 1.12050483  0.22727677 -0.02881373  4.09258317  3.41886796  8.35646805]", "nit": "25", "callback": [0.5119527942514477, 0.45222335054254714]}, "11": {"maxiter": 500, "gtol": 1e-05, "xrtol": 1e-10, "eps": 1e-10, "duration": 0.04636812210083008, "fun": "0.45218809815385197", "jac": "[-2.22044587e-06  1.11022293e-06  1.11022301e-06  0.00000000e+00\n -2.22044587e-06  0.00000000e+00]", "hess_inv": "[[ 5.25435863  0.53895884  0.83322823 -2.09358855  0.14178997  0.3571648 ]\n [ 0.53895884  5.39357922 -2.13361911  0.04145778 -0.31436752  0.80801165]\n [ 0.83322823 -2.13361911  6.71958331 -2.22241428 -1.99609326 -3.03668505]\n [-2.09358855  0.04145778 -2.22241428  5.46239216  0.93297049  1.06339918]\n [ 0.14178997 -0.31436752 -1.99609326  0.93297049  7.83251918  4.96740549]\n [ 0.3571648   0.80801165 -3.03668505  1.06339918  4.96740549  7.85666799]]", "nfev": "203", "njev": "29", "status": "0", "success": "True", "message": "Optimization terminated successfully.", "x": "[ 1.12051237  0.22728056 -0.02881233  4.0925815   3.41887635  8.35647848]", "nit": "25", "callback": [0.5119509680192882, 0.4522236844890575]}, "12": {"maxiter": 500, "gtol": 1e-10, "xrtol": 1e-05, "eps": 1e-05, "duration": 0.04801511764526367, "fun": "0.4521880981618225", "jac": "[ 6.39488462e-09  1.18904886e-08 -9.88098492e-09  1.11410881e-07\n  3.46278561e-08 -1.18771659e-07]", "hess_inv": "[[ 5.43690617  0.54866984  0.78116622 -2.24404001  0.24062998  0.40375229]\n [ 0.54866984  5.37968942 -2.1300081   0.00840928 -0.24665578  0.85402076]\n [ 0.78116622 -2.1300081   6.71423005 -2.16124561 -2.05089492 -3.06929858]\n [-2.24404001  0.00840928 -2.16124561  5.55410667  0.93181317  1.08963457]\n [ 0.24062998 -0.24665578 -2.05089492  0.93181317  7.78183326  4.90832598]\n [ 0.40375229  0.85402076 -3.06929858  1.08963457  4.90832598  7.79741144]]", "nfev": "210", "njev": "30", "status": "0", "success": "True", "message": "Optimization terminated successfully.", "x": "[ 1.12051531  0.22727423 -0.02881333  4.09257194  3.41887302  8.35646972]", "nit": "26", "callback": [0.5119527942514477, 0.45222335054254714]}, "13": {"maxiter": 500, "gtol": 1e-10, "xrtol": 1e-05, "eps": 1e-10, "duration": 0.04736208915710449, "fun": "0.45218809814099037", "jac": "[2.22044587e-06 0.00000000e+00 0.00000000e+00 1.11022293e-06\n 1.11022293e-06 0.00000000e+00]", "hess_inv": "[[ 5.50348115  0.53249474  0.67874505 -2.13020569  0.42978617  0.54541133]\n [ 0.53249474  5.33765938 -2.15299983  0.06960275 -0.16079008  0.92900357]\n [ 0.67874505 -2.15299983  6.80562622 -2.18836709 -2.10752258 -3.10092655]\n [-2.13020569  0.06960275 -2.18836709  5.45458851  0.81255207  0.97469691]\n [ 0.42978617 -0.16079008 -2.10752258  0.81255207  7.70301442  4.82358404]\n [ 0.54541133  0.92900357 -3.10092655  0.97469691  4.82358404  7.71641178]]", "nfev": "210", "njev": "30", "status": "0", "success": "True", "message": "Optimization terminated successfully.", "x": "[ 1.1205242   0.22727785 -0.02882066  4.09258093  3.41889692  8.35649281]", "nit": "26", "callback": [0.5119509680192882, 0.4522236844890575]}, "14": {"maxiter": 500, "gtol": 1e-10, "xrtol": 1e-10, "eps": 1e-05, "duration": 0.07503008842468262, "fun": "0.45218809816100014", "jac": "[ 1.44328993e-10  5.89528426e-09 -1.47659662e-09 -4.54081217e-09\n -1.08468790e-08  1.08801856e-08]", "hess_inv": "[[ 5.46033115  0.45797578  0.84035861 -2.32863288  0.35718987  0.48553564]\n [ 0.45797578  5.36174469 -2.14062592  0.21108011 -0.31340934  0.60835553]\n [ 0.84035861 -2.14062592  6.72796716 -2.27630153 -1.99747881 -2.95438983]\n [-2.32863288  0.21108011 -2.27630153  5.72170432  0.69276173  1.0102964 ]\n [ 0.35718987 -0.31340934 -1.99747881  0.69276173  7.93314662  5.13735363]\n [ 0.48553564  0.60835553 -2.95438983  1.0102964   5.13735363  7.68394224]]", "nfev": "334", "njev": "46", "status": "2", "success": "False", "message": "Desired error not necessarily achieved due to precision loss.", "x": "[ 1.1205156   0.22727425 -0.02881329  4.09257137  3.41887323  8.35647034]", "nit": "27", "callback": [0.5119527942514477, 0.45222335054254714]}, "15": {"maxiter": 500, "gtol": 1e-10, "xrtol": 1e-10, "eps": 1e-10, "duration": 0.08059215545654297, "fun": "0.4521880981347087", "jac": "[-1.11022293e-06 -1.11022293e-06 -1.11022301e-06 -1.11022293e-06\n -1.11022293e-06  0.00000000e+00]", "hess_inv": "[[  1.50787169  -1.95075717  -5.52470652   1.7350188    2.35708095\n    5.48954561]\n [ -1.95075717   2.83251792   7.73697521  -2.40434686  -3.52843611\n   -7.78108533]\n [ -5.52470652   7.73697521  21.71612275  -6.66019682  -9.80902294\n  -21.59183013]\n [  1.7350188   -2.40434686  -6.66019682   2.08339311   2.96161405\n    6.65661689]\n [  2.35708095  -3.52843611  -9.80902294   2.96161405   4.69743882\n    9.61335968]\n [  5.48954561  -7.78108533 -21.59183013   6.65661689   9.61335968\n   21.89379903]]", "nfev": "357", "njev": "51", "status": "2", "success": "False", "message": "Desired error not necessarily achieved due to precision loss.", "x": "[ 1.12051927  0.2272772  -0.02881581  4.09257618  3.41888888  8.35648635]", "nit": "34", "callback": [0.5119509680192882, 0.4522236844890575, 0.45218809813476313]}, "16": {"maxiter": 1000, "gtol": 1e-05, "xrtol": 1e-05, "eps": 1e-05, "duration": 0.04587388038635254, "fun": "0.4521880981870634", "jac": "[-1.35716993e-06  8.71769323e-07  9.00834962e-07  1.88700167e-06\n -7.89379673e-07  3.47455398e-07]", "hess_inv": "[[ 5.23292855  0.55971252  0.79926234 -2.06246768  0.1734636   0.39101386]\n [ 0.55971252  5.44217245 -2.1734705   0.0595291  -0.29489325  0.82189252]\n [ 0.79926234 -2.1734705   6.74123527 -2.21840139 -2.0100011  -3.04606681]\n [-2.06246768  0.0595291  -2.21840139  5.45136884  0.94148088  1.06926475]\n [ 0.1734636  -0.29489325 -2.0100011   0.94148088  7.80237405  4.93111873]\n [ 0.39101386  0.82189252 -3.04606681  1.06926475  4.93111873  7.81368944]]", "nfev": "203", "njev": "29", "status": "0", "success": "True", "message": "Optimization terminated successfully.", "x": "[ 1.12050483  0.22727677 -0.02881373  4.09258317  3.41886796  8.35646805]", "nit": "25", "callback": [0.5119527942514477, 0.45222335054254714]}, "17": {"maxiter": 1000, "gtol": 1e-05, "xrtol": 1e-05, "eps": 1e-10, "duration": 0.04679298400878906, "fun": "0.45218809815385197", "jac": "[-2.22044587e-06  1.11022293e-06  1.11022301e-06  0.00000000e+00\n -2.22044587e-06  0.00000000e+00]"