{"date": "2024/10/08/, 14:09:51", "conf_id": 3, "data_type": "random\n", "num_data_points": 1, "s_rank": 0, "unitary": "[[-0.53618537-0.34368723j,-0.12107031-0.46226139j,-0.07699282-0.46603512j,0.36022595-0.11472301j],[0.26026499-0.63450712j,-0.56616638+0.37832564j,-0.14988651+0.08458591j,0.10363514-0.16008501j],[-0.32580188-0.11070003j,-0.36476308-0.23593218j,0.02559343+0.41761608j,-0.25598305+0.6725303j],[0.07406738-0.0126433j,0.28513701+0.19483972j,-0.74939717-0.10299659j,0.29798249+0.46269921j]]", "databatch_0": {"databatch": "[[[0.06318202-0.11875141j,-0.09598484+0.10659092j,0.20844971+0.08357694j,-0.23608642+0.01980526j],[-0.03545851-0.14932089j,-0.00179743+0.16364685j,0.24149981-0.08564091j,-0.18719829+0.19499707j],[-0.01601117-0.27916861j,-0.05538858+0.29299214j,0.46052399-0.07665005j,-0.39797126+0.29013259j],[-0.01037376-0.06809724j,-0.00681803+0.07313637j,0.11117486-0.02943376j,-0.09090355+0.08034647j]]]", "initial param values": "[1.11450335,0.77450496,6.02982278,1.26293126,4.25574685,6.12524521]", "nelder_mead": {"type": "gradient-free", "0": {"maxiter": 100, "fatol": 1e-05, "xatol": 1e-05, "duration": 0.06464886665344238, "fun": "0.0035383371043358203", "nit": "100", "nfev": "163", "status": "2", "success": "False", "message": "Maximum number of iterations has been exceeded.", "x": "[1.82943971 0.63716288 4.08295325 0.53030675 6.08566427 5.11865985]", "final_simplex": "(array([[1.82943971, 0.63716288, 4.08295325, 0.53030675, 6.08566427,\n        5.11865985],\n       [1.81675075, 0.64145947, 4.12438371, 0.49041386, 6.09579644,\n        5.16316509],\n       [1.82207732, 0.64493128, 4.07060115, 0.52100526, 6.09263122,\n        5.08001869],\n       [1.82210532, 0.63917005, 4.14950376, 0.51828081, 6.10363352,\n        5.10714324],\n       [1.79033764, 0.64524191, 4.08937974, 0.55498791, 6.14312095,\n        5.08457255],\n       [1.84188727, 0.64041311, 4.06789054, 0.46802222, 6.1337014 ,\n        5.08383269],\n       [1.77928954, 0.64265104, 4.12791512, 0.5625762 , 6.13935278,\n        5.07903728]]), array([0.00353834, 0.00387601, 0.00398824, 0.00423905, 0.00426532,\n       0.0043995 , 0.00455284]))", "callback": [0.6376456459100736, 0.44035172488716645, 0.28030981876689476, 0.1761008612084316, 0.030940208420901283, 0.021273404056416534, 0.014753702924998113, 0.012750484296236486, 0.006311946259037526, 0.004552843357907399]}, "1": {"maxiter": 100, "fatol": 1e-05, "xatol": 1e-10, "duration": 0.04897189140319824, "fun": "0.0035383371043358203", "nit": "100", "nfev": "163", "status": "2", "success": "False", "message": "Maximum number of iterations has been exceeded.", "x": "[1.82943971 0.63716288 4.08295325 0.53030675 6.08566427 5.11865985]", "final_simplex": "(array([[1.82943971, 0.63716288, 4.08295325, 0.53030675, 6.08566427,\n        5.11865985],\n       [1.81675075, 0.64145947, 4.12438371, 0.49041386, 6.09579644,\n        5.16316509],\n       [1.82207732, 0.64493128, 4.07060115, 0.52100526, 6.09263122,\n        5.08001869],\n       [1.82210532, 0.63917005, 4.14950376, 0.51828081, 6.10363352,\n        5.10714324],\n       [1.79033764, 0.64524191, 4.08937974, 0.55498791, 6.14312095,\n        5.08457255],\n       [1.84188727, 0.64041311, 4.06789054, 0.46802222, 6.1337014 ,\n        5.08383269],\n       [1.77928954, 0.64265104, 4.12791512, 0.5625762 , 6.13935278,\n        5.07903728]]), array([0.00353834, 0.00387601, 0.00398824, 0.00423905, 0.00426532,\n       0.0043995 , 0.00455284]))", "callback": [0.6376456459100736, 0.44035172488716645, 0.28030981876689476, 0.1761008612084316, 0.030940208420901283, 0.021273404056416534, 0.014753702924998113, 0.012750484296236486, 0.006311946259037526, 0.004552843357907399]}, "2": {"maxiter": 100, "fatol": 1e-10, "xatol": 1e-05, "duration": 0.049368858337402344, "fun": "0.0035383371043358203", "nit": "100", "nfev": "163", "status": "2", "success": "False", "message": "Maximum number of iterations has been exceeded.", "x": "[1.82943971 0.63716288 4.08295325 0.53030675 6.08566427 5.11865985]", "final_simplex": "(array([[1.82943971, 0.63716288, 4.08295325, 0.53030675, 6.08566427,\n        5.11865985],\n       [1.81675075, 0.64145947, 4.12438371, 0.49041386, 6.09579644,\n        5.16316509],\n       [1.82207732, 0.64493128, 4.07060115, 0.52100526, 6.09263122,\n        5.08001869],\n       [1.82210532, 0.63917005, 4.14950376, 0.51828081, 6.10363352,\n        5.10714324],\n       [1.79033764, 0.64524191, 4.08937974, 0.55498791, 6.14312095,\n        5.08457255],\n       [1.84188727, 0.64041311, 4.06789054, 0.46802222, 6.1337014 ,\n        5.08383269],\n       [1.77928954, 0.64265104, 4.12791512, 0.5625762 , 6.13935278,\n        5.07903728]]), array([0.00353834, 0.00387601, 0.00398824, 0.00423905, 0.00426532,\n       0.0043995 , 0.00455284]))", "callback": [0.6376456459100736, 0.44035172488716645, 0.28030981876689476, 0.1761008612084316, 0.030940208420901283, 0.021273404056416534, 0.014753702924998113, 0.012750484296236486, 0.006311946259037526, 0.004552843357907399]}, "3": {"maxiter": 100, "fatol": 1e-10, "xatol": 1e-10, "duration": 0.04507708549499512, "fun": "0.0035383371043358203", "nit": "100", "nfev": "163", "status": "2", "success": "False", "message": "Maximum number of iterations has been exceeded.", "x": "[1.82943971 0.63716288 4.08295325 0.53030675 6.08566427 5.11865985]", "final_simplex": "(array([[1.82943971, 0.63716288, 4.08295325, 0.53030675, 6.08566427,\n        5.11865985],\n       [1.81675075, 0.64145947, 4.12438371, 0.49041386, 6.09579644,\n        5.16316509],\n       [1.82207732, 0.64493128, 4.07060115, 0.52100526, 6.09263122,\n        5.08001869],\n       [1.82210532, 0.63917005, 4.14950376, 0.51828081, 6.10363352,\n        5.10714324],\n       [1.79033764, 0.64524191, 4.08937974, 0.55498791, 6.14312095,\n        5.08457255],\n       [1.84188727, 0.64041311, 4.06789054, 0.46802222, 6.1337014 ,\n        5.08383269],\n       [1.77928954, 0.64265104, 4.12791512, 0.5625762 , 6.13935278,\n        5.07903728]]), array([0.00353834, 0.00387601, 0.00398824, 0.00423905, 0.00426532,\n       0.0043995 , 0.00455284]))", "callback": [0.6376456459100736, 0.44035172488716645, 0.28030981876689476, 0.1761008612084316, 0.030940208420901283, 0.021273404056416534, 0.014753702924998113, 0.012750484296236486, 0.006311946259037526, 0.004552843357907399]}, "4": {"maxiter": 500, "fatol": 1e-05, "xatol": 1e-05, "duration": 0.13102293014526367, "fun": "0.0025549996155591614", "nit": "253", "nfev": "415", "status": "0", "success": "True", "message": "Optimization terminated successfully.", "x": "[1.91854026 0.61536535 4.15187709 0.47716163 5.94815922 5.31282226]", "final_simplex": "(array([[1.91854026, 0.61536535, 4.15187709, 0.47716163, 5.94815922,\n        5.31282226],\n       [1.91854253, 0.61536429, 4.1518821 , 0.47716023, 5.94815494,\n        5.31283027],\n       [1.91853616, 0.61536684, 4.15187832, 0.47716264, 5.94815789,\n        5.31282275],\n       [1.91853763, 0.61536493, 4.15187966, 0.47716749, 5.94816112,\n        5.31281812],\n       [1.91853594, 0.61536562, 4.15188228, 0.47716228, 5.94816538,\n        5.3128194 ],\n       [1.91853955, 0.6153649 , 4.15187955, 0.47716211, 5.94816738,\n        5.31281844],\n       [1.91854169, 0.61536485, 4.15187992, 0.47715963, 5.94816393,\n        5.31281793]]), array([0.002555, 0.002555, 0.002555, 0.002555, 0.002555, 0.002555,\n       0.002555]))", "callback": [0.6376456459100736, 0.44035172488716645, 0.28030981876689476, 0.1761008612084316, 0.030940208420901283, 0.021273404056416534, 0.014753702924998113, 0.012750484296236486, 0.006311946259037526, 0.004552843357907399, 0.0035383371043358203, 0.0028989765796265665, 0.002717636337466134, 0.002661767599460463, 0.002603785560838512, 0.002564559525677912, 0.002559433135116196, 0.0025557735076654486, 0.0025555099114739077, 0.0025550641080103187, 0.0025550048446415508, 0.002555000925902884, 0.002554999845049699, 0.0025549996354172766, 0.0025549996166734923, 0.0025549996159666133]}, "5": {"maxiter": 500, "fatol": 1e-05, "xatol": 1e-10, "duration": 0.17475485801696777, "fun": "0.002554999614386877", "nit": "348", "nfev": "625", "status": "0", "success": "True", "message": "Optimization terminated successfully.", "x": "[1.91853859 0.61536544 4.15187923 0.47716317 5.9481603  5.31282196]", "final_simplex": "(array([[1.91853859, 0.61536544, 4.15187923, 0.47716317, 5.9481603 ,\n        5.31282196],\n       [1.91853859, 0.61536544, 4.15187923, 0.47716317, 5.9481603 ,\n        5.31282196],\n       [1.91853859, 0.61536544, 4.15187923, 0.47716317, 5.9481603 ,\n        5.31282196],\n       [1.91853859, 0.61536544, 4.15187923, 0.47716317, 5.9481603 ,\n        5.31282196],\n       [1.91853859, 0.61536544, 4.15187923, 0.47716317, 5.9481603 ,\n        5.31282196],\n       [1.91853859, 0.61536544, 4.15187923, 0.47716317, 5.9481603 ,\n        5.31282196],\n       [1.91853859, 0.61536544, 4.15187923, 0.47716317, 5.9481603 ,\n        5.31282196]]), array([0.002555, 0.002555, 0.002555, 0.002555, 0.002555, 0.002555,\n       0.002555]))", "callback": [0.6376456459100736, 0.44035172488716645, 0.28030981876689476, 0.1761008612084316, 0.030940208420901283, 0.021273404056416534, 0.014753702924998113, 0.012750484296236486, 0.006311946259037526, 0.004552843357907399, 0.0035383371043358203, 0.0028989765796265665, 0.002717636337466134, 0.002661767599460463, 0.002603785560838512, 0.002564559525677912, 0.002559433135116196, 0.0025557735076654486, 0.0025555099114739077, 0.0025550641080103187, 0.0025550048446415508, 0.002555000925902884, 0.002554999845049699, 0.0025549996354172766, 0.0025549996166734923, 0.0025549996159666133, 0.002554999614551856, 0.002554999614418074, 0.002554999614407527, 0.0025549996143896525, 0.002554999614387432, 0.002554999614387099, 0.002554999614386988, 0.002554999614386988, 0.002554999614386988]}, "6": {"maxiter": 500, "fatol": 1e-10, "xatol": 1e-05, "duration": 0.13655400276184082, "fun": "0.0025549996155591614", "nit": "253", "nfev": "415", "status": "0", "success": "True", "message": "Optimization terminated successfully.", "x": "[1.91854026 0.61536535 4.15187709 0.47716163 5.94815922 5.31282226]", "final_simplex": "(array([[1.91854026, 0.61536535, 4.15187709, 0.47716163, 5.94815922,\n        5.31282226],\n       [1.91854253, 0.61536429, 4.1518821 , 0.47716023, 5.94815494,\n        5.31283027],\n       [1.91853616, 0.61536684, 4.15187832, 0.47716264, 5.94815789,\n        5.31282275],\n       [1.91853763, 0.61536493, 4.15187966, 0.47716749, 5.94816112,\n        5.31281812],\n       [1.91853594, 0.61536562, 4.15188228, 0.47716228, 5.94816538,\n        5.3128194 ],\n       [1.91853955, 0.6153649 , 4.15187955, 0.47716211, 5.94816738,\n        5.31281844],\n       [1.91854169, 0.61536485, 4.15187992, 0.47715963, 5.94816393,\n        5.31281793]]), array([0.002555, 0.002555, 0.002555, 0.002555, 0.002555, 0.002555,\n       0.002555]))", "callback": [0.6376456459100736, 0.44035172488716645, 0.28030981876689476, 0.1761008612084316, 0.030940208420901283, 0.021273404056416534, 0.014753702924998113, 0.012750484296236486, 0.006311946259037526, 0.004552843357907399, 0.0035383371043358203, 0.0028989765796265665, 0.002717636337466134, 0.002661767599460463, 0.002603785560838512, 0.002564559525677912, 0.002559433135116196, 0.0025557735076654486, 0.0025555099114739077, 0.0025550641080103187, 0.0025550048446415508, 0.002555000925902884, 0.002554999845049699, 0.0025549996354172766, 0.0025549996166734923, 0.0025549996159666133]}, "7": {"maxiter": 500, "fatol": 1e-10, "xatol": 1e-10, "duration": 0.1818082332611084, "fun": "0.002554999614386877", "nit": "348", "nfev": "625", "status": "0", "success": "True", "message": "Optimization terminated successfully.", "x": "[1.91853859 0.61536544 4.15187923 0.47716317 5.9481603  5.31282196]", "final_simplex": "(array([[1.91853859, 0.61536544, 4.15187923, 0.47716317, 5.9481603 ,\n        5.31282196],\n       [1.91853859, 0.61536544, 4.15187923, 0.47716317, 5.9481603 ,\n        5.31282196],\n       [1.91853859, 0.61536544, 4.15187923, 0.47716317, 5.9481603 ,\n        5.31282196],\n       [1.91853859, 0.61536544, 4.15187923, 0.47716317, 5.9481603 ,\n        5.31282196],\n       [1.91853859, 0.61536544, 4.15187923, 0.47716317, 5.9481603 ,\n        5.31282196],\n       [1.91853859, 0.61536544, 4.15187923, 0.47716317, 5.9481603 ,\n        5.31282196],\n       [1.91853859, 0.61536544, 4.15187923, 0.47716317, 5.9481603 ,\n        5.31282196]]), array([0.002555, 0.002555, 0.002555, 0.002555, 0.002555, 0.002555,\n       0.002555]))", "callback": [0.6376456459100736, 0.44035172488716645, 0.28030981876689476, 0.1761008612084316, 0.030940208420901283, 0.021273404056416534, 0.014753702924998113, 0.012750484296236486, 0.006311946259037526, 0.004552843357907399, 0.0035383371043358203, 0.0028989765796265665, 0.002717636337466134, 0.002661767599460463, 0.002603785560838512, 0.002564559525677912, 0.002559433135116196, 0.0025557735076654486, 0.0025555099114739077, 0.0025550641080103187, 0.0025550048446415508, 0.002555000925902884, 0.002554999845049699, 0.0025549996354172766, 0.0025549996166734923, 0.0025549996159666133, 0.002554999614551856, 0.002554999614418074, 0.002554999614407527, 0.0025549996143896525, 0.002554999614387432, 0.002554999614387099, 0.002554999614386988, 0.002554999614386988, 0.002554999614386988]}, "8": {"maxiter": 1000, "fatol": 1e-05, "xatol": 1e-05, "duration": 0.13210391998291016, "fun": "0.0025549996155591614", "nit": "253", "nfev": "415", "status": "0", "success": "True", "message": "Optimization terminated successfully.", "x": "[1.91854026 0.61536535 4.15187709 0.47716163 5.94815922 5.31282226]", "final_simplex": "(array([[1.91854026, 0.61536535, 4.15187709, 0.47716163, 5.94815922,\n        5.31282226],\n       [1.91854253, 0.61536429, 4.1518821 , 0.47716023, 5.94815494,\n        5.31283027],\n       [1.91853616, 0.61536684, 4.15187832, 0.47716264, 5.94815789,\n        5.31282275],\n       [1.91853763, 0.61536493, 4.15187966, 0.47716749, 5.94816112,\n        5.31281812],\n       [1.91853594, 0.61536562, 4.15188228, 0.47716228, 5.94816538,\n        5.3128194 ],\n       [1.91853955, 0.6153649 , 4.15187955, 0.47716211, 5.94816738,\n        5.31281844],\n       [1.91854169, 0.61536485, 4.15187992, 0.47715963, 5.94816393,\n        5.31281793]]), array([0.002555, 0.002555, 0.002555, 0.002555, 0.002555, 0.002555,\n       0.002555]))", "callback": [0.6376456459100736, 0.44035172488716645, 0.28030981876689476, 0.1761008612084316, 0.030940208420901283, 0.021273404056416534, 0.014753702924998113, 0.012750484296236486, 0.006311946259037526, 0.004552843357907399, 0.0035383371043358203, 0.0028989765796265665, 0.002717636337466134, 0.002661767599460463, 0.002603785560838512, 0.002564559525677912, 0.002559433135116196, 0.0025557735076654486, 0.0025555099114739077, 0.0025550641080103187, 0.0025550048446415508, 0.002555000925902884, 0.002554999845049699, 0.0025549996354172766, 0.0025549996166734923, 0.0025549996159666133]}, "9": {"maxiter": 1000, "fatol": 1e-05, "xatol": 1e-10, "duration": 0.18895173072814941, "fun": "0.002554999614386877", "nit": "348", "nfev": "625", "status": "0", "success": "True", "message": "Optimization terminated successfully.", "x": "[1.91853859 0.61536544 4.15187923 0.47716317 5.9481603  5.31282196]", "final_simplex": "(array([[1.91853859, 0.61536544, 4.15187923, 0.47716317, 5.9481603 ,\n        5.31282196],\n       [1.91853859, 0.61536544, 4.15187923, 0.47716317, 5.9481603 ,\n        5.31282196],\n       [1.91853859, 0.61536544, 4.15187923, 0.47716317, 5.9481603 ,\n        5.31282196],\n       [1.91853859, 0.61536544, 4.15187923, 0.47716317, 5.9481603 ,\n        5.31282196],\n       [1.91853859, 0.61536544, 4.15187923, 0.47716317, 5.9481603 ,\n        5.31282196],\n       [1.91853859, 0.61536544, 4.15187923, 0.47716317, 5.9481603 ,\n        5.31282196],\n       [1.91853859, 0.61536544, 4.15187923, 0.47716317, 5.9481603 ,\n        5.31282196]]), array([0.002555, 0.002555, 0.002555, 0.002555, 0.002555, 0.002555,\n       0.002555]))", "callback": [0.6376456459100736, 0.44035172488716645, 0.28030981876689476, 0.1761008612084316, 0.030940208420901283, 0.021273404056416534, 0.014753702924998113, 0.012750484296236486, 0.006311946259037526, 0.004552843357907399, 0.0035383371043358203, 0.0028989765796265665, 0.002717636337466134, 0.002661767599460463, 0.002603785560838512, 0.002564559525677912, 0.002559433135116196, 0.0025557735076654486, 0.0025555099114739077, 0.0025550641080103187, 0.0025550048446415508, 0.002555000925902884, 0.002554999845049699, 0.0025549996354172766, 0.0025549996166734923, 0.0025549996159666133, 0.002554999614551856, 0.002554999614418074, 0.002554999614407527, 0.0025549996143896525, 0.002554999614387432, 0.002554999614387099, 0.002554999614386988, 0.002554999614386988, 0.002554999614386988]}, "10": {"maxiter": 1000, "fatol": 1e-10, "xatol": 1e-05, "duration": 0.13924193382263184, "fun": "0.0025549996155591614", "nit": "253", "nfev": "415", "status": "0", "success": "True", "message": "Optimization terminated successfully.", "x": "[1.91854026 0.61536535 4.15187709 0.47716163 5.94815922 5.31282226]", "final_simplex": "(array([[1.91854026, 0.61536535, 4.15187709, 0.47716163, 5.94815922,\n        5.31282226],\n       [1.91854253, 0.61536429, 4.1518821 , 0.47716023, 5.94815494,\n        5.31283027],\n       [1.91853616, 0.61536684, 4.15187832, 0.47716264, 5.94815789,\n        5.31282275],\n       [1.91853763, 0.61536493, 4.15187966, 0.47716749, 5.94816112,\n        5.31281812],\n       [1.91853594, 0.61536562, 4.15188228, 0.47716228, 5.94816538,\n        5.3128194 ],\n       [1.91853955, 0.6153649 , 4.15187955, 0.47716211, 5.94816738,\n        5.31281844],\n       [1.91854169, 0.61536485, 4.15187992, 0.47715963, 5.94816393,\n        5.31281793]]), array([0.002555, 0.002555, 0.002555, 0.002555, 0.002555, 0.002555,\n       0.002555]))", "callback": [0.6376456459100736, 0.44035172488716645, 0.28030981876689476, 0.1761008612084316, 0.030940208420901283, 0.021273404056416534, 0.014753702924998113, 0.012750484296236486, 0.006311946259037526, 0.004552843357907399, 0.0035383371043358203, 0.0028989765796265665, 0.002717636337466134, 0.002661767599460463, 0.002603785560838512, 0.002564559525677912, 0.002559433135116196, 0.0025557735076654486, 0.0025555099114739077, 0.0025550641080103187, 0.0025550048446415508, 0.002555000925902884, 0.002554999845049699, 0.0025549996354172766, 0.0025549996166734923, 0.0025549996159666133]}, "11": {"maxiter": 1000, "fatol": 1e-10, "xatol": 1e-10, "duration": 0.19749212265014648, "fun": "0.002554999614386877", "nit": "348", "nfev": "625", "status": "0", "success": "True", "message": "Optimization terminated successfully.", "x": "[1.91853859 0.61536544 4.15187923 0.47716317 5.9481603  5.31282196]", "final_simplex": "(array([[1.91853859, 0.61536544, 4.15187923, 0.47716317, 5.9481603 ,\n        5.31282196],\n       [1.91853859, 0.61536544, 4.15187923, 0.47716317, 5.9481603 ,\n        5.31282196],\n       [1.91853859, 0.61536544, 4.15187923, 0.47716317, 5.9481603 ,\n        5.31282196],\n       [1.91853859, 0.61536544, 4.15187923, 0.47716317, 5.9481603 ,\n        5.31282196],\n       [1.91853859, 0.61536544, 4.15187923, 0.47716317, 5.9481603 ,\n        5.31282196],\n       [1.91853859, 0.61536544, 4.15187923, 0.47716317, 5.9481603 ,\n        5.31282196],\n       [1.91853859, 0.61536544, 4.15187923, 0.47716317, 5.9481603 ,\n        5.31282196]]), array([0.002555, 0.002555, 0.002555, 0.002555, 0.002555, 0.002555,\n       0.002555]))", "callback": [0.6376456459100736, 0.44035172488716645, 0.28030981876689476, 0.1761008612084316, 0.030940208420901283, 0.021273404056416534, 0.014753702924998113, 0.012750484296236486, 0.006311946259037526, 0.004552843357907399, 0.0035383371043358203, 0.0028989765796265665, 0.002717636337466134, 0.002661767599460463, 0.002603785560838512, 0.002564559525677912, 0.002559433135116196, 0.0025557735076654486, 0.0025555099114739077, 0.0025550641080103187, 0.0025550048446415508, 0.002555000925902884, 0.002554999845049699, 0.0025549996354172766, 0.0025549996166734923, 0.0025549996159666133, 0.002554999614551856, 0.002554999614418074, 0.002554999614407527, 0.0025549996143896525, 0.002554999614387432, 0.002554999614387099, 0.002554999614386988, 0.002554999614386988, 0.002554999614386988]}}, "bfgs": {"type": "gradient", "0": {"maxiter": 100, "gtol": 1e-05, "xrtol": 1e-05, "eps": 1e-05, "duration": 0.03549981117248535, "fun": "0.002554999652185419", "jac": "[ 2.50295340e-06  1.01936237e-06 -3.36330963e-07  4.47719639e-07\n -9.68802816e-07  2.04491979e-07]", "hess_inv": "[[ 2.02719243 -0.35261292 -0.37824086 -0.34085719  0.1381543  -1.06396462]\n [-0.35261292  4.86821546  1.08612643  1.4186956  -4.09989542  3.08951847]\n [-0.37824086  1.08612643  3.27708808  1.52067877 -0.62391234  1.72238939]\n [-0.34085719  1.4186956   1.52067877  3.41523972 -2.31495009  2.33085339]\n [ 0.1381543  -4.09989542 -0.62391234 -2.31495009  7.80376668 -4.30874425]\n [-1.06396462  3.08951847  1.72238939  2.33085339 -4.30874425  4.71408752]]", "nfev": "119", "njev": "17", "status": "0", "success": "True", "message": "Optimization terminated successfully.", "x": "[1.85324292 0.71835444 4.13161245 0.57224422 5.97249928 5.20577723]", "nit": "15", "callback": [0.3041198234469541, 0.24535408669654823, 0.146758367352955, 0.04062943647698769, 0.025192792189223323, 0.007125892101024434, 0.005921248126250056, 0.004661836138223352, 0.003027649363487428, 0.0026046857138397606, 0.002555653506352229, 0.002555024305102349, 0.002555005211753114, 0.0025550000190097677, 0.002554999652185419]}, "1": {"maxiter": 100, "gtol": 1e-05, "xrtol": 1e-05, "eps": 1e-10, "duration": 0.049658775329589844, "fun": "0.0025549996528354546", "jac": "[ 3.33066880e-06  1.11022293e-06 -4.44089173e-06  1.11022293e-06\n -2.22044587e-06  0.00000000e+00]", "hess_inv": "[[ 2.07566741 -0.45816211 -0.43383425 -0.26266329  0.08018431 -1.09203966]\n [-0.45816211  4.80399624  1.14557516  1.53389889 -3.99462759  3.11519566]\n [-0.43383425  1.14557516  3.29302712  1.47186253 -0.61667411  1.73813659]\n [-0.26266329  1.53389889  1.47186253  3.34471365 -2.51043261  2.35598574]\n [ 0.08018431 -3.99462759 -0.61667411 -2.51043261  7.94009485 -4.35910884]\n [-1.09203966  3.11519566  1.73813659  2.35598574 -4.35910884  4.75147923]]", "nfev": "119", "njev": "17", "status": "0", "success": "True", "message": "Optimization terminated successfully.", "x": "[1.85324307 0.7183598  4.13162878 0.57225612 5.97249003 5.20580023]", "nit": "15", "callback": [0.3041174477134414, 0.24534965718784374, 0.14675489880020876, 0.040632066967005276, 0.02519381582204616, 0.007123911042867914, 0.005920828002202172, 0.0046597105137716754, 0.003025335587921285, 0.002604449475488102, 0.0025556404428314083, 0.002555022831032594, 0.002555005254119447, 0.0025550002287045848, 0.0025549996528354546]}, "2": {"maxiter": 100, "gtol": 1e-05, "xrtol": 1e-10, "eps": 1e-05, "duration": 0.03354525566101074, "fun": "0.002554999652185419", "jac": "[ 2.50295340e-06  1.01936237e-06 -3.36330963e-07  4.47719639e-07\n -9.68802816e-07  2.04491979e-07]", "hess_inv": "[[ 2.02719243 -0.35261292 -0.37824086 -0.34085719  0.1381543  -1.06396462]\n [-0.35261292  4.86821546  1.08612643  1.4186956  -4.09989542  3.08951847]\n [-0.37824086  1.08612643  3.27708808  1.52067877 -0.62391234  1.72238939]\n [-0.34085719  1.4186956   1.52067877  3.41523972 -2.31495009  2.33085339]\n [ 0.1381543  -4.09989542 -0.62391234 -2.31495009  7.80376668 -4.30874425]\n [-1.06396462  3.08951847  1.72238939  2.33085339 -4.30874425  4.71408752]]", "nfev": "119", "njev": "17", "status": "0", "success": "True", "message": "Optimization terminated successfully.", "x": "[1.85324292 0.71835444 4.13161245 0.57224422 5.97249928 5.20577723]", "nit": "15", "callback": [0.3041198234469541, 0.24535408669654823, 0.146758367352955, 0.04062943647698769, 0.025192792189223323, 0.007125892101024434, 0.005921248126250056, 0.004661836138223352, 0.003027649363487428, 0.0026046857138397606, 0.002555653506352229, 0.002555024305102349, 0.002555005211753114, 0.0025550000190097677, 0.002554999652185419]}, "3": {"maxiter": 100, "gtol": 1e-05, "xrtol": 1e-10, "eps": 1e-10, "duration": 0.03250885009765625, "fun": "0.0025549996528354546", "jac": "[ 3.33066880e-06  1.11022293e-06 -4.44089173e-06  1.11022293e-06\n -2.22044587e-06  0.00000000e+00]", "hess_inv": "[[ 2.07566741 -0.45816211 -0.43383425 -0.26266329  0.08018431 -1.09203966]\n [-0.45816211  4.80399624  1.14557516  1.53389889 -3.99462759  3.11519566]\n [-0.43383425  1.14557516  3.29302712  1.47186253 -0.61667411  1.73813659]\n [-0.26266329  1.53389889  1.47186253  3.34471365 -2.51043261  2.35598574]\n [ 0.08018431 -3.99462759 -0.61667411 -2.51043261  7.94009485 -4.35910884]\n [-1.09203966  3.11519566  1.73813659  2.35598574 -4.35910884  4.75147923]]", "nfev": "119", "njev": "17", "status": "0", "success": "True", "message": "Optimization terminated successfully.", "x": "[1.85324307 0.7183598  4.13162878 0.57225612 5.97249003 5.20580023]", "nit": "15", "callback": [0.3041174477134414, 0.24534965718784374, 0.14675489880020876, 0.040632066967005276, 0.02519381582204616, 0.007123911042867914, 0.005920828002202172, 0.0046597105137716754, 0.003025335587921285, 0.002604449475488102, 0.0025556404428314083, 0.002555022831032594, 0.002555005254119447, 0.0025550002287045848, 0.0025549996528354546]}, "4": {"maxiter": 100, "gtol": 1e-10, "xrtol": 1e-05, "eps": 1e-05, "duration": 0.03397870063781738, "fun": "0.002554999652185419", "jac": "[ 2.50295340e-06  1.01936237e-06 -3.36330963e-07  4.47719639e-07\n -9.68802816e-07  2.04491979e-07]", "hess_inv": "[[ 2.02719243 -0.35261292 -0.37824086 -0.34085719  0.1381543  -1.06396462]\n [-0.35261292  4.86821546  1.08612643  1.4186956  -4.09989542  3.08951847]\n [-0.37824086  1.08612643  3.27708808  1.52067877 -0.62391234  1.72238939]\n [-0.34085719  1.4186956   1.52067877  3.41523972 -2.31495009  2.33085339]\n [ 0.1381543  -4.09989542 -0.62391234 -2.31495009  7.80376668 -4.30874425]\n [-1.06396462  3.08951847  1.72238939  2.33085339 -4.30874425  4.71408752]]", "nfev": "119", "njev": "17", "status": "0", "success": "True", "message": "Optimization terminated successfully.", "x": "[1.85324292 0.71835444 4.13161245 0.57224422 5.97249928 5.20577723]", "nit": "15", "callback": [0.3041198234469541, 0.24535408669654823, 0.146758367352955, 0.04062943647698769, 0.025192792189223323, 0.007125892101024434, 0.005921248126250056, 0.004661836138223352, 0.003027649363487428, 0.0026046857138397606, 0.002555653506352229, 0.002555024305102349, 0.002555005211753114, 0.0025550000190097677, 0.002554999652185419]}, "5": {"maxiter": 100, "gtol": 1e-10, "xrtol": 1e-05, "eps": 1e-10, "duration": 0.03639101982116699, "fun": "0.0025549996528354546", "jac": "[ 3.33066880e-06  1.11022293e-06 -4.44089173e-06  1.11022293e-06\n -2.22044587e-06  0.00000000e+00]", "hess_inv": "[[ 2.07566741 -0.45816211 -0.43383425 -0.26266329  0.08018431 -1.09203966]\n [-0.45816211  4.80399624  1.14557516  1.53389889 -3.99462759  3.11519566]\n [-0.43383425  1.14557516  3.29302712  1.47186253 -0.61667411  1.73813659]\n [-0.26266329  1.53389889  1.47186253  3.34471365 -2.51043261  2.35598574]\n [ 0.08018431 -3.99462759 -0.61667411 -2.51043261  7.94009485 -4.35910884]\n [-1.09203966  3.11519566  1.73813659  2.35598574 -4.35910884  4.75147923]]", "nfev": "119", "njev": "17", "status": "0", "success": "True", "message": "Optimization terminated successfully.", "x": "[1.85324307 0.7183598  4.13162878 0.57225612 5.97249003 5.20580023]", "nit": "15", "callback": [0.3041174477134414, 0.24534965718784374, 0.14675489880020876, 0.040632066967005276, 0.02519381582204616, 0.007123911042867914, 0.005920828002202172, 0.0046597105137716754, 0.003025335587921285, 0.002604449475488102, 0.0025556404428314083, 0.002555022831032594, 0.002555005254119447, 0.0025550002287045848, 0.0025549996528354546]}, "6": {"maxiter": 100, "gtol": 1e-10, "xrtol": 1e-10, "eps": 1e-05, "duration": 0.11313509941101074, "fun": "0.0025549996448294143", "jac": "[ 7.19646565e-08  1.15685239e-07  1.13753451e-07 -3.06743519e-07\n -8.95949981e-08  1.24156241e-07]", "hess_inv": "[[ 2.23342295  0.12662885 -0.33187035 -0.1665382  -0.57290818 -0.7213036 ]\n [ 0.12662885  5.5620111   1.0598468   1.85500552 -5.46648119  3.6358612 ]\n [-0.33187035  1.0598468   3.24465471  1.56932486 -0.69353     1.72004773]\n [-0.1665382   1.85500552  1.56932486  3.55651811 -2.94426487  2.6419722 ]\n [-0.57290818 -5.46648119 -0.69353    -2.94426487 10.04772731 -5.31465354]\n [-0.7213036   3.6358612   1.72004773  2.6419722  -5.31465354  5.13241793]]", "nfev": "368", "njev": "51", "status": "2", "success": "False", "message": "Desired error not necessarily achieved due to precision loss.", "x": "[1.8532369  0.71834309 4.13161183 0.57223817 5.97251678 5.2057694 ]", "nit": "16", "callback": [0.3041198234469541, 0.24535408669654823, 0.146758367352955, 0.04062943647698769, 0.025192792189223323, 0.007125892101024434, 0.005921248126250056, 0.004661836138223352, 0.003027649363487428, 0.0026046857138397606, 0.002555653506352229, 0.002555024305102349, 0.002555005211753114, 0.0025550000190097677, 0.002554999652185419, 0.0025549996448294143]}, "7": {"maxiter": 100, "gtol": 1e-10, "xrtol": 1e-10, "eps": 1e-10, "duration": 0.09608602523803711, "fun": "0.0025549996408970044", "jac": "[7.77156053e-06 5.55111466e-06 5.55111466e-06 4.44089173e-06\n 5.55111466e-06 3.33066880e-06]", "hess_inv": "[[ 1.55933374 -0.57461039  0.72726413 -0.78229093 -1.35254513 -0.53606706]\n [-0.57461039  0.43056625 -0.33202932  0.09439075  0.56714753  0.35547622]\n [ 0.72726413 -0.33202932  0.53013933 -0.42584216 -0.76029704 -0.28755619]\n [-0.78229093  0.09439075 -0.42584216  0.66365403  0.66016494  0.06944081]\n [-1.35254513  0.56714753 -0.76029704  0.66016494  1.39157949  0.63666849]\n [-0.53606706  0.35547622 -0.28755619  0.06944081  0.63666849  0.46969345]]", "nfev": "315", "njev": "45", "status": "0", "success": "True", "message": "Optimization terminated successfully.", "x": "[1.85324147 0.71835225 4.13163498 0.57225425 5.97250318 5.20579426]", "nit": "22", "callback": [0.3041174477134414, 0.24534965718784374, 0.14675489880020876, 0.040632066967005276, 0.02519381582204616, 0.007123911042867914, 0.005920828002202172, 0.0046597105137716754, 0.003025335587921285, 0.002604449475488102, 0.0025556404428314083, 0.002555022831032594, 0.002555005254119447, 0.0025550002287045848, 0.0025549996528354546, 0.0025549996447660206, 0.0025549996437711497, 0.002554999642846889, 0.002554999642014666, 0.0025549996408974485, 0.0025549996408970044, 0.0025549996408970044]}, "8": {"maxiter": 500, "gtol": 1e-05, "xrtol": 1e-05, "eps": 1e-05, "duration": 0.033743858337402344, "fun": "0.002554999652185419", "jac": "[ 2.50295340e-06  1.01936237e-06 -3.36330963e-07  4.47719639e-07\n -9.68802816e-07  2.04491979e-07]", "hess_inv": "[[ 2.02719243 -0.35261292 -0.37824086 -0.34085719  0.1381543  -1.06396462]\n [-0.35261292  4.86821546  1.08612643  1.4186956  -4.09989542  3.08951847]\n [-0.37824086  1.08612643  3.27708808  1.52067877 -0.62391234  1.72238939]\n [-0.34085719  1.4186956   1.52067877  3.41523972 -2.31495009  2.33085339]\n [ 0.1381543  -4.09989542 -0.62391234 -2.31495009  7.80376668 -4.30874425]\n [-1.06396462  3.08951847  1.72238939  2.33085339 -4.30874425  4.71408752]]", "nfev": "119", "njev": "17", "status": "0", "success": "True", "message": "Optimization terminated successfully.", "x": "[1.85324292 0.71835444 4.13161245 0.57224422 5.97249928 5.20577723]", "nit": "15", "callback": [0.3041198234469541, 0.24535408669654823, 0.146758367352955, 0.04062943647698769, 0.025192792189223323, 0.007125892101024434, 0.005921248126250056, 0.004661836138223352, 0.003027649363487428, 0.0026046857138397606, 0.002555653506352229, 0.002555024305102349, 0.002555005211753114, 0.0025550000190097677, 0.002554999652185419]}, "9": {"maxiter": 500, "gtol": 1e-05, "xrtol": 1e-05, "eps": 1e-10, "duration": 0.04771924018859863, "fun": "0.0025549996528354546", "jac": "[ 3.33066880e-06  1.11022293e-06 -4.44089173e-06  1.11022293e-06\n -2.22044587e-06  0.00000000e+00]", "hess_inv": "[[ 2.07566741 -0.45816211 -0.43383425 -0.26266329  0.08018431 -1.09203966]\n [-0.45816211  4.80399624  1.14557516  1.53389889 -3.99462759  3.11519566]\n [-0.43383425  1.14557516  3.29302712  1.47186253 -0.61667411  1.73813659]\n [-0.26266329  1.53389889  1.47186253  3.34471365 -2.51043261  2.35598574]\n [ 0.08018431 -3.99462759 -0.61667411 -2.51043261  7.94009485 -4.35910884]\n [-1.09203966  3.11519566  1.73813659  2.35598574 -4.35910884  4.75147923]]", "nfev": "119", "njev": "17", "status": "0", "success": "True", "message": "Optimization terminated successfully.", "x": "[1.85324307 0.7183598  4.13162878 0.57225612 5.97249003 5.20580023]", "nit": "15", "callback": [0.3041174477134414, 0.24534965718784374, 0.14675489880020876, 0.040632066967005276, 0.02519381582204616, 0.007123911042867914, 0.005920828002202172, 0.0046597105137716754, 0.003025335587921285, 0.002604449475488102, 0.0025556404428314083, 0.002555022831032594, 0.002555005254119447, 0.0025550002287045848, 0.0025549996528354546]}, "10": {"maxiter": 500, "gtol": 1e-05, "xrtol": 1e-10, "eps": 1e-05, "duration": 0.04008817672729492, "fun": "0.002554999652185419", "jac": "[ 2.50295340e-06  1.01936237e-06 -3.36330963e-07  4.47719639e-07\n -9.68802816e-07  2.04491979e-07]", "hess_inv": "[[ 2.02719243 -0.35261292 -0.37824086 -0.34085719  0.1381543  -1.06396462]\n [-0.35261292  4.86821546  1.08612643  1.4186956  -4.09989542  3.08951847]\n [-0.37824086  1.08612643  3.27708808  1.52067877 -0.62391234  1.72238939]\n [-0.34085719  1.4186956   1.52067877  3.41523972 -2.31495009  2.33085339]\n [ 0.1381543  -4.09989542 -0.62391234 -2.31495009  7.80376668 -4.30874425]\n [-1.06396462  3.08951847  1.72238939  2.33085339 -4.30874425  4.71408752]]", "nfev": "119", "njev": "17", "status": "0", "success": "True", "message": "Optimization terminated successfully.", "x": "[1.85324292 0.71835444 4.13161245 0.57224422 5.97249928 5.20577723]", "nit": "15", "callback": [0.3041198234469541, 0.24535408669654823, 0.146758367352955, 0.04062943647698769, 0.025192792189223323, 0.007125892101024434, 0.005921248126250056, 0.004661836138223352, 0.003027649363487428, 0.0026046857138397606, 0.002555653506352229, 0.002555024305102349, 0.002555005211753114, 0.0025550000190097677, 0.002554999652185419]}, "11": {"maxiter": 500, "gtol": 1e-05, "xrtol": 1e-10, "eps": 1e-10, "duration": 0.04376697540283203, "fun": "0.0025549996528354546", "jac": "[ 3.33066880e-06  1.11022293e-06 -4.44089173e-06  1.11022293e-06\n -2.22044587e-06  0.00000000e+00]", "hess_inv": "[[ 2.07566741 -0.45816211 -0.43383425 -0.26266329  0.08018431 -1.09203966]\n [-0.45816211  4.80399624  1.14557516  1.53389889 -3.99462759  3.11519566]\n [-0.43383425  1.14557516  3.29302712  1.47186253 -0.61667411  1.73813659]\n [-0.26266329  1.53389889  1.47186253  3.34471365 -2.51043261  2.35598574]\n [ 0.08018431 -3.99462759 -0.61667411 -2.51043261  7.94009485 -4.35910884]\n [-1.09203966  3.11519566  1.73813659  2.35598574 -4.35910884  4.75147923]]", "nfev": "119", "njev": "17", "status": "0", "success": "True", "message": "Optimization terminated successfully.", "x": "[1.85324307 0.7183598  4.13162878 0.57225612 5.97249003 5.20580023]", "nit": "15", "callback": [0.3041174477134414, 0.24534965718784374, 0.14675489880020876, 0.040632066967005276, 0.02519381582204616, 0.007123911042867914, 0.005920828002202172, 0.0046597105137716754, 0.003025335587921285, 0.002604449475488102, 0.0025556404428314083, 0.002555022831032594, 0.002555005254119447, 0.0025550002287045848, 0.0025549996528354546]}, "12": {"maxiter": 500, "gtol": 1e-10, "xrtol": 1e-05, "eps": 1e-05, "duration": 0.03598523139953613, "fun": "0.002554999652185419", "jac": "[ 2.50295340e-06  1.01936237e-06 -3.36330963e-07  4.47719639e-07\n -9.68802816e-07  2.04491979e-07]", "hess_inv": "[[ 2.02719243 -0.35261292 -0.37824086 -0.34085719  0.1381543  -1.06396462]\n [-0.35261292  4.86821546  1.08612643  1.4186956  -4.09989542  3.08951847]\n [-0.37824086  1.08612643  3.27708808  1.52067877 -0.62391234  1.72238939]\n [-0.34085719  1.4186956   1.52067877  3.41523972 -2.31495009  2.33085339]\n [ 0.1381543  -4.09989542 -0.62391234 -2.31495009  7.80376668 -4.30874425]\n [-1.06396462  3.08951847  1.72238939  2.33085339 -4.30874425  4.71408752]]", "nfev": "119", "njev": "17", "status": "0", "success": "True", "message": "Optimization terminated successfully.", "x": "[1.85324292 0.71835444 4.13161245 0.57224422 5.97249928 5.20577723]", "nit": "15", "callback": [0.3041198234469541, 0.24535408669654823, 0.146758367352955, 0.04062943647698769, 0.025192792189223323, 0.007125892101024434, 0.005921248126250056, 0.004661836138223352, 0.003027649363487428, 0.0026046857138397606, 0.002555653506352229, 0.002555024305102349, 0.002555005211753114, 0.0025550000190097677, 0.002554999652185419]}, "13": {"maxiter": 500, "gtol": 1e-10, "xrtol": 1e-05, "eps": 1e-10, "duration": 0.03523683547973633, "fun": "0.0025549996528354546", "jac": "[ 3.33066880e-06  1.11022293e-06 -4.44089173e-06  1.11022293e-06\n -2.22044587e-06  0.00000000e+00]", "hess_inv": "[[ 2.07566741 -0.45816211 -0.43383425 -0.26266329  0.08018431 -1.09203966]\n [-0.45816211  4.80399624  1.14557516  1.53389889 -3.99462759  3.11519566]\n [-0.43383425  1.14557516  3.29302712  1.47186253 -0.61667411  1.73813659]\n [-0.26266329  1.53389889  1.47186253  3.34471365 -2.51043261  2.35598574]\n [ 0.08018431 -3.99462759 -0.61667411 -2.51043261  7.94009485 -4.35910884]\n [-1.09203966  3.11519566  1.73813659  2.35598574 -4.35910884  4.75147923]]", "nfev": "119", "njev": "17", "status": "0", "success": "True", "message": "Optimization terminated successfully.", "x": "[1.85324307 0.7183598  4.13162878 0.57225612 5.97249003 5.20580023]", "nit": "15", "callback": [0.3041174477134414, 0.24534965718784374, 0.14675489880020876, 0.040632066967005276, 0.02519381582204616, 0.007123911042867914, 0.005920828002202172, 0.0046597105137716754, 0.003025335587921285, 0.002604449475488102, 0.0025556404428314083, 0.002555022831032594, 0.002555005254119447, 0.0025550002287045848, 0.0025549996528354546]}, "14": {"maxiter": 500, "gtol": 1e-10, "xrtol": 1e-10, "eps": 1e-05, "duration": 0.1135411262512207, "fun": "0.0025549996448294143", "jac": "[ 7.19646565e-08  1.15685239e-07  1.13753451e-07 -3.06743519e-07\n -8.95949981e-08  1.24156241e-07]", "hess_inv": "[[ 2.23342295  0.12662885 -0.33187035 -0.1665382  -0.57290818 -0.7213036 ]\n [ 0.12662885  5.5620111   1.0598468   1.85500552 -5.46648119  3.6358612 ]\n [-0.33187035  1.0598468   3.24465471  1.56932486 -0.69353     1.72004773]\n [-0.1665382   1.85500552  1.56932486  3.55651811 -2.94426487  2.6419722 ]\n [-0.57290818 -5.46648119 -0.69353    -2.94426487 10.04772731 -5.31465354]\n [-0.7213036   3.6358612   1.72004773  2.6419722  -5.31465354  5.13241793]]", "nfev": "368", "njev": "51", "status": "2", "success": "False", "message": "Desired error not necessarily achieved due to precision loss.", "x": "[1.8532369  0.71834309 4.13161183 0.57223817 5.97251678 5.2057694 ]", "nit": "16", "callback": [0.3041198234469541, 0.24535408669654823, 0.146758367352955, 0.04062943647698769, 0.025192792189223323, 0.007125892101024434, 0.005921248126250056, 0.004661836138223352, 0.003027649363487428, 0.0026046857138397606, 0.002555653506352229, 0.002555024305102349, 0.002555005211753114, 0.0025550000190097677, 0.002554999652185419, 0.0025549996448294143]}, "15": {"maxiter": 500, "gtol": 1e-10, "xrtol": 1e-10, "eps": 1e-10, "duration": 0.09608769416809082, "fun": "0.0025549996408970044", "jac": "[7.77156053e-06 5.55111466e-06 5.55111466e-06 4.44089173e-06\n 5.55111466e-06 3.33066880e-06]", "hess_inv": "[[ 1.55933374 -0.57461039  0.72726413 -0.78229093 -1.35254513 -0.53606706]\n [-0.57461039  0.43056625 -0.33202932  0.09439075  0.56714753  0.35547622]\n [ 0.72726413 -0.33202932  0.53013933 -0.42584216 -0.76029704 -0.28755619]\n [-0.78229093  0.09439075 -0.42584216  0.66365403  0.66016494  0.06944081]\n [-1.3525451