{"date": "2024/10/08/, 19:33:33", "conf_id": 24, "data_type": "random\n", "num_data_points": 2, "s_rank": 0, "unitary": "[[-0.24866696+0.58742286j,-0.44704345-0.43151574j,-0.35669027-0.20570733j,-0.10517633+0.1626036j],[0.10596805-0.19687975j,-0.30269685-0.15056416j,0.18246286+0.30440582j,-0.83484447-0.11310748j],[0.26054512-0.52548482j,0.0285017-0.50723956j,-0.43110112+0.17165838j,0.15243271+0.39915801j],[0.42978035+0.11991271j,-0.17224126-0.46030424j,0.6827807-0.15164662j,0.26483638+0.0061855j]]", "databatch_0": {"databatch": "[[[0.04112659-0.08692824j,-0.09813167-0.0176443j,-0.04838679-0.02919342j,-0.08896484+0.05602346j],[0.05160174+0.00692314j,-0.00703166-0.05352026j,0.00710397-0.02975896j,-0.04352482-0.0366805j],[-0.23788366+0.26437206j,0.32896465+0.16656713j,0.1404757+0.15473757j,0.37460129-0.10415293j],[-0.36503886-0.06994747j,0.02875252+0.38428484j,-0.06251593+0.20927743j,0.29558863+0.27882506j]],[[-0.32170727-0.06451401j,0.19085931-0.12596561j,0.17650671-0.00048111j,0.24021808-0.14083736j],[0.10092083+0.03602157j,-0.06761957+0.03170557j,-0.05706296-0.00816933j,-0.08427186+0.03418358j],[0.28081556-0.41128331j,0.06289189+0.3413443j,-0.10394032+0.24691693j,0.05441798+0.41912725j],[-0.18197069+0.02180092j,0.07934839-0.10009733j,0.09358982-0.03100151j,0.10295296-0.11658783j]]]", "initial param values": "[6.17167567,2.49176234,3.31121997,1.92499967,5.74712796,0.2397345]", "nelder_mead": {"type": "gradient-free", "0": {"maxiter": 100, "fatol": 1e-05, "xatol": 1e-05, "duration": 0.06380105018615723, "fun": "0.1657727518720249", "nit": "100", "nfev": "156", "status": "2", "success": "False", "message": "Maximum number of iterations has been exceeded.", "x": "[4.28223616 1.81169472 5.70515998 2.61744947 7.84669445 0.13347549]", "final_simplex": "(array([[4.28223616, 1.81169472, 5.70515998, 2.61744947, 7.84669445,\n        0.13347549],\n       [4.26947268, 1.84416089, 5.70893274, 2.5657496 , 7.83058083,\n        0.1348218 ],\n       [4.30201565, 1.80660128, 5.64619201, 2.62696142, 7.82161556,\n        0.13699631],\n       [4.23873847, 1.80553551, 5.65383707, 2.61829819, 7.81374181,\n        0.13998919],\n       [4.25370103, 1.8174711 , 5.71879608, 2.59962355, 7.80792148,\n        0.13559322],\n       [4.30805517, 1.80886296, 5.67079285, 2.59740215, 7.82198755,\n        0.13577163],\n       [4.23093217, 1.82532309, 5.64785991, 2.6137076 , 7.7796692 ,\n        0.13933157]]), array([0.16577275, 0.16605255, 0.16606654, 0.16608458, 0.16617651,\n       0.16630813, 0.16631468]))", "callback": [0.7727380196375747, 0.5461904127226211, 0.458062004875045, 0.42815544092741553, 0.34276055049746945, 0.250429114422565, 0.2252928959405769, 0.1715670745227822, 0.16839731955365622, 0.166620427434933]}, "1": {"maxiter": 100, "fatol": 1e-05, "xatol": 1e-10, "duration": 0.06758499145507812, "fun": "0.1657727518720249", "nit": "100", "nfev": "156", "status": "2", "success": "False", "message": "Maximum number of iterations has been exceeded.", "x": "[4.28223616 1.81169472 5.70515998 2.61744947 7.84669445 0.13347549]", "final_simplex": "(array([[4.28223616, 1.81169472, 5.70515998, 2.61744947, 7.84669445,\n        0.13347549],\n       [4.26947268, 1.84416089, 5.70893274, 2.5657496 , 7.83058083,\n        0.1348218 ],\n       [4.30201565, 1.80660128, 5.64619201, 2.62696142, 7.82161556,\n        0.13699631],\n       [4.23873847, 1.80553551, 5.65383707, 2.61829819, 7.81374181,\n        0.13998919],\n       [4.25370103, 1.8174711 , 5.71879608, 2.59962355, 7.80792148,\n        0.13559322],\n       [4.30805517, 1.80886296, 5.67079285, 2.59740215, 7.82198755,\n        0.13577163],\n       [4.23093217, 1.82532309, 5.64785991, 2.6137076 , 7.7796692 ,\n        0.13933157]]), array([0.16577275, 0.16605255, 0.16606654, 0.16608458, 0.16617651,\n       0.16630813, 0.16631468]))", "callback": [0.7727380196375747, 0.5461904127226211, 0.458062004875045, 0.42815544092741553, 0.34276055049746945, 0.250429114422565, 0.2252928959405769, 0.1715670745227822, 0.16839731955365622, 0.166620427434933]}, "2": {"maxiter": 100, "fatol": 1e-10, "xatol": 1e-05, "duration": 0.05446815490722656, "fun": "0.1657727518720249", "nit": "100", "nfev": "156", "status": "2", "success": "False", "message": "Maximum number of iterations has been exceeded.", "x": "[4.28223616 1.81169472 5.70515998 2.61744947 7.84669445 0.13347549]", "final_simplex": "(array([[4.28223616, 1.81169472, 5.70515998, 2.61744947, 7.84669445,\n        0.13347549],\n       [4.26947268, 1.84416089, 5.70893274, 2.5657496 , 7.83058083,\n        0.1348218 ],\n       [4.30201565, 1.80660128, 5.64619201, 2.62696142, 7.82161556,\n        0.13699631],\n       [4.23873847, 1.80553551, 5.65383707, 2.61829819, 7.81374181,\n        0.13998919],\n       [4.25370103, 1.8174711 , 5.71879608, 2.59962355, 7.80792148,\n        0.13559322],\n       [4.30805517, 1.80886296, 5.67079285, 2.59740215, 7.82198755,\n        0.13577163],\n       [4.23093217, 1.82532309, 5.64785991, 2.6137076 , 7.7796692 ,\n        0.13933157]]), array([0.16577275, 0.16605255, 0.16606654, 0.16608458, 0.16617651,\n       0.16630813, 0.16631468]))", "callback": [0.7727380196375747, 0.5461904127226211, 0.458062004875045, 0.42815544092741553, 0.34276055049746945, 0.250429114422565, 0.2252928959405769, 0.1715670745227822, 0.16839731955365622, 0.166620427434933]}, "3": {"maxiter": 100, "fatol": 1e-10, "xatol": 1e-10, "duration": 0.061464786529541016, "fun": "0.1657727518720249", "nit": "100", "nfev": "156", "status": "2", "success": "False", "message": "Maximum number of iterations has been exceeded.", "x": "[4.28223616 1.81169472 5.70515998 2.61744947 7.84669445 0.13347549]", "final_simplex": "(array([[4.28223616, 1.81169472, 5.70515998, 2.61744947, 7.84669445,\n        0.13347549],\n       [4.26947268, 1.84416089, 5.70893274, 2.5657496 , 7.83058083,\n        0.1348218 ],\n       [4.30201565, 1.80660128, 5.64619201, 2.62696142, 7.82161556,\n        0.13699631],\n       [4.23873847, 1.80553551, 5.65383707, 2.61829819, 7.81374181,\n        0.13998919],\n       [4.25370103, 1.8174711 , 5.71879608, 2.59962355, 7.80792148,\n        0.13559322],\n       [4.30805517, 1.80886296, 5.67079285, 2.59740215, 7.82198755,\n        0.13577163],\n       [4.23093217, 1.82532309, 5.64785991, 2.6137076 , 7.7796692 ,\n        0.13933157]]), array([0.16577275, 0.16605255, 0.16606654, 0.16608458, 0.16617651,\n       0.16630813, 0.16631468]))", "callback": [0.7727380196375747, 0.5461904127226211, 0.458062004875045, 0.42815544092741553, 0.34276055049746945, 0.250429114422565, 0.2252928959405769, 0.1715670745227822, 0.16839731955365622, 0.166620427434933]}, "4": {"maxiter": 500, "fatol": 1e-05, "xatol": 1e-05, "duration": 0.23061919212341309, "fun": "0.13070519862434238", "nit": "455", "nfev": "712", "status": "0", "success": "True", "message": "Optimization terminated successfully.", "x": "[ 4.50779233  1.8323161   5.6082319   2.54753454  6.75915016 -1.18165035]", "final_simplex": "(array([[ 4.50779233,  1.8323161 ,  5.6082319 ,  2.54753454,  6.75915016,\n        -1.18165035],\n       [ 4.5077908 ,  1.83231834,  5.60823203,  2.54753508,  6.75915211,\n        -1.18164978],\n       [ 4.50779437,  1.83231778,  5.60822966,  2.54753551,  6.75915334,\n        -1.18164759],\n       [ 4.50779108,  1.83231517,  5.60822828,  2.54753695,  6.75914575,\n        -1.18165443],\n       [ 4.50779505,  1.83231837,  5.60823294,  2.54753276,  6.75914626,\n        -1.1816585 ],\n       [ 4.50779012,  1.83231917,  5.6082322 ,  2.5475348 ,  6.75914188,\n        -1.18165829],\n       [ 4.50779216,  1.83231723,  5.60823221,  2.54753784,  6.75915642,\n        -1.18164459]]), array([0.1307052, 0.1307052, 0.1307052, 0.1307052, 0.1307052, 0.1307052,\n       0.1307052]))", "callback": [0.7727380196375747, 0.5461904127226211, 0.458062004875045, 0.42815544092741553, 0.34276055049746945, 0.250429114422565, 0.2252928959405769, 0.1715670745227822, 0.16839731955365622, 0.166620427434933, 0.1657442473373465, 0.16526508060180056, 0.16503500175531705, 0.16460659558202018, 0.1646029632217425, 0.16454063274604558, 0.1644549583972177, 0.1640892113057535, 0.16288056755995672, 0.16093856837937381, 0.15450630762038564, 0.14923349663976582, 0.1385355196382798, 0.13238509880354032, 0.13110816306057116, 0.13088719698785656, 0.13081602623672084, 0.13079757204406428, 0.13077538046985127, 0.13076386510543037, 0.13075151710237032, 0.13074365396354493, 0.13072379534527467, 0.13071397634577864, 0.13070770991391023, 0.1307059267633337, 0.1307053581279548, 0.1307052434023257, 0.13070520963582932, 0.13070520255983353, 0.13070519956280202, 0.1307051989270358, 0.13070519869190234, 0.13070519863712393, 0.13070519862808094, 0.13070519862513785]}, "5": {"maxiter": 500, "fatol": 1e-05, "xatol": 1e-10, "duration": 0.2763679027557373, "fun": "0.13070519862359387", "nit": "500", "nfev": "786", "status": "2", "success": "False", "message": "Maximum number of iterations has been exceeded.", "x": "[ 4.50779258  1.83231733  5.60823061  2.5475346   6.75914812 -1.18165218]", "final_simplex": "(array([[ 4.50779258,  1.83231733,  5.60823061,  2.5475346 ,  6.75914812,\n        -1.18165218],\n       [ 4.50779271,  1.83231738,  5.60823056,  2.5475345 ,  6.75914801,\n        -1.18165248],\n       [ 4.50779279,  1.8323174 ,  5.60823068,  2.54753458,  6.75914826,\n        -1.18165214],\n       [ 4.50779259,  1.83231746,  5.60823062,  2.54753455,  6.75914812,\n        -1.1816522 ],\n       [ 4.50779264,  1.83231739,  5.60823073,  2.54753452,  6.75914802,\n        -1.18165249],\n       [ 4.50779267,  1.8323174 ,  5.60823071,  2.54753458,  6.75914856,\n        -1.18165188],\n       [ 4.50779269,  1.83231745,  5.60823065,  2.54753441,  6.75914795,\n        -1.18165236]]), array([0.1307052, 0.1307052, 0.1307052, 0.1307052, 0.1307052, 0.1307052,\n       0.1307052]))", "callback": [0.7727380196375747, 0.5461904127226211, 0.458062004875045, 0.42815544092741553, 0.34276055049746945, 0.250429114422565, 0.2252928959405769, 0.1715670745227822, 0.16839731955365622, 0.166620427434933, 0.1657442473373465, 0.16526508060180056, 0.16503500175531705, 0.16460659558202018, 0.1646029632217425, 0.16454063274604558, 0.1644549583972177, 0.1640892113057535, 0.16288056755995672, 0.16093856837937381, 0.15450630762038564, 0.14923349663976582, 0.1385355196382798, 0.13238509880354032, 0.13110816306057116, 0.13088719698785656, 0.13081602623672084, 0.13079757204406428, 0.13077538046985127, 0.13076386510543037, 0.13075151710237032, 0.13074365396354493, 0.13072379534527467, 0.13071397634577864, 0.13070770991391023, 0.1307059267633337, 0.1307053581279548, 0.1307052434023257, 0.13070520963582932, 0.13070520255983353, 0.13070519956280202, 0.1307051989270358, 0.13070519869190234, 0.13070519863712393, 0.13070519862808094, 0.13070519862513785, 0.1307051986238894, 0.1307051986236457, 0.13070519862363317, 0.13070519862359853]}, "6": {"maxiter": 500, "fatol": 1e-10, "xatol": 1e-05, "duration": 0.23377585411071777, "fun": "0.13070519862434238", "nit": "455", "nfev": "712", "status": "0", "success": "True", "message": "Optimization terminated successfully.", "x": "[ 4.50779233  1.8323161   5.6082319   2.54753454  6.75915016 -1.18165035]", "final_simplex": "(array([[ 4.50779233,  1.8323161 ,  5.6082319 ,  2.54753454,  6.75915016,\n        -1.18165035],\n       [ 4.5077908 ,  1.83231834,  5.60823203,  2.54753508,  6.75915211,\n        -1.18164978],\n       [ 4.50779437,  1.83231778,  5.60822966,  2.54753551,  6.75915334,\n        -1.18164759],\n       [ 4.50779108,  1.83231517,  5.60822828,  2.54753695,  6.75914575,\n        -1.18165443],\n       [ 4.50779505,  1.83231837,  5.60823294,  2.54753276,  6.75914626,\n        -1.1816585 ],\n       [ 4.50779012,  1.83231917,  5.6082322 ,  2.5475348 ,  6.75914188,\n        -1.18165829],\n       [ 4.50779216,  1.83231723,  5.60823221,  2.54753784,  6.75915642,\n        -1.18164459]]), array([0.1307052, 0.1307052, 0.1307052, 0.1307052, 0.1307052, 0.1307052,\n       0.1307052]))", "callback": [0.7727380196375747, 0.5461904127226211, 0.458062004875045, 0.42815544092741553, 0.34276055049746945, 0.250429114422565, 0.2252928959405769, 0.1715670745227822, 0.16839731955365622, 0.166620427434933, 0.1657442473373465, 0.16526508060180056, 0.16503500175531705, 0.16460659558202018, 0.1646029632217425, 0.16454063274604558, 0.1644549583972177, 0.1640892113057535, 0.16288056755995672, 0.16093856837937381, 0.15450630762038564, 0.14923349663976582, 0.1385355196382798, 0.13238509880354032, 0.13110816306057116, 0.13088719698785656, 0.13081602623672084, 0.13079757204406428, 0.13077538046985127, 0.13076386510543037, 0.13075151710237032, 0.13074365396354493, 0.13072379534527467, 0.13071397634577864, 0.13070770991391023, 0.1307059267633337, 0.1307053581279548, 0.1307052434023257, 0.13070520963582932, 0.13070520255983353, 0.13070519956280202, 0.1307051989270358, 0.13070519869190234, 0.13070519863712393, 0.13070519862808094, 0.13070519862513785]}, "7": {"maxiter": 500, "fatol": 1e-10, "xatol": 1e-10, "duration": 0.27222204208374023, "fun": "0.13070519862359387", "nit": "500", "nfev": "786", "status": "2", "success": "False", "message": "Maximum number of iterations has been exceeded.", "x": "[ 4.50779258  1.83231733  5.60823061  2.5475346   6.75914812 -1.18165218]", "final_simplex": "(array([[ 4.50779258,  1.83231733,  5.60823061,  2.5475346 ,  6.75914812,\n        -1.18165218],\n       [ 4.50779271,  1.83231738,  5.60823056,  2.5475345 ,  6.75914801,\n        -1.18165248],\n       [ 4.50779279,  1.8323174 ,  5.60823068,  2.54753458,  6.75914826,\n        -1.18165214],\n       [ 4.50779259,  1.83231746,  5.60823062,  2.54753455,  6.75914812,\n        -1.1816522 ],\n       [ 4.50779264,  1.83231739,  5.60823073,  2.54753452,  6.75914802,\n        -1.18165249],\n       [ 4.50779267,  1.8323174 ,  5.60823071,  2.54753458,  6.75914856,\n        -1.18165188],\n       [ 4.50779269,  1.83231745,  5.60823065,  2.54753441,  6.75914795,\n        -1.18165236]]), array([0.1307052, 0.1307052, 0.1307052, 0.1307052, 0.1307052, 0.1307052,\n       0.1307052]))", "callback": [0.7727380196375747, 0.5461904127226211, 0.458062004875045, 0.42815544092741553, 0.34276055049746945, 0.250429114422565, 0.2252928959405769, 0.1715670745227822, 0.16839731955365622, 0.166620427434933, 0.1657442473373465, 0.16526508060180056, 0.16503500175531705, 0.16460659558202018, 0.1646029632217425, 0.16454063274604558, 0.1644549583972177, 0.1640892113057535, 0.16288056755995672, 0.16093856837937381, 0.15450630762038564, 0.14923349663976582, 0.1385355196382798, 0.13238509880354032, 0.13110816306057116, 0.13088719698785656, 0.13081602623672084, 0.13079757204406428, 0.13077538046985127, 0.13076386510543037, 0.13075151710237032, 0.13074365396354493, 0.13072379534527467, 0.13071397634577864, 0.13070770991391023, 0.1307059267633337, 0.1307053581279548, 0.1307052434023257, 0.13070520963582932, 0.13070520255983353, 0.13070519956280202, 0.1307051989270358, 0.13070519869190234, 0.13070519863712393, 0.13070519862808094, 0.13070519862513785, 0.1307051986238894, 0.1307051986236457, 0.13070519862363317, 0.13070519862359853]}, "8": {"maxiter": 1000, "fatol": 1e-05, "xatol": 1e-05, "duration": 0.27269816398620605, "fun": "0.13070519862434238", "nit": "455", "nfev": "712", "status": "0", "success": "True", "message": "Optimization terminated successfully.", "x": "[ 4.50779233  1.8323161   5.6082319   2.54753454  6.75915016 -1.18165035]", "final_simplex": "(array([[ 4.50779233,  1.8323161 ,  5.6082319 ,  2.54753454,  6.75915016,\n        -1.18165035],\n       [ 4.5077908 ,  1.83231834,  5.60823203,  2.54753508,  6.75915211,\n        -1.18164978],\n       [ 4.50779437,  1.83231778,  5.60822966,  2.54753551,  6.75915334,\n        -1.18164759],\n       [ 4.50779108,  1.83231517,  5.60822828,  2.54753695,  6.75914575,\n        -1.18165443],\n       [ 4.50779505,  1.83231837,  5.60823294,  2.54753276,  6.75914626,\n        -1.1816585 ],\n       [ 4.50779012,  1.83231917,  5.6082322 ,  2.5475348 ,  6.75914188,\n        -1.18165829],\n       [ 4.50779216,  1.83231723,  5.60823221,  2.54753784,  6.75915642,\n        -1.18164459]]), array([0.1307052, 0.1307052, 0.1307052, 0.1307052, 0.1307052, 0.1307052,\n       0.1307052]))", "callback": [0.7727380196375747, 0.5461904127226211, 0.458062004875045, 0.42815544092741553, 0.34276055049746945, 0.250429114422565, 0.2252928959405769, 0.1715670745227822, 0.16839731955365622, 0.166620427434933, 0.1657442473373465, 0.16526508060180056, 0.16503500175531705, 0.16460659558202018, 0.1646029632217425, 0.16454063274604558, 0.1644549583972177, 0.1640892113057535, 0.16288056755995672, 0.16093856837937381, 0.15450630762038564, 0.14923349663976582, 0.1385355196382798, 0.13238509880354032, 0.13110816306057116, 0.13088719698785656, 0.13081602623672084, 0.13079757204406428, 0.13077538046985127, 0.13076386510543037, 0.13075151710237032, 0.13074365396354493, 0.13072379534527467, 0.13071397634577864, 0.13070770991391023, 0.1307059267633337, 0.1307053581279548, 0.1307052434023257, 0.13070520963582932, 0.13070520255983353, 0.13070519956280202, 0.1307051989270358, 0.13070519869190234, 0.13070519863712393, 0.13070519862808094, 0.13070519862513785]}, "9": {"maxiter": 1000, "fatol": 1e-05, "xatol": 1e-10, "duration": 0.29892897605895996, "fun": "0.1307051986235913", "nit": "558", "nfev": "936", "status": "0", "success": "True", "message": "Optimization terminated successfully.", "x": "[ 4.50779267  1.8323174   5.60823066  2.54753454  6.75914816 -1.18165228]", "final_simplex": "(array([[ 4.50779267,  1.8323174 ,  5.60823066,  2.54753454,  6.75914816,\n        -1.18165228],\n       [ 4.50779267,  1.8323174 ,  5.60823066,  2.54753454,  6.75914816,\n        -1.18165228],\n       [ 4.50779267,  1.8323174 ,  5.60823066,  2.54753454,  6.75914816,\n        -1.18165228],\n       [ 4.50779267,  1.8323174 ,  5.60823066,  2.54753454,  6.75914816,\n        -1.18165228],\n       [ 4.50779267,  1.8323174 ,  5.60823066,  2.54753454,  6.75914816,\n        -1.18165228],\n       [ 4.50779267,  1.8323174 ,  5.60823066,  2.54753454,  6.75914816,\n        -1.18165228],\n       [ 4.50779267,  1.8323174 ,  5.60823066,  2.54753454,  6.75914816,\n        -1.18165228]]), array([0.1307052, 0.1307052, 0.1307052, 0.1307052, 0.1307052, 0.1307052,\n       0.1307052]))", "callback": [0.7727380196375747, 0.5461904127226211, 0.458062004875045, 0.42815544092741553, 0.34276055049746945, 0.250429114422565, 0.2252928959405769, 0.1715670745227822, 0.16839731955365622, 0.166620427434933, 0.1657442473373465, 0.16526508060180056, 0.16503500175531705, 0.16460659558202018, 0.1646029632217425, 0.16454063274604558, 0.1644549583972177, 0.1640892113057535, 0.16288056755995672, 0.16093856837937381, 0.15450630762038564, 0.14923349663976582, 0.1385355196382798, 0.13238509880354032, 0.13110816306057116, 0.13088719698785656, 0.13081602623672084, 0.13079757204406428, 0.13077538046985127, 0.13076386510543037, 0.13075151710237032, 0.13074365396354493, 0.13072379534527467, 0.13071397634577864, 0.13070770991391023, 0.1307059267633337, 0.1307053581279548, 0.1307052434023257, 0.13070520963582932, 0.13070520255983353, 0.13070519956280202, 0.1307051989270358, 0.13070519869190234, 0.13070519863712393, 0.13070519862808094, 0.13070519862513785, 0.1307051986238894, 0.1307051986236457, 0.13070519862363317, 0.13070519862359853, 0.1307051986235923, 0.13070519862359153, 0.13070519862359142, 0.13070519862359142, 0.13070519862359142, 0.1307051986235913]}, "10": {"maxiter": 1000, "fatol": 1e-10, "xatol": 1e-05, "duration": 0.23367094993591309, "fun": "0.13070519862434238", "nit": "455", "nfev": "712", "status": "0", "success": "True", "message": "Optimization terminated successfully.", "x": "[ 4.50779233  1.8323161   5.6082319   2.54753454  6.75915016 -1.18165035]", "final_simplex": "(array([[ 4.50779233,  1.8323161 ,  5.6082319 ,  2.54753454,  6.75915016,\n        -1.18165035],\n       [ 4.5077908 ,  1.83231834,  5.60823203,  2.54753508,  6.75915211,\n        -1.18164978],\n       [ 4.50779437,  1.83231778,  5.60822966,  2.54753551,  6.75915334,\n        -1.18164759],\n       [ 4.50779108,  1.83231517,  5.60822828,  2.54753695,  6.75914575,\n        -1.18165443],\n       [ 4.50779505,  1.83231837,  5.60823294,  2.54753276,  6.75914626,\n        -1.1816585 ],\n       [ 4.50779012,  1.83231917,  5.6082322 ,  2.5475348 ,  6.75914188,\n        -1.18165829],\n       [ 4.50779216,  1.83231723,  5.60823221,  2.54753784,  6.75915642,\n        -1.18164459]]), array([0.1307052, 0.1307052, 0.1307052, 0.1307052, 0.1307052, 0.1307052,\n       0.1307052]))", "callback": [0.7727380196375747, 0.5461904127226211, 0.458062004875045, 0.42815544092741553, 0.34276055049746945, 0.250429114422565, 0.2252928959405769, 0.1715670745227822, 0.16839731955365622, 0.166620427434933, 0.1657442473373465, 0.16526508060180056, 0.16503500175531705, 0.16460659558202018, 0.1646029632217425, 0.16454063274604558, 0.1644549583972177, 0.1640892113057535, 0.16288056755995672, 0.16093856837937381, 0.15450630762038564, 0.14923349663976582, 0.1385355196382798, 0.13238509880354032, 0.13110816306057116, 0.13088719698785656, 0.13081602623672084, 0.13079757204406428, 0.13077538046985127, 0.13076386510543037, 0.13075151710237032, 0.13074365396354493, 0.13072379534527467, 0.13071397634577864, 0.13070770991391023, 0.1307059267633337, 0.1307053581279548, 0.1307052434023257, 0.13070520963582932, 0.13070520255983353, 0.13070519956280202, 0.1307051989270358, 0.13070519869190234, 0.13070519863712393, 0.13070519862808094, 0.13070519862513785]}, "11": {"maxiter": 1000, "fatol": 1e-10, "xatol": 1e-10, "duration": 0.31648802757263184, "fun": "0.1307051986235913", "nit": "558", "nfev": "936", "status": "0", "success": "True", "message": "Optimization terminated successfully.", "x": "[ 4.50779267  1.8323174   5.60823066  2.54753454  6.75914816 -1.18165228]", "final_simplex": "(array([[ 4.50779267,  1.8323174 ,  5.60823066,  2.54753454,  6.75914816,\n        -1.18165228],\n       [ 4.50779267,  1.8323174 ,  5.60823066,  2.54753454,  6.75914816,\n        -1.18165228],\n       [ 4.50779267,  1.8323174 ,  5.60823066,  2.54753454,  6.75914816,\n        -1.18165228],\n       [ 4.50779267,  1.8323174 ,  5.60823066,  2.54753454,  6.75914816,\n        -1.18165228],\n       [ 4.50779267,  1.8323174 ,  5.60823066,  2.54753454,  6.75914816,\n        -1.18165228],\n       [ 4.50779267,  1.8323174 ,  5.60823066,  2.54753454,  6.75914816,\n        -1.18165228],\n       [ 4.50779267,  1.8323174 ,  5.60823066,  2.54753454,  6.75914816,\n        -1.18165228]]), array([0.1307052, 0.1307052, 0.1307052, 0.1307052, 0.1307052, 0.1307052,\n       0.1307052]))", "callback": [0.7727380196375747, 0.5461904127226211, 0.458062004875045, 0.42815544092741553, 0.34276055049746945, 0.250429114422565, 0.2252928959405769, 0.1715670745227822, 0.16839731955365622, 0.166620427434933, 0.1657442473373465, 0.16526508060180056, 0.16503500175531705, 0.16460659558202018, 0.1646029632217425, 0.16454063274604558, 0.1644549583972177, 0.1640892113057535, 0.16288056755995672, 0.16093856837937381, 0.15450630762038564, 0.14923349663976582, 0.1385355196382798, 0.13238509880354032, 0.13110816306057116, 0.13088719698785656, 0.13081602623672084, 0.13079757204406428, 0.13077538046985127, 0.13076386510543037, 0.13075151710237032, 0.13074365396354493, 0.13072379534527467, 0.13071397634577864, 0.13070770991391023, 0.1307059267633337, 0.1307053581279548, 0.1307052434023257, 0.13070520963582932, 0.13070520255983353, 0.13070519956280202, 0.1307051989270358, 0.13070519869190234, 0.13070519863712393, 0.13070519862808094, 0.13070519862513785, 0.1307051986238894, 0.1307051986236457, 0.13070519862363317, 0.13070519862359853, 0.1307051986235923, 0.13070519862359153, 0.13070519862359142, 0.13070519862359142, 0.13070519862359142, 0.1307051986235913]}}, "bfgs": {"type": "gradient", "0": {"maxiter": 100, "gtol": 1e-05, "xrtol": 1e-05, "eps": 1e-05, "duration": 0.06310081481933594, "fun": "0.13070519903111777", "jac": "[ 2.89742674e-06 -4.53355131e-06 -6.39163167e-06  3.00461878e-06\n  9.58912949e-06 -1.36518574e-06]", "hess_inv": "[[ 5.42309149e+00  2.60430449e-01 -7.61643783e-01 -1.82068049e+00\n  -1.10396004e+00 -3.09392704e+00]\n [ 2.60430449e-01  2.96320933e+00  1.17584925e+00  1.05746333e-02\n   1.43860433e+00  4.79349313e-01]\n [-7.61643783e-01  1.17584925e+00  5.73110913e+00  2.25580736e-01\n   3.71882520e+00  2.33951289e+00]\n [-1.82068049e+00  1.05746333e-02  2.25580736e-01  3.36333432e+00\n   1.43996234e+00  2.42619290e+00]\n [-1.10396004e+00  1.43860433e+00  3.71882520e+00  1.43996234e+00\n   1.84738583e+01  1.66386661e+01]\n [-3.09392704e+00  4.79349313e-01  2.33951289e+00  2.42619290e+00\n   1.66386661e+01  1.93690412e+01]]", "nfev": "189", "njev": "27", "status": "0", "success": "True", "message": "Optimization terminated successfully.", "x": "[ 4.50780284  1.83229438  5.60819828  2.54753898  6.75921974 -1.18159113]", "nit": "24", "callback": [0.522476468041613, 0.4399903931367628, 0.41716143818832974, 0.37753241277625227, 0.3234567716701511, 0.30279142498257006, 0.27762511570756065, 0.23590990115082477, 0.2104072560699891, 0.17500502852104338, 0.15421945535190362, 0.14584174915043424, 0.1340018045110849, 0.13135227604884236, 0.1312222606527358, 0.13108291708008113, 0.13102947143241872, 0.13094748015641788, 0.13086198198684218, 0.13078776199057573, 0.13072372215164818, 0.1307071932816808, 0.130705266038049, 0.13070519903111777]}, "1": {"maxiter": 100, "gtol": 1e-05, "xrtol": 1e-05, "eps": 1e-10, "duration": 0.05736684799194336, "fun": "0.13070519975041883", "jac": "[-1.11022293e-06 -5.55111466e-06 -8.88178346e-06  1.11022293e-06\n  8.88178346e-06 -1.11022293e-06]", "hess_inv": "[[ 5.41465460e+00  2.63931647e-01 -7.50344910e-01 -1.80948018e+00\n  -1.04667103e+00 -3.02623501e+00]\n [ 2.63931647e-01  2.95825339e+00  1.16581417e+00  8.48803183e-03\n   1.40941123e+00  4.53014837e-01]\n [-7.50344910e-01  1.16581417e+00  5.72066399e+00  2.18557372e-01\n   3.64944160e+00  2.26953399e+00]\n [-1.80948018e+00  8.48803183e-03  2.18557372e-01  3.36860826e+00\n   1.43514380e+00  2.41985572e+00]\n [-1.04667103e+00  1.40941123e+00  3.64944160e+00  1.43514380e+00\n   1.83094656e+01  1.64852301e+01]\n [-3.02623501e+00  4.53014837e-01  2.26953399e+00  2.41985572e+00\n   1.64852301e+01  1.92202624e+01]]", "nfev": "189", "njev": "27", "status": "0", "success": "True", "message": "Optimization terminated successfully.", "x": "[ 4.5077847   1.8323125   5.60822515  2.54756462  6.75934261 -1.18146193]", "nit": "24", "callback": [0.5224763620419621, 0.43998953838955, 0.417160321393526, 0.3775307868020765, 0.3234545491640033, 0.3027894936764579, 0.2776250887974365, 0.23591217183838964, 0.2103996126076484, 0.17499178308621122, 0.154217665636888, 0.14583659830625728, 0.13399649558061855, 0.1313521457327862, 0.13122194386786257, 0.13108270871904215, 0.13102918108931183, 0.13094729379549497, 0.13086205705261467, 0.13078767629007726, 0.13072379666944411, 0.13070721637349025, 0.130705269487565, 0.13070519975041883]}, "2": {"maxiter": 100, "gtol": 1e-05, "xrtol": 1e-10, "eps": 1e-05, "duration": 0.06004810333251953, "fun": "0.13070519903111777", "jac": "[ 2.89742674e-06 -4.53355131e-06 -6.39163167e-06  3.00461878e-06\n  9.58912949e-06 -1.36518574e-06]", "hess_inv": "[[ 5.42309149e+00  2.60430449e-01 -7.61643783e-01 -1.82068049e+00\n  -1.10396004e+00 -3.09392704e+00]\n [ 2.60430449e-01  2.96320933e+00  1.17584925e+00  1.05746333e-02\n   1.43860433e+00  4.79349313e-01]\n [-7.61643783e-01  1.17584925e+00  5.73110913e+00  2.25580736e-01\n   3.71882520e+00  2.33951289e+00]\n [-1.82068049e+00  1.05746333e-02  2.25580736e-01  3.36333432e+00\n   1.43996234e+00  2.42619290e+00]\n [-1.10396004e+00  1.43860433e+00  3.71882520e+00  1.43996234e+00\n   1.84738583e+01  1.66386661e+01]\n [-3.09392704e+00  4.79349313e-01  2.33951289e+00  2.42619290e+00\n   1.66386661e+01  1.93690412e+01]]", "nfev": "189", "njev": "27", "status": "0", "success": "True", "message": "Optimization terminated successfully.", "x": "[ 4.50780284  1.83229438  5.60819828  2.54753898  6.75921974 -1.18159113]", "nit": "24", "callback": [0.522476468041613, 0.4399903931367628, 0.41716143818832974, 0.37753241277625227, 0.3234567716701511, 0.30279142498257006, 0.27762511570756065, 0.23590990115082477, 0.2104072560699891, 0.17500502852104338, 0.15421945535190362, 0.14584174915043424, 0.1340018045110849, 0.13135227604884236, 0.1312222606527358, 0.13108291708008113, 0.13102947143241872, 0.13094748015641788, 0.13086198198684218, 0.13078776199057573, 0.13072372215164818, 0.1307071932816808, 0.130705266038049, 0.13070519903111777]}, "3": {"maxiter": 100, "gtol": 1e-05, "xrtol": 1e-10, "eps": 1e-10, "duration": 0.06700992584228516, "fun": "0.13070519975041883", "jac": "[-1.11022293e-06 -5.55111466e-06 -8.88178346e-06  1.11022293e-06\n  8.88178346e-06 -1.11022293e-06]", "hess_inv": "[[ 5.41465460e+00  2.63931647e-01 -7.50344910e-01 -1.80948018e+00\n  -1.04667103e+00 -3.02623501e+00]\n [ 2.63931647e-01  2.95825339e+00  1.16581417e+00  8.48803183e-03\n   1.40941123e+00  4.53014837e-01]\n [-7.50344910e-01  1.16581417e+00  5.72066399e+00  2.18557372e-01\n   3.64944160e+00  2.26953399e+00]\n [-1.80948018e+00  8.48803183e-03  2.18557372e-01  3.36860826e+00\n   1.43514380e+00  2.41985572e+00]\n [-1.04667103e+00  1.40941123e+00  3.64944160e+00  1.43514380e+00\n   1.83094656e+01  1.64852301e+01]\n [-3.02623501e+00  4.53014837e-01  2.26953399e+00  2.41985572e+00\n   1.64852301e+01  1.92202624e+01]]", "nfev": "189", "njev": "27", "status": "0", "success": "True", "message": "Optimization terminated successfully.", "x": "[ 4.5077847   1.8323125   5.60822515  2.54756462  6.75934261 -1.18146193]", "nit": "24", "callback": [0.5224763620419621, 0.43998953838955, 0.417160321393526, 0.3775307868020765, 0.3234545491640033, 0.3027894936764579, 0.2776250887974365, 0.23591217183838964, 0.2103996126076484, 0.17499178308621122, 0.154217665636888, 0.14583659830625728, 0.13399649558061855, 0.1313521457327862, 0.13122194386786257, 0.13108270871904215, 0.13102918108931183, 0.13094729379549497, 0.13086205705261467, 0.13078767629007726, 0.13072379666944411, 0.13070721637349025, 0.130705269487565, 0.13070519975041883]}, "4": {"maxiter": 100, "gtol": 1e-10, "xrtol": 1e-05, "eps": 1e-05, "duration": 0.1534430980682373, "fun": "0.13070519876999576", "jac": "[ 6.04671868e-07 -1.01954001e-06 -7.79820653e-08  5.53890267e-07\n  8.06243961e-08  9.76108083e-08]", "hess_inv": "[[ 5.33276886  0.26871591 -0.67424272 -1.82680868 -0.96968707 -2.96680998]\n [ 0.26871591  2.98792845  1.17611263 -0.02476723  1.08164134  0.14931763]\n [-0.67424272  1.17611263  5.64647361  0.22721475  3.56210785  2.18982965]\n [-1.82680868 -0.02476723  0.22721475  3.39376533  1.70647235  2.67776992]\n [-0.96968707  1.08164134  3.56210785  1.70647235 20.29771044 18.37872192]\n [-2.96680998  0.14931763  2.18982965  2.67776992 18.37872192 21.02601523]]", "nfev": "459", "njev": "64", "status": "2", "success": "False", "message": "Desired error not necessarily achieved due to precision loss.", "x": "[ 4.50779665  1.83230169  5.60820838  2.54752389  6.75907796 -1.18172053]", "nit": "25", "callback": [0.522476468041613, 0.4399903931367628, 0.41716143818832974, 0.37753241277625227, 0.3234567716701511, 0.30279142498257006, 0.27762511570756065, 0.23590990115082477, 0.2104072560699891, 0.17500502852104338, 0.15421945535190362, 0.14584174915043424, 0.1340018045110849, 0.13135227604884236, 0.1312222606527358, 0.13108291708008113, 0.13102947143241872, 0.13094748015641788, 0.13086198198684218, 0.13078776199057573, 0.13072372215164818, 0.1307071932816808, 0.130705266038049, 0.13070519903111777, 0.13070519876999576]}, "5": {"maxiter": 100, "gtol": 1e-10, "xrtol": 1e-05, "eps": 1e-10, "duration": 0.0745699405670166, "fun": "0.1307051986699873", "jac": "[-2.22044587e-06  3.33066880e-06 -5.55111466e-06  1.11022293e-06\n -4.44089173e-06  3.33066880e-06]", "hess_inv": "[[ 6.01085313  0.83096839  0.39370644 -1.12003027  3.98307005  1.03615471]\n [ 0.83096839  3.38506837  1.90923425  0.64314046  5.79101539  4.07412919]\n [ 0.39370644  1.90923425  4.70789705  1.28489741 10.13911625  8.5787293 ]\n [-1.12003027  0.64314046  1.28489741  4.12236979  6.82356405  6.84028285]\n [ 3.98307005  5.79101539 10.13911625  6.82356405 56.12271781 47.89158034]\n [ 1.03615471  4.07412919  8.5787293   6.84028285 47.89158034 44.89853569]]", "nfev": "245", "njev": "35", "status": "0", "success": "True", "message": "Optimization terminated successfully.", "x": "[ 4.50778706  1.83232     5.60821993  2.54753826  6.75913474 -1.18164846]", "nit": "27", "callback": [0.5224763620419621, 0.43998953838955, 0.417160321393526, 0.3775307868020765, 0.3234545491640033, 0.3027894936764579, 0.2776250887974365, 0.23591217183838964, 0.2103996126076484, 0.17499178308621122, 0.154217665636888, 0.14583659830625728, 0.13399649558061855, 0.1313521457327862, 0.13122194386786257, 0.13108270871904215, 0.13102918108931183, 0.13094729379549497, 0.13086205705261467, 0.13078767629007726, 0.13072379666944411, 0.13070721637349025, 0.130705269487565, 0.13070519975041883, 0.13070519878749587, 0.13070519867006047, 0.1307051986699873]}, "6": {"maxiter": 100, "gtol": 1e-10, "xrtol": 1e-10, "eps": 1e-05, "duration": 0.14698219299316406, "fun": "0.13070519876999576", "jac": "[ 6.04671868e-07 -1.01954001e-06 -7.79820653e-08  5.53890267e-07\n  8.06243961e-08  9.76108083e-08]", "hess_inv": "[[ 5.33276886  0.26871591 -0.67424272 -1.82680868 -0.96968707 -2.96680998]\n [ 0.26871591  2.98792845  1.17611263 -0.02476723  1.08164134  0.14931763]\n [-0.67424272  1.17611263  5.64647361  0.22721475  3.56210785  2.18982965]\n [-1.82680868 -0.02476723  0.22721475  3.39376533  1.70647235  2.67776992]\n [-0.96968707  1.08164134  3.56210785  1.70647235 20.29771044 18.37872192]\n [-2.96680998  0.14931763  2.18982965  2.67776992 18.37872192 21.02601523]]", "nfev": "459", "njev": "64", "status": "2", "success": "False", "message": "Desired error not necessarily achieved due to precision loss.", "x": "[ 4.50779665  1.83230169  5.60820838  2.54752389  6.75907796 -1.18172053]", "nit": "25", "callback": [0.522476468041613, 0.4399903931367628, 0.41716143818832974, 0.37753241277625227, 0.3234567716701511, 0.30279142498257006, 0.27762511570756065, 0.23590990115082477, 0.2104072560699891, 0.17500502852104338, 0.15421945535190362, 0.14584174915043424, 0.1340018045110849, 0.13135227604884236, 0.1312222606527358, 0.13108291708008113, 0.13102947143241872, 0.13094748015641788, 0.13086198198684218, 0.13078776199057573, 0.13072372215164818, 0.1307071932816808, 0.130705266038049, 0.13070519903111777, 0.13070519876999576]}, "7": {"maxiter": 100, "gtol": 1e-10, "xrtol": 1e-10, "eps": 1e-10, "duration": 0.1058199405670166, "fun": "0.13070519865215702", "jac": "[-2.22044587e-06  1.11022293e-06 -1.11022293e-06 -2.22044587e-06\n -2.22044587e-06  1.11022293e-06]", "hess_inv": "[[ 0.1023319   0.03747363 -0.05879135 -0.14090289  0.0565549  -0.00739181]\n [ 0.03747363  0.21893179 -0.14316772  0.12179068  0.00581458  0.11029839]\n [-0.05879135 -0.14316772  0.12324318 -0.0345828  -0.01815841 -0.08938188]\n [-0.14090289  0.12179068 -0.0345828   0.83971589  0.00252329  0.32203433]\n [ 0.0565549   0.00581458 -0.01815841  0.00252329  0.07900535  0.00551716]\n [-0.00739181  0.11029839 -0.08938188  0.32203433  0.00551716  0.18970739]]", "nfev": "329", "njev": "47", "status": "0", "success": "True", "message": "Optimization terminated successfully.", "x": "[ 4.5077862   1.83231961  5.60822157  2.54753306  6.75913163 -1.18165909]", "nit": "35", "callback": [0.5224763620419621, 0.43998953838955, 0.417160321393526, 0.3775307868020765, 0.3234545491640033, 0.3027894936764579, 0.2776250887974365, 0.23591217183838964, 0.2103996126076484, 0.17499178308621122, 0.154217665636888, 0.14583659830625728, 0.13399649558061855, 0.1313521457327862, 0.13122194386786257, 0.13108270871904215, 0.13102918108931183, 0.13094729379549497, 0.13086205705261467, 0.13078767629007726, 0.13072379666944411, 0.13070721637349025, 0.130705269487565, 0.13070519975041883, 0.13070519878749587, 0.13070519867006047, 0.1307051986699873, 0.13070519866810992, 0.13070519866572983, 0.13070519866209662, 0.13070519865633878, 0.13070519865216057, 0.13070519865215868, 0.1307051986521579, 0.13070519865215702]}, "8": {"maxiter": 500, "gtol": 1e-05, "xrtol": 1e-05, "eps": 1e-05, "duration": 0.06836295127868652, "fun": "0.13070519903111777", "jac": "[ 2.89742674e-06 -4.53355131e-06 -6.39163167e-06  3.00461878e-06\n  9.58912949e-06 -1.36518574e-06]", "hess_inv": "[[ 5.42309149e+00  2.60430449e-01 -7.61643783e-01 -1.82068049e+00\n  -1.10396004e+00 -3.09392704e+00]\n [ 2.60430449e-01  2.96320933e+00  1.17584925e+00  1.05746333e-02\n   1.43860433e+00  4.79349313e-01]\n [-7.61643783e-01  1.17584925e+00  5.73110913e+00  2.25580736e-01\n   3.71882520e+00  2.33951289e+00]\n [-1.82068049e+00  1.05746333e-02  2.25580736e-01  3.36333432e+00\n   1.43996234e+00  2.42619290e+00]\n [-1.10396004e+00  1.43860433e+00  3.71882520e+00  1.43996234e+00\n   1.84738583e+01  1.66386661e+01]\n [-3.09392704e+00  4.79349313e-01  2.33951289e+00  2.42619290e+00\n   1.66386661e+01  1.93690412e+01]]", "nfev": "189", "njev": "27", "status": "0", "success": "True", "message": "Optimization terminated successfully.", "x": "[ 4.50780284  1.83229438  5.60819828  2.54753898  6.75921974 -1.18159113]", "nit": "24", "callback": [0.522476468041613, 0.4399903931367628, 0.41716143818832974, 0.37753241277625227, 0.3234567716701511, 0.30279142498257006, 0.27762511570756065, 0.23590990115082477, 0.2104072560699891, 0.17500502852104338, 0.15421945535190362, 0.14584174915043424, 0.1340018045110849, 0.13135227604884236, 0.1312222606527358, 0.13108291708008113, 0.13102947143241872, 0.13094748015641788, 0.13086198198684218, 0.13078776199057573, 0.13072372215164818, 0.1307071932816808, 0.130705266038049, 0.13070519903111777]}, "9": {"maxiter": 500, "gtol": 1e-05, "xrtol": 1e-05, "eps": 1e-10, "duration": 0.05980968475341797, "fun": "0.13070519975041883", "jac": "[-1.11022293e-06 -5.55111466e-06 -8.88178346e-06  1.11022293e-06\n  8.88178346e-06 -1.11022293e-06]", "hess_inv": "[[ 5.41465460e+00  2.63931647e-01 -7.50344910e-01 -1.80948018e+00\n  -1.04667103e+00 -3.02623501e+00]\n [ 2.63931647e-01  2.95825339e+00  1.16581417e+00  8.48803183e-03\n   1.40941123e+00  4.53014837e-01]\n [-7.50344910e-01  1.16581417e+00  5.72066399e+00  2.18557372e-01\n   3.64944160e+00  2.26953399e+00]\n [-1.80948018e+00  8.48803183e-03  2.18557372e-01  3.36860826e+00\n   1.43514380e+00  2.41985572e+00]\n [-1.04667103e+00  1.40941123e+00  3.64944160e+00  1.43514380e+00\n   1.83094656e+01  1.64852301e+01]\n [-3.02623501e+00  4.53014837e-01  2.26953399e+00  2.41985572e+00\n   1.64852301e+01  1.92202624e+01]]", "nfev": "189", "njev": "27", "status": "0", "success": "True", "message": "Optimization terminated successfully.", "x": "[ 4.5077847   1.8323125   5.60822515  2.54756462  6.75934261 -1.18146193]", "nit": "24", "callback": [0.5224763620419621, 0.43998953838955, 0.417160321393526, 0.3775307868020765, 0.3234545491640033, 0.3027894936764579, 0.2776250887974365, 0.23591217183838964, 0.2103996126076484, 0.17499178308621122, 0.154217665636888, 0.14583659830625728, 0.13399649558061855, 0.1313521457327862, 0.13122194386786257, 0.13108270871904215, 0.13102918108931183, 0.13094729379549497, 0.13086205705261467, 0.13078767629007726, 0.13072379666944411, 0.13070721637349025, 0.130705269487565, 0.13070519975041883]}, "10": {"maxiter": 500, "gtol": 1e-05, "xrtol": 1e-10, "eps": 1e-05, "duration": 0.1186680793762207, "fun": "0.13070519903111777", "jac": "[ 2.89742674e-06 -4.53355131e-06 -6.39163167e-06  3.00461878e-06\n  9.58912949e-06 -1.36518574e-06]", "hess_inv": "[[ 5.42309149e+00  2.60430449e-01 -7.61643783e-01 -1.82068049e+00\n  -1.10396004e+00 -3.09392704e+00]\n [ 2.60430449e-01  2.96320933e+00  1.17584925e+00  1.05746333e-02\n   1.43860433e+00  4.79349313e-01]\n [-7.61643783e-01  1.17584925e+00  5.73110913e+00  2.25580736e-01\n   3.71882520e+00  2.33951289e+00]\n [-1.