{"date": "2024/10/28/, 21:32:49", "conf_id": 215, "data_type": "non_lin_ind\n", "num_data_points": 3, "s_rank": 0, "unitary": "[[-0.45070455-0.02711853j,0.78437395-0.06613086j,0.06358678+0.19963393j,-0.07343613+0.35668523j],[-0.01890143-0.03813363j,0.32408202+0.25557629j,0.05872864-0.68979805j,0.55466693-0.20227297j],[-0.11215405+0.64023111j,-0.13344055+0.29565494j,-0.49012687-0.19046288j,-0.04241254+0.44046348j],[0.55771659+0.24656916j,0.31851997-0.05798805j,0.28761525-0.34294258j,-0.56718418+0.03616933j]]", "databatch_0": {"databatch": "[[[0.2690961+0.12976634j,-0.30557999+0.04798195j,-0.12796674+0.15775353j,-0.09894355-0.16466017j],[0.15150874-0.18006438j,-0.16535246-0.33696276j,0.02341222-0.17357269j,-0.17141221+0.13602314j],[-0.12035152-0.17201682j,-0.12960404-0.04722099j,0.29016791+0.01695172j,0.10172946-0.27460125j],[0.14427636+0.22278938j,-0.13113957+0.10317739j,0.24657051-0.08606365j,0.16937194+0.18317504j]],[[-0.21379028+0.1972832j,0.22127984+0.07311511j,0.19435311-0.07404511j,0.40527268-0.02197446j],[0.03373883-0.22748084j,-0.23859031+0.07902808j,-0.01108907+0.22599463j,-0.22947323+0.11144496j],[0.31136777-0.02274438j,-0.16658171-0.06557351j,-0.19943229-0.03750467j,-0.08021847-0.07029825j],[-0.16593015+0.16770646j,0.17910446-0.09857619j,0.25974975-0.17856638j,0.19511068+0.06160767j]],[[0.24016804-0.16774771j,0.17422863+0.1171853j,0.30777204+0.03091419j,0.11293239+0.07343168j],[0.18828744-0.03662156j,0.09190612-0.20046258j,0.24630571-0.13378487j,-0.13245529+0.14773792j],[-0.05990626+0.3602328j,-0.03674812+0.08595389j,-0.21034308+0.13758575j,-0.32173902-0.30832523j],[-0.2447241+0.09744569j,0.0630454+0.00483174j,-0.11625549-0.19823677j,0.02634156-0.14888124j]]]", "initial param values": "[3.72299766,3.90701198,1.78368661,0.28461202,1.15767073,0.21376244]", "nelder_mead": {"type": "gradient-free", "0": {"maxiter": 100, "fatol": 1e-05, "xatol": 1e-05, "duration": 0.12330269813537598, "fun": "0.5544622533505472", "nit": "100", "nfev": "157", "status": "2", "success": "False", "message": "Maximum number of iterations has been exceeded.", "x": "[ 6.61424036  2.47569759  5.56262327 -0.33366935  3.18819674 -0.21170901]", "final_simplex": "(array([[ 6.61424036,  2.47569759,  5.56262327, -0.33366935,  3.18819674,\n        -0.21170901],\n       [ 6.66998744,  2.68774598,  5.38303673, -0.39669082,  3.21516715,\n        -0.18640211],\n       [ 6.5347679 ,  2.90605043,  5.21332382, -0.34543579,  3.09720533,\n        -0.17902836],\n       [ 6.50043441,  2.75769981,  5.26846788, -0.36233354,  3.10918837,\n        -0.17036523],\n       [ 6.58930951,  2.73220662,  5.38534027, -0.41211085,  3.22549279,\n        -0.18186194],\n       [ 6.41110476,  2.91756374,  5.24742632, -0.32956151,  3.0671392 ,\n        -0.17359714],\n       [ 6.53705217,  3.01716203,  5.21533303, -0.32786575,  3.04708467,\n        -0.17158046]]), array([0.55446225, 0.56294407, 0.56311984, 0.5634233 , 0.56370059,\n       0.56429494, 0.56605948]))", "callback": [0.8351267077015668, 0.8244363279465707, 0.8029220352151457, 0.6435581372818031, 0.6435581372818031, 0.6355863262672456, 0.6305740468303898, 0.6182896354353624, 0.5778009460447724, 0.5670074463120982]}, "1": {"maxiter": 100, "fatol": 1e-05, "xatol": 1e-10, "duration": 0.12045121192932129, "fun": "0.5544622533505472", "nit": "100", "nfev": "157", "status": "2", "success": "False", "message": "Maximum number of iterations has been exceeded.", "x": "[ 6.61424036  2.47569759  5.56262327 -0.33366935  3.18819674 -0.21170901]", "final_simplex": "(array([[ 6.61424036,  2.47569759,  5.56262327, -0.33366935,  3.18819674,\n        -0.21170901],\n       [ 6.66998744,  2.68774598,  5.38303673, -0.39669082,  3.21516715,\n        -0.18640211],\n       [ 6.5347679 ,  2.90605043,  5.21332382, -0.34543579,  3.09720533,\n        -0.17902836],\n       [ 6.50043441,  2.75769981,  5.26846788, -0.36233354,  3.10918837,\n        -0.17036523],\n       [ 6.58930951,  2.73220662,  5.38534027, -0.41211085,  3.22549279,\n        -0.18186194],\n       [ 6.41110476,  2.91756374,  5.24742632, -0.32956151,  3.0671392 ,\n        -0.17359714],\n       [ 6.53705217,  3.01716203,  5.21533303, -0.32786575,  3.04708467,\n        -0.17158046]]), array([0.55446225, 0.56294407, 0.56311984, 0.5634233 , 0.56370059,\n       0.56429494, 0.56605948]))", "callback": [0.8351267077015668, 0.8244363279465707, 0.8029220352151457, 0.6435581372818031, 0.6435581372818031, 0.6355863262672456, 0.6305740468303898, 0.6182896354353624, 0.5778009460447724, 0.5670074463120982]}, "2": {"maxiter": 100, "fatol": 1e-10, "xatol": 1e-05, "duration": 0.1202547550201416, "fun": "0.5544622533505472", "nit": "100", "nfev": "157", "status": "2", "success": "False", "message": "Maximum number of iterations has been exceeded.", "x": "[ 6.61424036  2.47569759  5.56262327 -0.33366935  3.18819674 -0.21170901]", "final_simplex": "(array([[ 6.61424036,  2.47569759,  5.56262327, -0.33366935,  3.18819674,\n        -0.21170901],\n       [ 6.66998744,  2.68774598,  5.38303673, -0.39669082,  3.21516715,\n        -0.18640211],\n       [ 6.5347679 ,  2.90605043,  5.21332382, -0.34543579,  3.09720533,\n        -0.17902836],\n       [ 6.50043441,  2.75769981,  5.26846788, -0.36233354,  3.10918837,\n        -0.17036523],\n       [ 6.58930951,  2.73220662,  5.38534027, -0.41211085,  3.22549279,\n        -0.18186194],\n       [ 6.41110476,  2.91756374,  5.24742632, -0.32956151,  3.0671392 ,\n        -0.17359714],\n       [ 6.53705217,  3.01716203,  5.21533303, -0.32786575,  3.04708467,\n        -0.17158046]]), array([0.55446225, 0.56294407, 0.56311984, 0.5634233 , 0.56370059,\n       0.56429494, 0.56605948]))", "callback": [0.8351267077015668, 0.8244363279465707, 0.8029220352151457, 0.6435581372818031, 0.6435581372818031, 0.6355863262672456, 0.6305740468303898, 0.6182896354353624, 0.5778009460447724, 0.5670074463120982]}, "3": {"maxiter": 100, "fatol": 1e-10, "xatol": 1e-10, "duration": 0.16838312149047852, "fun": "0.5544622533505472", "nit": "100", "nfev": "157", "status": "2", "success": "False", "message": "Maximum number of iterations has been exceeded.", "x": "[ 6.61424036  2.47569759  5.56262327 -0.33366935  3.18819674 -0.21170901]", "final_simplex": "(array([[ 6.61424036,  2.47569759,  5.56262327, -0.33366935,  3.18819674,\n        -0.21170901],\n       [ 6.66998744,  2.68774598,  5.38303673, -0.39669082,  3.21516715,\n        -0.18640211],\n       [ 6.5347679 ,  2.90605043,  5.21332382, -0.34543579,  3.09720533,\n        -0.17902836],\n       [ 6.50043441,  2.75769981,  5.26846788, -0.36233354,  3.10918837,\n        -0.17036523],\n       [ 6.58930951,  2.73220662,  5.38534027, -0.41211085,  3.22549279,\n        -0.18186194],\n       [ 6.41110476,  2.91756374,  5.24742632, -0.32956151,  3.0671392 ,\n        -0.17359714],\n       [ 6.53705217,  3.01716203,  5.21533303, -0.32786575,  3.04708467,\n        -0.17158046]]), array([0.55446225, 0.56294407, 0.56311984, 0.5634233 , 0.56370059,\n       0.56429494, 0.56605948]))", "callback": [0.8351267077015668, 0.8244363279465707, 0.8029220352151457, 0.6435581372818031, 0.6435581372818031, 0.6355863262672456, 0.6305740468303898, 0.6182896354353624, 0.5778009460447724, 0.5670074463120982]}, "4": {"maxiter": 500, "fatol": 1e-05, "xatol": 1e-05, "duration": 0.6683776378631592, "fun": "0.29247408289915844", "nit": "500", "nfev": "786", "status": "2", "success": "False", "message": "Maximum number of iterations has been exceeded.", "x": "[ 7.453045    1.35405513  6.87685331  1.57449163  3.90251049 -0.901402  ]", "final_simplex": "(array([[ 7.453045  ,  1.35405513,  6.87685331,  1.57449163,  3.90251049,\n        -0.901402  ],\n       [ 7.45304607,  1.35426877,  6.87731917,  1.57448206,  3.90229623,\n        -0.90126043],\n       [ 7.45270411,  1.35405436,  6.87731642,  1.5741837 ,  3.90243746,\n        -0.90106702],\n       [ 7.45267903,  1.35421408,  6.87736428,  1.57422822,  3.90269804,\n        -0.90112342],\n       [ 7.45262599,  1.3540583 ,  6.87756439,  1.57461296,  3.90219878,\n        -0.90097429],\n       [ 7.45263498,  1.35457876,  6.87704399,  1.57432873,  3.90267103,\n        -0.90116055],\n       [ 7.45245267,  1.35413493,  6.87741326,  1.57409164,  3.90283219,\n        -0.90143957]]), array([0.29247408, 0.29247409, 0.2924741 , 0.2924741 , 0.29247411,\n       0.29247412, 0.29247412]))", "callback": [0.8351267077015668, 0.8244363279465707, 0.8029220352151457, 0.6435581372818031, 0.6435581372818031, 0.6355863262672456, 0.6305740468303898, 0.6182896354353624, 0.5778009460447724, 0.5670074463120982, 0.5544622533505472, 0.5323316402017497, 0.5101502008325964, 0.5067042113232143, 0.5035967871188747, 0.5004143398191334, 0.4857029265668108, 0.42469026543968913, 0.41183556877233973, 0.4019027418213005, 0.40089755521102044, 0.3951987943988998, 0.3770370528322007, 0.35135299864167324, 0.3384347483909045, 0.3324663950805625, 0.32978247361637647, 0.3286629494830553, 0.32834410363141864, 0.32817120141560796, 0.3278079218205706, 0.32706056917754067, 0.32519820777359276, 0.3227021698887924, 0.3186865019116295, 0.31583713235918653, 0.3139814499303041, 0.31042310225985703, 0.3025056179850467, 0.2945650171632118, 0.29332638812231393, 0.29285682617299946, 0.2926029660293309, 0.2925031109169254, 0.2924850034593497, 0.29247968364281596, 0.29247612911056686, 0.2924745513032544, 0.2924742674333335, 0.29247408289915844]}, "5": {"maxiter": 500, "fatol": 1e-05, "xatol": 1e-10, "duration": 0.7516052722930908, "fun": "0.29247408289915844", "nit": "500", "nfev": "786", "status": "2", "success": "False", "message": "Maximum number of iterations has been exceeded.", "x": "[ 7.453045    1.35405513  6.87685331  1.57449163  3.90251049 -0.901402  ]", "final_simplex": "(array([[ 7.453045  ,  1.35405513,  6.87685331,  1.57449163,  3.90251049,\n        -0.901402  ],\n       [ 7.45304607,  1.35426877,  6.87731917,  1.57448206,  3.90229623,\n        -0.90126043],\n       [ 7.45270411,  1.35405436,  6.87731642,  1.5741837 ,  3.90243746,\n        -0.90106702],\n       [ 7.45267903,  1.35421408,  6.87736428,  1.57422822,  3.90269804,\n        -0.90112342],\n       [ 7.45262599,  1.3540583 ,  6.87756439,  1.57461296,  3.90219878,\n        -0.90097429],\n       [ 7.45263498,  1.35457876,  6.87704399,  1.57432873,  3.90267103,\n        -0.90116055],\n       [ 7.45245267,  1.35413493,  6.87741326,  1.57409164,  3.90283219,\n        -0.90143957]]), array([0.29247408, 0.29247409, 0.2924741 , 0.2924741 , 0.29247411,\n       0.29247412, 0.29247412]))", "callback": [0.8351267077015668, 0.8244363279465707, 0.8029220352151457, 0.6435581372818031, 0.6435581372818031, 0.6355863262672456, 0.6305740468303898, 0.6182896354353624, 0.5778009460447724, 0.5670074463120982, 0.5544622533505472, 0.5323316402017497, 0.5101502008325964, 0.5067042113232143, 0.5035967871188747, 0.5004143398191334, 0.4857029265668108, 0.42469026543968913, 0.41183556877233973, 0.4019027418213005, 0.40089755521102044, 0.3951987943988998, 0.3770370528322007, 0.35135299864167324, 0.3384347483909045, 0.3324663950805625, 0.32978247361637647, 0.3286629494830553, 0.32834410363141864, 0.32817120141560796, 0.3278079218205706, 0.32706056917754067, 0.32519820777359276, 0.3227021698887924, 0.3186865019116295, 0.31583713235918653, 0.3139814499303041, 0.31042310225985703, 0.3025056179850467, 0.2945650171632118, 0.29332638812231393, 0.29285682617299946, 0.2926029660293309, 0.2925031109169254, 0.2924850034593497, 0.29247968364281596, 0.29247612911056686, 0.2924745513032544, 0.2924742674333335, 0.29247408289915844]}, "6": {"maxiter": 500, "fatol": 1e-10, "xatol": 1e-05, "duration": 0.7428154945373535, "fun": "0.29247408289915844", "nit": "500", "nfev": "786", "status": "2", "success": "False", "message": "Maximum number of iterations has been exceeded.", "x": "[ 7.453045    1.35405513  6.87685331  1.57449163  3.90251049 -0.901402  ]", "final_simplex": "(array([[ 7.453045  ,  1.35405513,  6.87685331,  1.57449163,  3.90251049,\n        -0.901402  ],\n       [ 7.45304607,  1.35426877,  6.87731917,  1.57448206,  3.90229623,\n        -0.90126043],\n       [ 7.45270411,  1.35405436,  6.87731642,  1.5741837 ,  3.90243746,\n        -0.90106702],\n       [ 7.45267903,  1.35421408,  6.87736428,  1.57422822,  3.90269804,\n        -0.90112342],\n       [ 7.45262599,  1.3540583 ,  6.87756439,  1.57461296,  3.90219878,\n        -0.90097429],\n       [ 7.45263498,  1.35457876,  6.87704399,  1.57432873,  3.90267103,\n        -0.90116055],\n       [ 7.45245267,  1.35413493,  6.87741326,  1.57409164,  3.90283219,\n        -0.90143957]]), array([0.29247408, 0.29247409, 0.2924741 , 0.2924741 , 0.29247411,\n       0.29247412, 0.29247412]))", "callback": [0.8351267077015668, 0.8244363279465707, 0.8029220352151457, 0.6435581372818031, 0.6435581372818031, 0.6355863262672456, 0.6305740468303898, 0.6182896354353624, 0.5778009460447724, 0.5670074463120982, 0.5544622533505472, 0.5323316402017497, 0.5101502008325964, 0.5067042113232143, 0.5035967871188747, 0.5004143398191334, 0.4857029265668108, 0.42469026543968913, 0.41183556877233973, 0.4019027418213005, 0.40089755521102044, 0.3951987943988998, 0.3770370528322007, 0.35135299864167324, 0.3384347483909045, 0.3324663950805625, 0.32978247361637647, 0.3286629494830553, 0.32834410363141864, 0.32817120141560796, 0.3278079218205706, 0.32706056917754067, 0.32519820777359276, 0.3227021698887924, 0.3186865019116295, 0.31583713235918653, 0.3139814499303041, 0.31042310225985703, 0.3025056179850467, 0.2945650171632118, 0.29332638812231393, 0.29285682617299946, 0.2926029660293309, 0.2925031109169254, 0.2924850034593497, 0.29247968364281596, 0.29247612911056686, 0.2924745513032544, 0.2924742674333335, 0.29247408289915844]}, "7": {"maxiter": 500, "fatol": 1e-10, "xatol": 1e-10, "duration": 0.6941204071044922, "fun": "0.29247408289915844", "nit": "500", "nfev": "786", "status": "2", "success": "False", "message": "Maximum number of iterations has been exceeded.", "x": "[ 7.453045    1.35405513  6.87685331  1.57449163  3.90251049 -0.901402  ]", "final_simplex": "(array([[ 7.453045  ,  1.35405513,  6.87685331,  1.57449163,  3.90251049,\n        -0.901402  ],\n       [ 7.45304607,  1.35426877,  6.87731917,  1.57448206,  3.90229623,\n        -0.90126043],\n       [ 7.45270411,  1.35405436,  6.87731642,  1.5741837 ,  3.90243746,\n        -0.90106702],\n       [ 7.45267903,  1.35421408,  6.87736428,  1.57422822,  3.90269804,\n        -0.90112342],\n       [ 7.45262599,  1.3540583 ,  6.87756439,  1.57461296,  3.90219878,\n        -0.90097429],\n       [ 7.45263498,  1.35457876,  6.87704399,  1.57432873,  3.90267103,\n        -0.90116055],\n       [ 7.45245267,  1.35413493,  6.87741326,  1.57409164,  3.90283219,\n        -0.90143957]]), array([0.29247408, 0.29247409, 0.2924741 , 0.2924741 , 0.29247411,\n       0.29247412, 0.29247412]))", "callback": [0.8351267077015668, 0.8244363279465707, 0.8029220352151457, 0.6435581372818031, 0.6435581372818031, 0.6355863262672456, 0.6305740468303898, 0.6182896354353624, 0.5778009460447724, 0.5670074463120982, 0.5544622533505472, 0.5323316402017497, 0.5101502008325964, 0.5067042113232143, 0.5035967871188747, 0.5004143398191334, 0.4857029265668108, 0.42469026543968913, 0.41183556877233973, 0.4019027418213005, 0.40089755521102044, 0.3951987943988998, 0.3770370528322007, 0.35135299864167324, 0.3384347483909045, 0.3324663950805625, 0.32978247361637647, 0.3286629494830553, 0.32834410363141864, 0.32817120141560796, 0.3278079218205706, 0.32706056917754067, 0.32519820777359276, 0.3227021698887924, 0.3186865019116295, 0.31583713235918653, 0.3139814499303041, 0.31042310225985703, 0.3025056179850467, 0.2945650171632118, 0.29332638812231393, 0.29285682617299946, 0.2926029660293309, 0.2925031109169254, 0.2924850034593497, 0.29247968364281596, 0.29247612911056686, 0.2924745513032544, 0.2924742674333335, 0.29247408289915844]}, "8": {"maxiter": 1000, "fatol": 1e-05, "xatol": 1e-05, "duration": 0.7380948066711426, "fun": "0.29247402994252514", "nit": "595", "nfev": "937", "status": "0", "success": "True", "message": "Optimization terminated successfully.", "x": "[ 7.45296707  1.35385059  6.87734831  1.57489739  3.90259529 -0.90136433]", "final_simplex": "(array([[ 7.45296707,  1.35385059,  6.87734831,  1.57489739,  3.90259529,\n        -0.90136433],\n       [ 7.45296401,  1.35384975,  6.877347  ,  1.57489799,  3.90260474,\n        -0.90136425],\n       [ 7.4529706 ,  1.35384906,  6.87734683,  1.57490432,  3.90259552,\n        -0.90136286],\n       [ 7.45296164,  1.35384639,  6.87735264,  1.57490489,  3.90260032,\n        -0.90136929],\n       [ 7.45296974,  1.35385433,  6.87735032,  1.57489988,  3.90259541,\n        -0.9013679 ],\n       [ 7.45296045,  1.35385465,  6.87734477,  1.57489544,  3.90259871,\n        -0.90136606],\n       [ 7.45296282,  1.35384714,  6.87735425,  1.57490205,  3.90260103,\n        -0.90136178]]), array([0.29247403, 0.29247403, 0.29247403, 0.29247403, 0.29247403,\n       0.29247403, 0.29247403]))", "callback": [0.8351267077015668, 0.8244363279465707, 0.8029220352151457, 0.6435581372818031, 0.6435581372818031, 0.6355863262672456, 0.6305740468303898, 0.6182896354353624, 0.5778009460447724, 0.5670074463120982, 0.5544622533505472, 0.5323316402017497, 0.5101502008325964, 0.5067042113232143, 0.5035967871188747, 0.5004143398191334, 0.4857029265668108, 0.42469026543968913, 0.41183556877233973, 0.4019027418213005, 0.40089755521102044, 0.3951987943988998, 0.3770370528322007, 0.35135299864167324, 0.3384347483909045, 0.3324663950805625, 0.32978247361637647, 0.3286629494830553, 0.32834410363141864, 0.32817120141560796, 0.3278079218205706, 0.32706056917754067, 0.32519820777359276, 0.3227021698887924, 0.3186865019116295, 0.31583713235918653, 0.3139814499303041, 0.31042310225985703, 0.3025056179850467, 0.2945650171632118, 0.29332638812231393, 0.29285682617299946, 0.2926029660293309, 0.2925031109169254, 0.2924850034593497, 0.29247968364281596, 0.29247612911056686, 0.2924745513032544, 0.2924742674333335, 0.29247408289915844, 0.29247408289915844, 0.2924740574697111, 0.2924740382302593, 0.2924740334745173, 0.29247403237766856, 0.29247403100998826, 0.29247403020338336, 0.2924740300436839, 0.2924740299762484, 0.2924740299450209]}, "9": {"maxiter": 1000, "fatol": 1e-05, "xatol": 1e-10, "duration": 1.0291211605072021, "fun": "0.29247402993110283", "nit": "708", "nfev": "1178", "status": "0", "success": "True", "message": "Optimization terminated successfully.", "x": "[ 7.45296974  1.3538431   6.87735051  1.57489768  3.90259904 -0.90136882]", "final_simplex": "(array([[ 7.45296974,  1.3538431 ,  6.87735051,  1.57489768,  3.90259904,\n        -0.90136882],\n       [ 7.45296974,  1.3538431 ,  6.87735051,  1.57489768,  3.90259904,\n        -0.90136882],\n       [ 7.45296974,  1.3538431 ,  6.87735051,  1.57489768,  3.90259904,\n        -0.90136882],\n       [ 7.45296974,  1.3538431 ,  6.87735051,  1.57489768,  3.90259904,\n        -0.90136882],\n       [ 7.45296974,  1.3538431 ,  6.87735051,  1.57489768,  3.90259904,\n        -0.90136882],\n       [ 7.45296974,  1.3538431 ,  6.87735051,  1.57489768,  3.90259904,\n        -0.90136882],\n       [ 7.45296974,  1.3538431 ,  6.87735051,  1.57489768,  3.90259904,\n        -0.90136882]]), array([0.29247403, 0.29247403, 0.29247403, 0.29247403, 0.29247403,\n       0.29247403, 0.29247403]))", "callback": [0.8351267077015668, 0.8244363279465707, 0.8029220352151457, 0.6435581372818031, 0.6435581372818031, 0.6355863262672456, 0.6305740468303898, 0.6182896354353624, 0.5778009460447724, 0.5670074463120982, 0.5544622533505472, 0.5323316402017497, 0.5101502008325964, 0.5067042113232143, 0.5035967871188747, 0.5004143398191334, 0.4857029265668108, 0.42469026543968913, 0.41183556877233973, 0.4019027418213005, 0.40089755521102044, 0.3951987943988998, 0.3770370528322007, 0.35135299864167324, 0.3384347483909045, 0.3324663950805625, 0.32978247361637647, 0.3286629494830553, 0.32834410363141864, 0.32817120141560796, 0.3278079218205706, 0.32706056917754067, 0.32519820777359276, 0.3227021698887924, 0.3186865019116295, 0.31583713235918653, 0.3139814499303041, 0.31042310225985703, 0.3025056179850467, 0.2945650171632118, 0.29332638812231393, 0.29285682617299946, 0.2926029660293309, 0.2925031109169254, 0.2924850034593497, 0.29247968364281596, 0.29247612911056686, 0.2924745513032544, 0.2924742674333335, 0.29247408289915844, 0.29247408289915844, 0.2924740574697111, 0.2924740382302593, 0.2924740334745173, 0.29247403237766856, 0.29247403100998826, 0.29247403020338336, 0.2924740300436839, 0.2924740299762484, 0.2924740299450209, 0.29247402993731175, 0.2924740299349686, 0.2924740299319305, 0.29247402993132976, 0.2924740299311289, 0.2924740299311087, 0.2924740299311047, 0.2924740299311033, 0.29247402993110283, 0.29247402993110283, 0.29247402993110283]}, "10": {"maxiter": 1000, "fatol": 1e-10, "xatol": 1e-05, "duration": 0.796987771987915, "fun": "0.29247402994252514", "nit": "595", "nfev": "937", "status": "0", "success": "True", "message": "Optimization terminated successfully.", "x": "[ 7.45296707  1.35385059  6.87734831  1.57489739  3.90259529 -0.90136433]", "final_simplex": "(array([[ 7.45296707,  1.35385059,  6.87734831,  1.57489739,  3.90259529,\n        -0.90136433],\n       [ 7.45296401,  1.35384975,  6.877347  ,  1.57489799,  3.90260474,\n        -0.90136425],\n       [ 7.4529706 ,  1.35384906,  6.87734683,  1.57490432,  3.90259552,\n        -0.90136286],\n       [ 7.45296164,  1.35384639,  6.87735264,  1.57490489,  3.90260032,\n        -0.90136929],\n       [ 7.45296974,  1.35385433,  6.87735032,  1.57489988,  3.90259541,\n        -0.9013679 ],\n       [ 7.45296045,  1.35385465,  6.87734477,  1.57489544,  3.90259871,\n        -0.90136606],\n       [ 7.45296282,  1.35384714,  6.87735425,  1.57490205,  3.90260103,\n        -0.90136178]]), array([0.29247403, 0.29247403, 0.29247403, 0.29247403, 0.29247403,\n       0.29247403, 0.29247403]))", "callback": [0.8351267077015668, 0.8244363279465707, 0.8029220352151457, 0.6435581372818031, 0.6435581372818031, 0.6355863262672456, 0.6305740468303898, 0.6182896354353624, 0.5778009460447724, 0.5670074463120982, 0.5544622533505472, 0.5323316402017497, 0.5101502008325964, 0.5067042113232143, 0.5035967871188747, 0.5004143398191334, 0.4857029265668108, 0.42469026543968913, 0.41183556877233973, 0.4019027418213005, 0.40089755521102044, 0.3951987943988998, 0.3770370528322007, 0.35135299864167324, 0.3384347483909045, 0.3324663950805625, 0.32978247361637647, 0.3286629494830553, 0.32834410363141864, 0.32817120141560796, 0.3278079218205706, 0.32706056917754067, 0.32519820777359276, 0.3227021698887924, 0.3186865019116295, 0.31583713235918653, 0.3139814499303041, 0.31042310225985703, 0.3025056179850467, 0.2945650171632118, 0.29332638812231393, 0.29285682617299946, 0.2926029660293309, 0.2925031109169254, 0.2924850034593497, 0.29247968364281596, 0.29247612911056686, 0.2924745513032544, 0.2924742674333335, 0.29247408289915844, 0.29247408289915844, 0.2924740574697111, 0.2924740382302593, 0.2924740334745173, 0.29247403237766856, 0.29247403100998826, 0.29247403020338336, 0.2924740300436839, 0.2924740299762484, 0.2924740299450209]}, "11": {"maxiter": 1000, "fatol": 1e-10, "xatol": 1e-10, "duration": 1.1167230606079102, "fun": "0.29247402993110283", "nit": "708", "nfev": "1178", "status": "0", "success": "True", "message": "Optimization terminated successfully.", "x": "[ 7.45296974  1.3538431   6.87735051  1.57489768  3.90259904 -0.90136882]", "final_simplex": "(array([[ 7.45296974,  1.3538431 ,  6.87735051,  1.57489768,  3.90259904,\n        -0.90136882],\n       [ 7.45296974,  1.3538431 ,  6.87735051,  1.57489768,  3.90259904,\n        -0.90136882],\n       [ 7.45296974,  1.3538431 ,  6.87735051,  1.57489768,  3.90259904,\n        -0.90136882],\n       [ 7.45296974,  1.3538431 ,  6.87735051,  1.57489768,  3.90259904,\n        -0.90136882],\n       [ 7.45296974,  1.3538431 ,  6.87735051,  1.57489768,  3.90259904,\n        -0.90136882],\n       [ 7.45296974,  1.3538431 ,  6.87735051,  1.57489768,  3.90259904,\n        -0.90136882],\n       [ 7.45296974,  1.3538431 ,  6.87735051,  1.57489768,  3.90259904,\n        -0.90136882]]), array([0.29247403, 0.29247403, 0.29247403, 0.29247403, 0.29247403,\n       0.29247403, 0.29247403]))", "callback": [0.8351267077015668, 0.8244363279465707, 0.8029220352151457, 0.6435581372818031, 0.6435581372818031, 0.6355863262672456, 0.6305740468303898, 0.6182896354353624, 0.5778009460447724, 0.5670074463120982, 0.5544622533505472, 0.5323316402017497, 0.5101502008325964, 0.5067042113232143, 0.5035967871188747, 0.5004143398191334, 0.4857029265668108, 0.42469026543968913, 0.41183556877233973, 0.4019027418213005, 0.40089755521102044, 0.3951987943988998, 0.3770370528322007, 0.35135299864167324, 0.3384347483909045, 0.3324663950805625, 0.32978247361637647, 0.3286629494830553, 0.32834410363141864, 0.32817120141560796, 0.3278079218205706, 0.32706056917754067, 0.32519820777359276, 0.3227021698887924, 0.3186865019116295, 0.31583713235918653, 0.3139814499303041, 0.31042310225985703, 0.3025056179850467, 0.2945650171632118, 0.29332638812231393, 0.29285682617299946, 0.2926029660293309, 0.2925031109169254, 0.2924850034593497, 0.29247968364281596, 0.29247612911056686, 0.2924745513032544, 0.2924742674333335, 0.29247408289915844, 0.29247408289915844, 0.2924740574697111, 0.2924740382302593, 0.2924740334745173, 0.29247403237766856, 0.29247403100998826, 0.29247403020338336, 0.2924740300436839, 0.2924740299762484, 0.2924740299450209, 0.29247402993731175, 0.2924740299349686, 0.2924740299319305, 0.29247402993132976, 0.2924740299311289, 0.2924740299311087, 0.2924740299311047, 0.2924740299311033, 0.29247402993110283, 0.29247402993110283, 0.29247402993110283]}}, "bfgs": {"type": "gradient", "0": {"maxiter": 100, "gtol": 1e-05, "xrtol": 1e-05, "eps": 1e-05, "duration": 0.26619482040405273, "fun": "0.29247402996335425", "jac": "[-2.07334150e-07  8.71791528e-07 -1.05870868e-07 -6.78412881e-07\n  6.30295816e-07  5.06483744e-08]", "hess_inv": "[[ 5.34893627e+00  1.31217125e+00 -9.35594955e-01  2.21228561e+00\n   8.52663677e-01  5.39977318e-01]\n [ 1.31217125e+00  3.97031570e+00 -1.59556080e+00  8.11206701e-01\n   1.20792092e-03  4.21059175e-01]\n [-9.35594955e-01 -1.59556080e+00  3.86065668e+00 -1.20628507e+00\n  -6.55816741e-01 -2.78299346e-02]\n [ 2.21228561e+00  8.11206701e-01 -1.20628507e+00  5.19292923e+00\n   6.18780176e-01  2.50903665e-01]\n [ 8.52663677e-01  1.20792092e-03 -6.55816741e-01  6.18780176e-01\n   3.38852164e+00 -1.61207924e-01]\n [ 5.39977318e-01  4.21059175e-01 -2.78299346e-02  2.50903665e-01\n  -1.61207924e-01  2.98369825e+00]]", "nfev": "161", "njev": "23", "status": "0", "success": "True", "message": "Optimization terminated successfully.", "x": "[ 5.11338737  4.49543215  3.73575574 -1.5749102   0.76100203  2.24021715]", "nit": "21", "callback": [0.8032277893159468, 0.7386170004515765, 0.7165745812750897, 0.6826717632080468, 0.6397018273033084, 0.561269826392355, 0.4553073385083036, 0.396893967169781, 0.3348806845142599, 0.3170091366433673, 0.30722391204044197, 0.3028417229335968, 0.2962324446847139, 0.2935183209506683, 0.29297993007107337, 0.2924802721413423, 0.2924772895694141, 0.2924745251885362, 0.29247406741302784, 0.2924740304392127, 0.29247402996335425]}, "1": {"maxiter": 100, "gtol": 1e-05, "xrtol": 1e-05, "eps": 1e-10, "duration": 0.25344300270080566, "fun": "0.2924740299601368", "jac": "[-3.33066880e-06  0.00000000e+00  1.11022293e-06  0.00000000e+00\n  0.00000000e+00  2.22044587e-06]", "hess_inv": "[[ 5.44523582  1.40350806 -0.9117001   2.30644799  0.83776495  0.54537436]\n [ 1.40350806  4.0488229  -1.60868614  0.91046131  0.03123871  0.42652663]\n [-0.9117001  -1.60868614  3.83354491 -1.19992893 -0.60432986 -0.01005289]\n [ 2.30644799  0.91046131 -1.19992893  5.279929    0.61040906  0.25528701]\n [ 0.83776495  0.03123871 -0.60432986  0.61040906  3.30502658 -0.1736399 ]\n [ 0.54537436  0.42652663 -0.01005289  0.25528701 -0.1736399   2.98519646]]", "nfev": "161", "njev": "23", "status": "0", "success": "True", "message": "Optimization terminated successfully.", "x": "[ 5.11338621  4.49542716  3.73576227 -1.57490779  0.76100081  2.24022556]", "nit": "21", "callback": [0.8032273842951008, 0.7386150629243697, 0.7165723443534247, 0.6826700127983178, 0.6396997027114664, 0.5612682612355568, 0.45530730726851365, 0.39689327619849935, 0.33487297994708365, 0.31701037662175546, 0.30722479678664527, 0.3028421937495581, 0.2962323413016352, 0.2935185058201357, 0.29298005073359235, 0.2924802759235895, 0.29247730493698343, 0.29247451712052264, 0.2924740700380175, 0.29247403040402176, 0.2924740299601368]}, "2": {"maxiter": 100, "gtol": 1e-05, "xrtol": 1e-10, "eps": 1e-05, "duration": 0.26830339431762695, "fun": "0.29247402996335425", "jac": "[-2.07334150e-07  8.71791528e-07 -1.05870868e-07 -6.78412881e-07\n  6.30295816e-07  5.06483744e-08]", "hess_inv": "[[ 5.34893627e+00  1.31217125e+00 -9.35594955e-01  2.21228561e+00\n   8.52663677e-01  5.39977318e-01]\n [ 1.31217125e+00  3.97031570e+00 -1.59556080e+00  8.11206701e-01\n   1.20792092e-03  4.21059175e-01]\n [-9.35594955e-01 -1.59556080e+00  3.86065668e+00 -1.20628507e+00\n  -6.55816741e-01 -2.78299346e-02]\n [ 2.21228561e+00  8.11206701e-01 -1.20628507e+00  5.19292923e+00\n   6.18780176e-01  2.50903665e-01]\n [ 8.52663677e-01  1.20792092e-03 -6.55816741e-01  6.18780176e-01\n   3.38852164e+00 -1.61207924e-01]\n [ 5.39977318e-01  4.21059175e-01 -2.78299346e-02  2.50903665e-01\n  -1.61207924e-01  2.98369825e+00]]", "nfev": "161", "njev": "23", "status": "0", "success": "True", "message": "Optimization terminated successfully.", "x": "[ 5.11338737  4.49543215  3.73575574 -1.5749102   0.76100203  2.24021715]", "nit": "21", "callback": [0.8032277893159468, 0.7386170004515765, 0.7165745812750897, 0.6826717632080468, 0.6397018273033084, 0.561269826392355, 0.4553073385083036, 0.396893967169781, 0.3348806845142599, 0.3170091366433673, 0.30722391204044197, 0.3028417229335968, 0.2962324446847139, 0.2935183209506683, 0.29297993007107337, 0.2924802721413423, 0.2924772895694141, 0.2924745251885362, 0.29247406741302784, 0.2924740304392127, 0.29247402996335425]}, "3": {"maxiter": 100, "gtol": 1e-05, "xrtol": 1e-10, "eps": 1e-10, "duration": 0.1773076057434082, "fun": "0.2924740299601368", "jac": "[-3.33066880e-06  0.00000000e+00  1.11022293e-06  0.00000000e+00\n  0.00000000e+00  2.22044587e-06]", "hess_inv": "[[ 5.44523582  1.40350806 -0.9117001   2.30644799  0.83776495  0.54537436]\n [ 1.40350806  4.0488229  -1.60868614  0.91046131  0.03123871  0.42652663]\n [-0.9117001  -1.60868614  3.83354491 -1.19992893 -0.60432986 -0.01005289]\n [ 2.30644799  0.91046131 -1.19992893  5.279929    0.61040906  0.25528701]\n [ 0.83776495  0.03123871 -0.60432986  0.61040906  3.30502658 -0.1736399 ]\n [ 0.54537436  0.42652663 -0.01005289  0.25528701 -0.1736399   2.98519646]]", "nfev": "161", "njev": "23", "status": "0", "success": "True", "message": "Optimization terminated successfully.", "x": "[ 5.11338621  4.49542716  3.73576227 -1.57490779  0.76100081  2.24022556]", "nit": "21", "callback": [0.8032273842951008, 0.7386150629243697, 0.7165723443534247, 0.6826700127983178, 0.6396997027114664, 0.5612682612355568, 0.45530730726851365, 0.39689327619849935, 0.33487297994708365, 0.31701037662175546, 0.30722479678664527, 0.3028421937495581, 0.2962323413016352, 0.2935185058201357, 0.29298005073359235, 0.2924802759235895, 0.29247730493698343, 0.29247451712052264, 0.2924740700380175, 0.29247403040402176, 0.2924740299601368]}, "4": {"maxiter": 100, "gtol": 1e-10, "xrtol": 1e-05, "eps": 1e-05, "duration": 0.12413549423217773, "fun": "0.29247402996335425", "jac": "[-2.07334150e-07  8.71791528e-07 -1.05870868e-07 -6.78412881e-07\n  6.30295816e-07  5.06483744e-08]", "hess_inv": "[[ 5.34893627e+00  1.31217125e+00 -9.35594955e-01  2.21228561e+00\n   8.52663677e-01  5.39977318e-01]\n [ 1.31217125e+00  3.97031570e+00 -1.59556080e+00  8.11206701e-01\n   1.20792092e-03  4.21059175e-01]\n [-9.35594955e-01 -1.59556080e+00  3.86065668e+00 -1.20628507e+00\n  -6.55816741e-01 -2.78299346e-02]\n [ 2.21228561e+00  8.11206701e-01 -1.20628507e+00  5.19292923e+00\n   6.18780176e-01  2.50903665e-01]\n [ 8.52663677e-01  1.20792092e-03 -6.55816741e-01  6.18780176e-01\n   3.38852164e+00 -1.61207924e-01]\n [ 5.39977318e-01  4.21059175e-01 -2.78299346e-02  2.50903665e-01\n  -1.61207924e-01  2.98369825e+00]]", "nfev": "161", "njev": "23", "status": "0", "success": "True", "message": "Optimization terminated successfully.", "x": "[ 5.11338737  4.49543215  3.73575574 -1.5749102   0.76100203  2.24021715]", "nit": "21", "callback": [0.8032277893159468, 0.7386170004515765, 0.7165745812750897, 0.6826717632080468, 0.6397018273033084, 0.561269826392355, 0.4553073385083036, 0.396893967169781, 0.3348806845142599, 0.3170091366433673, 0.30722391204044197, 0.3028417229335968, 0.2962324446847139, 0.2935183209506683, 0.29297993007107337, 0.2924802721413423, 0.2924772895694141, 0.2924745251885362, 0.29247406741302784, 0.2924740304392127, 0.29247402996335425]}, "5": {"maxiter": 100, "gtol": 1e-10, "xrtol": 1e-05, "eps": 1e-10, "duration": 0.12376809120178223, "fun": "0.2924740299601368", "jac": "[-3.33066880e-06  0.00000000e+00  1.11022293e-06  0.00000000e+00\n  0.00000000e+00  2.22044587e-06]", "hess_inv": "[[ 5.44523582  1.40350806 -0.9117001   2.30644799  0.83776495  0.54537436]\n [ 1.40350806  4.0488229  -1.60868614  0.91046131  0.03123871  0.42652663]\n [-0.9117001  -1.60868614  3.83354491 -1.19992893 -0.60432986 -0.01005289]\n [ 2.30644799  0.91046131 -1.19992893  5.279929    0.61040906  0.25528701]\n [ 0.83776495  0.03123871 -0.60432986  0.61040906  3.30502658 -0.1736399 ]\n [ 0.54537436  0.42652663 -0.01005289  0.25528701 -0.1736399   2.98519646]]", "nfev": "161", "njev": "23", "status": "0", "success": "True", "message": "Optimization terminated successfully.", "x": "[ 5.11338621  4.49542716  3.73576227 -1.57490779  0.76100081  2.24022556]", "nit": "21", "callback": [0.8032273842951008, 0.7386150629243697, 0.7165723443534247, 0.6826700127983178, 0.6396997027114664, 0.5612682612355568, 0.45530730726851365, 0.39689327619849935, 0.33487297994708365, 0.31701037662175546, 0.30722479678664527, 0.3028421937495581, 0.2962323413016352, 0.2935185058201357, 0.29298005073359235, 0.2924802759235895, 0.29247730493698343, 0.29247451712052264, 0.2924740700380175, 0.29247403040402176, 0.2924740299601368]}, "6": {"maxiter": 100, "gtol": 1e-10, "xrtol": 1e-10, "eps": 1e-05, "duration": 0.15616226196289062, "fun": "0.29247402996119376", "jac": "[ 4.44089210e-11  0.00000000e+00  1.11022302e-11 -2.22044605e-11\n  2.22044605e-11  1.11022302e-11]", "hess_inv": "[[ 5.35035497  1.26558027 -0.92434023  2.24353015  0.83317815  0.53663114]\n [ 1.26558027  4.08699093 -1.65884935  0.67131553  0.08785741  0.4295209 ]\n [-0.92434023 -1.65884935  3.88440964 -1.14819739 -0.69321705 -0.03325216]\n [ 2.24353015  0.67131553 -1.14819739  5.33132557  0.5293832   0.23857062]\n [ 0.83317815  0.08785741 -0.69321705  0.5293832   3.44817783 -0.15225827]\n [ 0.53663114  0.4295209  -0.03325216  0.23857062 -0.15225827  2.98515363]]", "nfev": "182", "njev": "26", "status": "0", "success": "True", "message": "Optimization terminated successfully.", "x": "[ 5.11338826  4.49542901  3.73575708 -1.57490716  0.76100025  2.24021699]", "nit": "24", "callback": [0.8032277893159468, 0.7386170004515765, 0.7165745812750897, 0.6826717632080468, 0.6397018273033084, 0.561269826392355, 0.4553073385083036, 0.396893967169781, 0.3348806845142599, 0.3170091366433673, 0.30722391204044197, 0.3028417229335968, 0.2962324446847139, 0.2935183209506683, 0.29297993007107337, 0.2924802721413423, 0.2924772895694141, 0.2924745251885362, 0.29247406741302784, 0.2924740304392127, 0.29247402996335425, 0.29247402996133554, 0.29247402996119665, 0.29247402996119376]}, "7": {"maxiter": 100, "gtol": 1e-10, "xrtol": 1e-10, "eps": 1e-10, "duration": 0.34104251861572266, "fun": "0.29247402993996896", "jac": "[1.11022293e-06 1.11022293e-06 1.11022293e-06 1.11022293e-06\n 1.11022293e-06 0.00000000e+00]", "hess_inv": "[[ 9.10780335 -2.25511208 -1.94369175 -5.88117978  5.08123043  0.25066579]\n [-2.25511208  2.02505928 -0.59926617  2.27883973 -1.8547175   0.44640339]\n [-1.94369175 -0.59926617  2.81088791  0.33428882 -0.97141225 -0.94362199]\n [-5.88117978  2.27883973  0.33428882  5.24283839 -2.74507626 -0.13790538]\n [ 5.08123043 -1.8547175  -0.97141225 -2.74507626  4.11064103 -0.34069308]\n [ 0.25066579  0.44640339 -0.94362199 -0.13790538 -0.34069308  2.0119819 ]]", "nfev": "427", "njev": "61", "status": "0", "success": "True", "message": "Optimization terminated successfully.", "x": "[ 5.11340546  4.49544094  3.73575536 -1.57488996  0.76100666  2.24022251]", "nit": "27", "callback": [0.8032273842951008, 0.7386150629243697, 0.7165723443534247, 0.6826700127983178, 0.6396997027114664, 0.5612682612355568, 0.45530730726851365, 0.39689327619849935, 0.33487297994708365, 0.31701037662175546, 0.30722479678664527, 0.3028421937495581, 0.2962323413016352, 0.2935185058201357, 0.29298005073359235, 0.2924802759235895, 0.29247730493698343, 0.29247451712052264, 0.2924740700380175, 0.29247403040402176, 0.2924740299601368, 0.2924740299460974, 0.2924740299414883, 0.29247402994125615, 0.29247402994094296, 0.29247402993996896, 0.29247402993996896]}, "8": {"maxiter": 500, "gtol": 1e-05, "xrtol": 1e-05, "eps": 1e-05, "duration": 0.12354803085327148, "fun": "0.29247402996335425", "jac": "[-2.07334150e-07  8.71791528e-07 -1.05870868e-07 -6.78412881e-07\n  6.30295816e-07  5.06483744e-08]", "hess_inv": "[[ 5.34893627e+00  1.31217125e+00 -9.35594955e-01  2.21228561e+00\n   8.52663677e-01  5.39977318e-01]\n [ 1.31217125e+00  3.97031570e+00 -1.59556080e+00  8.11206701e-01\n   1.20792092e-03  4.21059175e-01]\n [-9.35594955e-01 -1.59556080e+00  3.86065668e+00 -1.20628507e+00\n  -6.55816741e-01 -2.78299346e-02]\n [ 2.21228561e+00  8.11206701e-01 -1.20628507e+00  5.19292923e+00\n   6.18780176e-01  2.50903665e-01]\n [ 8.52663677e-01  1.20792092e-03 -6.55816741e-01  6.18780176e-01\n   3.38852164e+00 -1.61207924e-01]\n [ 5.39977318e-01  4.21059175e-01 -2.78299346e-02  2.50903665e-01\n  -1.61207924e-01  2.98369825e+00]]", "nfev": "161", "njev": "23", "status": "0", "success": "True", "message": "Optimization terminated successfully.", "x": "[ 5.11338737  4.49543215  3.73575574 -1.5749102   0.76100203  2.24021715]", "nit": "21", "callback": [0.8032277893159468, 0.7386170004515765, 0.7165745812750897, 0.6826717632080468, 0.6397018273033084, 0.561269826392355, 0.4553073385083036, 0.396893967169781, 0.3348806845142599, 0.3170091366433673, 0.30722391204044197, 0.3028417229335968, 0.2962324446847139, 0.2935183209506683, 0.29297993007107337, 0.2924802721413423, 0.2924772895694141, 0.2924745251885362, 0.29247406741302784, 0.2924740304392127, 0.29247402996335425]}, "9": {"maxiter": 500, "gtol": 1e-05, "xrtol": 1e-05, "eps": 1e-10, "duration": 0.12386775016784668, "fun": "0.2924740299601368", "jac": "[-3.33066880e-06  0.00000000e+00  1.11022293e-06  0.00000000e+00\n  0.00000000e+00  2.22044587e-06]", "hess_inv": "[[ 5.44523582  1.40350806 -0.9117001   2.30644799  0.83776495  0.54537436]\n [ 1.40350806  4.0488229  -1.60868614  0.91046131  0.03123871  0.42652663]\n [-0.9117001  -1.60868614  3.83354491 -1.19992893 -0.60432986 -0.01005289]\n [ 2.30644799  0.91046131 -1.19992893  5.279929    0.61040906  0.25528701]\n [ 0.83776495  0.03123871 -0.60432986  0.61040906  3.30502658 -0.1736399 ]\n [ 0.54537436  0.42652663 -0.01005289  0.25528701 -0.1736399   2.98519646]]", "nfev": "161", "njev": "23", "status": "0", "success": "True", "message": "Optimization terminated successfully.", "x": "[ 5.11338621  4.49542716  3.73576227 -1.57490779  0.76100081  2.24022556]", "nit": "21", "callback": [0.8032273842951008, 0.7386150629243697, 0.7165723443534247, 0.6826700127983178, 0.6396997027114664, 0.5612682612355568, 0.45530730726851365, 0.39689327619849935, 0.33487297994708365, 0.31701037662175546, 0.30722479678664527, 0.3028421937495581, 0.2962323413016352, 0.29351850582