{"date": "2024/10/27/, 02:50:40", "conf_id": 104, "data_type": "orthogonal\n", "num_data_points": 2, "s_rank": 0, "unitary": "[[-0.24866696+0.58742286j,-0.44704345-0.43151574j,-0.35669027-0.20570733j,-0.10517633+0.1626036j],[0.10596805-0.19687975j,-0.30269685-0.15056416j,0.18246286+0.30440582j,-0.83484447-0.11310748j],[0.26054512-0.52548482j,0.0285017-0.50723956j,-0.43110112+0.17165838j,0.15243271+0.39915801j],[0.42978035+0.11991271j,-0.17224126-0.46030424j,0.6827807-0.15164662j,0.26483638+0.0061855j]]", "databatch_0": {"databatch": "[[[0.00231017+0.21119175j,0.44122276-0.33729492j,-0.00492852-0.09808047j,-0.03705075-0.11923419j],[0.15697709+0.02239006j,-0.19992862-0.36590344j,-0.07334247-0.00753721j,-0.09270571+0.01388451j],[-0.13187487-0.00353795j,0.2001267+0.28335318j,0.0613355-0.00076352j,0.07529654-0.02031458j],[-0.15721682+0.07777117j,0.41128784+0.2087485j,0.07162547-0.03900348j,0.07589015-0.07065932j]],[[-0.10953962+0.09499935j,0.37253085+0.08120195j,0.04915948-0.04613761j,0.04596869-0.07234895j],[-0.02945535-0.21771047j,-0.41222578+0.40473501j,0.01765955+0.10061364j,0.05352981+0.11833252j],[-0.01876124+0.13418476j,0.31218117-0.17169591j,0.00626727-0.06268659j,-0.01208259-0.07918132j],[-0.00767845-0.17382069j,-0.3540535+0.28977845j,0.00674051+0.08061936j,0.03376681+0.0971576j]]]", "initial param values": "[3.72299766,3.90701198,1.78368661,0.28461202,1.15767073,0.21376244]", "nelder_mead": {"type": "gradient-free", "0": {"maxiter": 100, "fatol": 1e-05, "xatol": 1e-05, "duration": 0.13293933868408203, "fun": "0.2607940387842935", "nit": "100", "nfev": "155", "status": "2", "success": "False", "message": "Maximum number of iterations has been exceeded.", "x": "[1.21039054 1.04468835 0.22577553 0.90615564 0.22743102 0.18126484]", "final_simplex": "(array([[1.21039054, 1.04468835, 0.22577553, 0.90615564, 0.22743102,\n        0.18126484],\n       [1.54256375, 0.98670401, 0.00237212, 0.91969515, 0.24410957,\n        0.17644766],\n       [1.41510386, 0.8803456 , 0.04515577, 0.92707185, 0.22641239,\n        0.17779763],\n       [1.54558692, 1.0775046 , 0.28434238, 0.86799683, 0.32179005,\n        0.18064951],\n       [1.62182062, 0.91907086, 0.11388775, 0.88431438, 0.26408874,\n        0.17532967],\n       [1.46017024, 0.81515511, 0.0675003 , 0.92344733, 0.23662786,\n        0.17312146],\n       [1.65907469, 1.30296418, 0.2193082 , 0.85327232, 0.37420569,\n        0.18935131]]), array([0.26079404, 0.2611948 , 0.26287972, 0.26337156, 0.26595289,\n       0.26746963, 0.27032334]))", "callback": [0.6161549390277012, 0.5916979032432229, 0.5097229820170327, 0.47758307050988047, 0.476983106265513, 0.46882628960407613, 0.459083803047876, 0.43382331893781534, 0.3493095248943191, 0.26595288845708887]}, "1": {"maxiter": 100, "fatol": 1e-05, "xatol": 1e-10, "duration": 0.12153458595275879, "fun": "0.2607940387842935", "nit": "100", "nfev": "155", "status": "2", "success": "False", "message": "Maximum number of iterations has been exceeded.", "x": "[1.21039054 1.04468835 0.22577553 0.90615564 0.22743102 0.18126484]", "final_simplex": "(array([[1.21039054, 1.04468835, 0.22577553, 0.90615564, 0.22743102,\n        0.18126484],\n       [1.54256375, 0.98670401, 0.00237212, 0.91969515, 0.24410957,\n        0.17644766],\n       [1.41510386, 0.8803456 , 0.04515577, 0.92707185, 0.22641239,\n        0.17779763],\n       [1.54558692, 1.0775046 , 0.28434238, 0.86799683, 0.32179005,\n        0.18064951],\n       [1.62182062, 0.91907086, 0.11388775, 0.88431438, 0.26408874,\n        0.17532967],\n       [1.46017024, 0.81515511, 0.0675003 , 0.92344733, 0.23662786,\n        0.17312146],\n       [1.65907469, 1.30296418, 0.2193082 , 0.85327232, 0.37420569,\n        0.18935131]]), array([0.26079404, 0.2611948 , 0.26287972, 0.26337156, 0.26595289,\n       0.26746963, 0.27032334]))", "callback": [0.6161549390277012, 0.5916979032432229, 0.5097229820170327, 0.47758307050988047, 0.476983106265513, 0.46882628960407613, 0.459083803047876, 0.43382331893781534, 0.3493095248943191, 0.26595288845708887]}, "2": {"maxiter": 100, "fatol": 1e-10, "xatol": 1e-05, "duration": 0.1195218563079834, "fun": "0.2607940387842935", "nit": "100", "nfev": "155", "status": "2", "success": "False", "message": "Maximum number of iterations has been exceeded.", "x": "[1.21039054 1.04468835 0.22577553 0.90615564 0.22743102 0.18126484]", "final_simplex": "(array([[1.21039054, 1.04468835, 0.22577553, 0.90615564, 0.22743102,\n        0.18126484],\n       [1.54256375, 0.98670401, 0.00237212, 0.91969515, 0.24410957,\n        0.17644766],\n       [1.41510386, 0.8803456 , 0.04515577, 0.92707185, 0.22641239,\n        0.17779763],\n       [1.54558692, 1.0775046 , 0.28434238, 0.86799683, 0.32179005,\n        0.18064951],\n       [1.62182062, 0.91907086, 0.11388775, 0.88431438, 0.26408874,\n        0.17532967],\n       [1.46017024, 0.81515511, 0.0675003 , 0.92344733, 0.23662786,\n        0.17312146],\n       [1.65907469, 1.30296418, 0.2193082 , 0.85327232, 0.37420569,\n        0.18935131]]), array([0.26079404, 0.2611948 , 0.26287972, 0.26337156, 0.26595289,\n       0.26746963, 0.27032334]))", "callback": [0.6161549390277012, 0.5916979032432229, 0.5097229820170327, 0.47758307050988047, 0.476983106265513, 0.46882628960407613, 0.459083803047876, 0.43382331893781534, 0.3493095248943191, 0.26595288845708887]}, "3": {"maxiter": 100, "fatol": 1e-10, "xatol": 1e-10, "duration": 0.12116575241088867, "fun": "0.2607940387842935", "nit": "100", "nfev": "155", "status": "2", "success": "False", "message": "Maximum number of iterations has been exceeded.", "x": "[1.21039054 1.04468835 0.22577553 0.90615564 0.22743102 0.18126484]", "final_simplex": "(array([[1.21039054, 1.04468835, 0.22577553, 0.90615564, 0.22743102,\n        0.18126484],\n       [1.54256375, 0.98670401, 0.00237212, 0.91969515, 0.24410957,\n        0.17644766],\n       [1.41510386, 0.8803456 , 0.04515577, 0.92707185, 0.22641239,\n        0.17779763],\n       [1.54558692, 1.0775046 , 0.28434238, 0.86799683, 0.32179005,\n        0.18064951],\n       [1.62182062, 0.91907086, 0.11388775, 0.88431438, 0.26408874,\n        0.17532967],\n       [1.46017024, 0.81515511, 0.0675003 , 0.92344733, 0.23662786,\n        0.17312146],\n       [1.65907469, 1.30296418, 0.2193082 , 0.85327232, 0.37420569,\n        0.18935131]]), array([0.26079404, 0.2611948 , 0.26287972, 0.26337156, 0.26595289,\n       0.26746963, 0.27032334]))", "callback": [0.6161549390277012, 0.5916979032432229, 0.5097229820170327, 0.47758307050988047, 0.476983106265513, 0.46882628960407613, 0.459083803047876, 0.43382331893781534, 0.3493095248943191, 0.26595288845708887]}, "4": {"maxiter": 500, "fatol": 1e-05, "xatol": 1e-05, "duration": 1.0795841217041016, "fun": "0.16561735025681346", "nit": "500", "nfev": "763", "status": "2", "success": "False", "message": "Maximum number of iterations has been exceeded.", "x": "[1.84032675 1.64583339 0.09899271 2.00088028 0.64252921 0.06162317]", "final_simplex": "(array([[1.84032675, 1.64583339, 0.09899271, 2.00088028, 0.64252921,\n        0.06162317],\n       [1.83058357, 1.64009859, 0.09582787, 1.9992689 , 0.62673078,\n        0.06068311],\n       [1.83887153, 1.63788352, 0.09519621, 2.00285653, 0.63516913,\n        0.06160784],\n       [1.82668224, 1.6369269 , 0.09451498, 1.9997145 , 0.62627321,\n        0.0534461 ],\n       [1.82867964, 1.62991533, 0.09450777, 1.99952831, 0.63200228,\n        0.05310319],\n       [1.83654035, 1.64507787, 0.0881921 , 2.01339902, 0.64031805,\n        0.06978967],\n       [1.82992039, 1.62984103, 0.09163695, 1.99429069, 0.62337733,\n        0.0496889 ]]), array([0.16561735, 0.16562191, 0.16562542, 0.1656313 , 0.16563307,\n       0.16564907, 0.16565983]))", "callback": [0.6161549390277012, 0.5916979032432229, 0.5097229820170327, 0.47758307050988047, 0.476983106265513, 0.46882628960407613, 0.459083803047876, 0.43382331893781534, 0.3493095248943191, 0.26595288845708887, 0.25950251725159434, 0.2553590672759658, 0.2529081027978375, 0.2489189576743308, 0.23808189425272897, 0.23586150553160756, 0.23469898086123986, 0.2344594505431019, 0.2343351191728964, 0.23411071173594822, 0.23363250163186122, 0.2318176659392499, 0.22599041867328418, 0.2163127263529817, 0.1962884738160693, 0.18947751360064702, 0.18473021248071664, 0.17651684596381023, 0.1692324503902637, 0.16646009647661686, 0.16613327892975072, 0.16585527678698742, 0.16580668730414216, 0.16580006506251488, 0.1657985667003985, 0.16579827976717387, 0.16579822428378488, 0.1657982081588426, 0.1657981665102508, 0.1657980768772085, 0.16579746768116033, 0.16579613873119414, 0.16579419143729568, 0.16579123269412332, 0.16578758731489152, 0.16577730121231626, 0.16577035227580106, 0.16575628908730788, 0.16570925729250086, 0.165659830630837]}, "5": {"maxiter": 500, "fatol": 1e-05, "xatol": 1e-10, "duration": 1.1704447269439697, "fun": "0.16561735025681346", "nit": "500", "nfev": "763", "status": "2", "success": "False", "message": "Maximum number of iterations has been exceeded.", "x": "[1.84032675 1.64583339 0.09899271 2.00088028 0.64252921 0.06162317]", "final_simplex": "(array([[1.84032675, 1.64583339, 0.09899271, 2.00088028, 0.64252921,\n        0.06162317],\n       [1.83058357, 1.64009859, 0.09582787, 1.9992689 , 0.62673078,\n        0.06068311],\n       [1.83887153, 1.63788352, 0.09519621, 2.00285653, 0.63516913,\n        0.06160784],\n       [1.82668224, 1.6369269 , 0.09451498, 1.9997145 , 0.62627321,\n        0.0534461 ],\n       [1.82867964, 1.62991533, 0.09450777, 1.99952831, 0.63200228,\n        0.05310319],\n       [1.83654035, 1.64507787, 0.0881921 , 2.01339902, 0.64031805,\n        0.06978967],\n       [1.82992039, 1.62984103, 0.09163695, 1.99429069, 0.62337733,\n        0.0496889 ]]), array([0.16561735, 0.16562191, 0.16562542, 0.1656313 , 0.16563307,\n       0.16564907, 0.16565983]))", "callback": [0.6161549390277012, 0.5916979032432229, 0.5097229820170327, 0.47758307050988047, 0.476983106265513, 0.46882628960407613, 0.459083803047876, 0.43382331893781534, 0.3493095248943191, 0.26595288845708887, 0.25950251725159434, 0.2553590672759658, 0.2529081027978375, 0.2489189576743308, 0.23808189425272897, 0.23586150553160756, 0.23469898086123986, 0.2344594505431019, 0.2343351191728964, 0.23411071173594822, 0.23363250163186122, 0.2318176659392499, 0.22599041867328418, 0.2163127263529817, 0.1962884738160693, 0.18947751360064702, 0.18473021248071664, 0.17651684596381023, 0.1692324503902637, 0.16646009647661686, 0.16613327892975072, 0.16585527678698742, 0.16580668730414216, 0.16580006506251488, 0.1657985667003985, 0.16579827976717387, 0.16579822428378488, 0.1657982081588426, 0.1657981665102508, 0.1657980768772085, 0.16579746768116033, 0.16579613873119414, 0.16579419143729568, 0.16579123269412332, 0.16578758731489152, 0.16577730121231626, 0.16577035227580106, 0.16575628908730788, 0.16570925729250086, 0.165659830630837]}, "6": {"maxiter": 500, "fatol": 1e-10, "xatol": 1e-05, "duration": 1.180537462234497, "fun": "0.16561735025681346", "nit": "500", "nfev": "763", "status": "2", "success": "False", "message": "Maximum number of iterations has been exceeded.", "x": "[1.84032675 1.64583339 0.09899271 2.00088028 0.64252921 0.06162317]", "final_simplex": "(array([[1.84032675, 1.64583339, 0.09899271, 2.00088028, 0.64252921,\n        0.06162317],\n       [1.83058357, 1.64009859, 0.09582787, 1.9992689 , 0.62673078,\n        0.06068311],\n       [1.83887153, 1.63788352, 0.09519621, 2.00285653, 0.63516913,\n        0.06160784],\n       [1.82668224, 1.6369269 , 0.09451498, 1.9997145 , 0.62627321,\n        0.0534461 ],\n       [1.82867964, 1.62991533, 0.09450777, 1.99952831, 0.63200228,\n        0.05310319],\n       [1.83654035, 1.64507787, 0.0881921 , 2.01339902, 0.64031805,\n        0.06978967],\n       [1.82992039, 1.62984103, 0.09163695, 1.99429069, 0.62337733,\n        0.0496889 ]]), array([0.16561735, 0.16562191, 0.16562542, 0.1656313 , 0.16563307,\n       0.16564907, 0.16565983]))", "callback": [0.6161549390277012, 0.5916979032432229, 0.5097229820170327, 0.47758307050988047, 0.476983106265513, 0.46882628960407613, 0.459083803047876, 0.43382331893781534, 0.3493095248943191, 0.26595288845708887, 0.25950251725159434, 0.2553590672759658, 0.2529081027978375, 0.2489189576743308, 0.23808189425272897, 0.23586150553160756, 0.23469898086123986, 0.2344594505431019, 0.2343351191728964, 0.23411071173594822, 0.23363250163186122, 0.2318176659392499, 0.22599041867328418, 0.2163127263529817, 0.1962884738160693, 0.18947751360064702, 0.18473021248071664, 0.17651684596381023, 0.1692324503902637, 0.16646009647661686, 0.16613327892975072, 0.16585527678698742, 0.16580668730414216, 0.16580006506251488, 0.1657985667003985, 0.16579827976717387, 0.16579822428378488, 0.1657982081588426, 0.1657981665102508, 0.1657980768772085, 0.16579746768116033, 0.16579613873119414, 0.16579419143729568, 0.16579123269412332, 0.16578758731489152, 0.16577730121231626, 0.16577035227580106, 0.16575628908730788, 0.16570925729250086, 0.165659830630837]}, "7": {"maxiter": 500, "fatol": 1e-10, "xatol": 1e-10, "duration": 1.1862711906433105, "fun": "0.16561735025681346", "nit": "500", "nfev": "763", "status": "2", "success": "False", "message": "Maximum number of iterations has been exceeded.", "x": "[1.84032675 1.64583339 0.09899271 2.00088028 0.64252921 0.06162317]", "final_simplex": "(array([[1.84032675, 1.64583339, 0.09899271, 2.00088028, 0.64252921,\n        0.06162317],\n       [1.83058357, 1.64009859, 0.09582787, 1.9992689 , 0.62673078,\n        0.06068311],\n       [1.83887153, 1.63788352, 0.09519621, 2.00285653, 0.63516913,\n        0.06160784],\n       [1.82668224, 1.6369269 , 0.09451498, 1.9997145 , 0.62627321,\n        0.0534461 ],\n       [1.82867964, 1.62991533, 0.09450777, 1.99952831, 0.63200228,\n        0.05310319],\n       [1.83654035, 1.64507787, 0.0881921 , 2.01339902, 0.64031805,\n        0.06978967],\n       [1.82992039, 1.62984103, 0.09163695, 1.99429069, 0.62337733,\n        0.0496889 ]]), array([0.16561735, 0.16562191, 0.16562542, 0.1656313 , 0.16563307,\n       0.16564907, 0.16565983]))", "callback": [0.6161549390277012, 0.5916979032432229, 0.5097229820170327, 0.47758307050988047, 0.476983106265513, 0.46882628960407613, 0.459083803047876, 0.43382331893781534, 0.3493095248943191, 0.26595288845708887, 0.25950251725159434, 0.2553590672759658, 0.2529081027978375, 0.2489189576743308, 0.23808189425272897, 0.23586150553160756, 0.23469898086123986, 0.2344594505431019, 0.2343351191728964, 0.23411071173594822, 0.23363250163186122, 0.2318176659392499, 0.22599041867328418, 0.2163127263529817, 0.1962884738160693, 0.18947751360064702, 0.18473021248071664, 0.17651684596381023, 0.1692324503902637, 0.16646009647661686, 0.16613327892975072, 0.16585527678698742, 0.16580668730414216, 0.16580006506251488, 0.1657985667003985, 0.16579827976717387, 0.16579822428378488, 0.1657982081588426, 0.1657981665102508, 0.1657980768772085, 0.16579746768116033, 0.16579613873119414, 0.16579419143729568, 0.16579123269412332, 0.16578758731489152, 0.16577730121231626, 0.16577035227580106, 0.16575628908730788, 0.16570925729250086, 0.165659830630837]}, "8": {"maxiter": 1000, "fatol": 1e-05, "xatol": 1e-05, "duration": 1.5846953392028809, "fun": "0.16559560718711086", "nit": "664", "nfev": "1022", "status": "0", "success": "True", "message": "Optimization terminated successfully.", "x": "[1.83503026 1.64543353 0.10484156 2.00033232 0.64011731 0.0665619 ]", "final_simplex": "(array([[1.83503026, 1.64543353, 0.10484156, 2.00033232, 0.64011731,\n        0.0665619 ],\n       [1.83503296, 1.64543583, 0.10483657, 2.0003377 , 0.64011644,\n        0.06656609],\n       [1.83502798, 1.64543423, 0.1048406 , 2.00033466, 0.64011231,\n        0.06656127],\n       [1.83502233, 1.64542703, 0.10483495, 2.00032927, 0.64010769,\n        0.06655749],\n       [1.83503292, 1.64543755, 0.10483629, 2.00033536, 0.64011565,\n        0.06656585],\n       [1.83503015, 1.64543673, 0.10483679, 2.00033282, 0.6401165 ,\n        0.06655989],\n       [1.83502225, 1.64543281, 0.10483396, 2.00032992, 0.64011615,\n        0.06656275]]), array([0.16559561, 0.16559561, 0.16559561, 0.16559561, 0.16559561,\n       0.16559561, 0.16559561]))", "callback": [0.6161549390277012, 0.5916979032432229, 0.5097229820170327, 0.47758307050988047, 0.476983106265513, 0.46882628960407613, 0.459083803047876, 0.43382331893781534, 0.3493095248943191, 0.26595288845708887, 0.25950251725159434, 0.2553590672759658, 0.2529081027978375, 0.2489189576743308, 0.23808189425272897, 0.23586150553160756, 0.23469898086123986, 0.2344594505431019, 0.2343351191728964, 0.23411071173594822, 0.23363250163186122, 0.2318176659392499, 0.22599041867328418, 0.2163127263529817, 0.1962884738160693, 0.18947751360064702, 0.18473021248071664, 0.17651684596381023, 0.1692324503902637, 0.16646009647661686, 0.16613327892975072, 0.16585527678698742, 0.16580668730414216, 0.16580006506251488, 0.1657985667003985, 0.16579827976717387, 0.16579822428378488, 0.1657982081588426, 0.1657981665102508, 0.1657980768772085, 0.16579746768116033, 0.16579613873119414, 0.16579419143729568, 0.16579123269412332, 0.16578758731489152, 0.16577730121231626, 0.16577035227580106, 0.16575628908730788, 0.16570925729250086, 0.165659830630837, 0.16561062065520948, 0.16560002909905647, 0.16559660054377823, 0.16559581134034618, 0.16559581134034618, 0.16559571137247686, 0.16559564665975557, 0.1655956331115439, 0.16559562491671742, 0.16559561379766885, 0.16559560948138574, 0.16559560817857555, 0.1655956076484476, 0.1655956073037732, 0.1655956072442486, 0.16559560721013022, 0.16559560718711086]}, "9": {"maxiter": 1000, "fatol": 1e-05, "xatol": 1e-10, "duration": 2.0193936824798584, "fun": "0.16559560718178123", "nit": "799", "nfev": "1298", "status": "0", "success": "True", "message": "Optimization terminated successfully.", "x": "[1.83503091 1.64542914 0.10483833 2.00033441 0.64011933 0.06656416]", "final_simplex": "(array([[1.83503091, 1.64542914, 0.10483833, 2.00033441, 0.64011933,\n        0.06656416],\n       [1.83503091, 1.64542914, 0.10483833, 2.00033441, 0.64011933,\n        0.06656416],\n       [1.83503091, 1.64542914, 0.10483833, 2.00033441, 0.64011933,\n        0.06656416],\n       [1.83503091, 1.64542914, 0.10483833, 2.00033441, 0.64011933,\n        0.06656416],\n       [1.83503091, 1.64542914, 0.10483833, 2.00033441, 0.64011933,\n        0.06656416],\n       [1.83503091, 1.64542914, 0.10483833, 2.00033441, 0.64011933,\n        0.06656416],\n       [1.83503091, 1.64542914, 0.10483833, 2.00033441, 0.64011933,\n        0.06656416]]), array([0.16559561, 0.16559561, 0.16559561, 0.16559561, 0.16559561,\n       0.16559561, 0.16559561]))", "callback": [0.6161549390277012, 0.5916979032432229, 0.5097229820170327, 0.47758307050988047, 0.476983106265513, 0.46882628960407613, 0.459083803047876, 0.43382331893781534, 0.3493095248943191, 0.26595288845708887, 0.25950251725159434, 0.2553590672759658, 0.2529081027978375, 0.2489189576743308, 0.23808189425272897, 0.23586150553160756, 0.23469898086123986, 0.2344594505431019, 0.2343351191728964, 0.23411071173594822, 0.23363250163186122, 0.2318176659392499, 0.22599041867328418, 0.2163127263529817, 0.1962884738160693, 0.18947751360064702, 0.18473021248071664, 0.17651684596381023, 0.1692324503902637, 0.16646009647661686, 0.16613327892975072, 0.16585527678698742, 0.16580668730414216, 0.16580006506251488, 0.1657985667003985, 0.16579827976717387, 0.16579822428378488, 0.1657982081588426, 0.1657981665102508, 0.1657980768772085, 0.16579746768116033, 0.16579613873119414, 0.16579419143729568, 0.16579123269412332, 0.16578758731489152, 0.16577730121231626, 0.16577035227580106, 0.16575628908730788, 0.16570925729250086, 0.165659830630837, 0.16561062065520948, 0.16560002909905647, 0.16559660054377823, 0.16559581134034618, 0.16559581134034618, 0.16559571137247686, 0.16559564665975557, 0.1655956331115439, 0.16559562491671742, 0.16559561379766885, 0.16559560948138574, 0.16559560817857555, 0.1655956076484476, 0.1655956073037732, 0.1655956072442486, 0.16559560721013022, 0.16559560718711086, 0.16559560718399835, 0.16559560718381017, 0.16559560718231348, 0.1655956071820115, 0.1655956071818805, 0.16559560718181032, 0.16559560718179667, 0.16559560718178978, 0.16559560718178323, 0.1655956071817818, 0.16559560718178135, 0.16559560718178123, 0.16559560718178123]}, "10": {"maxiter": 1000, "fatol": 1e-10, "xatol": 1e-05, "duration": 1.5744574069976807, "fun": "0.16559560718711086", "nit": "664", "nfev": "1022", "status": "0", "success": "True", "message": "Optimization terminated successfully.", "x": "[1.83503026 1.64543353 0.10484156 2.00033232 0.64011731 0.0665619 ]", "final_simplex": "(array([[1.83503026, 1.64543353, 0.10484156, 2.00033232, 0.64011731,\n        0.0665619 ],\n       [1.83503296, 1.64543583, 0.10483657, 2.0003377 , 0.64011644,\n        0.06656609],\n       [1.83502798, 1.64543423, 0.1048406 , 2.00033466, 0.64011231,\n        0.06656127],\n       [1.83502233, 1.64542703, 0.10483495, 2.00032927, 0.64010769,\n        0.06655749],\n       [1.83503292, 1.64543755, 0.10483629, 2.00033536, 0.64011565,\n        0.06656585],\n       [1.83503015, 1.64543673, 0.10483679, 2.00033282, 0.6401165 ,\n        0.06655989],\n       [1.83502225, 1.64543281, 0.10483396, 2.00032992, 0.64011615,\n        0.06656275]]), array([0.16559561, 0.16559561, 0.16559561, 0.16559561, 0.16559561,\n       0.16559561, 0.16559561]))", "callback": [0.6161549390277012, 0.5916979032432229, 0.5097229820170327, 0.47758307050988047, 0.476983106265513, 0.46882628960407613, 0.459083803047876, 0.43382331893781534, 0.3493095248943191, 0.26595288845708887, 0.25950251725159434, 0.2553590672759658, 0.2529081027978375, 0.2489189576743308, 0.23808189425272897, 0.23586150553160756, 0.23469898086123986, 0.2344594505431019, 0.2343351191728964, 0.23411071173594822, 0.23363250163186122, 0.2318176659392499, 0.22599041867328418, 0.2163127263529817, 0.1962884738160693, 0.18947751360064702, 0.18473021248071664, 0.17651684596381023, 0.1692324503902637, 0.16646009647661686, 0.16613327892975072, 0.16585527678698742, 0.16580668730414216, 0.16580006506251488, 0.1657985667003985, 0.16579827976717387, 0.16579822428378488, 0.1657982081588426, 0.1657981665102508, 0.1657980768772085, 0.16579746768116033, 0.16579613873119414, 0.16579419143729568, 0.16579123269412332, 0.16578758731489152, 0.16577730121231626, 0.16577035227580106, 0.16575628908730788, 0.16570925729250086, 0.165659830630837, 0.16561062065520948, 0.16560002909905647, 0.16559660054377823, 0.16559581134034618, 0.16559581134034618, 0.16559571137247686, 0.16559564665975557, 0.1655956331115439, 0.16559562491671742, 0.16559561379766885, 0.16559560948138574, 0.16559560817857555, 0.1655956076484476, 0.1655956073037732, 0.1655956072442486, 0.16559560721013022, 0.16559560718711086]}, "11": {"maxiter": 1000, "fatol": 1e-10, "xatol": 1e-10, "duration": 1.5507986545562744, "fun": "0.16559560718178123", "nit": "799", "nfev": "1298", "status": "0", "success": "True", "message": "Optimization terminated successfully.", "x": "[1.83503091 1.64542914 0.10483833 2.00033441 0.64011933 0.06656416]", "final_simplex": "(array([[1.83503091, 1.64542914, 0.10483833, 2.00033441, 0.64011933,\n        0.06656416],\n       [1.83503091, 1.64542914, 0.10483833, 2.00033441, 0.64011933,\n        0.06656416],\n       [1.83503091, 1.64542914, 0.10483833, 2.00033441, 0.64011933,\n        0.06656416],\n       [1.83503091, 1.64542914, 0.10483833, 2.00033441, 0.64011933,\n        0.06656416],\n       [1.83503091, 1.64542914, 0.10483833, 2.00033441, 0.64011933,\n        0.06656416],\n       [1.83503091, 1.64542914, 0.10483833, 2.00033441, 0.64011933,\n        0.06656416],\n       [1.83503091, 1.64542914, 0.10483833, 2.00033441, 0.64011933,\n        0.06656416]]), array([0.16559561, 0.16559561, 0.16559561, 0.16559561, 0.16559561,\n       0.16559561, 0.16559561]))", "callback": [0.6161549390277012, 0.5916979032432229, 0.5097229820170327, 0.47758307050988047, 0.476983106265513, 0.46882628960407613, 0.459083803047876, 0.43382331893781534, 0.3493095248943191, 0.26595288845708887, 0.25950251725159434, 0.2553590672759658, 0.2529081027978375, 0.2489189576743308, 0.23808189425272897, 0.23586150553160756, 0.23469898086123986, 0.2344594505431019, 0.2343351191728964, 0.23411071173594822, 0.23363250163186122, 0.2318176659392499, 0.22599041867328418, 0.2163127263529817, 0.1962884738160693, 0.18947751360064702, 0.18473021248071664, 0.17651684596381023, 0.1692324503902637, 0.16646009647661686, 0.16613327892975072, 0.16585527678698742, 0.16580668730414216, 0.16580006506251488, 0.1657985667003985, 0.16579827976717387, 0.16579822428378488, 0.1657982081588426, 0.1657981665102508, 0.1657980768772085, 0.16579746768116033, 0.16579613873119414, 0.16579419143729568, 0.16579123269412332, 0.16578758731489152, 0.16577730121231626, 0.16577035227580106, 0.16575628908730788, 0.16570925729250086, 0.165659830630837, 0.16561062065520948, 0.16560002909905647, 0.16559660054377823, 0.16559581134034618, 0.16559581134034618, 0.16559571137247686, 0.16559564665975557, 0.1655956331115439, 0.16559562491671742, 0.16559561379766885, 0.16559560948138574, 0.16559560817857555, 0.1655956076484476, 0.1655956073037732, 0.1655956072442486, 0.16559560721013022, 0.16559560718711086, 0.16559560718399835, 0.16559560718381017, 0.16559560718231348, 0.1655956071820115, 0.1655956071818805, 0.16559560718181032, 0.16559560718179667, 0.16559560718178978, 0.16559560718178323, 0.1655956071817818, 0.16559560718178135, 0.16559560718178123, 0.16559560718178123]}}, "bfgs": {"type": "gradient", "0": {"maxiter": 100, "gtol": 1e-05, "xrtol": 1e-05, "eps": 1e-05, "duration": 0.22675418853759766, "fun": "0.1655956072947844", "jac": "[ 2.92273983e-06  4.12669898e-07 -6.67732536e-07  4.66782168e-07\n  6.35658193e-06  4.14367429e-06]", "hess_inv": "[[ 5.66491037 -3.69202057 -0.37294619 -3.09095283 -4.2544097  -2.83950128]\n [-3.69202057  7.19895404  1.05063536  3.90366274  4.1825861   3.06804187]\n [-0.37294619  1.05063536  2.89641312 -0.6095682   0.22850036  0.1067013 ]\n [-3.09095283  3.90366274 -0.6095682   7.16503684  3.7525911   1.66485629]\n [-4.2544097   4.1825861   0.22850036  3.7525911   8.07105438  4.14533337]\n [-2.83950128  3.06804187  0.1067013   1.66485629  4.14533337  5.28965995]]", "nfev": "147", "njev": "21", "status": "0", "success": "True", "message": "Optimization terminated successfully.", "x": "[4.44813829 4.78703571 3.24642236 2.00035095 0.6401591  0.06658909]", "nit": "19", "callback": [0.4630504088674501, 0.41019497039982533, 0.3183547824243482, 0.21392274616010432, 0.20080426498711268, 0.18557975136224802, 0.16923685415708833, 0.1674199606312875, 0.16601061212886592, 0.16580225233822377, 0.1657169386644476, 0.16568401457565707, 0.16566723670392647, 0.16564992269098766, 0.1656243690536794, 0.1656033894019301, 0.16559635150072738, 0.16559563164285762, 0.1655956072947844]}, "1": {"maxiter": 100, "gtol": 1e-05, "xrtol": 1e-05, "eps": 1e-10, "duration": 0.24416303634643555, "fun": "0.1655956077818529", "jac": "[ 5.55111466e-06  4.44089173e-06 -1.11022293e-06  0.00000000e+00\n  7.77156053e-06  6.66133852e-06]", "hess_inv": "[[ 5.64840738 -3.67204977 -0.38134615 -3.08180207 -4.25233068 -2.81309347]\n [-3.67204977  7.17029007  1.06259814  3.88977977  4.18460583  3.03479965]\n [-0.38134615  1.06259814  2.89565945 -0.59679807  0.24373461  0.11219668]\n [-3.08180207  3.88977977 -0.59679807  7.15856038  3.76912086  1.64961417]\n [-4.25233068  4.18460583  0.24373461  3.76912086  8.09846676  4.12073728]\n [-2.81309347  3.03479965  0.11219668  1.64961417  4.12073728  5.24591304]]", "nfev": "147", "njev": "21", "status": "0", "success": "True", "message": "Optimization terminated successfully.", "x": "[4.44811022 4.78709691 3.24643044 2.00039518 0.64020952 0.06663165]", "nit": "19", "callback": [0.46305000032111876, 0.4101939784547405, 0.3183524718139612, 0.213919699308724, 0.2008028141847814, 0.18557841957815324, 0.16923649282911568, 0.1674197899227099, 0.1660106720163026, 0.16580224465881865, 0.16571693589464975, 0.16568396705662614, 0.16566718879570475, 0.16564987150131438, 0.1656242525677073, 0.16560324961225548, 0.16559636602057226, 0.1655956325933784, 0.1655956077818529]}, "2": {"maxiter": 100, "gtol": 1e-05, "xrtol": 1e-10, "eps": 1e-05, "duration": 0.24692893028259277, "fun": "0.1655956072947844", "jac": "[ 2.92273983e-06  4.12669898e-07 -6.67732536e-07  4.66782168e-07\n  6.35658193e-06  4.14367429e-06]", "hess_inv": "[[ 5.66491037 -3.69202057 -0.37294619 -3.09095283 -4.2544097  -2.83950128]\n [-3.69202057  7.19895404  1.05063536  3.90366274  4.1825861   3.06804187]\n [-0.37294619  1.05063536  2.89641312 -0.6095682   0.22850036  0.1067013 ]\n [-3.09095283  3.90366274 -0.6095682   7.16503684  3.7525911   1.66485629]\n [-4.2544097   4.1825861   0.22850036  3.7525911   8.07105438  4.14533337]\n [-2.83950128  3.06804187  0.1067013   1.66485629  4.14533337  5.28965995]]", "nfev": "147", "njev": "21", "status": "0", "success": "True", "message": "Optimization terminated successfully.", "x": "[4.44813829 4.78703571 3.24642236 2.00035095 0.6401591  0.06658909]", "nit": "19", "callback": [0.4630504088674501, 0.41019497039982533, 0.3183547824243482, 0.21392274616010432, 0.20080426498711268, 0.18557975136224802, 0.16923685415708833, 0.1674199606312875, 0.16601061212886592, 0.16580225233822377, 0.1657169386644476, 0.16568401457565707, 0.16566723670392647, 0.16564992269098766, 0.1656243690536794, 0.1656033894019301, 0.16559635150072738, 0.16559563164285762, 0.1655956072947844]}, "3": {"maxiter": 100, "gtol": 1e-05, "xrtol": 1e-10, "eps": 1e-10, "duration": 0.2240467071533203, "fun": "0.1655956077818529", "jac": "[ 5.55111466e-06  4.44089173e-06 -1.11022293e-06  0.00000000e+00\n  7.77156053e-06  6.66133852e-06]", "hess_inv": "[[ 5.64840738 -3.67204977 -0.38134615 -3.08180207 -4.25233068 -2.81309347]\n [-3.67204977  7.17029007  1.06259814  3.88977977  4.18460583  3.03479965]\n [-0.38134615  1.06259814  2.89565945 -0.59679807  0.24373461  0.11219668]\n [-3.08180207  3.88977977 -0.59679807  7.15856038  3.76912086  1.64961417]\n [-4.25233068  4.18460583  0.24373461  3.76912086  8.09846676  4.12073728]\n [-2.81309347  3.03479965  0.11219668  1.64961417  4.12073728  5.24591304]]", "nfev": "147", "njev": "21", "status": "0", "success": "True", "message": "Optimization terminated successfully.", "x": "[4.44811022 4.78709691 3.24643044 2.00039518 0.64020952 0.06663165]", "nit": "19", "callback": [0.46305000032111876, 0.4101939784547405, 0.3183524718139612, 0.213919699308724, 0.2008028141847814, 0.18557841957815324, 0.16923649282911568, 0.1674197899227099, 0.1660106720163026, 0.16580224465881865, 0.16571693589464975, 0.16568396705662614, 0.16566718879570475, 0.16564987150131438, 0.1656242525677073, 0.16560324961225548, 0.16559636602057226, 0.1655956325933784, 0.1655956077818529]}, "4": {"maxiter": 100, "gtol": 1e-10, "xrtol": 1e-05, "eps": 1e-05, "duration": 0.12971234321594238, "fun": "0.1655956072458189", "jac": "[-2.67330602e-07  2.08344453e-07 -2.68673972e-09  4.76918505e-07\n  4.47641924e-08 -8.93707330e-07]", "hess_inv": "[[ 6.16011608 -4.34015431 -0.33060082 -3.80148474 -5.1222256  -3.28752982]\n [-4.34015431  8.04667434  0.99790827  4.8335537   5.32932547  3.65667268]\n [-0.33060082  0.99790827  2.88678105 -0.66471241  0.09392702  0.04619639]\n [-3.80148474  4.8335537  -0.66471241  8.12461939  5.09545575  2.43843595]\n [-5.1222256   5.32932547  0.09392702  5.09545575  9.22643806  4.67723739]\n [-3.28752982  3.65667268  0.04619639  2.43843595  4.67723739  5.40190743]]", "nfev": "168", "njev": "24", "status": "0", "success": "True", "message": "Optimization terminated successfully.", "x": "[4.4481679  4.78699692 3.24642423 2.00031779 0.64009285 0.06654211]", "nit": "21", "callback": [0.4630504088674501, 0.41019497039982533, 0.3183547824243482, 0.21392274616010432, 0.20080426498711268, 0.18557975136224802, 0.16923685415708833, 0.1674199606312875, 0.16601061212886592, 0.16580225233822377, 0.1657169386644476, 0.16568401457565707, 0.16566723670392647, 0.16564992269098766, 0.1656243690536794, 0.1656033894019301, 0.16559635150072738, 0.16559563164285762, 0.1655956072947844, 0.16559560724670308, 0.1655956072458189]}, "5": {"maxiter": 100, "gtol": 1e-10, "xrtol": 1e-05, "eps": 1e-10, "duration": 0.12860846519470215, "fun": "0.16559560720833055", "jac": "[-2.22044587e-06 -1.11022293e-06  0.00000000e+00  2.22044587e-06\n  0.00000000e+00 -4.44089235e-06]", "hess_inv": "[[ 5.5934415  -3.55101021 -0.37560593 -2.92065076 -4.00809321 -2.58485313]\n [-3.55101021  6.89255751  1.01981224  3.58628443  3.61137415  2.56783722]\n [-0.37560593  1.01981224  2.85272163 -0.60198272  0.10284096  0.06038053]\n [-2.92065076  3.58628443 -0.60198272  6.8636021   3.28092105  1.22121891]\n [-4.00809321  3.61137415  0.10284096  3.28092105  6.91160025  3.28326361]\n [-2.58485313  2.56783722  0.06038053  1.22121891  3.28326361  4.58027886]]", "nfev": "168", "njev": "24", "status": "0", "success": "True", "message": "Optimization terminated successfully.", "x": "[4.44815235 4.78702554 3.24643009 2.00034828 0.6401177  0.06655964]", "nit": "21", "callback": [0.46305000032111876, 0.4101939784547405, 0.3183524718139612, 0.213919699308724, 0.2008028141847814, 0.18557841957815324, 0.16923649282911568, 0.1674197899227099, 0.1660106720163026, 0.16580224465881865, 0.16571693589464975, 0.16568396705662614, 0.16566718879570475, 0.16564987150131438, 0.1656242525677073, 0.16560324961225548, 0.16559636602057226, 0.1655956325933784, 0.1655956077818529, 0.16559560722060862, 0.16559560720833055]}, "6": {"maxiter": 100, "gtol": 1e-10, "xrtol": 1e-10, "eps": 1e-05, "duration": 0.4318411350250244, "fun": "0.16559560724534672", "jac": "[-1.37800882e-07  1.06592513e-07 -3.33066907e-11  2.45181653e-07\n  2.35478304e-08 -4.59066118e-07]", "hess_inv": "[[ 5.91496476e+00 -4.00573514e+00 -3.88260927e-01 -3.29652505e+00\n  -4.95239486e+00 -3.37285589e+00]\n [-4.00573514e+00  7.59206414e+00  1.07316686e+00  4.13966542e+00\n   5.09757070e+00  3.78512794e+00]\n [-3.88260927e-01  1.07316686e+00  2.88049932e+00 -5.35224287e-01\n   1.34071045e-01  4.59153442e-04]\n [-3.29652505e+00  4.13966542e+00 -5.35224287e-01  7.09946180e+00\n   4.74609520e+00  2.57765920e+00]\n [-4.95239486e+00  5.09757070e+00  1.34071045e-01  4.74609520e+00\n   9.10876074e+00  4.73539980e+00]\n [-3.37285589e+00  3.78512794e+00  4.59153442e-04  2.57765920e+00\n   4.73539980e+00  5.46078403e+00]]", "nfev": "383", "njev": "53", "status": "2", "success": "False", "message": "Desired error not necessarily achieved due to precision loss.", "x": "[4.44816847 4.78699621 3.2464242  2.00031632 0.64009245 0.06654297]", "nit": "22", "callback": [0.4630504088674501, 0.41019497039982533, 0.3183547824243482, 0.21392274616010432, 0.20080426498711268, 0.18557975136224802, 0.16923685415708833, 0.1674199606312875, 0.16601061212886592, 0.16580225233822377, 0.1657169386644476, 0.16568401457565707, 0.16566723670392647, 0.16564992269098766, 0.1656243690536794, 0.1656033894019301, 0.16559635150072738, 0.16559563164285762, 0.1655956072947844, 0.16559560724670308, 0.1655956072458189, 0.16559560724534672]}, "7": {"maxiter": 100, "gtol": 1e-10, "xrtol": 1e-10, "eps": 1e-10, "duration": 0.3737807273864746, "fun": "0.1655956071869643", "jac": "[2.22044587e-06 0.00000000e+00 2.22044587e-06 1.11022293e-06\n 1.11022293e-06 2.22044617e-06]", "hess_inv": "[[ 0.06272667  0.01084439  0.01652819 -0.03226047  0.00226419 -0.02267988]\n [ 0.01084439  0.15500649  0.04216164  0.15740195 -0.14577547  0.05401717]\n [ 0.01652819  0.04216164  0.01724354  0.03634719 -0.02268229  0.00409684]\n [-0.03226047  0.15740195  0.03634719  0.19627451 -0.14401428  0.06806205]\n [ 0.00226419 -0.14577547 -0.02268229 -0.14401428  0.22296725 -0.08335959]\n [-0.02267988  0.05401717  0.00409684  0.06806205 -0.08335959  0.03934452]]", "nfev": "447", "njev": "63", "status": "0", "success": "True", "message": "Optimization terminated successfully.", "x": "[4.44815059 4.78702654 3.24643137 2.00034222 0.64012347 0.06656843]", "nit": "32", "callback": [0.46305000032111876, 0.4101939784547405, 0.3183524718139612, 0.213919699308724, 0.2008028141847814, 0.18557841957815324, 0.16923649282911568, 0.1674197899227099, 0.1660106720163026, 0.16580224465881865, 0.16571693589464975, 0.16568396705662614, 0.16566718879570475, 0.16564987150131438, 0.1656242525677073, 0.16560324961225548, 0.16559636602057226, 0.1655956325933784, 0.1655956077818529, 0.16559560722060862, 0.16559560720833055, 0.16559560719797461, 0.16559560718918498, 0.16559560718857824, 0.16559560718852095, 0.16559560718851152, 0.16559560718851085, 0.16559560718851052, 0.1655956071885094, 0.1655956071884287, 0.16559560718696453, 0.1655956071869643]}, "8": {"maxiter": 500, "gtol": 1e-05, "xrtol": 1e-05, "eps": 1e-05, "duration": 0.11642122268676758, "fun": "0.1655956072947844", "jac": "[ 2.92273983e-06  4.12669898e-07 -6.67732536e-07  4.66782168e-07\n  6.35658193e-06  4.14367429e-06]", "hess_inv": "[[ 5.66491037 -3.69202057 -0.37294619 -3.09095283 -4.2544097  -2.83950128]\n [-3.69202057  7.19895404  1.05063536  3.90366274  4.1825861   3.06804187]\n [-0.37294619  1.05063536  2.89641312 -0.6095682   0.22850036  0.1067013 ]\n [-3.09095283  3.90366274 -0.6095682   7.16503684  3.7525911   1.66485629]\n [-4.2544097   4.1825861   0.22850036  3.7525911   8.07105438  4.14533337]\n [-2.83950128  3.06804187  0.1067013   1.66485629  4.14533337  5.28965995]]", "nfev": "147", "njev": "21", "status": "0", "success": "True", "message": "Optimization terminated successfully.", "x": "[4.44813829 4.78703571 3.24642236 2.00035095 0.6401591  0.06658909]", "nit": "19", "callback": [0.4630504088674501, 0.41019497039982533, 0.3183547824243482, 0.21392274616010432, 0.20080426498711268, 0.18557975136224802, 0.16923685415708833, 0.1674199606312875, 0.16601061212886592, 0.16580225233822377, 0.1657169386644476, 0.16568401457565707, 0.16566723670392647, 0.16564992269098766, 0.1656243690536794, 0.1656033894019301, 0.16559635150072738, 0.16559563164285762, 0.1655956072947844]}, "9": {"maxiter": 500, "gtol": 1e-05, "xrtol": 1e-05, "eps": 1e-10, "duration": 0.11315608024597168, "fun": "0.1655956077818529", "jac": "[ 5.55111466e-06  4.44089173e-06 -1.11022293e-06  0.00000000e+00\n  7.77156053e-06  6.66133852e-06]", "hess_inv": "[[ 5.64840738 -3.67204977 -0.38134615 -3.08180207 -4.25233068 -2.81309347]\n [-3.67204977  7.17029007  1.06259814  3.88977977  4.18460583  3.03479965]\n [-0.38134615  1.06259814  2.89565945 -0.59679807  0.24373461  0.11219668]\n [-3.08180207  3.88977977 -0.59679807  7.15856038  3.76912086  1.64961417]\n [-4.25233068  4.18460583  0.24373461  3.76912086  8.09846676  4.12073728]\n [-2.81309347  3.03479965  0.11219668  1.64961417  4.12073728  5.24591304]]", "nfev": "147", "njev": "21", "status": "0", "success": "True", "message": "Optimization terminated successfully.", "x": "[4.44811022 4.78709691 3.24643044 2.00039518 0.64020952 0.06663165]", "nit": "19", "callback": [0.46305000032111876, 0.4101939784547405, 0.3183524718139612, 0.213919699308724, 0.2008028141847814, 0.18557841957815324, 0.16923649282911568, 0.1674197899227099, 0.1660106720163026, 0.16580224465881865, 0.16571693589464975, 0.16568396705662614, 0.16566718879570475, 0.16564987150131438, 0.1656242525677073, 0.16560324961225548, 0.16559636602057226, 0.1655956325933784, 0.1655956077818529]}, "10": {"maxiter": 500, "gtol": 1e-05, "xrtol": 1e-10, "eps": 1e-05, "duration": 0.17828106880187988, "fun": "0.1655956072947844", "jac": "[ 2.92273983e-06  4.12669898e-07 -6.67732536e-07  4.66782168e-07\n  6.35658193e-06  4.14367429e-06]", "hess_inv": "[[ 5.66491037 -3.69202057 -0.37294619 -3.09095283 -4.2544097  -2.83950128]\n [-3.69202057  7.19895404  1.05063536  3.90366274  4.1825861   3.06804187]\n [-0.37294619  1.05063536  2.89641312 -0.6095682   0.22850036  0.1067013 ]\n [-3.09095283  3.90366274 -0.6095682   7.16503684  3.7525911   1.66485629]\n [-4.2544097   4.1825861   0.22850036  3.7525911   8.07105438  4.14533337]\n [-2.83950128  3.06804187  0.1067013   1.66485