{"date": "2024/09/24/, 03:52:22", "conf_id": 244, "data_type": "var_s_rank\n", "num_data_points": 1, "s_rank": 0, "unitary": "[[-0.24866696+0.58742286j,-0.44704345-0.43151574j,-0.35669027-0.20570733j,-0.10517633+0.1626036j],[0.10596805-0.19687975j,-0.30269685-0.15056416j,0.18246286+0.30440582j,-0.83484447-0.11310748j],[0.26054512-0.52548482j,0.0285017-0.50723956j,-0.43110112+0.17165838j,0.15243271+0.39915801j],[0.42978035+0.11991271j,-0.17224126-0.46030424j,0.6827807-0.15164662j,0.26483638+0.0061855j]]", "databatch_0": {"databatch": "[[[0.08872893+0.27140734j,-0.12772137+0.45834715j,0.09564765-0.06601052j,-0.11107543-0.03534571j],[0.07401027+0.01195233j,0.09158858+0.08495557j,-0.00389482-0.03026253j,-0.02161337+0.0216668j],[-0.2361089-0.30170341j,-0.0486622-0.63652957j,-0.09042615+0.12702474j,0.15626669-0.00625112j],[-0.0582817+0.07776062j,-0.1526667+0.05398375j,0.03708371+0.01375013j,-0.01185814-0.03785575j]]]", "initial param values": "[0.30177997,1.01389318,4.17550305,0.42760778,5.69487048,0.36841043]", "nelder_mead": {"type": "gradient-free", "0": {"maxiter": 100, "fatol": 1e-05, "xatol": 1e-05, "duration": 0.03794527053833008, "fun": "0.03065947278141956", "nit": "100", "nfev": "159", "status": "2", "success": "False", "message": "Maximum number of iterations has been exceeded.", "x": "[ 0.20475534 -0.52329017  7.02912965  1.66720179  7.68362913  0.28491592]", "final_simplex": "(array([[ 0.20475534, -0.52329017,  7.02912965,  1.66720179,  7.68362913,\n         0.28491592],\n       [ 0.20222213, -0.48526247,  6.97902908,  1.63949866,  7.70825044,\n         0.28630841],\n       [ 0.20531627, -0.48409835,  6.97279761,  1.63186359,  7.67622594,\n         0.28739758],\n       [ 0.20452909, -0.53940278,  7.05825482,  1.66864235,  7.68835856,\n         0.28655155],\n       [ 0.19780006, -0.51857591,  6.9718783 ,  1.66417659,  7.70818094,\n         0.29341997],\n       [ 0.19882484, -0.530887  ,  6.98563849,  1.67325033,  7.68590581,\n         0.29509698],\n       [ 0.20503481, -0.50837456,  7.02429258,  1.65908035,  7.72427779,\n         0.28079494]]), array([0.03065947, 0.0306633 , 0.03071276, 0.03073348, 0.03080039,\n       0.03085194, 0.03095203]))", "callback": [0.44825084948256344, 0.3035497328707347, 0.2778281533575433, 0.2732101847195676, 0.24414203987814176, 0.18591074491754578, 0.05961872181296757, 0.034972629279580225, 0.03107571924553687]}, "1": {"maxiter": 100, "fatol": 1e-05, "xatol": 1e-10, "duration": 0.035970211029052734, "fun": "0.03065947278141956", "nit": "100", "nfev": "159", "status": "2", "success": "False", "message": "Maximum number of iterations has been exceeded.", "x": "[ 0.20475534 -0.52329017  7.02912965  1.66720179  7.68362913  0.28491592]", "final_simplex": "(array([[ 0.20475534, -0.52329017,  7.02912965,  1.66720179,  7.68362913,\n         0.28491592],\n       [ 0.20222213, -0.48526247,  6.97902908,  1.63949866,  7.70825044,\n         0.28630841],\n       [ 0.20531627, -0.48409835,  6.97279761,  1.63186359,  7.67622594,\n         0.28739758],\n       [ 0.20452909, -0.53940278,  7.05825482,  1.66864235,  7.68835856,\n         0.28655155],\n       [ 0.19780006, -0.51857591,  6.9718783 ,  1.66417659,  7.70818094,\n         0.29341997],\n       [ 0.19882484, -0.530887  ,  6.98563849,  1.67325033,  7.68590581,\n         0.29509698],\n       [ 0.20503481, -0.50837456,  7.02429258,  1.65908035,  7.72427779,\n         0.28079494]]), array([0.03065947, 0.0306633 , 0.03071276, 0.03073348, 0.03080039,\n       0.03085194, 0.03095203]))", "callback": [0.44825084948256344, 0.3035497328707347, 0.2778281533575433, 0.2732101847195676, 0.24414203987814176, 0.18591074491754578, 0.05961872181296757, 0.034972629279580225, 0.03107571924553687]}, "2": {"maxiter": 100, "fatol": 1e-10, "xatol": 1e-05, "duration": 0.03474020957946777, "fun": "0.03065947278141956", "nit": "100", "nfev": "159", "status": "2", "success": "False", "message": "Maximum number of iterations has been exceeded.", "x": "[ 0.20475534 -0.52329017  7.02912965  1.66720179  7.68362913  0.28491592]", "final_simplex": "(array([[ 0.20475534, -0.52329017,  7.02912965,  1.66720179,  7.68362913,\n         0.28491592],\n       [ 0.20222213, -0.48526247,  6.97902908,  1.63949866,  7.70825044,\n         0.28630841],\n       [ 0.20531627, -0.48409835,  6.97279761,  1.63186359,  7.67622594,\n         0.28739758],\n       [ 0.20452909, -0.53940278,  7.05825482,  1.66864235,  7.68835856,\n         0.28655155],\n       [ 0.19780006, -0.51857591,  6.9718783 ,  1.66417659,  7.70818094,\n         0.29341997],\n       [ 0.19882484, -0.530887  ,  6.98563849,  1.67325033,  7.68590581,\n         0.29509698],\n       [ 0.20503481, -0.50837456,  7.02429258,  1.65908035,  7.72427779,\n         0.28079494]]), array([0.03065947, 0.0306633 , 0.03071276, 0.03073348, 0.03080039,\n       0.03085194, 0.03095203]))", "callback": [0.44825084948256344, 0.3035497328707347, 0.2778281533575433, 0.2732101847195676, 0.24414203987814176, 0.18591074491754578, 0.05961872181296757, 0.034972629279580225, 0.03107571924553687]}, "3": {"maxiter": 100, "fatol": 1e-10, "xatol": 1e-10, "duration": 0.035513877868652344, "fun": "0.03065947278141956", "nit": "100", "nfev": "159", "status": "2", "success": "False", "message": "Maximum number of iterations has been exceeded.", "x": "[ 0.20475534 -0.52329017  7.02912965  1.66720179  7.68362913  0.28491592]", "final_simplex": "(array([[ 0.20475534, -0.52329017,  7.02912965,  1.66720179,  7.68362913,\n         0.28491592],\n       [ 0.20222213, -0.48526247,  6.97902908,  1.63949866,  7.70825044,\n         0.28630841],\n       [ 0.20531627, -0.48409835,  6.97279761,  1.63186359,  7.67622594,\n         0.28739758],\n       [ 0.20452909, -0.53940278,  7.05825482,  1.66864235,  7.68835856,\n         0.28655155],\n       [ 0.19780006, -0.51857591,  6.9718783 ,  1.66417659,  7.70818094,\n         0.29341997],\n       [ 0.19882484, -0.530887  ,  6.98563849,  1.67325033,  7.68590581,\n         0.29509698],\n       [ 0.20503481, -0.50837456,  7.02429258,  1.65908035,  7.72427779,\n         0.28079494]]), array([0.03065947, 0.0306633 , 0.03071276, 0.03073348, 0.03080039,\n       0.03085194, 0.03095203]))", "callback": [0.44825084948256344, 0.3035497328707347, 0.2778281533575433, 0.2732101847195676, 0.24414203987814176, 0.18591074491754578, 0.05961872181296757, 0.034972629279580225, 0.03107571924553687]}, "4": {"maxiter": 500, "fatol": 1e-05, "xatol": 1e-05, "duration": 0.15849804878234863, "fun": "0.0008460217463734931", "nit": "451", "nfev": "725", "status": "0", "success": "True", "message": "Optimization terminated successfully.", "x": "[ 1.06741006 -1.56879068  8.30940034  2.0436945   7.60619708 -0.64215542]", "final_simplex": "(array([[ 1.06741006, -1.56879068,  8.30940034,  2.0436945 ,  7.60619708,\n        -0.64215542],\n       [ 1.06741353, -1.56878778,  8.30939881,  2.04369774,  7.6061956 ,\n        -0.64216001],\n       [ 1.0674121 , -1.56878912,  8.30940252,  2.04369562,  7.60619498,\n        -0.64215803],\n       [ 1.06740218, -1.56878862,  8.30940166,  2.0436912 ,  7.60620065,\n        -0.64214691],\n       [ 1.06741142, -1.5687886 ,  8.30940011,  2.04369478,  7.60619351,\n        -0.642157  ],\n       [ 1.06740458, -1.56878843,  8.30940173,  2.04369596,  7.60619665,\n        -0.64214982],\n       [ 1.06741631, -1.56878508,  8.30940161,  2.04369809,  7.60619467,\n        -0.64216362]]), array([0.00084602, 0.00084602, 0.00084602, 0.00084602, 0.00084602,\n       0.00084602, 0.00084602]))", "callback": [0.44825084948256344, 0.3035497328707347, 0.2778281533575433, 0.2732101847195676, 0.24414203987814176, 0.18591074491754578, 0.05961872181296757, 0.034972629279580225, 0.03107571924553687, 0.030603818272276317, 0.030504929300501304, 0.030469497553045066, 0.030394957365906805, 0.03009752056330517, 0.029203779914618755, 0.029174228225827492, 0.029138782102639427, 0.029103930212678097, 0.02903137695864877, 0.028916192009306174, 0.028668469376413208, 0.028279831517819543, 0.028103116804675032, 0.027479663788752884, 0.026481021754700684, 0.02247690989664597, 0.015461104629874267, 0.009254148232878734, 0.0037531227088707375, 0.0019431040510103914, 0.0015496960358472034, 0.0013513573294863246, 0.0011283891716771244, 0.0008747937519707483, 0.0008537342749207477, 0.0008479901017663938, 0.0008464786790616241, 0.0008460753763397388, 0.0008460233916194326, 0.0008460233916194326, 0.0008460225815282163, 0.0008460219169215133, 0.0008460217645657186, 0.0008460217495926958, 0.0008460217463734931]}, "5": {"maxiter": 500, "fatol": 1e-05, "xatol": 1e-10, "duration": 0.17755413055419922, "fun": "0.0008460217444629103", "nit": "500", "nfev": "815", "status": "2", "success": "False", "message": "Maximum number of iterations has been exceeded.", "x": "[ 1.06740695 -1.56878889  8.30939962  2.04369502  7.60619934 -0.64215246]", "final_simplex": "(array([[ 1.06740695, -1.56878889,  8.30939962,  2.04369502,  7.60619934,\n        -0.64215246],\n       [ 1.06740687, -1.56878892,  8.30939964,  2.04369498,  7.60619931,\n        -0.64215236],\n       [ 1.06740713, -1.5687889 ,  8.30939968,  2.04369507,  7.60619925,\n        -0.64215266],\n       [ 1.06740698, -1.56878882,  8.30939967,  2.04369505,  7.60619932,\n        -0.64215251],\n       [ 1.06740697, -1.56878886,  8.30939963,  2.04369508,  7.6061993 ,\n        -0.64215249],\n       [ 1.06740699, -1.56878892,  8.30939971,  2.04369507,  7.60619934,\n        -0.64215251],\n       [ 1.06740683, -1.56878892,  8.30939966,  2.04369499,  7.60619932,\n        -0.64215232]]), array([0.00084602, 0.00084602, 0.00084602, 0.00084602, 0.00084602,\n       0.00084602, 0.00084602]))", "callback": [0.44825084948256344, 0.3035497328707347, 0.2778281533575433, 0.2732101847195676, 0.24414203987814176, 0.18591074491754578, 0.05961872181296757, 0.034972629279580225, 0.03107571924553687, 0.030603818272276317, 0.030504929300501304, 0.030469497553045066, 0.030394957365906805, 0.03009752056330517, 0.029203779914618755, 0.029174228225827492, 0.029138782102639427, 0.029103930212678097, 0.02903137695864877, 0.028916192009306174, 0.028668469376413208, 0.028279831517819543, 0.028103116804675032, 0.027479663788752884, 0.026481021754700684, 0.02247690989664597, 0.015461104629874267, 0.009254148232878734, 0.0037531227088707375, 0.0019431040510103914, 0.0015496960358472034, 0.0013513573294863246, 0.0011283891716771244, 0.0008747937519707483, 0.0008537342749207477, 0.0008479901017663938, 0.0008464786790616241, 0.0008460753763397388, 0.0008460233916194326, 0.0008460233916194326, 0.0008460225815282163, 0.0008460219169215133, 0.0008460217645657186, 0.0008460217495926958, 0.0008460217463734931, 0.0008460217446819573, 0.0008460217445344087, 0.0008460217444780094, 0.0008460217444645757]}, "6": {"maxiter": 500, "fatol": 1e-10, "xatol": 1e-05, "duration": 0.1619570255279541, "fun": "0.0008460217463734931", "nit": "451", "nfev": "725", "status": "0", "success": "True", "message": "Optimization terminated successfully.", "x": "[ 1.06741006 -1.56879068  8.30940034  2.0436945   7.60619708 -0.64215542]", "final_simplex": "(array([[ 1.06741006, -1.56879068,  8.30940034,  2.0436945 ,  7.60619708,\n        -0.64215542],\n       [ 1.06741353, -1.56878778,  8.30939881,  2.04369774,  7.6061956 ,\n        -0.64216001],\n       [ 1.0674121 , -1.56878912,  8.30940252,  2.04369562,  7.60619498,\n        -0.64215803],\n       [ 1.06740218, -1.56878862,  8.30940166,  2.0436912 ,  7.60620065,\n        -0.64214691],\n       [ 1.06741142, -1.5687886 ,  8.30940011,  2.04369478,  7.60619351,\n        -0.642157  ],\n       [ 1.06740458, -1.56878843,  8.30940173,  2.04369596,  7.60619665,\n        -0.64214982],\n       [ 1.06741631, -1.56878508,  8.30940161,  2.04369809,  7.60619467,\n        -0.64216362]]), array([0.00084602, 0.00084602, 0.00084602, 0.00084602, 0.00084602,\n       0.00084602, 0.00084602]))", "callback": [0.44825084948256344, 0.3035497328707347, 0.2778281533575433, 0.2732101847195676, 0.24414203987814176, 0.18591074491754578, 0.05961872181296757, 0.034972629279580225, 0.03107571924553687, 0.030603818272276317, 0.030504929300501304, 0.030469497553045066, 0.030394957365906805, 0.03009752056330517, 0.029203779914618755, 0.029174228225827492, 0.029138782102639427, 0.029103930212678097, 0.02903137695864877, 0.028916192009306174, 0.028668469376413208, 0.028279831517819543, 0.028103116804675032, 0.027479663788752884, 0.026481021754700684, 0.02247690989664597, 0.015461104629874267, 0.009254148232878734, 0.0037531227088707375, 0.0019431040510103914, 0.0015496960358472034, 0.0013513573294863246, 0.0011283891716771244, 0.0008747937519707483, 0.0008537342749207477, 0.0008479901017663938, 0.0008464786790616241, 0.0008460753763397388, 0.0008460233916194326, 0.0008460233916194326, 0.0008460225815282163, 0.0008460219169215133, 0.0008460217645657186, 0.0008460217495926958, 0.0008460217463734931]}, "7": {"maxiter": 500, "fatol": 1e-10, "xatol": 1e-10, "duration": 0.20098495483398438, "fun": "0.0008460217444629103", "nit": "500", "nfev": "815", "status": "2", "success": "False", "message": "Maximum number of iterations has been exceeded.", "x": "[ 1.06740695 -1.56878889  8.30939962  2.04369502  7.60619934 -0.64215246]", "final_simplex": "(array([[ 1.06740695, -1.56878889,  8.30939962,  2.04369502,  7.60619934,\n        -0.64215246],\n       [ 1.06740687, -1.56878892,  8.30939964,  2.04369498,  7.60619931,\n        -0.64215236],\n       [ 1.06740713, -1.5687889 ,  8.30939968,  2.04369507,  7.60619925,\n        -0.64215266],\n       [ 1.06740698, -1.56878882,  8.30939967,  2.04369505,  7.60619932,\n        -0.64215251],\n       [ 1.06740697, -1.56878886,  8.30939963,  2.04369508,  7.6061993 ,\n        -0.64215249],\n       [ 1.06740699, -1.56878892,  8.30939971,  2.04369507,  7.60619934,\n        -0.64215251],\n       [ 1.06740683, -1.56878892,  8.30939966,  2.04369499,  7.60619932,\n        -0.64215232]]), array([0.00084602, 0.00084602, 0.00084602, 0.00084602, 0.00084602,\n       0.00084602, 0.00084602]))", "callback": [0.44825084948256344, 0.3035497328707347, 0.2778281533575433, 0.2732101847195676, 0.24414203987814176, 0.18591074491754578, 0.05961872181296757, 0.034972629279580225, 0.03107571924553687, 0.030603818272276317, 0.030504929300501304, 0.030469497553045066, 0.030394957365906805, 0.03009752056330517, 0.029203779914618755, 0.029174228225827492, 0.029138782102639427, 0.029103930212678097, 0.02903137695864877, 0.028916192009306174, 0.028668469376413208, 0.028279831517819543, 0.028103116804675032, 0.027479663788752884, 0.026481021754700684, 0.02247690989664597, 0.015461104629874267, 0.009254148232878734, 0.0037531227088707375, 0.0019431040510103914, 0.0015496960358472034, 0.0013513573294863246, 0.0011283891716771244, 0.0008747937519707483, 0.0008537342749207477, 0.0008479901017663938, 0.0008464786790616241, 0.0008460753763397388, 0.0008460233916194326, 0.0008460233916194326, 0.0008460225815282163, 0.0008460219169215133, 0.0008460217645657186, 0.0008460217495926958, 0.0008460217463734931, 0.0008460217446819573, 0.0008460217445344087, 0.0008460217444780094, 0.0008460217444645757]}, "8": {"maxiter": 1000, "fatol": 1e-05, "xatol": 1e-05, "duration": 0.16060209274291992, "fun": "0.0008460217463734931", "nit": "451", "nfev": "725", "status": "0", "success": "True", "message": "Optimization terminated successfully.", "x": "[ 1.06741006 -1.56879068  8.30940034  2.0436945   7.60619708 -0.64215542]", "final_simplex": "(array([[ 1.06741006, -1.56879068,  8.30940034,  2.0436945 ,  7.60619708,\n        -0.64215542],\n       [ 1.06741353, -1.56878778,  8.30939881,  2.04369774,  7.6061956 ,\n        -0.64216001],\n       [ 1.0674121 , -1.56878912,  8.30940252,  2.04369562,  7.60619498,\n        -0.64215803],\n       [ 1.06740218, -1.56878862,  8.30940166,  2.0436912 ,  7.60620065,\n        -0.64214691],\n       [ 1.06741142, -1.5687886 ,  8.30940011,  2.04369478,  7.60619351,\n        -0.642157  ],\n       [ 1.06740458, -1.56878843,  8.30940173,  2.04369596,  7.60619665,\n        -0.64214982],\n       [ 1.06741631, -1.56878508,  8.30940161,  2.04369809,  7.60619467,\n        -0.64216362]]), array([0.00084602, 0.00084602, 0.00084602, 0.00084602, 0.00084602,\n       0.00084602, 0.00084602]))", "callback": [0.44825084948256344, 0.3035497328707347, 0.2778281533575433, 0.2732101847195676, 0.24414203987814176, 0.18591074491754578, 0.05961872181296757, 0.034972629279580225, 0.03107571924553687, 0.030603818272276317, 0.030504929300501304, 0.030469497553045066, 0.030394957365906805, 0.03009752056330517, 0.029203779914618755, 0.029174228225827492, 0.029138782102639427, 0.029103930212678097, 0.02903137695864877, 0.028916192009306174, 0.028668469376413208, 0.028279831517819543, 0.028103116804675032, 0.027479663788752884, 0.026481021754700684, 0.02247690989664597, 0.015461104629874267, 0.009254148232878734, 0.0037531227088707375, 0.0019431040510103914, 0.0015496960358472034, 0.0013513573294863246, 0.0011283891716771244, 0.0008747937519707483, 0.0008537342749207477, 0.0008479901017663938, 0.0008464786790616241, 0.0008460753763397388, 0.0008460233916194326, 0.0008460233916194326, 0.0008460225815282163, 0.0008460219169215133, 0.0008460217645657186, 0.0008460217495926958, 0.0008460217463734931]}, "9": {"maxiter": 1000, "fatol": 1e-05, "xatol": 1e-10, "duration": 0.22701311111450195, "fun": "0.000846021744461467", "nit": "546", "nfev": "940", "status": "0", "success": "True", "message": "Optimization terminated successfully.", "x": "[ 1.067407   -1.56878888  8.30939966  2.043695    7.60619927 -0.64215251]", "final_simplex": "(array([[ 1.067407  , -1.56878888,  8.30939966,  2.043695  ,  7.60619927,\n        -0.64215251],\n       [ 1.067407  , -1.56878888,  8.30939966,  2.043695  ,  7.60619927,\n        -0.64215251],\n       [ 1.067407  , -1.56878888,  8.30939966,  2.043695  ,  7.60619927,\n        -0.64215251],\n       [ 1.067407  , -1.56878888,  8.30939966,  2.043695  ,  7.60619927,\n        -0.64215251],\n       [ 1.067407  , -1.56878888,  8.30939966,  2.043695  ,  7.60619927,\n        -0.64215251],\n       [ 1.067407  , -1.56878888,  8.30939966,  2.043695  ,  7.60619927,\n        -0.64215251],\n       [ 1.067407  , -1.56878888,  8.30939966,  2.043695  ,  7.60619927,\n        -0.64215251]]), array([0.00084602, 0.00084602, 0.00084602, 0.00084602, 0.00084602,\n       0.00084602, 0.00084602]))", "callback": [0.44825084948256344, 0.3035497328707347, 0.2778281533575433, 0.2732101847195676, 0.24414203987814176, 0.18591074491754578, 0.05961872181296757, 0.034972629279580225, 0.03107571924553687, 0.030603818272276317, 0.030504929300501304, 0.030469497553045066, 0.030394957365906805, 0.03009752056330517, 0.029203779914618755, 0.029174228225827492, 0.029138782102639427, 0.029103930212678097, 0.02903137695864877, 0.028916192009306174, 0.028668469376413208, 0.028279831517819543, 0.028103116804675032, 0.027479663788752884, 0.026481021754700684, 0.02247690989664597, 0.015461104629874267, 0.009254148232878734, 0.0037531227088707375, 0.0019431040510103914, 0.0015496960358472034, 0.0013513573294863246, 0.0011283891716771244, 0.0008747937519707483, 0.0008537342749207477, 0.0008479901017663938, 0.0008464786790616241, 0.0008460753763397388, 0.0008460233916194326, 0.0008460233916194326, 0.0008460225815282163, 0.0008460219169215133, 0.0008460217645657186, 0.0008460217495926958, 0.0008460217463734931, 0.0008460217446819573, 0.0008460217445344087, 0.0008460217444780094, 0.0008460217444645757, 0.0008460217444629103, 0.0008460217444619111, 0.0008460217444615781, 0.000846021744461467, 0.000846021744461467]}, "10": {"maxiter": 1000, "fatol": 1e-10, "xatol": 1e-05, "duration": 0.20274806022644043, "fun": "0.0008460217463734931", "nit": "451", "nfev": "725", "status": "0", "success": "True", "message": "Optimization terminated successfully.", "x": "[ 1.06741006 -1.56879068  8.30940034  2.0436945   7.60619708 -0.64215542]", "final_simplex": "(array([[ 1.06741006, -1.56879068,  8.30940034,  2.0436945 ,  7.60619708,\n        -0.64215542],\n       [ 1.06741353, -1.56878778,  8.30939881,  2.04369774,  7.6061956 ,\n        -0.64216001],\n       [ 1.0674121 , -1.56878912,  8.30940252,  2.04369562,  7.60619498,\n        -0.64215803],\n       [ 1.06740218, -1.56878862,  8.30940166,  2.0436912 ,  7.60620065,\n        -0.64214691],\n       [ 1.06741142, -1.5687886 ,  8.30940011,  2.04369478,  7.60619351,\n        -0.642157  ],\n       [ 1.06740458, -1.56878843,  8.30940173,  2.04369596,  7.60619665,\n        -0.64214982],\n       [ 1.06741631, -1.56878508,  8.30940161,  2.04369809,  7.60619467,\n        -0.64216362]]), array([0.00084602, 0.00084602, 0.00084602, 0.00084602, 0.00084602,\n       0.00084602, 0.00084602]))", "callback": [0.44825084948256344, 0.3035497328707347, 0.2778281533575433, 0.2732101847195676, 0.24414203987814176, 0.18591074491754578, 0.05961872181296757, 0.034972629279580225, 0.03107571924553687, 0.030603818272276317, 0.030504929300501304, 0.030469497553045066, 0.030394957365906805, 0.03009752056330517, 0.029203779914618755, 0.029174228225827492, 0.029138782102639427, 0.029103930212678097, 0.02903137695864877, 0.028916192009306174, 0.028668469376413208, 0.028279831517819543, 0.028103116804675032, 0.027479663788752884, 0.026481021754700684, 0.02247690989664597, 0.015461104629874267, 0.009254148232878734, 0.0037531227088707375, 0.0019431040510103914, 0.0015496960358472034, 0.0013513573294863246, 0.0011283891716771244, 0.0008747937519707483, 0.0008537342749207477, 0.0008479901017663938, 0.0008464786790616241, 0.0008460753763397388, 0.0008460233916194326, 0.0008460233916194326, 0.0008460225815282163, 0.0008460219169215133, 0.0008460217645657186, 0.0008460217495926958, 0.0008460217463734931]}, "11": {"maxiter": 1000, "fatol": 1e-10, "xatol": 1e-10, "duration": 0.21378111839294434, "fun": "0.000846021744461467", "nit": "546", "nfev": "940", "status": "0", "success": "True", "message": "Optimization terminated successfully.", "x": "[ 1.067407   -1.56878888  8.30939966  2.043695    7.60619927 -0.64215251]", "final_simplex": "(array([[ 1.067407  , -1.56878888,  8.30939966,  2.043695  ,  7.60619927,\n        -0.64215251],\n       [ 1.067407  , -1.56878888,  8.30939966,  2.043695  ,  7.60619927,\n        -0.64215251],\n       [ 1.067407  , -1.56878888,  8.30939966,  2.043695  ,  7.60619927,\n        -0.64215251],\n       [ 1.067407  , -1.56878888,  8.30939966,  2.043695  ,  7.60619927,\n        -0.64215251],\n       [ 1.067407  , -1.56878888,  8.30939966,  2.043695  ,  7.60619927,\n        -0.64215251],\n       [ 1.067407  , -1.56878888,  8.30939966,  2.043695  ,  7.60619927,\n        -0.64215251],\n       [ 1.067407  , -1.56878888,  8.30939966,  2.043695  ,  7.60619927,\n        -0.64215251]]), array([0.00084602, 0.00084602, 0.00084602, 0.00084602, 0.00084602,\n       0.00084602, 0.00084602]))", "callback": [0.44825084948256344, 0.3035497328707347, 0.2778281533575433, 0.2732101847195676, 0.24414203987814176, 0.18591074491754578, 0.05961872181296757, 0.034972629279580225, 0.03107571924553687, 0.030603818272276317, 0.030504929300501304, 0.030469497553045066, 0.030394957365906805, 0.03009752056330517, 0.029203779914618755, 0.029174228225827492, 0.029138782102639427, 0.029103930212678097, 0.02903137695864877, 0.028916192009306174, 0.028668469376413208, 0.028279831517819543, 0.028103116804675032, 0.027479663788752884, 0.026481021754700684, 0.02247690989664597, 0.015461104629874267, 0.009254148232878734, 0.0037531227088707375, 0.0019431040510103914, 0.0015496960358472034, 0.0013513573294863246, 0.0011283891716771244, 0.0008747937519707483, 0.0008537342749207477, 0.0008479901017663938, 0.0008464786790616241, 0.0008460753763397388, 0.0008460233916194326, 0.0008460233916194326, 0.0008460225815282163, 0.0008460219169215133, 0.0008460217645657186, 0.0008460217495926958, 0.0008460217463734931, 0.0008460217446819573, 0.0008460217445344087, 0.0008460217444780094, 0.0008460217444645757, 0.0008460217444629103, 0.0008460217444619111, 0.0008460217444615781, 0.000846021744461467, 0.000846021744461467]}}, "bfgs": {"type": "gradient", "0": {"maxiter": 100, "gtol": 1e-05, "xrtol": 1e-05, "eps": 1e-05, "duration": 0.04702496528625488, "fun": "0.0008460220215141812", "jac": "[-3.08547632e-06 -7.26587679e-06 -4.26098046e-06  2.24140706e-06\n -7.15675297e-06  1.93363103e-06]", "hess_inv": "[[15.32650225 -2.91014034 -3.97520995 -4.65406729  1.09611461 10.1972617 ]\n [-2.91014034  2.53394581  0.75288176  1.25686097 -0.4531359  -1.81539991]\n [-3.97520995  0.75288176  3.11857681  1.62432929 -0.05287033 -3.16950231]\n [-4.65406729  1.25686097  1.62432929  3.60938983 -0.38419722 -3.19218094]\n [ 1.09611461 -0.4531359  -0.05287033 -0.38419722  1.91236738  1.09331293]\n [10.1972617  -1.81539991 -3.16950231 -3.19218094  1.09331293  8.58516657]]", "nfev": "203", "njev": "29", "status": "0", "success": "True", "message": "Optimization terminated successfully.", "x": "[-1.56750979  1.64128815  5.30511433  1.82188676  7.7027022  -0.1368864 ]", "nit": "23", "callback": [0.03122539805329483, 0.0008479066073314723]}, "1": {"maxiter": 100, "gtol": 1e-05, "xrtol": 1e-05, "eps": 1e-10, "duration": 0.0470888614654541, "fun": "0.0008460219389266888", "jac": "[-2.22044587e-06 -4.44089173e-06 -5.55111466e-06  4.44089173e-06\n -7.77156053e-06  4.44089173e-06]", "hess_inv": "[[15.4124317  -2.96707399 -3.98537688 -4.63084711  1.11497415 10.27451363]\n [-2.96707399  2.52110251  0.76161332  1.24839132 -0.44370692 -1.85990423]\n [-3.98537688  0.76161332  3.12309452  1.61811995 -0.05685677 -3.19326462]\n [-4.63084711  1.24839132  1.61811995  3.58189727 -0.36625698 -3.17804453]\n [ 1.11497415 -0.44370692 -0.05685677 -0.36625698  1.89735808  1.10890639]\n [10.27451363 -1.85990423 -3.19326462 -3.17804453  1.10890639  8.66093715]]", "nfev": "203", "njev": "29", "status": "0", "success": "True", "message": "Optimization terminated successfully.", "x": "[-1.56711395  1.64121556  5.30499478  1.82211135  7.70267431 -0.13731945]", "nit": "23", "callback": [0.031220027924054206, 0.0008481765805693486]}, "2": {"maxiter": 100, "gtol": 1e-05, "xrtol": 1e-10, "eps": 1e-05, "duration": 0.04824399948120117, "fun": "0.0008460220215141812", "jac": "[-3.08547632e-06 -7.26587679e-06 -4.26098046e-06  2.24140706e-06\n -7.15675297e-06  1.93363103e-06]", "hess_inv": "[[15.32650225 -2.91014034 -3.97520995 -4.65406729  1.09611461 10.1972617 ]\n [-2.91014034  2.53394581  0.75288176  1.25686097 -0.4531359  -1.81539991]\n [-3.97520995  0.75288176  3.11857681  1.62432929 -0.05287033 -3.16950231]\n [-4.65406729  1.25686097  1.62432929  3.60938983 -0.38419722 -3.19218094]\n [ 1.09611461 -0.4531359  -0.05287033 -0.38419722  1.91236738  1.09331293]\n [10.1972617  -1.81539991 -3.16950231 -3.19218094  1.09331293  8.58516657]]", "nfev": "203", "njev": "29", "status": "0", "success": "True", "message": "Optimization terminated successfully.", "x": "[-1.56750979  1.64128815  5.30511433  1.82188676  7.7027022  -0.1368864 ]", "nit": "23", "callback": [0.03122539805329483, 0.0008479066073314723]}, "3": {"maxiter": 100, "gtol": 1e-05, "xrtol": 1e-10, "eps": 1e-10, "duration": 0.04649710655212402, "fun": "0.0008460219389266888", "jac": "[-2.22044587e-06 -4.44089173e-06 -5.55111466e-06  4.44089173e-06\n -7.77156053e-06  4.44089173e-06]", "hess_inv": "[[15.4124317  -2.96707399 -3.98537688 -4.63084711  1.11497415 10.27451363]\n [-2.96707399  2.52110251  0.76161332  1.24839132 -0.44370692 -1.85990423]\n [-3.98537688  0.76161332  3.12309452  1.61811995 -0.05685677 -3.19326462]\n [-4.63084711  1.24839132  1.61811995  3.58189727 -0.36625698 -3.17804453]\n [ 1.11497415 -0.44370692 -0.05685677 -0.36625698  1.89735808  1.10890639]\n [10.27451363 -1.85990423 -3.19326462 -3.17804453  1.10890639  8.66093715]]", "nfev": "203", "njev": "29", "status": "0", "success": "True", "message": "Optimization terminated successfully.", "x": "[-1.56711395  1.64121556  5.30499478  1.82211135  7.70267431 -0.13731945]", "nit": "23", "callback": [0.031220027924054206, 0.0008481765805693486]}, "4": {"maxiter": 100, "gtol": 1e-10, "xrtol": 1e-05, "eps": 1e-05, "duration": 0.048784732818603516, "fun": "0.0008460217993424557", "jac": "[-2.67519340e-07 -9.90985072e-07 -3.47166740e-08 -2.65110156e-07\n -9.69002656e-07  4.88997731e-07]", "hess_inv": "[[15.10957393 -2.552188   -3.71359629 -4.56971831  1.26844141  9.99183371]\n [-2.552188    2.40104992  0.68029536  1.11858706 -0.36841614 -1.56050057]\n [-3.71359629  0.68029536  3.08477887  1.52331897  0.02883555 -2.98771377]\n [-4.56971831  1.11858706  1.52331897  3.57659394 -0.45047001 -3.1124708 ]\n [ 1.26844141 -0.36841614  0.02883555 -0.45047001  2.07304429  1.18871611]\n [ 9.99183371 -1.56050057 -2.98771377 -3.1124708   1.18871611  8.40607147]]", "nfev": "210", "njev": "30", "status": "0", "success": "True", "message": "Optimization terminated successfully.", "x": "[-1.56749754  1.64129849  5.30512353  1.82188205  7.7027171  -0.13688041]", "nit": "24", "callback": [0.03122539805329483, 0.0008479066073314723]}, "5": {"maxiter": 100, "gtol": 1e-10, "xrtol": 1e-05, "eps": 1e-10, "duration": 0.04841184616088867, "fun": "0.000846021818653564", "jac": "[ 2.22044587e-06 -2.22044587e-06 -1.11022293e-06  1.11022293e-06\n  2.22044587e-06 -4.44089173e-06]", "hess_inv": "[[14.23145849 -2.63276885 -3.46095839 -4.39799386  1.16140908  9.28733889]\n [-2.63276885  2.44051145  0.66060597  1.1653833  -0.40813108 -1.59957056]\n [-3.46095839  0.66060597  3.05050813  1.45697218  0.0871245  -2.81947229]\n [-4.39799386  1.1653833   1.45697218  3.55679097 -0.43471543 -2.96013966]\n [ 1.16140908 -0.40813108  0.0871245  -0.43471543  2.06456561  1.08141388]\n [ 9.28733889 -1.59957056 -2.81947229 -2.96013966  1.08141388  7.86176913]]", "nfev": "210", "njev": "30", "status": "0", "success": "True", "message": "Optimization terminated successfully.", "x": "[-1.56712595  1.64122298  5.30501369  1.82210882  7.70268873 -0.13733495]", "nit": "24", "callback": [0.031220027924054206, 0.0008481765805693486]}, "6": {"maxiter": 100, "gtol": 1e-10, "xrtol": 1e-10, "eps": 1e-05, "duration": 0.1083226203918457, "fun": "0.000846021761187421", "jac": "[-9.92006477e-07  9.89641702e-07 -8.99580410e-07  1.50648383e-06\n  2.00476302e-06  2.71871414e-07]", "hess_inv": "[[ 607.02425352 -115.22680983 -191.4591822   352.36184634  -31.61898235\n  -668.76050748]\n [-115.22680983   23.80268973   36.52285658  -67.56219735    5.86720785\n   128.77937389]\n [-191.4591822    36.52285658   62.55244147 -110.83576432   10.52235117\n   210.97137985]\n [ 352.36184634  -67.56219735 -110.83576432  211.31822868  -20.72865328\n  -400.80210397]\n [ -31.61898235    5.86720785   10.52235117  -20.72865328    3.86185935\n    39.56839113]\n [-668.76050748  128.77937389  210.97137985 -400.80210397   39.56839113\n   768.74323086]]", "nfev": "478", "njev": "67", "status": "2", "success": "False", "message": "Desired error not necessarily achieved due to precision loss.", "x": "[-1.5674391   1.64129087  5.30510475  1.82193313  7.70271649 -0.13697222]", "nit": "31", "callback": [0.03122539805329483, 0.0008479066073314723, 0.000846021761864546]}, "7": {"maxiter": 100, "gtol": 1e-10, "xrtol": 1e-10, "eps": 1e-10, "duration": 0.06730079650878906, "fun": "0.0008460217991722585", "jac": "[-1.11022293e-06  5.55111466e-06  3.33066880e-06  1.11022293e-06\n  0.00000000e+00  0.00000000e+00]", "hess_inv": "[[15.97086541 -2.14490847 -4.08968442 -5.39032876  1.18830011  9.38003596]\n [-2.14490847  2.88448154  0.97935512 -0.06783234 -0.34751046 -1.41863355]\n [-4.08968442  0.97935512  2.26244719  1.82190428 -0.30046897 -1.95158646]\n [-5.39032876 -0.06783234  1.82190428  2.59404737 -0.91037032 -3.33630537]\n [ 1.18830011 -0.34751046 -0.30046897 -0.91037032  1.74236647  1.55044361]\n [ 9.38003596 -1.41863355 -1.95158646 -3.33630537  1.55044361  7.32625749]]", "nfev": "301", "njev": "43", "status": "0", "success": "True", "message": "Optimization terminated successfully.", "x": "[-1.56712781  1.64123403  5.30502111  1.82211197  7.70269082 -0.13732576]", "nit": "28", "callback": [0.031220027924054206, 0.0008481765805693486]}, "8": {"maxiter": 500, "gtol": 1e-05, "xrtol": 1e-05, "eps": 1e-05, "duration": 0.045198917388916016, "fun": "0.0008460220215141812", "jac": "[-3.08547632e-06 -7.26587679e-06 -4.26098046e-06  2.24140706e-06\n -7.15675297e-06  1.93363103e-06]", "hess_inv": "[[15.32650225 -2.91014034 -3.97520995 -4.65406729  1.09611461 10.1972617 ]\n [-2.91014034  2.53394581  0.75288176  1.25686097 -0.4531359  -1.81539991]\n [-3.97520995  0.75288176  3.11857681  1.62432929 -0.05287033 -3.16950231]\n [-4.65406729  1.25686097  1.62432929  3.60938983 -0.38419722 -3.19218094]\n [ 1.09611461 -0.4531359  -0.05287033 -0.38419722  1.91236738  1.09331293]\n [10.1972617  -1.81539991 -3.16950231 -3.19218094  1.09331293  8.58516657]]", "nfev": "203", "njev": "29", "status": "0", "success": "True", "message": "Optimization terminated successfully.", "x": "[-1.56750979  1.64128815  5.30511433  1.82188676  7.7027022  -0.1368864 ]", "nit": "23", "callback": [0.03122539805329483, 0.0008479066073314723]}, "9": {"maxiter": 500, "gtol": 1e-05, "xrtol": 1e-05, "eps": 1e-10, "duration": 0.046067237854003906, "fun": "0.0008460219389266888", "jac": "[-2.22044587e-06 -4.44089173e-06 -5.55111466e-06  4.44089173e-06\n -7.77156053e-06  4.44089173e-06]", "hess_inv": "[[15.4124317  -2.96707399 -3.98537688 -4.63084711  1.11497415 10.27451363]\n [-2.96707399  2.52110251  0.76161332  1.24839132 -0.44370692 -1.85990423]\n [-3.98537688  0.76161332  3.12309452  1.61811995 -0.05685677 -3.19326462]\n [-4.63084711  1.24839132  1.61811995  3.58189727 -0.36625698 -3.17804453]\n [ 1.11497415 -0.44370692 -0.05685677 -0.36625698  1.89735808  1.10890639]\n [10.27451363 -1.85990423 -3.19326462 -3.17804453  1.10890639  8.66093715]]", "nfev": "203", "njev": "29", "status": "0", "success": "True", "message": "Optimization terminated successfully.", "x": "[-1.56711395  1.64121556  5.30499478  1.82211135  7.70267431 -0.13731945]", "nit": "23", "callback": [0.031220027924054206, 0.0008481765805693486]}, "10": {"maxiter": 500, "gtol": 1e-05, "xrtol": 1e-10, "eps": 1e-05, "duration": 0.045449018478393555, "fun": "0.0008460220215141812", "jac": "[-3.08547632e-06 -7.26587679e-06 -4.26098046e-06  2.24140706e-06\n -7.15675297e-06  1.93363103e-06]", "hess_inv": "[[15.32650225 -2.91014034 -3.97520995 -4.65406729  1.09611461 10.1972617 ]\n [-2.91014034  2.53394581  0.75288176  1.25686097 -0.4531359  -1.81539991]\n [-3.97520995  0.75288176  3.11857681  1.62432929 -0.05287033 -3.16950231]\n [-4.65406729  1.25686097  1.62432929  3.60938983 -0.38419722 -3.19218094]\n [ 1.09611461 -0.4531359  -0.05287033 -0.38419722  1.91236738  1.09331293]\n [10.1972617  -1.81539991 -3.16950231 -3.19218094  1.09331293  8.58516657]]", "nfev": "203", "njev": "29", "status": "0", "success": "True", "message": "Optimization terminated successfully.", "x": "[-1.56750979  1.64128815  5.30511433  1.82188676  7.7027022  -0.1368864 ]", "nit": "23", "callback": [0.03122539805329483, 0.0008479066073314723]}, "11": {"maxiter": 500, "gtol": 1e-05, "xrtol": 1e-10, "eps": 1e-10, "duration": 0.04560589790344238, "fun": "0.0008460219389266888", "jac": "[-2.22044587e-06 -4.44089173e-06 -5.55111466e-06  4.44089173e-06\n -7.77156053e-06  4.44089173e-06]", "hess_inv": "[[15.4124317  -2.96707399 -3.98537688 -4.63084711  1.11497415 10.27451363]\n [-2.96707399  2.52110251  0.76161332  1.24839132 -0.44370692 -1.85990423]\n [-3.98537688  0.76161332  3.12309452  1.61811995 -0.05685677 -3.19326462]\n [-4.63084711  1.24839132  1.61811995  3.58189727 -0.36625698 -3.17804453]\n [ 1.11497415 -0.44370692 -0.05685677 -0.36625698  1.89735808  1.10890639]\n [10.27451363 -1.85990423 -3.19326462 -3.17804453  1.10890639  8.66093715]]", "nfev": "203", "njev": "29", "status": "0", "success": "True", "message": "Optimization terminated successfully.", "x": "[-1.56711395  1.64121556  5.30499478  1.82211135  7.70267431 -0.13731945]", "nit": "23", "callback": [0.031220027924054206, 0.0008481765805693486]}, "12": {"maxiter": 500, "gtol": 1e-10, "xrtol": 1e-05, "eps": 1e-05, "duration": 0.047081947326660156, "fun": "0.0008460217993424557", "jac": "[-2.67519340e-07 -9.90985072e-07 -3.47166740e-08 -2.65110156e-07\n -9.69002656e-07  4.88997731e-07]", "hess_inv": "[[15.10957393 -2.552188   -3.71359629 -4.56971831  1.26844141  9.99183371]\n [-2.552188    2.40104992  0.68029536  1.11858706 -0.36841614 -1.56050057]\n [-3.71359629  0.68029536  3.08477887  1.52331897  0.02883555 -2.98771377]\n [-4.56971831  1.11858706  1.52331897  3.57659394 -0.45047001 -3.1124708 ]\n [ 1.26844141 -0.36841614  0.02883555 -0.45047001  2.07304429  1.18871611]\n [ 9.99183371 -1.56050057 -2.98771377 -3.1124708   1.18871611  8.40607147]]", "nfev": "210", "njev": "30", "status": "0", "success": "True", "message": "Optimization terminated successfully.", "x": "[-1.56749754  1.64129849  5.30512353  1.82188205  7.7027171  -0.13688041]", "nit": "24", "callback": [0.03122539805329483, 0.0008479066073314723]}, "13": {"maxiter": 500, "gtol": 1e-10, "xrtol": 1e-05, "eps": 1e-10, "duration": 0.04775810241699219, "fun": "0.000846021818653564", "jac": "[ 2.22044587e-06 -2.22044587e-06 -1.11022293e-06  1.11022293e-06\n  2.22044587e-06 -4.44089173e-06]", "hess_inv": "[[14.23145849 -2.63276885 -3.46095839 -4.39799386  1.16140908  9.28733889]\n [-2.63276885  2.44051145  0.66060597  1.1653833  -0.40813108 -1.59957056]\n [-3.46095839  0.66060597  3.05050813  1.45697218  0.0871245  -2.81947229]\n [-4.39799386  1.1653833   1.45697218  3.55679097 -0.43471543 -2.96013966]\n [ 1.16140908 -0.40813108  0.0871245  -0.43471543  2.06456561  1.08141388]\n [ 9.28733889 -1.59957056 -2.81947229 -2.96013966  1.08141388  7.86176913]]", "nfev": "210", "njev": "30", "status": "0", "success": "True", "message": "Optimization terminated successfully.", "x": "[-1.56712595  1.64122298  5.30501369  1.82210882  7.70268873 -0.13733495]", "nit": "24", "callback": [0.031220027924054206, 0.0008481765805693486]}, "14": {"maxiter": 500, "gtol": 1e-10, "xrtol": 1e-10, "eps": 1e-05, "duration": 0.10653901100158691, "fun": "0.000846021761187421", "jac": "[-9.92006477e-07  9.89641702e-07 -8.99580410e-07  1.50648383e-06\n  2.00476302e-06  2.71871414e-07]", "hess_inv": "[[ 607.02425352 -115.22680983 -191.4591822   352.36184634  -31.61898235\n  -668.76050748]\n [-115.22680983   23.80268973   36.52285658  -67.56219735    5.86720785\n   128.77937389]\n [-191.4591822    36.52285658   62.55244147 -110.83576432   10.52235117\n   210.97137985]\n [ 352.36184634  -67.56219735 -110.83576432  211.31822868  -20.72865328\n  -400.80210397]\n [ -31.61898235    5.86720785   10.52235117  -20.72865328    3.86185935\n    39.56839113]\n [-668.76050748  128.77937389  210.97137985 -400.80210397   39.56839113\n   768.74323086]]", "nfev": "478", "njev": "67", "status": "2", "success": "False", "message": "Desired error not necessarily achieved due to precision loss.", "x": "[-1.5674391   1.64129087  5.30510475  1.82193313  7.70271649 -0.13697222]", "nit": "31", "callback": [0.03122539805329483, 0.0008479066073314723, 0.000846021761864546]}, "15": {"maxiter": 500, "gtol": 1e-10, "xrtol": 1e-10, "eps": 1e-10, "duration": 0.06766104698181152, "fun": "0.0008460217991722585", "jac": "[-1.11022293e-06  5.55111466e-06  3.33066880e-06  1.11022293e-06\n  0.00000000e+00  0.00000000e+00]", "hess_inv": "[[15.97086541 -2.14490847 -4.08968442 -5.39032876  1.18830011  9.38003596]\n [-2.14490847  2.88448154  0.97935512 -0.06783234 -0.34751046 -1.41863355]\n [-4.08968442  0.97935512  2.26244719  1.82190428 -0.30046897 -1.95158646]\n [-5.39032876 -0.06783234  1.82190428  2.59404737 -0.91037032 -3.33630537]\n [ 1.18830011 -0.34751046 -0.30046897 -0.91037032  1.74236647  1.55044361]\n [ 9.38003596 -1.41863355 -1.95158646 -3.33630537  1.55044361  7.32625749]]", "nfev": "301", "njev": "43", "status": "0", "success": "True", "message": "Optimization terminated successfully.", "x": "[-1.56712781  1.64123403  5.30502111  1.82211197  7.70269082 -0.13732576]", "nit": "28", "callback": [0.03122002