{"date": "2024/10/08/, 18:30:04", "conf_id": 20, "data_type": "random\n", "num_data_points": 2, "s_rank": 0, "unitary": "[[-0.45070455-0.02711853j,0.78437395-0.06613086j,0.06358678+0.19963393j,-0.07343613+0.35668523j],[-0.01890143-0.03813363j,0.32408202+0.25557629j,0.05872864-0.68979805j,0.55466693-0.20227297j],[-0.11215405+0.64023111j,-0.13344055+0.29565494j,-0.49012687-0.19046288j,-0.04241254+0.44046348j],[0.55771659+0.24656916j,0.31851997-0.05798805j,0.28761525-0.34294258j,-0.56718418+0.03616933j]]", "databatch_0": {"databatch": "[[[0.0574941+0.27191649j,-0.03828138-0.02951819j,0.09104237+0.11543044j,0.03547516-0.17983907j],[0.55888957+0.3092445j,-0.10887831+0.02209086j,0.3375126+0.01551426j,-0.25904754-0.33221467j],[-0.10820122-0.03164467j,0.01789542-0.00801392j,-0.05872171+0.01037813j,0.05745461+0.04719355j],[-0.20498101+0.18191094j,0.00662293-0.04720515j,-0.05451123+0.13432779j,0.17142274-0.05732334j]],[[-0.136856-0.02592408j,-0.03424675-0.10063785j,-0.02968067-0.03172417j,-0.01737855+0.01410467j],[0.05201387+0.30408559j,-0.18239109+0.14889246j,-0.04289321+0.08613089j,0.04271113+0.02516281j],[0.20030685+0.13759281j,-0.01605496+0.18476916j,0.02509427+0.07151948j,0.03766409-0.01030649j],[-0.47715508+0.43012638j,-0.46508728-0.15514464j,-0.19931902+0.02043208j,0.00328243+0.10317409j]]]", "initial param values": "[2.34631885,2.79579227,5.01499841,1.85062544,5.48250483,4.53431407]", "nelder_mead": {"type": "gradient-free", "0": {"maxiter": 100, "fatol": 1e-05, "xatol": 1e-05, "duration": 0.05374407768249512, "fun": "0.09299150534952705", "nit": "100", "nfev": "159", "status": "2", "success": "False", "message": "Maximum number of iterations has been exceeded.", "x": "[1.69646878 1.50309279 5.63348259 1.03431657 4.6314854  3.81602696]", "final_simplex": "(array([[1.69646878, 1.50309279, 5.63348259, 1.03431657, 4.6314854 ,\n        3.81602696],\n       [1.66289716, 1.57840025, 5.64202127, 1.03123585, 4.66891265,\n        3.7950997 ],\n       [1.70772859, 1.51233432, 5.66900709, 1.03125837, 4.63565078,\n        3.73788041],\n       [1.71232333, 1.56613421, 5.69467263, 1.03404276, 4.70389493,\n        3.72888513],\n       [1.72425703, 1.53642032, 5.69729325, 1.01935012, 4.62367181,\n        3.78729044],\n       [1.69663505, 1.50805896, 5.70872877, 1.025424  , 4.5889916 ,\n        3.81271161],\n       [1.69012352, 1.51727259, 5.6697947 , 0.9952814 , 4.59907197,\n        3.78348272]]), array([0.09299151, 0.0932823 , 0.09357676, 0.09378207, 0.09404348,\n       0.09416124, 0.0941966 ]))", "callback": [0.5306383046311526, 0.4491371257334492, 0.42479113573680916, 0.4008345240643951, 0.3048437654378606, 0.14884417839933295, 0.11673642384535454, 0.09892609140745834, 0.09562439669840483, 0.09458603881420513]}, "1": {"maxiter": 100, "fatol": 1e-05, "xatol": 1e-10, "duration": 0.05144190788269043, "fun": "0.09299150534952705", "nit": "100", "nfev": "159", "status": "2", "success": "False", "message": "Maximum number of iterations has been exceeded.", "x": "[1.69646878 1.50309279 5.63348259 1.03431657 4.6314854  3.81602696]", "final_simplex": "(array([[1.69646878, 1.50309279, 5.63348259, 1.03431657, 4.6314854 ,\n        3.81602696],\n       [1.66289716, 1.57840025, 5.64202127, 1.03123585, 4.66891265,\n        3.7950997 ],\n       [1.70772859, 1.51233432, 5.66900709, 1.03125837, 4.63565078,\n        3.73788041],\n       [1.71232333, 1.56613421, 5.69467263, 1.03404276, 4.70389493,\n        3.72888513],\n       [1.72425703, 1.53642032, 5.69729325, 1.01935012, 4.62367181,\n        3.78729044],\n       [1.69663505, 1.50805896, 5.70872877, 1.025424  , 4.5889916 ,\n        3.81271161],\n       [1.69012352, 1.51727259, 5.6697947 , 0.9952814 , 4.59907197,\n        3.78348272]]), array([0.09299151, 0.0932823 , 0.09357676, 0.09378207, 0.09404348,\n       0.09416124, 0.0941966 ]))", "callback": [0.5306383046311526, 0.4491371257334492, 0.42479113573680916, 0.4008345240643951, 0.3048437654378606, 0.14884417839933295, 0.11673642384535454, 0.09892609140745834, 0.09562439669840483, 0.09458603881420513]}, "2": {"maxiter": 100, "fatol": 1e-10, "xatol": 1e-05, "duration": 0.05240297317504883, "fun": "0.09299150534952705", "nit": "100", "nfev": "159", "status": "2", "success": "False", "message": "Maximum number of iterations has been exceeded.", "x": "[1.69646878 1.50309279 5.63348259 1.03431657 4.6314854  3.81602696]", "final_simplex": "(array([[1.69646878, 1.50309279, 5.63348259, 1.03431657, 4.6314854 ,\n        3.81602696],\n       [1.66289716, 1.57840025, 5.64202127, 1.03123585, 4.66891265,\n        3.7950997 ],\n       [1.70772859, 1.51233432, 5.66900709, 1.03125837, 4.63565078,\n        3.73788041],\n       [1.71232333, 1.56613421, 5.69467263, 1.03404276, 4.70389493,\n        3.72888513],\n       [1.72425703, 1.53642032, 5.69729325, 1.01935012, 4.62367181,\n        3.78729044],\n       [1.69663505, 1.50805896, 5.70872877, 1.025424  , 4.5889916 ,\n        3.81271161],\n       [1.69012352, 1.51727259, 5.6697947 , 0.9952814 , 4.59907197,\n        3.78348272]]), array([0.09299151, 0.0932823 , 0.09357676, 0.09378207, 0.09404348,\n       0.09416124, 0.0941966 ]))", "callback": [0.5306383046311526, 0.4491371257334492, 0.42479113573680916, 0.4008345240643951, 0.3048437654378606, 0.14884417839933295, 0.11673642384535454, 0.09892609140745834, 0.09562439669840483, 0.09458603881420513]}, "3": {"maxiter": 100, "fatol": 1e-10, "xatol": 1e-10, "duration": 0.04832935333251953, "fun": "0.09299150534952705", "nit": "100", "nfev": "159", "status": "2", "success": "False", "message": "Maximum number of iterations has been exceeded.", "x": "[1.69646878 1.50309279 5.63348259 1.03431657 4.6314854  3.81602696]", "final_simplex": "(array([[1.69646878, 1.50309279, 5.63348259, 1.03431657, 4.6314854 ,\n        3.81602696],\n       [1.66289716, 1.57840025, 5.64202127, 1.03123585, 4.66891265,\n        3.7950997 ],\n       [1.70772859, 1.51233432, 5.66900709, 1.03125837, 4.63565078,\n        3.73788041],\n       [1.71232333, 1.56613421, 5.69467263, 1.03404276, 4.70389493,\n        3.72888513],\n       [1.72425703, 1.53642032, 5.69729325, 1.01935012, 4.62367181,\n        3.78729044],\n       [1.69663505, 1.50805896, 5.70872877, 1.025424  , 4.5889916 ,\n        3.81271161],\n       [1.69012352, 1.51727259, 5.6697947 , 0.9952814 , 4.59907197,\n        3.78348272]]), array([0.09299151, 0.0932823 , 0.09357676, 0.09378207, 0.09404348,\n       0.09416124, 0.0941966 ]))", "callback": [0.5306383046311526, 0.4491371257334492, 0.42479113573680916, 0.4008345240643951, 0.3048437654378606, 0.14884417839933295, 0.11673642384535454, 0.09892609140745834, 0.09562439669840483, 0.09458603881420513]}, "4": {"maxiter": 500, "fatol": 1e-05, "xatol": 1e-05, "duration": 0.13368988037109375, "fun": "0.09096274339157828", "nit": "249", "nfev": "411", "status": "0", "success": "True", "message": "Optimization terminated successfully.", "x": "[1.61188233 1.5287452  5.50098112 1.1182117  4.7204884  3.71602129]", "final_simplex": "(array([[1.61188233, 1.5287452 , 5.50098112, 1.1182117 , 4.7204884 ,\n        3.71602129],\n       [1.61187996, 1.52874142, 5.50097526, 1.11821033, 4.72049119,\n        3.71601289],\n       [1.61187977, 1.52873903, 5.50097546, 1.11821551, 4.72049317,\n        3.71601268],\n       [1.61188398, 1.52874288, 5.50098437, 1.11820987, 4.72049527,\n        3.7160125 ],\n       [1.61188636, 1.52874142, 5.50098071, 1.11820871, 4.72049614,\n        3.71601274],\n       [1.61188499, 1.52873855, 5.50098484, 1.1182114 , 4.72048527,\n        3.71602076],\n       [1.61188454, 1.52873647, 5.50098106, 1.11820963, 4.7204938 ,\n        3.71601637]]), array([0.09096274, 0.09096274, 0.09096274, 0.09096274, 0.09096274,\n       0.09096274, 0.09096274]))", "callback": [0.5306383046311526, 0.4491371257334492, 0.42479113573680916, 0.4008345240643951, 0.3048437654378606, 0.14884417839933295, 0.11673642384535454, 0.09892609140745834, 0.09562439669840483, 0.09458603881420513, 0.09299150534952705, 0.09157734047394683, 0.09104897051807492, 0.09097969958199215, 0.09096630776737158, 0.09096392139961185, 0.09096346744542183, 0.09096291518502975, 0.09096283187010201, 0.09096277676362097, 0.09096275124916386, 0.09096274541814764, 0.09096274362243018, 0.09096274341457034, 0.09096274340513066]}, "5": {"maxiter": 500, "fatol": 1e-05, "xatol": 1e-10, "duration": 0.23307013511657715, "fun": "0.09096274338337595", "nit": "365", "nfev": "653", "status": "0", "success": "True", "message": "Optimization terminated successfully.", "x": "[1.61188338 1.52874614 5.50097914 1.11821376 4.72049245 3.71601122]", "final_simplex": "(array([[1.61188338, 1.52874614, 5.50097914, 1.11821376, 4.72049245,\n        3.71601122],\n       [1.61188338, 1.52874614, 5.50097914, 1.11821376, 4.72049245,\n        3.71601122],\n       [1.61188338, 1.52874614, 5.50097914, 1.11821376, 4.72049245,\n        3.71601122],\n       [1.61188338, 1.52874614, 5.50097914, 1.11821376, 4.72049245,\n        3.71601122],\n       [1.61188338, 1.52874614, 5.50097914, 1.11821376, 4.72049245,\n        3.71601122],\n       [1.61188338, 1.52874614, 5.50097914, 1.11821376, 4.72049245,\n        3.71601122],\n       [1.61188338, 1.52874614, 5.50097914, 1.11821376, 4.72049245,\n        3.71601122]]), array([0.09096274, 0.09096274, 0.09096274, 0.09096274, 0.09096274,\n       0.09096274, 0.09096274]))", "callback": [0.5306383046311526, 0.4491371257334492, 0.42479113573680916, 0.4008345240643951, 0.3048437654378606, 0.14884417839933295, 0.11673642384535454, 0.09892609140745834, 0.09562439669840483, 0.09458603881420513, 0.09299150534952705, 0.09157734047394683, 0.09104897051807492, 0.09097969958199215, 0.09096630776737158, 0.09096392139961185, 0.09096346744542183, 0.09096291518502975, 0.09096283187010201, 0.09096277676362097, 0.09096275124916386, 0.09096274541814764, 0.09096274362243018, 0.09096274341457034, 0.09096274340513066, 0.09096274338568211, 0.09096274338568211, 0.09096274338408528, 0.09096274338356714, 0.09096274338345522, 0.09096274338340316, 0.09096274338338184, 0.09096274338337762, 0.09096274338337662, 0.09096274338337607, 0.09096274338337595, 0.09096274338337595]}, "6": {"maxiter": 500, "fatol": 1e-10, "xatol": 1e-05, "duration": 0.14649415016174316, "fun": "0.09096274339157828", "nit": "249", "nfev": "411", "status": "0", "success": "True", "message": "Optimization terminated successfully.", "x": "[1.61188233 1.5287452  5.50098112 1.1182117  4.7204884  3.71602129]", "final_simplex": "(array([[1.61188233, 1.5287452 , 5.50098112, 1.1182117 , 4.7204884 ,\n        3.71602129],\n       [1.61187996, 1.52874142, 5.50097526, 1.11821033, 4.72049119,\n        3.71601289],\n       [1.61187977, 1.52873903, 5.50097546, 1.11821551, 4.72049317,\n        3.71601268],\n       [1.61188398, 1.52874288, 5.50098437, 1.11820987, 4.72049527,\n        3.7160125 ],\n       [1.61188636, 1.52874142, 5.50098071, 1.11820871, 4.72049614,\n        3.71601274],\n       [1.61188499, 1.52873855, 5.50098484, 1.1182114 , 4.72048527,\n        3.71602076],\n       [1.61188454, 1.52873647, 5.50098106, 1.11820963, 4.7204938 ,\n        3.71601637]]), array([0.09096274, 0.09096274, 0.09096274, 0.09096274, 0.09096274,\n       0.09096274, 0.09096274]))", "callback": [0.5306383046311526, 0.4491371257334492, 0.42479113573680916, 0.4008345240643951, 0.3048437654378606, 0.14884417839933295, 0.11673642384535454, 0.09892609140745834, 0.09562439669840483, 0.09458603881420513, 0.09299150534952705, 0.09157734047394683, 0.09104897051807492, 0.09097969958199215, 0.09096630776737158, 0.09096392139961185, 0.09096346744542183, 0.09096291518502975, 0.09096283187010201, 0.09096277676362097, 0.09096275124916386, 0.09096274541814764, 0.09096274362243018, 0.09096274341457034, 0.09096274340513066]}, "7": {"maxiter": 500, "fatol": 1e-10, "xatol": 1e-10, "duration": 0.22734284400939941, "fun": "0.09096274338337595", "nit": "365", "nfev": "653", "status": "0", "success": "True", "message": "Optimization terminated successfully.", "x": "[1.61188338 1.52874614 5.50097914 1.11821376 4.72049245 3.71601122]", "final_simplex": "(array([[1.61188338, 1.52874614, 5.50097914, 1.11821376, 4.72049245,\n        3.71601122],\n       [1.61188338, 1.52874614, 5.50097914, 1.11821376, 4.72049245,\n        3.71601122],\n       [1.61188338, 1.52874614, 5.50097914, 1.11821376, 4.72049245,\n        3.71601122],\n       [1.61188338, 1.52874614, 5.50097914, 1.11821376, 4.72049245,\n        3.71601122],\n       [1.61188338, 1.52874614, 5.50097914, 1.11821376, 4.72049245,\n        3.71601122],\n       [1.61188338, 1.52874614, 5.50097914, 1.11821376, 4.72049245,\n        3.71601122],\n       [1.61188338, 1.52874614, 5.50097914, 1.11821376, 4.72049245,\n        3.71601122]]), array([0.09096274, 0.09096274, 0.09096274, 0.09096274, 0.09096274,\n       0.09096274, 0.09096274]))", "callback": [0.5306383046311526, 0.4491371257334492, 0.42479113573680916, 0.4008345240643951, 0.3048437654378606, 0.14884417839933295, 0.11673642384535454, 0.09892609140745834, 0.09562439669840483, 0.09458603881420513, 0.09299150534952705, 0.09157734047394683, 0.09104897051807492, 0.09097969958199215, 0.09096630776737158, 0.09096392139961185, 0.09096346744542183, 0.09096291518502975, 0.09096283187010201, 0.09096277676362097, 0.09096275124916386, 0.09096274541814764, 0.09096274362243018, 0.09096274341457034, 0.09096274340513066, 0.09096274338568211, 0.09096274338568211, 0.09096274338408528, 0.09096274338356714, 0.09096274338345522, 0.09096274338340316, 0.09096274338338184, 0.09096274338337762, 0.09096274338337662, 0.09096274338337607, 0.09096274338337595, 0.09096274338337595]}, "8": {"maxiter": 1000, "fatol": 1e-05, "xatol": 1e-05, "duration": 0.14772295951843262, "fun": "0.09096274339157828", "nit": "249", "nfev": "411", "status": "0", "success": "True", "message": "Optimization terminated successfully.", "x": "[1.61188233 1.5287452  5.50098112 1.1182117  4.7204884  3.71602129]", "final_simplex": "(array([[1.61188233, 1.5287452 , 5.50098112, 1.1182117 , 4.7204884 ,\n        3.71602129],\n       [1.61187996, 1.52874142, 5.50097526, 1.11821033, 4.72049119,\n        3.71601289],\n       [1.61187977, 1.52873903, 5.50097546, 1.11821551, 4.72049317,\n        3.71601268],\n       [1.61188398, 1.52874288, 5.50098437, 1.11820987, 4.72049527,\n        3.7160125 ],\n       [1.61188636, 1.52874142, 5.50098071, 1.11820871, 4.72049614,\n        3.71601274],\n       [1.61188499, 1.52873855, 5.50098484, 1.1182114 , 4.72048527,\n        3.71602076],\n       [1.61188454, 1.52873647, 5.50098106, 1.11820963, 4.7204938 ,\n        3.71601637]]), array([0.09096274, 0.09096274, 0.09096274, 0.09096274, 0.09096274,\n       0.09096274, 0.09096274]))", "callback": [0.5306383046311526, 0.4491371257334492, 0.42479113573680916, 0.4008345240643951, 0.3048437654378606, 0.14884417839933295, 0.11673642384535454, 0.09892609140745834, 0.09562439669840483, 0.09458603881420513, 0.09299150534952705, 0.09157734047394683, 0.09104897051807492, 0.09097969958199215, 0.09096630776737158, 0.09096392139961185, 0.09096346744542183, 0.09096291518502975, 0.09096283187010201, 0.09096277676362097, 0.09096275124916386, 0.09096274541814764, 0.09096274362243018, 0.09096274341457034, 0.09096274340513066]}, "9": {"maxiter": 1000, "fatol": 1e-05, "xatol": 1e-10, "duration": 0.20295500755310059, "fun": "0.09096274338337595", "nit": "365", "nfev": "653", "status": "0", "success": "True", "message": "Optimization terminated successfully.", "x": "[1.61188338 1.52874614 5.50097914 1.11821376 4.72049245 3.71601122]", "final_simplex": "(array([[1.61188338, 1.52874614, 5.50097914, 1.11821376, 4.72049245,\n        3.71601122],\n       [1.61188338, 1.52874614, 5.50097914, 1.11821376, 4.72049245,\n        3.71601122],\n       [1.61188338, 1.52874614, 5.50097914, 1.11821376, 4.72049245,\n        3.71601122],\n       [1.61188338, 1.52874614, 5.50097914, 1.11821376, 4.72049245,\n        3.71601122],\n       [1.61188338, 1.52874614, 5.50097914, 1.11821376, 4.72049245,\n        3.71601122],\n       [1.61188338, 1.52874614, 5.50097914, 1.11821376, 4.72049245,\n        3.71601122],\n       [1.61188338, 1.52874614, 5.50097914, 1.11821376, 4.72049245,\n        3.71601122]]), array([0.09096274, 0.09096274, 0.09096274, 0.09096274, 0.09096274,\n       0.09096274, 0.09096274]))", "callback": [0.5306383046311526, 0.4491371257334492, 0.42479113573680916, 0.4008345240643951, 0.3048437654378606, 0.14884417839933295, 0.11673642384535454, 0.09892609140745834, 0.09562439669840483, 0.09458603881420513, 0.09299150534952705, 0.09157734047394683, 0.09104897051807492, 0.09097969958199215, 0.09096630776737158, 0.09096392139961185, 0.09096346744542183, 0.09096291518502975, 0.09096283187010201, 0.09096277676362097, 0.09096275124916386, 0.09096274541814764, 0.09096274362243018, 0.09096274341457034, 0.09096274340513066, 0.09096274338568211, 0.09096274338568211, 0.09096274338408528, 0.09096274338356714, 0.09096274338345522, 0.09096274338340316, 0.09096274338338184, 0.09096274338337762, 0.09096274338337662, 0.09096274338337607, 0.09096274338337595, 0.09096274338337595]}, "10": {"maxiter": 1000, "fatol": 1e-10, "xatol": 1e-05, "duration": 0.13007211685180664, "fun": "0.09096274339157828", "nit": "249", "nfev": "411", "status": "0", "success": "True", "message": "Optimization terminated successfully.", "x": "[1.61188233 1.5287452  5.50098112 1.1182117  4.7204884  3.71602129]", "final_simplex": "(array([[1.61188233, 1.5287452 , 5.50098112, 1.1182117 , 4.7204884 ,\n        3.71602129],\n       [1.61187996, 1.52874142, 5.50097526, 1.11821033, 4.72049119,\n        3.71601289],\n       [1.61187977, 1.52873903, 5.50097546, 1.11821551, 4.72049317,\n        3.71601268],\n       [1.61188398, 1.52874288, 5.50098437, 1.11820987, 4.72049527,\n        3.7160125 ],\n       [1.61188636, 1.52874142, 5.50098071, 1.11820871, 4.72049614,\n        3.71601274],\n       [1.61188499, 1.52873855, 5.50098484, 1.1182114 , 4.72048527,\n        3.71602076],\n       [1.61188454, 1.52873647, 5.50098106, 1.11820963, 4.7204938 ,\n        3.71601637]]), array([0.09096274, 0.09096274, 0.09096274, 0.09096274, 0.09096274,\n       0.09096274, 0.09096274]))", "callback": [0.5306383046311526, 0.4491371257334492, 0.42479113573680916, 0.4008345240643951, 0.3048437654378606, 0.14884417839933295, 0.11673642384535454, 0.09892609140745834, 0.09562439669840483, 0.09458603881420513, 0.09299150534952705, 0.09157734047394683, 0.09104897051807492, 0.09097969958199215, 0.09096630776737158, 0.09096392139961185, 0.09096346744542183, 0.09096291518502975, 0.09096283187010201, 0.09096277676362097, 0.09096275124916386, 0.09096274541814764, 0.09096274362243018, 0.09096274341457034, 0.09096274340513066]}, "11": {"maxiter": 1000, "fatol": 1e-10, "xatol": 1e-10, "duration": 0.22095608711242676, "fun": "0.09096274338337595", "nit": "365", "nfev": "653", "status": "0", "success": "True", "message": "Optimization terminated successfully.", "x": "[1.61188338 1.52874614 5.50097914 1.11821376 4.72049245 3.71601122]", "final_simplex": "(array([[1.61188338, 1.52874614, 5.50097914, 1.11821376, 4.72049245,\n        3.71601122],\n       [1.61188338, 1.52874614, 5.50097914, 1.11821376, 4.72049245,\n        3.71601122],\n       [1.61188338, 1.52874614, 5.50097914, 1.11821376, 4.72049245,\n        3.71601122],\n       [1.61188338, 1.52874614, 5.50097914, 1.11821376, 4.72049245,\n        3.71601122],\n       [1.61188338, 1.52874614, 5.50097914, 1.11821376, 4.72049245,\n        3.71601122],\n       [1.61188338, 1.52874614, 5.50097914, 1.11821376, 4.72049245,\n        3.71601122],\n       [1.61188338, 1.52874614, 5.50097914, 1.11821376, 4.72049245,\n        3.71601122]]), array([0.09096274, 0.09096274, 0.09096274, 0.09096274, 0.09096274,\n       0.09096274, 0.09096274]))", "callback": [0.5306383046311526, 0.4491371257334492, 0.42479113573680916, 0.4008345240643951, 0.3048437654378606, 0.14884417839933295, 0.11673642384535454, 0.09892609140745834, 0.09562439669840483, 0.09458603881420513, 0.09299150534952705, 0.09157734047394683, 0.09104897051807492, 0.09097969958199215, 0.09096630776737158, 0.09096392139961185, 0.09096346744542183, 0.09096291518502975, 0.09096283187010201, 0.09096277676362097, 0.09096275124916386, 0.09096274541814764, 0.09096274362243018, 0.09096274341457034, 0.09096274340513066, 0.09096274338568211, 0.09096274338568211, 0.09096274338408528, 0.09096274338356714, 0.09096274338345522, 0.09096274338340316, 0.09096274338338184, 0.09096274338337762, 0.09096274338337662, 0.09096274338337607, 0.09096274338337595, 0.09096274338337595]}}, "bfgs": {"type": "gradient", "0": {"maxiter": 100, "gtol": 1e-05, "xrtol": 1e-05, "eps": 1e-05, "duration": 0.05401802062988281, "fun": "0.09096274358422674", "jac": "[ 5.18225463e-06  5.60760327e-06  3.58753027e-06  2.81322743e-06\n -4.31272795e-06 -5.54001289e-09]", "hess_inv": "[[ 3.06326553 -0.30227088  1.63415246 -1.12295019 -0.07928451  0.60150659]\n [-0.30227088  3.02848312  0.15095975  0.14853422  1.09099147 -1.67177492]\n [ 1.63415246  0.15095975  7.57653552 -1.78665478 -2.00818054  1.18141478]\n [-1.12295019  0.14853422 -1.78665478  2.97703852  1.04815336 -0.88176695]\n [-0.07928451  1.09099147 -2.00818054  1.04815336  4.8574969  -3.13324005]\n [ 0.60150659 -1.67177492  1.18141478 -0.88176695 -3.13324005  7.69675179]]", "nfev": "147", "njev": "21", "status": "0", "success": "True", "message": "Optimization terminated successfully.", "x": "[1.61190036 1.52875634 5.50102792 1.11820025 4.72045971 3.71602355]", "nit": "19", "callback": [0.24030176095444, 0.16889444943302112, 0.11463977457513885, 0.10589428080951901, 0.10147771455108978, 0.09723971985676161, 0.09387796864797526, 0.0925283117757647, 0.09140069676437479, 0.09104673550763032, 0.09097975761030241, 0.09096671537388201, 0.09096415953646042, 0.09096321678981867, 0.09096300296490234, 0.0909628880132598, 0.09096278908595257, 0.09096274928382198, 0.09096274358422674]}, "1": {"maxiter": 100, "gtol": 1e-05, "xrtol": 1e-05, "eps": 1e-10, "duration": 0.04759812355041504, "fun": "0.09096274381262304", "jac": "[2.22044587e-06 8.88178346e-06 4.44089173e-06 3.33066880e-06\n 4.44089173e-06 4.44089173e-06]", "hess_inv": "[[ 3.06562427 -0.29496354  1.71849159 -1.11872593 -0.0941948   0.53940599]\n [-0.29496354  3.0857847   0.23230989  0.18882731  1.21684226 -1.7844541 ]\n [ 1.71849159  0.23230989  7.82404739 -1.80847682 -2.03362347  1.22102379]\n [-1.11872593  0.18882731 -1.80847682  3.00585025  1.16549489 -0.90099067]\n [-0.0941948   1.21684226 -2.03362347  1.16549489  5.21387442 -3.35306131]\n [ 0.53940599 -1.7844541   1.22102379 -0.90099067 -3.35306131  7.4842596 ]]", "nfev": "147", "njev": "21", "status": "0", "success": "True", "message": "Optimization terminated successfully.", "x": "[1.61191324 1.52877179 5.50104028 1.118207   4.72048602 3.71603597]", "nit": "19", "callback": [0.2403030095155485, 0.16889584060353535, 0.11464007205754423, 0.10589526772514968, 0.10147810789225964, 0.09724017408334218, 0.09387823854729593, 0.0925278361525248, 0.09140120547489516, 0.09104683926794332, 0.09097976572954103, 0.09096672015232876, 0.09096415983216866, 0.09096321824662457, 0.09096300099835697, 0.09096289132846624, 0.09096278425992155, 0.09096274951307326, 0.09096274381262304]}, "2": {"maxiter": 100, "gtol": 1e-05, "xrtol": 1e-10, "eps": 1e-05, "duration": 0.051245927810668945, "fun": "0.09096274358422674", "jac": "[ 5.18225463e-06  5.60760327e-06  3.58753027e-06  2.81322743e-06\n -4.31272795e-06 -5.54001289e-09]", "hess_inv": "[[ 3.06326553 -0.30227088  1.63415246 -1.12295019 -0.07928451  0.60150659]\n [-0.30227088  3.02848312  0.15095975  0.14853422  1.09099147 -1.67177492]\n [ 1.63415246  0.15095975  7.57653552 -1.78665478 -2.00818054  1.18141478]\n [-1.12295019  0.14853422 -1.78665478  2.97703852  1.04815336 -0.88176695]\n [-0.07928451  1.09099147 -2.00818054  1.04815336  4.8574969  -3.13324005]\n [ 0.60150659 -1.67177492  1.18141478 -0.88176695 -3.13324005  7.69675179]]", "nfev": "147", "njev": "21", "status": "0", "success": "True", "message": "Optimization terminated successfully.", "x": "[1.61190036 1.52875634 5.50102792 1.11820025 4.72045971 3.71602355]", "nit": "19", "callback": [0.24030176095444, 0.16889444943302112, 0.11463977457513885, 0.10589428080951901, 0.10147771455108978, 0.09723971985676161, 0.09387796864797526, 0.0925283117757647, 0.09140069676437479, 0.09104673550763032, 0.09097975761030241, 0.09096671537388201, 0.09096415953646042, 0.09096321678981867, 0.09096300296490234, 0.0909628880132598, 0.09096278908595257, 0.09096274928382198, 0.09096274358422674]}, "3": {"maxiter": 100, "gtol": 1e-05, "xrtol": 1e-10, "eps": 1e-10, "duration": 0.04878997802734375, "fun": "0.09096274381262304", "jac": "[2.22044587e-06 8.88178346e-06 4.44089173e-06 3.33066880e-06\n 4.44089173e-06 4.44089173e-06]", "hess_inv": "[[ 3.06562427 -0.29496354  1.71849159 -1.11872593 -0.0941948   0.53940599]\n [-0.29496354  3.0857847   0.23230989  0.18882731  1.21684226 -1.7844541 ]\n [ 1.71849159  0.23230989  7.82404739 -1.80847682 -2.03362347  1.22102379]\n [-1.11872593  0.18882731 -1.80847682  3.00585025  1.16549489 -0.90099067]\n [-0.0941948   1.21684226 -2.03362347  1.16549489  5.21387442 -3.35306131]\n [ 0.53940599 -1.7844541   1.22102379 -0.90099067 -3.35306131  7.4842596 ]]", "nfev": "147", "njev": "21", "status": "0", "success": "True", "message": "Optimization terminated successfully.", "x": "[1.61191324 1.52877179 5.50104028 1.118207   4.72048602 3.71603597]", "nit": "19", "callback": [0.2403030095155485, 0.16889584060353535, 0.11464007205754423, 0.10589526772514968, 0.10147810789225964, 0.09724017408334218, 0.09387823854729593, 0.0925278361525248, 0.09140120547489516, 0.09104683926794332, 0.09097976572954103, 0.09096672015232876, 0.09096415983216866, 0.09096321824662457, 0.09096300099835697, 0.09096289132846624, 0.09096278425992155, 0.09096274951307326, 0.09096274381262304]}, "4": {"maxiter": 100, "gtol": 1e-10, "xrtol": 1e-05, "eps": 1e-05, "duration": 0.05873680114746094, "fun": "0.09096274339971577", "jac": "[ 2.91688895e-07  3.24484883e-07  6.81965595e-07  5.65902880e-07\n -4.04121181e-08 -3.60123042e-07]", "hess_inv": "[[ 3.29439751 -0.18546556  2.10139475 -1.25577556 -0.40814001  0.85439561]\n [-0.18546556  3.05461345  0.32839697  0.05532183  0.8692858  -1.43485585]\n [ 2.10139475  0.32839697  8.41638568 -2.101705   -2.77200954  1.88730098]\n [-1.25577556  0.05532183 -2.101705    3.03268321  1.19311663 -0.94056822]\n [-0.40814001  0.8692858  -2.77200954  1.19311663  5.231716   -3.30892008]\n [ 0.85439561 -1.43485585  1.88730098 -0.94056822 -3.30892008  7.6115202 ]]", "nfev": "154", "njev": "22", "status": "0", "success": "True", "message": "Optimization terminated successfully.", "x": "[1.61187857 1.52874258 5.50097896 1.1182106  4.72048608 3.71600882]", "nit": "20", "callback": [0.24030176095444, 0.16889444943302112, 0.11463977457513885, 0.10589428080951901, 0.10147771455108978, 0.09723971985676161, 0.09387796864797526, 0.0925283117757647, 0.09140069676437479, 0.09104673550763032, 0.09097975761030241, 0.09096671537388201, 0.09096415953646042, 0.09096321678981867, 0.09096300296490234, 0.0909628880132598, 0.09096278908595257, 0.09096274928382198, 0.09096274358422674, 0.09096274339971577]}, "5": {"maxiter": 100, "gtol": 1e-10, "xrtol": 1e-05, "eps": 1e-10, "duration": 0.05495715141296387, "fun": "0.09096274343855204", "jac": "[8.88178346e-06 0.00000000e+00 4.44089173e-06 7.77156053e-06\n 2.22044587e-06 3.33066880e-06]", "hess_inv": "[[ 3.21852334e+00 -1.36041885e-01  2.05180837e+00 -1.19146832e+00\n  -2.42307712e-01  7.98979439e-01]\n [-1.36041885e-01  3.01371330e+00  4.39707798e-01  3.42290821e-03\n   7.01951833e-01 -1.34579222e+00]\n [ 2.05180837e+00  4.39707798e-01  8.46917845e+00 -2.03140282e+00\n  -2.56804647e+00  1.88585547e+00]\n [-1.19146832e+00  3.42290821e-03 -2.03140282e+00  2.98964561e+00\n   1.06892152e+00 -9.46336340e-01]\n [-2.42307712e-01  7.01951833e-01 -2.56804647e+00  1.06892152e+00\n   4.80823155e+00 -3.34760902e+00]\n [ 7.98979439e-01 -1.34579222e+00  1.88585547e+00 -9.46336340e-01\n  -3.34760902e+00  7.80474340e+00]]", "nfev": "154", "njev": "22", "status": "0", "success": "True", "message": "Optimization terminated successfully.", "x": "[1.61189969 1.52874622 5.501004   1.11820814 4.72048168 3.71602113]", "nit": "20", "callback": [0.2403030095155485, 0.16889584060353535, 0.11464007205754423, 0.10589526772514968, 0.10147810789225964, 0.09724017408334218, 0.09387823854729593, 0.0925278361525248, 0.09140120547489516, 0.09104683926794332, 0.09097976572954103, 0.09096672015232876, 0.09096415983216866, 0.09096321824662457, 0.09096300099835697, 0.09096289132846624, 0.09096278425992155, 0.09096274951307326, 0.09096274381262304, 0.09096274343855204]}, "6": {"maxiter": 100, "gtol": 1e-10, "xrtol": 1e-10, "eps": 1e-05, "duration": 0.17156577110290527, "fun": "0.09096274339971577", "jac": "[ 2.91688895e-07  3.24484883e-07  6.81965595e-07  5.65902880e-07\n -4.04121181e-08 -3.60123042e-07]", "hess_inv": "[[ 3.35410145 -0.10415189  2.32506053 -1.23921927 -0.39975187  0.7392599 ]\n [-0.10415189  3.1334944   0.56759911  0.04506937  0.82180062 -1.47806377]\n [ 2.32506053  0.56759911  9.11998345 -2.10702425 -2.86153047  1.68920446]\n [-1.23921927  0.04506937 -2.10702425  3.00350831  1.13480061 -0.85555379]\n [-0.39975187  0.82180062 -2.86153047  1.13480061  5.12398444 -3.11507383]\n [ 0.7392599  -1.47806377  1.68920446 -0.85555379 -3.11507383  7.42854568]]", "nfev": "466", "njev": "65", "status": "2", "success": "False", "message": "Desired error not necessarily achieved due to precision loss.", "x": "[1.61187857 1.52874258 5.50097896 1.1182106  4.72048608 3.71600882]", "nit": "20", "callback": [0.24030176095444, 0.16889444943302112, 0.11463977457513885, 0.10589428080951901, 0.10147771455108978, 0.09723971985676161, 0.09387796864797526, 0.0925283117757647, 0.09140069676437479, 0.09104673550763032, 0.09097975761030241, 0.09096671537388201, 0.09096415953646042, 0.09096321678981867, 0.09096300296490234, 0.0909628880132598, 0.09096278908595257, 0.09096274928382198, 0.09096274358422674, 0.09096274339971577]}, "7": {"maxiter": 100, "gtol": 1e-10, "xrtol": 1e-10, "eps": 1e-10, "duration": 0.08542180061340332, "fun": "0.09096274339113175", "jac": "[5.55111466e-06 1.11022293e-06 3.33066880e-06 4.44089173e-06\n 1.11022293e-06 1.11022293e-06]", "hess_inv": "[[ 1.75604796 -0.91213088 -0.92784434 -1.68697921 -0.20472176 -0.86772736]\n [-0.91213088  1.1306789  -0.09188497  1.08240219 -0.22662851  0.13676477]\n [-0.92784434 -0.09188497  1.47279458  0.75669017  0.70333942  0.58650846]\n [-1.68697921  1.08240219  0.75669017  1.73817928  0.0397396   0.69995897]\n [-0.20472176 -0.22662851  0.70333942  0.0397396   0.65644277  0.15823024]\n [-0.86772736  0.13676477  0.58650846  0.69995897  0.15823024  0.64841697]]", "nfev": "252", "njev": "36", "status": "0", "success": "True", "message": "Optimization terminated successfully.", "x": "[1.61188306 1.52873997 5.50098056 1.11821372 4.72049335 3.71601341]", "nit": "28", "callback": [0.2403030095155485, 0.16889584060353535, 0.11464007205754423, 0.10589526772514968, 0.10147810789225964, 0.09724017408334218, 0.09387823854729593, 0.0925278361525248, 0.09140120547489516, 0.09104683926794332, 0.09097976572954103, 0.09096672015232876, 0.09096415983216866, 0.09096321824662457, 0.09096300099835697, 0.09096289132846624, 0.09096278425992155, 0.09096274951307326, 0.09096274381262304, 0.09096274343855204, 0.0909627434266479, 0.09096274341855026, 0.09096274341159805, 0.090962743398047, 0.09096274339113641, 0.09096274339113275, 0.0909627433911323, 0.09096274339113175]}, "8": {"maxiter": 500, "gtol": 1e-05, "xrtol": 1e-05, "eps": 1e-05, "duration": 0.04792380332946777, "fun": "0.09096274358422674", "jac": "[ 5.18225463e-06  5.60760327e-06  3.58753027e-06  2.81322743e-06\n -4.31272795e-06 -5.54001289e-09]", "hess_inv": "[[ 3.06326553 -0.30227088  1.63415246 -1.12295019 -0.07928451  0.60150659]\n [-0.30227088  3.02848312  0.15095975  0.14853422  1.09099147 -1.67177492]\n [ 1.63415246  0.15095975  7.57653552 -1.78665478 -2.00818054  1.18141478]\n [-1.12295019  0.14853422 -1.78665478  2.97703852  1.04815336 -0.88176695]\n [-0.07928451  1.09099147 -2.00818054  1.04815336  4.8574969  -3.13324005]\n [ 0.60150659 -1.67177492  1.18141478 -0.88176695 -3.13324005  7.69675179]]", "nfev": "147", "njev": "21", "status": "0", "success": "True", "message": "Optimization terminated successfully.", "x": "[1.61190036 1.52875634 5.50102792 1.11820025 4.72045971 3.71602355]", "nit": "19", "callback": [0.24030176095444, 0.16889444943302112, 0.11463977457513885, 0.10589428080951901, 0.10147771455108978, 0.09723971985676161, 0.09387796864797526, 0.0925283117757647, 0.09140069676437479, 0.09104673550763032, 0.09097975761030241, 0.09096671537388201, 0.09096415953646042, 0.09096321678981867, 0.09096300296490234, 0.0909628880132598, 0.09096278908595257, 0.09096274928382198, 0.09096274358422674]}, "9": {"maxiter": 500, "gtol": 1e-05, "xrtol": 1e-05, "eps": 1e-10, "duration": 0.044795989990234375, "fun": "0.09096274381262304", "jac": "[2.22044587e-06 8.88178346e-06 4.44089173e-06 3.33066880e-06\n 4.44089173e-06 4.44089173e-06]", "hess_inv": "[[ 3.06562427 -0.29496354  1.71849159 -1.11872593 -0.0941948   0.53940599]\n [-0.29496354  3.0857847   0.23230989  0.18882731  1.21684226 -1.7844541 ]\n [ 1.71849159  0.23230989  7.82404739 -1.80847682 -2.03362347  1.22102379]\n [-1.11872593  0.18882731 -1.80847682  3.00585025  1.16549489 -0.90099067]\n [-0.0941948   1.21684226 -2.03362347  1.16549489  5.21387442 -3.35306131]\n [ 0.53940599 -1.7844541   1.22102379 -0.90099067 -3.35306131  7.4842596 ]]", "nfev": "147", "njev": "21", "status": "0", "success": "True", "message": "Optimization terminated successfully.", "x": "[1.61191324 1.52877179 5.50104028 1.118207   4.72048602 3.71603597]", "nit": "19", "callback": [0.2403030095155485, 0.16889584060353535, 0.11464007205754423, 0.10589526772514968, 0.10147810789225964, 0.09724017408334218, 0.09387823854729593, 0.0925278361525248, 0.09140120547489516, 0.09104683926794332, 0.09097976572954103, 0.09096672015232876, 0.09096415983216866, 0.09096321824662457, 0.09096300099835697, 0.09096289132846624, 0.09096278425992155, 0.09096274951307326, 0.09096274381262304]}, "10": {"maxiter": 500, "gtol": 1e-05, "xrtol": 1e-10, "eps": 1e-05, "duration": 0.0523068904876709, "fun": "0.09096274358422674", "jac": "[ 5.18225463e-06  5.60760327e-06  3.58753027e-06  2.81322743e-06\n -4.31272795e-06 -5.54001289e-09]", "hess_inv": "[[ 3.06326553 -0.30227088  1.63415246 -1.12295019 -0.07928451  0.60150659]\n [-0.30227088  3.02848312  0.15095975  0.14853422  1.09099147 -1.67177492]\n [ 1.63415246  0.15095975  7.57653552 -1.78665478 -2.00818054  1.18141478]\n [-1.12295019  0.14853422 -1.78665478  2.97703852  1.04815336 -0.88176695]\n [-0.07928451  1.09099147 -2.00818054  1.04815336  4.8574969  -3.13324005]\n [ 0.60150659 -1.67177492  1.18141478 -0.88176695 -3.13324005  7.69675179]]", "nfev": "147", "njev": "21", "status": "0", "success": "True", "message": "Optimization terminated successfully.", "x": "[1.61190036 1.52875634 5.50102792 1.11820025 4.72045971 3.71602355]", "nit": "19", "callback": [0.24030176095444, 0.16889444943302112, 0.11463977457513885, 0.10589428080951901, 0.10147771455108978, 0.09723971985676161, 0.09387796864797526, 0.0925283117757647, 0.09140069676437479, 0.09104673550763032, 0.09097975761030241, 0.09096671537388201, 0.09096415953646042, 0.09096321678981867, 0.09096300296490234, 0.0909628880132598, 0.09096278908595257, 0.09096274928382198, 0.09096274358422674]}, "11": {"maxiter": 500, "gtol": 1e-05, "xrtol": 1e-10, "eps": 1e-10, "duration": 0.046463966369628906, "fun": "0.09096274381262304", "jac": "[2.22044587e-06 8.88178346e-06 4.44089173e-06 3.33066880e-06\n 4.44089173e-06 4.44089173e-06]", "hess_inv": "[[ 3.06562427 -0.29496354  1.71849159 -1.11872593 -0.0941948   0.53940599]\n [-0.29496354  3.0857847   0.23230989  0.18882731  1.21684226 -1.7844541 ]\n [ 1.71849159  0.23230989  7.82404739 -1.80847682 -2.03362347  1.22102379]\n [-1.11872593  0.18882731 -1.80847682  3.00585025  1.16549489 -0.90099067]\n [-0.0941948   1.21684226 -2.03362347  1.16549489  5.21387442 -3.35306131]\n [ 0.53940599 -1.7844541   1.22102379 -0.90099067 -3.35306131  7.4842596 ]]", "nfev": "147", "njev": "21", "status": "0", "success": "True", "message": "Optimization terminated successfully.", "x": "[1.61191324 1.52877179 5.50104028 1.118207   4.72048602 3.71603597]", "nit": "19", "callback": [0.2403030095155485, 0.16889584060353535, 0.11464007205754423, 0.10589526772514968, 0.10147810789225964, 0.09724017408334218, 0.09387823854729593, 0.0925278361525248, 0.09140120547489516, 0.09104683926794332, 0.09097976572954103, 0.09096672015232876, 0.09096415983216866, 0.09096321824662457, 0.09096300099835697, 0.09096289132846624, 0.09096278425992155, 0.09096274951307326, 0.09096274381262304]}, "12": {"maxiter": 500, "gtol": 1e-10, "xrtol": 1e-05, "eps": 1e-05, "duration": 0.05882883071899414, "fun": "0.09096274339971577", "jac": "[ 2.91688895e-07  3.24484883e-07  6.81965595e-07  5.65902880e-07\n -4.04121181e-08 -3.60123042e-07]", "hess_inv": "[[ 3.29439751 -0.18546556  2.10139475 -1.25577556 -0.40814001  0.85439561]\n [-0.18546556  3.05461345  0.32839697  0.05532183  0.8692858  -1.43485585]\n [ 2.10139475  0.32839697  8.41638568 -2.101705   -2.77200954  1.88730098]\n [-1.25577556  0.05532183 -2.101705    3.03268321  1.19311663 -0.94056822]\n [-0.40814001  0.8692858  -2.77200954  1.19311663  5.231716   -3.30892008]\n [ 0.85439561 -1.43485585  1.88730098 -0.94056822 -3.30892008  7.6115202 ]]", "nfev": "154", "njev": "22", "status": "0", "success": "True", "message": "Optimization terminated successfully.", "x": "[1.61187857 1.52874258 5.50097896 1.1182106  4.72048608 3.71600882]", "nit": "20", "callback": [0.24030176095444, 0.16889444943302112, 0.11463977457513885, 0.10589428080951901, 0.10147771455108978, 0.09723971985676161, 0.09387796864797526, 0.0925283117757647, 0.09140069676437479, 0.09104673550763032, 0.09097975761030241, 0.09096671537388201, 0.09096415953646042, 0.09096321678981867, 0.09096300296490234, 0.0909628880132598, 0.09096278908595257, 0.09096274928382198, 0.09096274358422674, 0.09096274339971577]}, "13": {"maxiter": 500, "gtol": 1e-10, "xrtol": 1e-05, "eps": 1e-10, "duration": 0.05308413505554199, "fun": "0.09096274343855204", "jac": "[8.88178346e-06 0.00000000e+00 4.44089173e-06 7.77156053e-06\n 2.22044587e-06 3.33066880e-06]", "hess_inv": "[[ 3.21852334e+00 -1.36041885e-01  2.05180837e+00 -1.19146832e+00\n  -2.42307712e-01  7.98979439e-01]\n [-1.36041885e-01  3.01371330e+00  4.39707798e-01  3.42290821e-03\n   7.01951833e-01 -1.34579222e+00]\n [ 2.05180837e+00  4.39707798e-01  8.46917845e+00 -2.03140282e+00\n  -2.56804647e+00  1.88585547e+00]\n [-1.19146832e+00  3.42290821e-03 -2.03140282e+00  2.98964561e+00\n   1.06892152e+00 -9.46336340e-01]\n [-2.42307712e-01  7.01951833e-01 -2.56804647e+00  1.06892152e+00\n   4.80823155e+00 -3.34760902e+00]\n [ 7.98979439e-01 -1.34579222e+00  1.88585547e+00 -9.46336340e-01\n  -3.34760902e+00  7.80474340e+00]]", "nfev": "154", "njev": "22", "status": "0", "success": "True", "message": "Optimization terminated successfully.", "x": "[1.61189969 1.52874622 5.501004   1.11820814 4.72048168 3.71602113]", "nit": "20", "callback": [0.2403030095155485, 0.16889584060353535, 0.11464007205754423, 0.10589526772514968, 0.10147810789225964, 0.09724017408334218, 0.09387823854729593, 0.0925278361525248, 0.09140120547489516, 0.09104683926794332, 0.09097976572954103, 0.09096672015232876, 0.09096415983216866, 0.09096321824662457, 0.09096300099835697, 0.09096289132846624, 0.09096278425992155, 0.09096274951307326, 0.09096274381262304, 0.09096274343855204]}, "14": {"maxiter": 500, "gtol": 1e-10, "xrtol": 1e-10, "eps": 1e-05, "duration": 0.15403389930725098, "fun": "0.09096274339971577", "jac": "[ 2.91688895e-07  3.24484883e-07  6.81965595e-07  5.65902880e-07\n -4.04121181e-08 -3.60123042e-07]", "hess_inv": "[[ 3.35410145 -0.10415189  2.32506053 -1.23921927 -0.39975187  