{"date": "2024/10/08/, 17:16:35", "conf_id": 15, "data_type": "random\n", "num_data_points": 1, "s_rank": 0, "unitary": "[[-0.45070455-0.02711853j,0.78437395-0.06613086j,0.06358678+0.19963393j,-0.07343613+0.35668523j],[-0.01890143-0.03813363j,0.32408202+0.25557629j,0.05872864-0.68979805j,0.55466693-0.20227297j],[-0.11215405+0.64023111j,-0.13344055+0.29565494j,-0.49012687-0.19046288j,-0.04241254+0.44046348j],[0.55771659+0.24656916j,0.31851997-0.05798805j,0.28761525-0.34294258j,-0.56718418+0.03616933j]]", "databatch_0": {"databatch": "[[[0.04825078-0.04281163j,-0.22970037+0.12409915j,0.28065501-0.24073082j,-0.0622342+0.24174145j],[-0.01314943+0.20267982j,0.01947458-0.11997878j,0.01982135-0.02196487j,-0.14900793+0.04154397j],[0.0443335+0.0269559j,-0.33889203-0.16919102j,-0.04412654+0.20506365j,-0.29372605-0.01268455j],[-0.00935639-0.18411391j,0.4502821-0.09271809j,0.21673413-0.1612324j,-0.22621694+0.04165805j]]]", "initial param values": "[5.97299754,1.21939967,6.17479677,6.07316171,0.51905789,2.21757394]", "nelder_mead": {"type": "gradient-free", "0": {"maxiter": 100, "fatol": 1e-05, "xatol": 1e-05, "duration": 0.03817415237426758, "fun": "0.27371123732723646", "nit": "100", "nfev": "160", "status": "2", "success": "False", "message": "Maximum number of iterations has been exceeded.", "x": "[7.50712603 1.18690078 7.38590159 4.70442461 0.7674469  1.21129999]", "final_simplex": "(array([[7.50712603, 1.18690078, 7.38590159, 4.70442461, 0.7674469 ,\n        1.21129999],\n       [7.63802285, 1.27776205, 7.2492128 , 4.68977721, 0.72369734,\n        1.18832951],\n       [7.51200036, 1.25405236, 7.28735752, 4.73704693, 0.72472716,\n        1.17729271],\n       [7.53572991, 1.26768331, 7.42379221, 4.67062932, 0.73883457,\n        1.07713353],\n       [7.58753214, 1.25164205, 7.32425341, 4.70268031, 0.71204128,\n        1.1553275 ],\n       [7.55806139, 1.24392399, 7.28169086, 4.68571272, 0.72110782,\n        1.19051368],\n       [7.52844725, 1.29169586, 7.26768352, 4.74608304, 0.69946417,\n        1.18909112]]), array([0.27371124, 0.27494194, 0.27612146, 0.276124  , 0.27728343,\n       0.27728677, 0.27776868]))", "callback": [0.5725436513108872, 0.40300542877144163, 0.3404766986699439, 0.32706636149457713, 0.30117199296092445, 0.28887362318609233, 0.2846769612129829, 0.28180337399941924, 0.27969330422422534, 0.2772834295536951]}, "1": {"maxiter": 100, "fatol": 1e-05, "xatol": 1e-10, "duration": 0.03724408149719238, "fun": "0.27371123732723646", "nit": "100", "nfev": "160", "status": "2", "success": "False", "message": "Maximum number of iterations has been exceeded.", "x": "[7.50712603 1.18690078 7.38590159 4.70442461 0.7674469  1.21129999]", "final_simplex": "(array([[7.50712603, 1.18690078, 7.38590159, 4.70442461, 0.7674469 ,\n        1.21129999],\n       [7.63802285, 1.27776205, 7.2492128 , 4.68977721, 0.72369734,\n        1.18832951],\n       [7.51200036, 1.25405236, 7.28735752, 4.73704693, 0.72472716,\n        1.17729271],\n       [7.53572991, 1.26768331, 7.42379221, 4.67062932, 0.73883457,\n        1.07713353],\n       [7.58753214, 1.25164205, 7.32425341, 4.70268031, 0.71204128,\n        1.1553275 ],\n       [7.55806139, 1.24392399, 7.28169086, 4.68571272, 0.72110782,\n        1.19051368],\n       [7.52844725, 1.29169586, 7.26768352, 4.74608304, 0.69946417,\n        1.18909112]]), array([0.27371124, 0.27494194, 0.27612146, 0.276124  , 0.27728343,\n       0.27728677, 0.27776868]))", "callback": [0.5725436513108872, 0.40300542877144163, 0.3404766986699439, 0.32706636149457713, 0.30117199296092445, 0.28887362318609233, 0.2846769612129829, 0.28180337399941924, 0.27969330422422534, 0.2772834295536951]}, "2": {"maxiter": 100, "fatol": 1e-10, "xatol": 1e-05, "duration": 0.03269505500793457, "fun": "0.27371123732723646", "nit": "100", "nfev": "160", "status": "2", "success": "False", "message": "Maximum number of iterations has been exceeded.", "x": "[7.50712603 1.18690078 7.38590159 4.70442461 0.7674469  1.21129999]", "final_simplex": "(array([[7.50712603, 1.18690078, 7.38590159, 4.70442461, 0.7674469 ,\n        1.21129999],\n       [7.63802285, 1.27776205, 7.2492128 , 4.68977721, 0.72369734,\n        1.18832951],\n       [7.51200036, 1.25405236, 7.28735752, 4.73704693, 0.72472716,\n        1.17729271],\n       [7.53572991, 1.26768331, 7.42379221, 4.67062932, 0.73883457,\n        1.07713353],\n       [7.58753214, 1.25164205, 7.32425341, 4.70268031, 0.71204128,\n        1.1553275 ],\n       [7.55806139, 1.24392399, 7.28169086, 4.68571272, 0.72110782,\n        1.19051368],\n       [7.52844725, 1.29169586, 7.26768352, 4.74608304, 0.69946417,\n        1.18909112]]), array([0.27371124, 0.27494194, 0.27612146, 0.276124  , 0.27728343,\n       0.27728677, 0.27776868]))", "callback": [0.5725436513108872, 0.40300542877144163, 0.3404766986699439, 0.32706636149457713, 0.30117199296092445, 0.28887362318609233, 0.2846769612129829, 0.28180337399941924, 0.27969330422422534, 0.2772834295536951]}, "3": {"maxiter": 100, "fatol": 1e-10, "xatol": 1e-10, "duration": 0.033553123474121094, "fun": "0.27371123732723646", "nit": "100", "nfev": "160", "status": "2", "success": "False", "message": "Maximum number of iterations has been exceeded.", "x": "[7.50712603 1.18690078 7.38590159 4.70442461 0.7674469  1.21129999]", "final_simplex": "(array([[7.50712603, 1.18690078, 7.38590159, 4.70442461, 0.7674469 ,\n        1.21129999],\n       [7.63802285, 1.27776205, 7.2492128 , 4.68977721, 0.72369734,\n        1.18832951],\n       [7.51200036, 1.25405236, 7.28735752, 4.73704693, 0.72472716,\n        1.17729271],\n       [7.53572991, 1.26768331, 7.42379221, 4.67062932, 0.73883457,\n        1.07713353],\n       [7.58753214, 1.25164205, 7.32425341, 4.70268031, 0.71204128,\n        1.1553275 ],\n       [7.55806139, 1.24392399, 7.28169086, 4.68571272, 0.72110782,\n        1.19051368],\n       [7.52844725, 1.29169586, 7.26768352, 4.74608304, 0.69946417,\n        1.18909112]]), array([0.27371124, 0.27494194, 0.27612146, 0.276124  , 0.27728343,\n       0.27728677, 0.27776868]))", "callback": [0.5725436513108872, 0.40300542877144163, 0.3404766986699439, 0.32706636149457713, 0.30117199296092445, 0.28887362318609233, 0.2846769612129829, 0.28180337399941924, 0.27969330422422534, 0.2772834295536951]}, "4": {"maxiter": 500, "fatol": 1e-05, "xatol": 1e-05, "duration": 0.1100931167602539, "fun": "0.22821192080792563", "nit": "298", "nfev": "473", "status": "0", "success": "True", "message": "Optimization terminated successfully.", "x": "[7.50762582 1.50366862 7.37116638 4.77721595 1.2723906  1.0221956 ]", "final_simplex": "(array([[7.50762582, 1.50366862, 7.37116638, 4.77721595, 1.2723906 ,\n        1.0221956 ],\n       [7.50762556, 1.5036604 , 7.37116836, 4.7772148 , 1.27238862,\n        1.02219819],\n       [7.50762169, 1.50366593, 7.37116872, 4.77721332, 1.27238986,\n        1.02219519],\n       [7.50762332, 1.5036646 , 7.37116415, 4.77721861, 1.27238626,\n        1.02219842],\n       [7.50762491, 1.50366983, 7.37116622, 4.77721501, 1.27239259,\n        1.02218648],\n       [7.50762576, 1.50366114, 7.37117227, 4.77721228, 1.27238589,\n        1.0221939 ],\n       [7.50762531, 1.503664  , 7.37115929, 4.77721437, 1.27238877,\n        1.02220146]]), array([0.22821192, 0.22821192, 0.22821192, 0.22821192, 0.22821192,\n       0.22821192, 0.22821192]))", "callback": [0.5725436513108872, 0.40300542877144163, 0.3404766986699439, 0.32706636149457713, 0.30117199296092445, 0.28887362318609233, 0.2846769612129829, 0.28180337399941924, 0.27969330422422534, 0.2772834295536951, 0.271836002935829, 0.25424734287483053, 0.2325211443729447, 0.2301819292371199, 0.2286824437069228, 0.22829873192528205, 0.22824501503785943, 0.22822993442336348, 0.22821876850732326, 0.22821343721689324, 0.22821322617798923, 0.2282123446328903, 0.22821197919088743, 0.22821194835880865, 0.22821192685905412, 0.22821192207405527, 0.22821192111950683, 0.22821192086511233, 0.2282119208147224, 0.22821192081235897]}, "5": {"maxiter": 500, "fatol": 1e-05, "xatol": 1e-10, "duration": 0.17528891563415527, "fun": "0.22821192080313135", "nit": "429", "nfev": "736", "status": "0", "success": "True", "message": "Optimization terminated successfully.", "x": "[7.50762342 1.5036645  7.37116767 4.7772171  1.27239176 1.02219379]", "final_simplex": "(array([[7.50762342, 1.5036645 , 7.37116767, 4.7772171 , 1.27239176,\n        1.02219379],\n       [7.50762342, 1.5036645 , 7.37116767, 4.7772171 , 1.27239176,\n        1.02219379],\n       [7.50762342, 1.5036645 , 7.37116767, 4.7772171 , 1.27239176,\n        1.02219379],\n       [7.50762342, 1.5036645 , 7.37116767, 4.7772171 , 1.27239176,\n        1.02219379],\n       [7.50762342, 1.5036645 , 7.37116767, 4.7772171 , 1.27239176,\n        1.02219379],\n       [7.50762342, 1.5036645 , 7.37116767, 4.7772171 , 1.27239176,\n        1.02219379],\n       [7.50762342, 1.5036645 , 7.37116767, 4.7772171 , 1.27239176,\n        1.02219379]]), array([0.22821192, 0.22821192, 0.22821192, 0.22821192, 0.22821192,\n       0.22821192, 0.22821192]))", "callback": [0.5725436513108872, 0.40300542877144163, 0.3404766986699439, 0.32706636149457713, 0.30117199296092445, 0.28887362318609233, 0.2846769612129829, 0.28180337399941924, 0.27969330422422534, 0.2772834295536951, 0.271836002935829, 0.25424734287483053, 0.2325211443729447, 0.2301819292371199, 0.2286824437069228, 0.22829873192528205, 0.22824501503785943, 0.22822993442336348, 0.22821876850732326, 0.22821343721689324, 0.22821322617798923, 0.2282123446328903, 0.22821197919088743, 0.22821194835880865, 0.22821192685905412, 0.22821192207405527, 0.22821192111950683, 0.22821192086511233, 0.2282119208147224, 0.22821192081235897, 0.22821192080548625, 0.22821192080402297, 0.228211920803296, 0.228211920803296, 0.22821192080318475, 0.2282119208031591, 0.22821192080313746, 0.22821192080313357, 0.2282119208031329, 0.2282119208031318, 0.22821192080313135, 0.22821192080313135, 0.22821192080313135]}, "6": {"maxiter": 500, "fatol": 1e-10, "xatol": 1e-05, "duration": 0.10187578201293945, "fun": "0.22821192080792563", "nit": "298", "nfev": "473", "status": "0", "success": "True", "message": "Optimization terminated successfully.", "x": "[7.50762582 1.50366862 7.37116638 4.77721595 1.2723906  1.0221956 ]", "final_simplex": "(array([[7.50762582, 1.50366862, 7.37116638, 4.77721595, 1.2723906 ,\n        1.0221956 ],\n       [7.50762556, 1.5036604 , 7.37116836, 4.7772148 , 1.27238862,\n        1.02219819],\n       [7.50762169, 1.50366593, 7.37116872, 4.77721332, 1.27238986,\n        1.02219519],\n       [7.50762332, 1.5036646 , 7.37116415, 4.77721861, 1.27238626,\n        1.02219842],\n       [7.50762491, 1.50366983, 7.37116622, 4.77721501, 1.27239259,\n        1.02218648],\n       [7.50762576, 1.50366114, 7.37117227, 4.77721228, 1.27238589,\n        1.0221939 ],\n       [7.50762531, 1.503664  , 7.37115929, 4.77721437, 1.27238877,\n        1.02220146]]), array([0.22821192, 0.22821192, 0.22821192, 0.22821192, 0.22821192,\n       0.22821192, 0.22821192]))", "callback": [0.5725436513108872, 0.40300542877144163, 0.3404766986699439, 0.32706636149457713, 0.30117199296092445, 0.28887362318609233, 0.2846769612129829, 0.28180337399941924, 0.27969330422422534, 0.2772834295536951, 0.271836002935829, 0.25424734287483053, 0.2325211443729447, 0.2301819292371199, 0.2286824437069228, 0.22829873192528205, 0.22824501503785943, 0.22822993442336348, 0.22821876850732326, 0.22821343721689324, 0.22821322617798923, 0.2282123446328903, 0.22821197919088743, 0.22821194835880865, 0.22821192685905412, 0.22821192207405527, 0.22821192111950683, 0.22821192086511233, 0.2282119208147224, 0.22821192081235897]}, "7": {"maxiter": 500, "fatol": 1e-10, "xatol": 1e-10, "duration": 0.17954611778259277, "fun": "0.22821192080313135", "nit": "429", "nfev": "736", "status": "0", "success": "True", "message": "Optimization terminated successfully.", "x": "[7.50762342 1.5036645  7.37116767 4.7772171  1.27239176 1.02219379]", "final_simplex": "(array([[7.50762342, 1.5036645 , 7.37116767, 4.7772171 , 1.27239176,\n        1.02219379],\n       [7.50762342, 1.5036645 , 7.37116767, 4.7772171 , 1.27239176,\n        1.02219379],\n       [7.50762342, 1.5036645 , 7.37116767, 4.7772171 , 1.27239176,\n        1.02219379],\n       [7.50762342, 1.5036645 , 7.37116767, 4.7772171 , 1.27239176,\n        1.02219379],\n       [7.50762342, 1.5036645 , 7.37116767, 4.7772171 , 1.27239176,\n        1.02219379],\n       [7.50762342, 1.5036645 , 7.37116767, 4.7772171 , 1.27239176,\n        1.02219379],\n       [7.50762342, 1.5036645 , 7.37116767, 4.7772171 , 1.27239176,\n        1.02219379]]), array([0.22821192, 0.22821192, 0.22821192, 0.22821192, 0.22821192,\n       0.22821192, 0.22821192]))", "callback": [0.5725436513108872, 0.40300542877144163, 0.3404766986699439, 0.32706636149457713, 0.30117199296092445, 0.28887362318609233, 0.2846769612129829, 0.28180337399941924, 0.27969330422422534, 0.2772834295536951, 0.271836002935829, 0.25424734287483053, 0.2325211443729447, 0.2301819292371199, 0.2286824437069228, 0.22829873192528205, 0.22824501503785943, 0.22822993442336348, 0.22821876850732326, 0.22821343721689324, 0.22821322617798923, 0.2282123446328903, 0.22821197919088743, 0.22821194835880865, 0.22821192685905412, 0.22821192207405527, 0.22821192111950683, 0.22821192086511233, 0.2282119208147224, 0.22821192081235897, 0.22821192080548625, 0.22821192080402297, 0.228211920803296, 0.228211920803296, 0.22821192080318475, 0.2282119208031591, 0.22821192080313746, 0.22821192080313357, 0.2282119208031329, 0.2282119208031318, 0.22821192080313135, 0.22821192080313135, 0.22821192080313135]}, "8": {"maxiter": 1000, "fatol": 1e-05, "xatol": 1e-05, "duration": 0.12809085845947266, "fun": "0.22821192080792563", "nit": "298", "nfev": "473", "status": "0", "success": "True", "message": "Optimization terminated successfully.", "x": "[7.50762582 1.50366862 7.37116638 4.77721595 1.2723906  1.0221956 ]", "final_simplex": "(array([[7.50762582, 1.50366862, 7.37116638, 4.77721595, 1.2723906 ,\n        1.0221956 ],\n       [7.50762556, 1.5036604 , 7.37116836, 4.7772148 , 1.27238862,\n        1.02219819],\n       [7.50762169, 1.50366593, 7.37116872, 4.77721332, 1.27238986,\n        1.02219519],\n       [7.50762332, 1.5036646 , 7.37116415, 4.77721861, 1.27238626,\n        1.02219842],\n       [7.50762491, 1.50366983, 7.37116622, 4.77721501, 1.27239259,\n        1.02218648],\n       [7.50762576, 1.50366114, 7.37117227, 4.77721228, 1.27238589,\n        1.0221939 ],\n       [7.50762531, 1.503664  , 7.37115929, 4.77721437, 1.27238877,\n        1.02220146]]), array([0.22821192, 0.22821192, 0.22821192, 0.22821192, 0.22821192,\n       0.22821192, 0.22821192]))", "callback": [0.5725436513108872, 0.40300542877144163, 0.3404766986699439, 0.32706636149457713, 0.30117199296092445, 0.28887362318609233, 0.2846769612129829, 0.28180337399941924, 0.27969330422422534, 0.2772834295536951, 0.271836002935829, 0.25424734287483053, 0.2325211443729447, 0.2301819292371199, 0.2286824437069228, 0.22829873192528205, 0.22824501503785943, 0.22822993442336348, 0.22821876850732326, 0.22821343721689324, 0.22821322617798923, 0.2282123446328903, 0.22821197919088743, 0.22821194835880865, 0.22821192685905412, 0.22821192207405527, 0.22821192111950683, 0.22821192086511233, 0.2282119208147224, 0.22821192081235897]}, "9": {"maxiter": 1000, "fatol": 1e-05, "xatol": 1e-10, "duration": 0.16682124137878418, "fun": "0.22821192080313135", "nit": "429", "nfev": "736", "status": "0", "success": "True", "message": "Optimization terminated successfully.", "x": "[7.50762342 1.5036645  7.37116767 4.7772171  1.27239176 1.02219379]", "final_simplex": "(array([[7.50762342, 1.5036645 , 7.37116767, 4.7772171 , 1.27239176,\n        1.02219379],\n       [7.50762342, 1.5036645 , 7.37116767, 4.7772171 , 1.27239176,\n        1.02219379],\n       [7.50762342, 1.5036645 , 7.37116767, 4.7772171 , 1.27239176,\n        1.02219379],\n       [7.50762342, 1.5036645 , 7.37116767, 4.7772171 , 1.27239176,\n        1.02219379],\n       [7.50762342, 1.5036645 , 7.37116767, 4.7772171 , 1.27239176,\n        1.02219379],\n       [7.50762342, 1.5036645 , 7.37116767, 4.7772171 , 1.27239176,\n        1.02219379],\n       [7.50762342, 1.5036645 , 7.37116767, 4.7772171 , 1.27239176,\n        1.02219379]]), array([0.22821192, 0.22821192, 0.22821192, 0.22821192, 0.22821192,\n       0.22821192, 0.22821192]))", "callback": [0.5725436513108872, 0.40300542877144163, 0.3404766986699439, 0.32706636149457713, 0.30117199296092445, 0.28887362318609233, 0.2846769612129829, 0.28180337399941924, 0.27969330422422534, 0.2772834295536951, 0.271836002935829, 0.25424734287483053, 0.2325211443729447, 0.2301819292371199, 0.2286824437069228, 0.22829873192528205, 0.22824501503785943, 0.22822993442336348, 0.22821876850732326, 0.22821343721689324, 0.22821322617798923, 0.2282123446328903, 0.22821197919088743, 0.22821194835880865, 0.22821192685905412, 0.22821192207405527, 0.22821192111950683, 0.22821192086511233, 0.2282119208147224, 0.22821192081235897, 0.22821192080548625, 0.22821192080402297, 0.228211920803296, 0.228211920803296, 0.22821192080318475, 0.2282119208031591, 0.22821192080313746, 0.22821192080313357, 0.2282119208031329, 0.2282119208031318, 0.22821192080313135, 0.22821192080313135, 0.22821192080313135]}, "10": {"maxiter": 1000, "fatol": 1e-10, "xatol": 1e-05, "duration": 0.12022924423217773, "fun": "0.22821192080792563", "nit": "298", "nfev": "473", "status": "0", "success": "True", "message": "Optimization terminated successfully.", "x": "[7.50762582 1.50366862 7.37116638 4.77721595 1.2723906  1.0221956 ]", "final_simplex": "(array([[7.50762582, 1.50366862, 7.37116638, 4.77721595, 1.2723906 ,\n        1.0221956 ],\n       [7.50762556, 1.5036604 , 7.37116836, 4.7772148 , 1.27238862,\n        1.02219819],\n       [7.50762169, 1.50366593, 7.37116872, 4.77721332, 1.27238986,\n        1.02219519],\n       [7.50762332, 1.5036646 , 7.37116415, 4.77721861, 1.27238626,\n        1.02219842],\n       [7.50762491, 1.50366983, 7.37116622, 4.77721501, 1.27239259,\n        1.02218648],\n       [7.50762576, 1.50366114, 7.37117227, 4.77721228, 1.27238589,\n        1.0221939 ],\n       [7.50762531, 1.503664  , 7.37115929, 4.77721437, 1.27238877,\n        1.02220146]]), array([0.22821192, 0.22821192, 0.22821192, 0.22821192, 0.22821192,\n       0.22821192, 0.22821192]))", "callback": [0.5725436513108872, 0.40300542877144163, 0.3404766986699439, 0.32706636149457713, 0.30117199296092445, 0.28887362318609233, 0.2846769612129829, 0.28180337399941924, 0.27969330422422534, 0.2772834295536951, 0.271836002935829, 0.25424734287483053, 0.2325211443729447, 0.2301819292371199, 0.2286824437069228, 0.22829873192528205, 0.22824501503785943, 0.22822993442336348, 0.22821876850732326, 0.22821343721689324, 0.22821322617798923, 0.2282123446328903, 0.22821197919088743, 0.22821194835880865, 0.22821192685905412, 0.22821192207405527, 0.22821192111950683, 0.22821192086511233, 0.2282119208147224, 0.22821192081235897]}, "11": {"maxiter": 1000, "fatol": 1e-10, "xatol": 1e-10, "duration": 0.1736900806427002, "fun": "0.22821192080313135", "nit": "429", "nfev": "736", "status": "0", "success": "True", "message": "Optimization terminated successfully.", "x": "[7.50762342 1.5036645  7.37116767 4.7772171  1.27239176 1.02219379]", "final_simplex": "(array([[7.50762342, 1.5036645 , 7.37116767, 4.7772171 , 1.27239176,\n        1.02219379],\n       [7.50762342, 1.5036645 , 7.37116767, 4.7772171 , 1.27239176,\n        1.02219379],\n       [7.50762342, 1.5036645 , 7.37116767, 4.7772171 , 1.27239176,\n        1.02219379],\n       [7.50762342, 1.5036645 , 7.37116767, 4.7772171 , 1.27239176,\n        1.02219379],\n       [7.50762342, 1.5036645 , 7.37116767, 4.7772171 , 1.27239176,\n        1.02219379],\n       [7.50762342, 1.5036645 , 7.37116767, 4.7772171 , 1.27239176,\n        1.02219379],\n       [7.50762342, 1.5036645 , 7.37116767, 4.7772171 , 1.27239176,\n        1.02219379]]), array([0.22821192, 0.22821192, 0.22821192, 0.22821192, 0.22821192,\n       0.22821192, 0.22821192]))", "callback": [0.5725436513108872, 0.40300542877144163, 0.3404766986699439, 0.32706636149457713, 0.30117199296092445, 0.28887362318609233, 0.2846769612129829, 0.28180337399941924, 0.27969330422422534, 0.2772834295536951, 0.271836002935829, 0.25424734287483053, 0.2325211443729447, 0.2301819292371199, 0.2286824437069228, 0.22829873192528205, 0.22824501503785943, 0.22822993442336348, 0.22821876850732326, 0.22821343721689324, 0.22821322617798923, 0.2282123446328903, 0.22821197919088743, 0.22821194835880865, 0.22821192685905412, 0.22821192207405527, 0.22821192111950683, 0.22821192086511233, 0.2282119208147224, 0.22821192081235897, 0.22821192080548625, 0.22821192080402297, 0.228211920803296, 0.228211920803296, 0.22821192080318475, 0.2282119208031591, 0.22821192080313746, 0.22821192080313357, 0.2282119208031329, 0.2282119208031318, 0.22821192080313135, 0.22821192080313135, 0.22821192080313135]}}, "bfgs": {"type": "gradient", "0": {"maxiter": 100, "gtol": 1e-05, "xrtol": 1e-05, "eps": 1e-05, "duration": 0.04103517532348633, "fun": "0.22821192084797204", "jac": "[-8.90620910e-08  3.32511796e-07  2.44411158e-06 -1.19519949e-06\n -1.82807103e-06  1.17679200e-06]", "hess_inv": "[[ 3.52530608  0.78087446 -0.69282164 -0.42956493 -0.82194254 -0.5965361 ]\n [ 0.78087446  4.12047765 -1.65720357  0.28793141  0.09752275 -1.38227031]\n [-0.69282164 -1.65720357  5.00575181 -1.08458538  1.27081732 -1.210345  ]\n [-0.42956493  0.28793141 -1.08458538  2.672372   -0.20844069  0.58295529]\n [-0.82194254  0.09752275  1.27081732 -0.20844069  3.51741848 -0.73735396]\n [-0.5965361  -1.38227031 -1.210345    0.58295529 -0.73735396  3.49115198]]", "nfev": "147", "njev": "21", "status": "0", "success": "True", "message": "Optimization terminated successfully.", "x": "[7.50761975 1.5036546  7.37117751 4.77720761 1.27238281 1.02219359]", "nit": "18", "callback": [0.6034590270756095, 0.4949041200227098, 0.3310810131896913, 0.28949045991334854, 0.26647708087951527, 0.24221032209600124, 0.23424520146761552, 0.23014222853291622, 0.22866405751527308, 0.2283315429013657, 0.22826481559123435, 0.22822984377629685, 0.22821763767504977, 0.22821448916024267, 0.22821256282810076, 0.22821198915091723, 0.2282119228400621, 0.22821192084797204]}, "1": {"maxiter": 100, "gtol": 1e-05, "xrtol": 1e-05, "eps": 1e-10, "duration": 0.037806034088134766, "fun": "0.22821192084332265", "jac": "[ 2.22044587e-06  2.22044587e-06  1.11022293e-06 -1.11022293e-06\n  0.00000000e+00  3.33066880e-06]", "hess_inv": "[[ 3.53777613  0.76967692 -0.7386394  -0.45042051 -0.86815516 -0.59624668]\n [ 0.76967692  4.12169163 -1.66939011  0.29131235  0.09767481 -1.38041043]\n [-0.7386394  -1.66939011  5.01095776 -1.06521791  1.28697721 -1.19109142]\n [-0.45042051  0.29131235 -1.06521791  2.68539366 -0.18359864  0.58471558]\n [-0.86815516  0.09767481  1.28697721 -0.18359864  3.55454232 -0.72661329]\n [-0.59624668 -1.38041043 -1.19109142  0.58471558 -0.72661329  3.48812511]]", "nfev": "147", "njev": "21", "status": "0", "success": "True", "message": "Optimization terminated successfully.", "x": "[7.50762998 1.50365839 7.37118088 4.77720922 1.27238656 1.02219565]", "nit": "18", "callback": [0.6034592023853332, 0.4949048879953193, 0.3310808335134937, 0.28948796102167895, 0.2664757253356703, 0.2422093288730115, 0.23424478185538133, 0.2301418108167954, 0.22866405838943638, 0.2283314927778387, 0.22826477435008186, 0.22822984008175973, 0.2282176440820911, 0.22821449845778596, 0.22821256065930573, 0.22821199108068657, 0.22821192321687322, 0.22821192084332265]}, "2": {"maxiter": 100, "gtol": 1e-05, "xrtol": 1e-10, "eps": 1e-05, "duration": 0.03737211227416992, "fun": "0.22821192084797204", "jac": "[-8.90620910e-08  3.32511796e-07  2.44411158e-06 -1.19519949e-06\n -1.82807103e-06  1.17679200e-06]", "hess_inv": "[[ 3.52530608  0.78087446 -0.69282164 -0.42956493 -0.82194254 -0.5965361 ]\n [ 0.78087446  4.12047765 -1.65720357  0.28793141  0.09752275 -1.38227031]\n [-0.69282164 -1.65720357  5.00575181 -1.08458538  1.27081732 -1.210345  ]\n [-0.42956493  0.28793141 -1.08458538  2.672372   -0.20844069  0.58295529]\n [-0.82194254  0.09752275  1.27081732 -0.20844069  3.51741848 -0.73735396]\n [-0.5965361  -1.38227031 -1.210345    0.58295529 -0.73735396  3.49115198]]", "nfev": "147", "njev": "21", "status": "0", "success": "True", "message": "Optimization terminated successfully.", "x": "[7.50761975 1.5036546  7.37117751 4.77720761 1.27238281 1.02219359]", "nit": "18", "callback": [0.6034590270756095, 0.4949041200227098, 0.3310810131896913, 0.28949045991334854, 0.26647708087951527, 0.24221032209600124, 0.23424520146761552, 0.23014222853291622, 0.22866405751527308, 0.2283315429013657, 0.22826481559123435, 0.22822984377629685, 0.22821763767504977, 0.22821448916024267, 0.22821256282810076, 0.22821198915091723, 0.2282119228400621, 0.22821192084797204]}, "3": {"maxiter": 100, "gtol": 1e-05, "xrtol": 1e-10, "eps": 1e-10, "duration": 0.03791689872741699, "fun": "0.22821192084332265", "jac": "[ 2.22044587e-06  2.22044587e-06  1.11022293e-06 -1.11022293e-06\n  0.00000000e+00  3.33066880e-06]", "hess_inv": "[[ 3.53777613  0.76967692 -0.7386394  -0.45042051 -0.86815516 -0.59624668]\n [ 0.76967692  4.12169163 -1.66939011  0.29131235  0.09767481 -1.38041043]\n [-0.7386394  -1.66939011  5.01095776 -1.06521791  1.28697721 -1.19109142]\n [-0.45042051  0.29131235 -1.06521791  2.68539366 -0.18359864  0.58471558]\n [-0.86815516  0.09767481  1.28697721 -0.18359864  3.55454232 -0.72661329]\n [-0.59624668 -1.38041043 -1.19109142  0.58471558 -0.72661329  3.48812511]]", "nfev": "147", "njev": "21", "status": "0", "success": "True", "message": "Optimization terminated successfully.", "x": "[7.50762998 1.50365839 7.37118088 4.77720922 1.27238656 1.02219565]", "nit": "18", "callback": [0.6034592023853332, 0.4949048879953193, 0.3310808335134937, 0.28948796102167895, 0.2664757253356703, 0.2422093288730115, 0.23424478185538133, 0.2301418108167954, 0.22866405838943638, 0.2283314927778387, 0.22826477435008186, 0.22822984008175973, 0.2282176440820911, 0.22821449845778596, 0.22821256065930573, 0.22821199108068657, 0.22821192321687322, 0.22821192084332265]}, "4": {"maxiter": 100, "gtol": 1e-10, "xrtol": 1e-05, "eps": 1e-05, "duration": 0.033998966217041016, "fun": "0.22821192082109554", "jac": "[-2.78665979e-08 -7.43849426e-09  6.61692923e-09 -1.47604151e-07\n -1.23689947e-07  1.02140518e-09]", "hess_inv": "[[ 3.52517736  0.79609532 -0.71348583 -0.41286596 -0.80467115 -0.6000738 ]\n [ 0.79609532  4.18019537 -1.82577046  0.32925805  0.1082923  -1.40463095]\n [-0.71348583 -1.82577046  5.35750105 -1.23554243  1.15959834 -1.15925317]\n [-0.41286596  0.32925805 -1.23554243  2.69148711 -0.22333313  0.56415594]\n [-0.80467115  0.1082923   1.15959834 -0.22333313  3.46671435 -0.74922043]\n [-0.6000738  -1.40463095 -1.15925317  0.56415594 -0.74922043  3.49835896]]", "nfev": "154", "njev": "22", "status": "0", "success": "True", "message": "Optimization terminated successfully.", "x": "[7.50762028 1.50365999 7.37116696 4.77721263 1.27238682 1.02219203]", "nit": "19", "callback": [0.6034590270756095, 0.4949041200227098, 0.3310810131896913, 0.28949045991334854, 0.26647708087951527, 0.24221032209600124, 0.23424520146761552, 0.23014222853291622, 0.22866405751527308, 0.2283315429013657, 0.22826481559123435, 0.22822984377629685, 0.22821763767504977, 0.22821448916024267, 0.22821256282810076, 0.22821198915091723, 0.2282119228400621, 0.22821192084797204, 0.22821192082109554]}, "5": {"maxiter": 100, "gtol": 1e-10, "xrtol": 1e-05, "eps": 1e-10, "duration": 0.04170703887939453, "fun": "0.22821192083194097", "jac": "[ 2.22044587e-06 -2.22044587e-06  0.00000000e+00 -2.22044587e-06\n  0.00000000e+00 -1.11022293e-06]", "hess_inv": "[[ 3.43344243  0.69065642 -0.51400134 -0.42669255 -0.79494774 -0.59334112]\n [ 0.69065642  4.06556392 -1.53369444  0.31170711  0.14627786 -1.39260675]\n [-0.51400134 -1.53369444  4.84607989 -1.13873872  1.19269385 -1.06409071]\n [-0.42669255  0.31170711 -1.13873872  2.68157595 -0.20470479  0.57467754]\n [-0.79494774  0.14627786  1.19269385 -0.20470479  3.51575936 -0.70217599]\n [-0.59334112 -1.39260675 -1.06409071  0.57467754 -0.70217599  3.54374746]]", "nfev": "154", "njev": "22", "status": "0", "success": "True", "message": "Optimization terminated successfully.", "x": "[7.50762289 1.50365451 7.37118232 4.7772118  1.27238878 1.02219008]", "nit": "19", "callback": [0.6034592023853332, 0.4949048879953193, 0.3310808335134937, 0.28948796102167895, 0.2664757253356703, 0.2422093288730115, 0.23424478185538133, 0.2301418108167954, 0.22866405838943638, 0.2283314927778387, 0.22826477435008186, 0.22822984008175973, 0.2282176440820911, 0.22821449845778596, 0.22821256065930573, 0.22821199108068657, 0.22821192321687322, 0.22821192084332265, 0.22821192083194097]}, "6": {"maxiter": 100, "gtol": 1e-10, "xrtol": 1e-10, "eps": 1e-05, "duration": 0.09576797485351562, "fun": "0.22821192081975417", "jac": "[ 2.88657986e-10  1.17683641e-09 -1.22124533e-10 -8.54871729e-10\n  5.32907052e-10  1.40998324e-09]", "hess_inv": "[[ 3.56252193  0.87533397 -0.78017045 -0.49599795 -0.82758895 -0.53309033]\n [ 0.87533397  4.36224029 -1.991129    0.17920065  0.08479436 -1.25842647]\n [-0.78017045 -1.991129    5.47557618 -1.12059164  1.1460059  -1.31043003]\n [-0.49599795  0.17920065 -1.12059164  2.89375497 -0.15379458  0.40084446]\n [-0.82758895  0.08479436  1.1460059  -0.15379458  3.48773244 -0.82118526]\n [-0.53309033 -1.25842647 -1.31043003  0.40084446 -0.82118526  3.57715013]]", "nfev": "388", "njev": "54", "status": "2", "success": "False", "message": "Desired error not necessarily achieved due to precision loss.", "x": "[7.50762022 1.50366011 7.37116686 4.77721304 1.27238722 1.02219199]", "nit": "21", "callback": [0.6034590270756095, 0.4949041200227098, 0.3310810131896913, 0.28949045991334854, 0.26647708087951527, 0.24221032209600124, 0.23424520146761552, 0.23014222853291622, 0.22866405751527308, 0.2283315429013657, 0.22826481559123435, 0.22822984377629685, 0.22821763767504977, 0.22821448916024267, 0.22821256282810076, 0.22821198915091723, 0.2282119228400621, 0.22821192084797204, 0.22821192082109554, 0.22821192081978148, 0.22821192081975417]}, "7": {"maxiter": 100, "gtol": 1e-10, "xrtol": 1e-10, "eps": 1e-10, "duration": 0.08548998832702637, "fun": "0.2282119208300415", "jac": "[ 0.00000000e+00 -2.22044587e-06  2.22044587e-06  4.44089173e-06\n  0.00000000e+00  1.11022293e-06]", "hess_inv": "[[15.77014615  3.05881683 -0.83696703 -4.5182147  -5.26182249  0.88710305]\n [ 3.05881683  2.91186305 -0.25789563 -1.94814952 -0.1646515  -1.38076782]\n [-0.83696703 -0.25789563  3.71317542  0.28217091  0.81400945 -1.0242208 ]\n [-4.5182147  -1.94814952  0.28217091  2.41979942  1.90318359  0.28620939]\n [-5.26182249 -0.1646515   0.81400945  1.90318359  4.88852665 -1.35800887]\n [ 0.88710305 -1.38076782 -1.0242208   0.28620939 -1.35800887  2.90942424]]", "nfev": "343", "njev": "49", "status": "0", "success": "True", "message": "Optimization terminated successfully.", "x": "[7.50762048 1.50365467 7.37118179 4.77721342 1.27238933 1.02218947]", "nit": "21", "callback": [0.6034592023853332, 0.4949048879953193, 0.3310808335134937, 0.28948796102167895, 0.2664757253356703, 0.2422093288730115, 0.23424478185538133, 0.2301418108167954, 0.22866405838943638, 0.2283314927778387, 0.22826477435008186, 0.22822984008175973, 0.2282176440820911, 0.22821449845778596, 0.22821256065930573, 0.22821199108068657, 0.22821192321687322, 0.22821192084332265, 0.22821192083194097, 0.2282119208300415, 0.2282119208300415]}, "8": {"maxiter": 500, "gtol": 1e-05, "xrtol": 1e-05, "eps": 1e-05, "duration": 0.030810832977294922, "fun": "0.22821192084797204", "jac": "[-8.90620910e-08  3.32511796e-07  2.44411158e-06 -1.19519949e-06\n -1.82807103e-06  1.17679200e-06]", "hess_inv": "[[ 3.52530608  0.78087446 -0.69282164 -0.42956493 -0.82194254 -0.5965361 ]\n [ 0.78087446  4.12047765 -1.65720357  0.28793141  0.09752275 -1.38227031]\n [-0.69282164 -1.65720357  5.00575181 -1.08458538  1.27081732 -1.210345  ]\n [-0.42956493  0.28793141 -1.08458538  2.672372   -0.20844069  0.58295529]\n [-0.82194254  0.09752275  1.27081732 -0.20844069  3.51741848 -0.73735396]\n [-0.5965361  -1.38227031 -1.210345    0.58295529 -0.73735396  3.49115198]]", "nfev": "147", "njev": "21", "status": "0", "success": "True", "message": "Optimization terminated successfully.", "x": "[7.50761975 1.5036546  7.37117751 4.77720761 1.27238281 1.02219359]", "nit": "18", "callback": [0.6034590270756095, 0.4949041200227098, 0.3310810131896913, 0.28949045991334854, 0.26647708087951527, 0.24221032209600124, 0.23424520146761552, 0.23014222853291622, 0.22866405751527308, 0.2283315429013657, 0.22826481559123435, 0.22822984377629685, 0.22821763767504977, 0.22821448916024267, 0.22821256282810076, 0.22821198915091723, 0.2282119228400621, 0.22821192084797204]}, "9": {"maxiter": 500, "gtol": 1e-05, "xrtol": 1e-05, "eps": 1e-10, "duration": 0.045487165451049805, "fun": "0.22821192084332265", "jac": "[ 2.22044587e-06  2.22044587e-06  1.11022293e-06 -1.11022293e-06\n  0.00000000e+00  3.33066880e-06]", "hess_inv": "[[ 3.53777613  0.76967692 -0.7386394  -0.45042051 -0.86815516 -0.59624668]\n [ 0.76967692  4.12169163 -1.66939011  0.29131235  0.09767481 -1.38041043]\n [-0.7386394  -1.66939011  5.01095776 -1.06521791  1.28697721 -1.19109142]\n [-0.45042051  0.29131235 -1.06521791  2.68539366 -0.18359864  0.58471558]\n [-0.86815516  0.09767481  1.28697721 -0.18359864  3.55454232 -0.72661329]\n [-0.59624668 -1.38041043 -1.19109142  0.58471558 -0.72661329  3.48812511]]", "nfev": "147", "njev": "21", "status": "0", "success": "True", "message": "Optimization terminated successfully.", "x": "[7.50762998 1.50365839 7.37118088 4.77720922 1.27238656 1.02219565]", "nit": "18", "callback": [0.6034592023853332, 0.4949048879953193, 0.3310808335134937, 0.28948796102167895, 0.2664757253356703, 0.2422093288730115, 0.23424478185538133, 0.2301418108167954, 0.22866405838943638, 0.2283314927778387, 0.22826477435008186, 0.22822984008175973, 0.2282176440820911, 0.22821449845778596, 0.22821256065930573, 0.22821199108068657, 0.22821192321687322, 0.22821192084332265]}, "10": {"maxiter": 500, "gtol": 1e-05, "xrtol": 1e-10, "eps": 1e-05, "duration": 0.0392000675201416, "fun": "0.22821192084797204", "jac": "[-8.90620910e-08  3.32511796e-07  2.44411158e-06 -1.19519949e-06\n -1.82807103e-06  1.17679200e-06]", "hess_inv": "[[ 3.52530608  0.78087446 -0.69282164 -0.42956493 -0.82194254 -0.5965361 ]\n [ 0.78087446  4.12047765 -1.65720357  0.28793141  0.09752275 -1.38227031]\n [-0.69282164 -1.65720357  5.00575181 -1.08458538  1.27081732 -1.210345  ]\n [-0.42956493  0.28793141 -1.08458538  2.672372   -0.20844069  0.58295529]\n [-0.82194254  0.09752275  1.27081732 -0.20844069  3.51741848 -0.73735396]\n [-0.5965361  -1.38227031 -1.210345    0.58295529 -0.73735396  3.49115198]]", "nfev": "147", "njev": "21", "status": "0", "success": "True", "message": "Optimization terminated successfully.", "x": "[7.50761975 1.5036546  7.37117751 4.77720761 1.27238281 1.02219359]", "nit": "18", "callback": [0.6034590270756095, 0.4949041200227098, 0.3310810131896913, 0.28949045991334854, 0.26647708087951527, 0.24221032209600124, 0.23424520146761552, 0.23014222853291622, 0.22866405751527308, 0.2283315429013657, 0.22826481559123435, 0.22822984377629685, 0.22821763767504977, 0.22821448916024267, 0.22821256282810076, 0.22821198915091723, 0.2282119228400621, 0.22821192084797204]}, "11": {"maxiter": 500, "gtol": 1e-05, "xrtol": 1e-10, "eps": 1e-10, "duration": 0.03039097785949707, "fun": "0.22821192084332265", "jac": "[ 2.22044587e-06  2.22044587e-06  1.11022293e-06 -1.11022293e-06\n  0.00000000e+00  3.33066880e-06]", "hess_inv": "[[ 3.53777613  0.76967692 -0.7386394  -0.45042051 -0.86815516 -0.59624668]\n [ 0.76967692  4.12169163 -1.66939011  0.29131235  0.09767481 -1.38041043]\n [-0.7386394  -1.66939011  5.01095776 -1.06521791  1.28697721 -1.19109142]\n [-0.45042051  0.29131235 -1.06521791  2.68539366 -0.18359864  0.58471558]\n [-0.86815516  0.09767481  1.28697721 -0.18359864  3.55454232 -0.72661329]\n [-0.59624668 -1.38041043 -1.19109142  0.58471558 -0.72661329  3.48812511]]", "nfev": "147", "njev": "21", "status": "0", "success": "True", "message": "Optimization terminated successfully.", "x": "[7.50762998 1.50365839 7.37118088 4.77720922 1.27238656 1.02219565]", "nit": "18", "callback": [0.6034592023853332, 0.4949048879953193, 0.3310808335134937, 0.28948796102167895, 0.2664757253356703, 0.2422093288730115, 0.23424478185538133, 0.2301418108167954, 0.22866405838943638, 0.2283314927778387, 0.22826477435008186, 0.22822984008175973, 0.2282176440820911, 0.22821449845778596, 0.22821256065930573, 0.22821199108068657, 0.22821192321687322, 0.22821192084332265]}, "12": {"maxiter": 500, "gtol": 1e-10, "xrtol": 1e-05, "eps": 1e-05, "duration": 0.03288674354553223, "fun": "0.22821192082109554", "jac": "[-2.78665979e-08 -7.43849426e-09  6.61692923e-09 -1.47604151e-07\n -1.23689947e-07  1.02140518e-09]", "hess_inv": "[[ 3.52517736  0.79609532 -0.71348583 -0.41286596 -0.80467115 -0.6000738 ]\n [ 0.79609532  4.18019537 -1.82577046  0.32925805  0.1082923  -1.40463095]\n [-0.71348583 -1.82577046  5.35750105 -1.23554243  1.15959834 -1.15925317]\n [-0.41286596  0.32925805 -1.23554243  2.69148711 -0.22333313  0.56415594]\n [-0.80467115  0.1082923   1.15959834 -0.22333313  3.46671435 -0.74922043]\n [-0.6000738  -1.40463095 -1.15925317  0.56415594 -0.74922043  3.49835896]]", "nfev": "154", "njev": "22", "status": "0", "success": "True", "message": "Optimization terminated successfully.", "x": "[7.50762028 1.50365999 7.37116696 4.77721263 1.27238682 1.02219203]", "nit": "19", "callback": [0.6034590270756095, 0.4949041200227098, 0.3310810131896913, 0.28949045991334854, 0.26647708087951527, 0.24221032209600124, 0.23424520146761552, 0.23014222853291622, 0.22866405751527308, 0.2283315429013657, 0.22826481559123435, 0.22822984377629685, 0.22821763767504977, 0.22821448916024267, 0.22821256282810076, 0.22821198915091723, 0.2282119228400621, 0.22821192084797204, 0.22821192082109554]}, "13": {"maxiter": 500, "gtol": 1e-10, "xrtol": 1e-05, "eps": 1e-10, "duration": 0.04812192916870117, "fun": "0.22821192083194097", "jac": "[ 2.22044587e-06 -2.22044587e-06  0.00000000e+00 -2.22044587e-06\n  0.00000000e+00 -1.11022293e-06]", "hess_inv": "[[ 3.43344243  0.69065642 -0.51400134 -0.42669255 -0.79494774 -0.59334112]\n [ 0.69065642  4.06556392 -1.53369444  0.31170711  0.14627786 -1.39260675]\n [-0.51400134 -1.53369444  4.84607989 -1.13873872  1.19269385 -1.06409071]\n [-0.42669255  0.31170711 -1.13873872  2.68157595 -0.20470479  0.57467754]\n [-0.79494774  0.14627786  1.19269385 -0.20470479  3.51575936 -0.70217599]\n [-0.59334112 -1.39260675 -1.06409071  0.57467754 -0.70217599  3.54374746]]", "nfev": "154", "njev": "22", "status": "0", "success": "True", "message": "Optimization terminated successfully.", "x": "[7.50762289 1.50365451 7.37118232 4.7772118  1.27238878 1.02219008]", "nit": "19", "callback": [0.6034592023853332, 0.4949048879953193, 0.3310808335134937, 0.28948796102167895, 0.2664757253356703, 0.2422093288730115, 0.23424478185538133, 0.2301418108167954, 0.22866405838943638, 0.2283314927778387, 0.22826477435008186, 0.22822984008175973, 0.2282176440820911, 0.22821449845778596, 0.22821256065930573, 0.22821199108068657, 0.22821192321687322, 0.22821192084332265, 0.22821192083194097]}, "14": {"maxiter": 500, "gtol": 1e-10, "xrtol": 1e-10, "eps": 1e-05, "duration": 0.09759521484375, "fun": "0.22821192081975417", "jac": "[ 2.88657986e-10  1.17683641e-09 -1.22124533e-10 -8.54871729e-10\n  5.32907052e-10  1.40998324e-09]", "hess_inv": "[[ 3.56252193  0.87533397 -0.78017045 -0.49599795 -0.82758895 -0.53309033]\n [ 0.87533397  4.36224029 -1.991129    0.17920065  0.08479436 -1.25842647]\n [-0.78017045 -1.991129    5.47557618 -1.12059164  1.1460059  -1.31043003]\n [-0.49599795  0.17920065 -1.12059164  2.89375497 -0.15379458  0.40084446]\n [-0.8275