{"conf_id": 33, "data_type": "random\n", "num_data_points": 2, "s_rank": 0, "unitary": "[[-0.53618537-0.34368723j,-0.12107031-0.46226139j,-0.07699282-0.46603512j,0.36022595-0.11472301j],[0.26026499-0.63450712j,-0.56616638+0.37832564j,-0.14988651+0.08458591j,0.10363514-0.16008501j],[-0.32580188-0.11070003j,-0.36476308-0.23593218j,0.02559343+0.41761608j,-0.25598305+0.6725303j],[0.07406738-0.0126433j,0.28513701+0.19483972j,-0.74939717-0.10299659j,0.29798249+0.46269921j]]", "databatch_0": {"databatch": "[[[-0.33867793+0.00582591j,-0.6056271-0.05437283j,0.04124962+0.26703621j,-0.2290495-0.04261776j],[-0.13353831-0.117279j,-0.00265948-0.30844123j,-0.13350812+0.0397071j,-0.08819468+0.11007632j],[-0.21894804+0.1453162j,-0.18391417-0.04157402j,0.0458023+0.0890032j,0.0126562+0.07654792j],[0.1452783-0.03010695j,0.19975171+0.15761846j,0.01805845-0.09238858j,0.02624365+0.07247595j]],[[-0.23246403+0.12918727j,0.20943756+0.01726468j,0.09079086-0.088842j,0.08487503+0.04732806j],[-0.03041125-0.22936318j,-0.17671818+0.12259764j,-0.0185915+0.10330054j,-0.02538665+0.02436088j],[0.52951947+0.0762103j,0.02740824-0.19382226j,-0.05327688-0.00475822j,-0.19970638-0.07083758j],[-0.04180636-0.14622839j,0.30588989-0.32753619j,0.10259962-0.25875204j,0.05526309+0.26587919j]]]", "nelder_mead": {"0": {"maxiter": 100, "fatol": 1e-05, "xatol": 1e-05, "duration": 0.036544084548950195, "fun": "0.39528194069862366", "nit": "100", "nfev": "149", "status": "2", "success": "False", "message": "Maximum number of iterations has been exceeded.", "x": "[ 1.64660391  7.83872622  3.69985832 -1.3271196   1.95472791  3.47033764]", "final_simplex": "(array([[ 1.64660391,  7.83872622,  3.69985832, -1.3271196 ,  1.95472791,\n         3.47033764],\n       [ 1.64753286,  7.84478795,  3.76920728, -1.26098891,  1.89749619,\n         3.36467266],\n       [ 1.65996864,  7.8076513 ,  3.76138907, -1.30713279,  1.84370359,\n         3.33763068],\n       [ 1.66159293,  7.80176579,  3.67241446, -1.30920886,  1.85213838,\n         3.35542013],\n       [ 1.67757793,  7.95938996,  3.79467626, -1.3783258 ,  1.9330235 ,\n         3.21850101],\n       [ 1.63845419,  7.95167192,  3.84004768, -1.26487544,  1.88870972,\n         3.2910436 ],\n       [ 1.67637659,  7.90315954,  3.63387149, -1.42621371,  1.81765954,\n         3.41607495]]), array([0.39528194, 0.39807123, 0.39944121, 0.39955294, 0.39995137,\n       0.40055579, 0.40121096]))"}, "1": {"maxiter": 100, "fatol": 1e-05, "xatol": 1e-10, "duration": 0.03665471076965332, "fun": "0.39528194069862366", "nit": "100", "nfev": "149", "status": "2", "success": "False", "message": "Maximum number of iterations has been exceeded.", "x": "[ 1.64660391  7.83872622  3.69985832 -1.3271196   1.95472791  3.47033764]", "final_simplex": "(array([[ 1.64660391,  7.83872622,  3.69985832, -1.3271196 ,  1.95472791,\n         3.47033764],\n       [ 1.64753286,  7.84478795,  3.76920728, -1.26098891,  1.89749619,\n         3.36467266],\n       [ 1.65996864,  7.8076513 ,  3.76138907, -1.30713279,  1.84370359,\n         3.33763068],\n       [ 1.66159293,  7.80176579,  3.67241446, -1.30920886,  1.85213838,\n         3.35542013],\n       [ 1.67757793,  7.95938996,  3.79467626, -1.3783258 ,  1.9330235 ,\n         3.21850101],\n       [ 1.63845419,  7.95167192,  3.84004768, -1.26487544,  1.88870972,\n         3.2910436 ],\n       [ 1.67637659,  7.90315954,  3.63387149, -1.42621371,  1.81765954,\n         3.41607495]]), array([0.39528194, 0.39807123, 0.39944121, 0.39955294, 0.39995137,\n       0.40055579, 0.40121096]))"}, "2": {"maxiter": 100, "fatol": 1e-10, "xatol": 1e-05, "duration": 0.03643918037414551, "fun": "0.39528194069862366", "nit": "100", "nfev": "149", "status": "2", "success": "False", "message": "Maximum number of iterations has been exceeded.", "x": "[ 1.64660391  7.83872622  3.69985832 -1.3271196   1.95472791  3.47033764]", "final_simplex": "(array([[ 1.64660391,  7.83872622,  3.69985832, -1.3271196 ,  1.95472791,\n         3.47033764],\n       [ 1.64753286,  7.84478795,  3.76920728, -1.26098891,  1.89749619,\n         3.36467266],\n       [ 1.65996864,  7.8076513 ,  3.76138907, -1.30713279,  1.84370359,\n         3.33763068],\n       [ 1.66159293,  7.80176579,  3.67241446, -1.30920886,  1.85213838,\n         3.35542013],\n       [ 1.67757793,  7.95938996,  3.79467626, -1.3783258 ,  1.9330235 ,\n         3.21850101],\n       [ 1.63845419,  7.95167192,  3.84004768, -1.26487544,  1.88870972,\n         3.2910436 ],\n       [ 1.67637659,  7.90315954,  3.63387149, -1.42621371,  1.81765954,\n         3.41607495]]), array([0.39528194, 0.39807123, 0.39944121, 0.39955294, 0.39995137,\n       0.40055579, 0.40121096]))"}, "3": {"maxiter": 100, "fatol": 1e-10, "xatol": 1e-10, "duration": 0.037663936614990234, "fun": "0.39528194069862366", "nit": "100", "nfev": "149", "status": "2", "success": "False", "message": "Maximum number of iterations has been exceeded.", "x": "[ 1.64660391  7.83872622  3.69985832 -1.3271196   1.95472791  3.47033764]", "final_simplex": "(array([[ 1.64660391,  7.83872622,  3.69985832, -1.3271196 ,  1.95472791,\n         3.47033764],\n       [ 1.64753286,  7.84478795,  3.76920728, -1.26098891,  1.89749619,\n         3.36467266],\n       [ 1.65996864,  7.8076513 ,  3.76138907, -1.30713279,  1.84370359,\n         3.33763068],\n       [ 1.66159293,  7.80176579,  3.67241446, -1.30920886,  1.85213838,\n         3.35542013],\n       [ 1.67757793,  7.95938996,  3.79467626, -1.3783258 ,  1.9330235 ,\n         3.21850101],\n       [ 1.63845419,  7.95167192,  3.84004768, -1.26487544,  1.88870972,\n         3.2910436 ],\n       [ 1.67637659,  7.90315954,  3.63387149, -1.42621371,  1.81765954,\n         3.41607495]]), array([0.39528194, 0.39807123, 0.39944121, 0.39955294, 0.39995137,\n       0.40055579, 0.40121096]))"}, "4": {"maxiter": 500, "fatol": 1e-05, "xatol": 1e-05, "duration": 0.12231135368347168, "fun": "0.38604649901390076", "nit": "307", "nfev": "510", "status": "0", "success": "True", "message": "Optimization terminated successfully.", "x": "[ 1.626494    7.21253974  3.4809325  -1.30311303  2.18697682  4.00712959]", "final_simplex": "(array([[ 1.626494  ,  7.21253974,  3.4809325 , -1.30311303,  2.18697682,\n         4.00712959],\n       [ 1.62649378,  7.21253608,  3.48093395, -1.30311099,  2.18697732,\n         4.00713223],\n       [ 1.62649414,  7.21253271,  3.48093325, -1.30311088,  2.18697945,\n         4.00713227],\n       [ 1.62649189,  7.21253808,  3.4809337 , -1.30311276,  2.1869787 ,\n         4.00713247],\n       [ 1.62649281,  7.21254046,  3.48093477, -1.3031146 ,  2.18697794,\n         4.00713142],\n       [ 1.62649389,  7.21253813,  3.48093499, -1.30311312,  2.18697525,\n         4.0071298 ],\n       [ 1.62649299,  7.21253741,  3.48093418, -1.30311113,  2.18697812,\n         4.00713084]]), array([0.3860465, 0.3860465, 0.3860465, 0.3860465, 0.3860465, 0.3860465,\n       0.3860465]))"}, "5": {"maxiter": 500, "fatol": 1e-05, "xatol": 1e-10, "duration": 0.15532970428466797, "fun": "0.38604649901390076", "nit": "324", "nfev": "646", "status": "0", "success": "True", "message": "Optimization terminated successfully.", "x": "[ 1.626494    7.21253974  3.4809325  -1.30311303  2.18697682  4.00712959]", "final_simplex": "(array([[ 1.626494  ,  7.21253974,  3.4809325 , -1.30311303,  2.18697682,\n         4.00712959],\n       [ 1.626494  ,  7.21253974,  3.4809325 , -1.30311303,  2.18697682,\n         4.00712959],\n       [ 1.626494  ,  7.21253974,  3.4809325 , -1.30311303,  2.18697682,\n         4.00712959],\n       [ 1.626494  ,  7.21253974,  3.4809325 , -1.30311303,  2.18697682,\n         4.00712959],\n       [ 1.626494  ,  7.21253974,  3.4809325 , -1.30311303,  2.18697682,\n         4.00712959],\n       [ 1.626494  ,  7.21253974,  3.4809325 , -1.30311303,  2.18697682,\n         4.00712959],\n       [ 1.626494  ,  7.21253974,  3.4809325 , -1.30311303,  2.18697682,\n         4.00712959]]), array([0.3860465, 0.3860465, 0.3860465, 0.3860465, 0.3860465, 0.3860465,\n       0.3860465]))"}, "6": {"maxiter": 500, "fatol": 1e-10, "xatol": 1e-05, "duration": 0.12353897094726562, "fun": "0.38604649901390076", "nit": "307", "nfev": "510", "status": "0", "success": "True", "message": "Optimization terminated successfully.", "x": "[ 1.626494    7.21253974  3.4809325  -1.30311303  2.18697682  4.00712959]", "final_simplex": "(array([[ 1.626494  ,  7.21253974,  3.4809325 , -1.30311303,  2.18697682,\n         4.00712959],\n       [ 1.62649378,  7.21253608,  3.48093395, -1.30311099,  2.18697732,\n         4.00713223],\n       [ 1.62649414,  7.21253271,  3.48093325, -1.30311088,  2.18697945,\n         4.00713227],\n       [ 1.62649189,  7.21253808,  3.4809337 , -1.30311276,  2.1869787 ,\n         4.00713247],\n       [ 1.62649281,  7.21254046,  3.48093477, -1.3031146 ,  2.18697794,\n         4.00713142],\n       [ 1.62649389,  7.21253813,  3.48093499, -1.30311312,  2.18697525,\n         4.0071298 ],\n       [ 1.62649299,  7.21253741,  3.48093418, -1.30311113,  2.18697812,\n         4.00713084]]), array([0.3860465, 0.3860465, 0.3860465, 0.3860465, 0.3860465, 0.3860465,\n       0.3860465]))"}, "7": {"maxiter": 500, "fatol": 1e-10, "xatol": 1e-10, "duration": 0.1563701629638672, "fun": "0.38604649901390076", "nit": "324", "nfev": "646", "status": "0", "success": "True", "message": "Optimization terminated successfully.", "x": "[ 1.626494    7.21253974  3.4809325  -1.30311303  2.18697682  4.00712959]", "final_simplex": "(array([[ 1.626494  ,  7.21253974,  3.4809325 , -1.30311303,  2.18697682,\n         4.00712959],\n       [ 1.626494  ,  7.21253974,  3.4809325 , -1.30311303,  2.18697682,\n         4.00712959],\n       [ 1.626494  ,  7.21253974,  3.4809325 , -1.30311303,  2.18697682,\n         4.00712959],\n       [ 1.626494  ,  7.21253974,  3.4809325 , -1.30311303,  2.18697682,\n         4.00712959],\n       [ 1.626494  ,  7.21253974,  3.4809325 , -1.30311303,  2.18697682,\n         4.00712959],\n       [ 1.626494  ,  7.21253974,  3.4809325 , -1.30311303,  2.18697682,\n         4.00712959],\n       [ 1.626494  ,  7.21253974,  3.4809325 , -1.30311303,  2.18697682,\n         4.00712959]]), array([0.3860465, 0.3860465, 0.3860465, 0.3860465, 0.3860465, 0.3860465,\n       0.3860465]))"}, "8": {"maxiter": 1000, "fatol": 1e-05, "xatol": 1e-05, "duration": 0.12390804290771484, "fun": "0.38604649901390076", "nit": "307", "nfev": "510", "status": "0", "success": "True", "message": "Optimization terminated successfully.", "x": "[ 1.626494    7.21253974  3.4809325  -1.30311303  2.18697682  4.00712959]", "final_simplex": "(array([[ 1.626494  ,  7.21253974,  3.4809325 , -1.30311303,  2.18697682,\n         4.00712959],\n       [ 1.62649378,  7.21253608,  3.48093395, -1.30311099,  2.18697732,\n         4.00713223],\n       [ 1.62649414,  7.21253271,  3.48093325, -1.30311088,  2.18697945,\n         4.00713227],\n       [ 1.62649189,  7.21253808,  3.4809337 , -1.30311276,  2.1869787 ,\n         4.00713247],\n       [ 1.62649281,  7.21254046,  3.48093477, -1.3031146 ,  2.18697794,\n         4.00713142],\n       [ 1.62649389,  7.21253813,  3.48093499, -1.30311312,  2.18697525,\n         4.0071298 ],\n       [ 1.62649299,  7.21253741,  3.48093418, -1.30311113,  2.18697812,\n         4.00713084]]), array([0.3860465, 0.3860465, 0.3860465, 0.3860465, 0.3860465, 0.3860465,\n       0.3860465]))"}, "9": {"maxiter": 1000, "fatol": 1e-05, "xatol": 1e-10, "duration": 0.15967988967895508, "fun": "0.38604649901390076", "nit": "324", "nfev": "646", "status": "0", "success": "True", "message": "Optimization terminated successfully.", "x": "[ 1.626494    7.21253974  3.4809325  -1.30311303  2.18697682  4.00712959]", "final_simplex": "(array([[ 1.626494  ,  7.21253974,  3.4809325 , -1.30311303,  2.18697682,\n         4.00712959],\n       [ 1.626494  ,  7.21253974,  3.4809325 , -1.30311303,  2.18697682,\n         4.00712959],\n       [ 1.626494  ,  7.21253974,  3.4809325 , -1.30311303,  2.18697682,\n         4.00712959],\n       [ 1.626494  ,  7.21253974,  3.4809325 , -1.30311303,  2.18697682,\n         4.00712959],\n       [ 1.626494  ,  7.21253974,  3.4809325 , -1.30311303,  2.18697682,\n         4.00712959],\n       [ 1.626494  ,  7.21253974,  3.4809325 , -1.30311303,  2.18697682,\n         4.00712959],\n       [ 1.626494  ,  7.21253974,  3.4809325 , -1.30311303,  2.18697682,\n         4.00712959]]), array([0.3860465, 0.3860465, 0.3860465, 0.3860465, 0.3860465, 0.3860465,\n       0.3860465]))"}, "10": {"maxiter": 1000, "fatol": 1e-10, "xatol": 1e-05, "duration": 0.12681818008422852, "fun": "0.38604649901390076", "nit": "307", "nfev": "510", "status": "0", "success": "True", "message": "Optimization terminated successfully.", "x": "[ 1.626494    7.21253974  3.4809325  -1.30311303  2.18697682  4.00712959]", "final_simplex": "(array([[ 1.626494  ,  7.21253974,  3.4809325 , -1.30311303,  2.18697682,\n         4.00712959],\n       [ 1.62649378,  7.21253608,  3.48093395, -1.30311099,  2.18697732,\n         4.00713223],\n       [ 1.62649414,  7.21253271,  3.48093325, -1.30311088,  2.18697945,\n         4.00713227],\n       [ 1.62649189,  7.21253808,  3.4809337 , -1.30311276,  2.1869787 ,\n         4.00713247],\n       [ 1.62649281,  7.21254046,  3.48093477, -1.3031146 ,  2.18697794,\n         4.00713142],\n       [ 1.62649389,  7.21253813,  3.48093499, -1.30311312,  2.18697525,\n         4.0071298 ],\n       [ 1.62649299,  7.21253741,  3.48093418, -1.30311113,  2.18697812,\n         4.00713084]]), array([0.3860465, 0.3860465, 0.3860465, 0.3860465, 0.3860465, 0.3860465,\n       0.3860465]))"}, "11": {"maxiter": 1000, "fatol": 1e-10, "xatol": 1e-10, "duration": 0.15856099128723145, "fun": "0.38604649901390076", "nit": "324", "nfev": "646", "status": "0", "success": "True", "message": "Optimization terminated successfully.", "x": "[ 1.626494    7.21253974  3.4809325  -1.30311303  2.18697682  4.00712959]", "final_simplex": "(array([[ 1.626494  ,  7.21253974,  3.4809325 , -1.30311303,  2.18697682,\n         4.00712959],\n       [ 1.626494  ,  7.21253974,  3.4809325 , -1.30311303,  2.18697682,\n         4.00712959],\n       [ 1.626494  ,  7.21253974,  3.4809325 , -1.30311303,  2.18697682,\n         4.00712959],\n       [ 1.626494  ,  7.21253974,  3.4809325 , -1.30311303,  2.18697682,\n         4.00712959],\n       [ 1.626494  ,  7.21253974,  3.4809325 , -1.30311303,  2.18697682,\n         4.00712959],\n       [ 1.626494  ,  7.21253974,  3.4809325 , -1.30311303,  2.18697682,\n         4.00712959],\n       [ 1.626494  ,  7.21253974,  3.4809325 , -1.30311303,  2.18697682,\n         4.00712959]]), array([0.3860465, 0.3860465, 0.3860465, 0.3860465, 0.3860465, 0.3860465,\n       0.3860465]))"}}, "bfgs": {"0": {"maxiter": 100, "gtol": 1e-05, "xrtol": 1e-05, "eps": 1e-05, "duration": 0.06447005271911621, "fun": "0.38605108857154846", "jac": "[0. 0. 0. 0. 0. 0.]", "hess_inv": "[[  4.80539829  -1.94205315  -1.48297633  -2.00436764  -0.83732946\n   -0.84923031]\n [ -1.94205315  18.00821387   3.06053578   7.61306335  -1.89766056\n  -10.81532859]\n [ -1.48297633   3.06053578   6.82139723  -1.59998432  -2.93641716\n   -1.72229215]\n [ -2.00436764   7.61306335  -1.59998432   7.55269226   1.73460591\n   -5.14536998]\n [ -0.83732946  -1.89766056  -2.93641716   1.73460591   5.97132956\n    1.72450609]\n [ -0.84923031 -10.81532859  -1.72229215  -5.14536998   1.72450609\n   10.71532218]]", "nfev": "252", "njev": "36", "status": "0", "success": "True", "message": "Optimization terminated successfully.", "x": "[1.62251527 7.20547258 3.48556341 1.30037716 5.32748457 0.87395412]", "nit": "30"}, "1": {"maxiter": 100, "gtol": 1e-05, "xrtol": 1e-05, "eps": 1e-10, "duration": 0.0017180442810058594, "fun": "0.9065880179405212", "jac": "[0. 0. 0. 0. 0. 0.]", "hess_inv": "[[1 0 0 0 0 0]\n [0 1 0 0 0 0]\n [0 0 1 0 0 0]\n [0 0 0 1 0 0]\n [0 0 0 0 1 0]\n [0 0 0 0 0 1]]", "nfev": "7", "njev": "1", "status": "0", "success": "True", "message": "Optimization terminated successfully.", "x": "[0.88961032 5.04158664 4.99826546 2.99292254 3.06624652 3.33694959]", "nit": "0"}, "2": {"maxiter": 100, "gtol": 1e-05, "xrtol": 1e-10, "eps": 1e-05, "duration": 0.06483602523803711, "fun": "0.38605108857154846", "jac": "[0. 0. 0. 0. 0. 0.]", "hess_inv": "[[  4.80539829  -1.94205315  -1.48297633  -2.00436764  -0.83732946\n   -0.84923031]\n [ -1.94205315  18.00821387   3.06053578   7.61306335  -1.89766056\n  -10.81532859]\n [ -1.48297633   3.06053578   6.82139723  -1.59998432  -2.93641716\n   -1.72229215]\n [ -2.00436764   7.61306335  -1.59998432   7.55269226   1.73460591\n   -5.14536998]\n [ -0.83732946  -1.89766056  -2.93641716   1.73460591   5.97132956\n    1.72450609]\n [ -0.84923031 -10.81532859  -1.72229215  -5.14536998   1.72450609\n   10.71532218]]", "nfev": "252", "njev": "36", "status": "0", "success": "True", "message": "Optimization terminated successfully.", "x": "[1.62251527 7.20547258 3.48556341 1.30037716 5.32748457 0.87395412]", "nit": "30"}, "3": {"maxiter": 100, "gtol": 1e-05, "xrtol": 1e-10, "eps": 1e-10, "duration": 0.0018439292907714844, "fun": "0.9065880179405212", "jac": "[0. 0. 0. 0. 0. 0.]", "hess_inv": "[[1 0 0 0 0 0]\n [0 1 0 0 0 0]\n [0 0 1 0 0 0]\n [0 0 0 1 0 0]\n [0 0 0 0 1 0]\n [0 0 0 0 0 1]]", "nfev": "7", "njev": "1", "status": "0", "success": "True", "message": "Optimization terminated successfully.", "x": "[0.88961032 5.04158664 4.99826546 2.99292254 3.06624652 3.33694959]", "nit": "0"}, "4": {"maxiter": 100, "gtol": 1e-10, "xrtol": 1e-05, "eps": 1e-05, "duration": 0.06498289108276367, "fun": "0.38605108857154846", "jac": "[0. 0. 0. 0. 0. 0.]", "hess_inv": "[[  4.80539829  -1.94205315  -1.48297633  -2.00436764  -0.83732946\n   -0.84923031]\n [ -1.94205315  18.00821387   3.06053578   7.61306335  -1.89766056\n  -10.81532859]\n [ -1.48297633   3.06053578   6.82139723  -1.59998432  -2.93641716\n   -1.72229215]\n [ -2.00436764   7.61306335  -1.59998432   7.55269226   1.73460591\n   -5.14536998]\n [ -0.83732946  -1.89766056  -2.93641716   1.73460591   5.97132956\n    1.72450609]\n [ -0.84923031 -10.81532859  -1.72229215  -5.14536998   1.72450609\n   10.71532218]]", "nfev": "252", "njev": "36", "status": "0", "success": "True", "message": "Optimization terminated successfully.", "x": "[1.62251527 7.20547258 3.48556341 1.30037716 5.32748457 0.87395412]", "nit": "30"}, "5": {"maxiter": 100, "gtol": 1e-10, "xrtol": 1e-05, "eps": 1e-10, "duration": 0.001834869384765625, "fun": "0.9065880179405212", "jac": "[0. 0. 0. 0. 0. 0.]", "hess_inv": "[[1 0 0 0 0 0]\n [0 1 0 0 0 0]\n [0 0 1 0 0 0]\n [0 0 0 1 0 0]\n [0 0 0 0 1 0]\n [0 0 0 0 0 1]]", "nfev": "7", "njev": "1", "status": "0", "success": "True", "message": "Optimization terminated successfully.", "x": "[0.88961032 5.04158664 4.99826546 2.99292254 3.06624652 3.33694959]", "nit": "0"}, "6": {"maxiter": 100, "gtol": 1e-10, "xrtol": 1e-10, "eps": 1e-05, "duration": 0.06310391426086426, "fun": "0.38605108857154846", "jac": "[0. 0. 0. 0. 0. 0.]", "hess_inv": "[[  4.80539829  -1.94205315  -1.48297633  -2.00436764  -0.83732946\n   -0.84923031]\n [ -1.94205315  18.00821387   3.06053578   7.61306335  -1.89766056\n  -10.81532859]\n [ -1.48297633   3.06053578   6.82139723  -1.59998432  -2.93641716\n   -1.72229215]\n [ -2.00436764   7.61306335  -1.59998432   7.55269226   1.73460591\n   -5.14536998]\n [ -0.83732946  -1.89766056  -2.93641716   1.73460591   5.97132956\n    1.72450609]\n [ -0.84923031 -10.81532859  -1.72229215  -5.14536998   1.72450609\n   10.71532218]]", "nfev": "252", "njev": "36", "status": "0", "success": "True", "message": "Optimization terminated successfully.", "x": "[1.62251527 7.20547258 3.48556341 1.30037716 5.32748457 0.87395412]", "nit": "30"}, "7": {"maxiter": 100, "gtol": 1e-10, "xrtol": 1e-10, "eps": 1e-10, "duration": 0.0017268657684326172, "fun": "0.9065880179405212", "jac": "[0. 0. 0. 0. 0. 0.]", "hess_inv": "[[1 0 0 0 0 0]\n [0 1 0 0 0 0]\n [0 0 1 0 0 0]\n [0 0 0 1 0 0]\n [0 0 0 0 1 0]\n [0 0 0 0 0 1]]", "nfev": "7", "njev": "1", "status": "0", "success": "True", "message": "Optimization terminated successfully.", "x": "[0.88961032 5.04158664 4.99826546 2.99292254 3.06624652 3.33694959]", "nit": "0"}, "8": {"maxiter": 500, "gtol": 1e-05, "xrtol": 1e-05, "eps": 1e-05, "duration": 0.0617520809173584, "fun": "0.38605108857154846", "jac": "[0. 0. 0. 0. 0. 0.]", "hess_inv": "[[  4.80539829  -1.94205315  -1.48297633  -2.00436764  -0.83732946\n   -0.84923031]\n [ -1.94205315  18.00821387   3.06053578   7.61306335  -1.89766056\n  -10.81532859]\n [ -1.48297633   3.06053578   6.82139723  -1.59998432  -2.93641716\n   -1.72229215]\n [ -2.00436764   7.61306335  -1.59998432   7.55269226   1.73460591\n   -5.14536998]\n [ -0.83732946  -1.89766056  -2.93641716   1.73460591   5.97132956\n    1.72450609]\n [ -0.84923031 -10.81532859  -1.72229215  -5.14536998   1.72450609\n   10.71532218]]", "nfev": "252", "njev": "36", "status": "0", "success": "True", "message": "Optimization terminated successfully.", "x": "[1.62251527 7.20547258 3.48556341 1.30037716 5.32748457 0.87395412]", "nit": "30"}, "9": {"maxiter": 500, "gtol": 1e-05, "xrtol": 1e-05, "eps": 1e-10, "duration": 0.001795053482055664, "fun": "0.9065880179405212", "jac": "[0. 0. 0. 0. 0. 0.]", "hess_inv": "[[1 0 0 0 0 0]\n [0 1 0 0 0 0]\n [0 0 1 0 0 0]\n [0 0 0 1 0 0]\n [0 0 0 0 1 0]\n [0 0 0 0 0 1]]", "nfev": "7", "njev": "1", "status": "0", "success": "True", "message": "Optimization terminated successfully.", "x": "[0.88961032 5.04158664 4.99826546 2.99292254 3.06624652 3.33694959]", "nit": "0"}, "10": {"maxiter": 500, "gtol": 1e-05, "xrtol": 1e-10, "eps": 1e-05, "duration": 0.06219291687011719, "fun": "0.38605108857154846", "jac": "[0. 0. 0. 0. 0. 0.]", "hess_inv": "[[  4.80539829  -1.94205315  -1.48297633  -2.00436764  -0.83732946\n   -0.84923031]\n [ -1.94205315  18.00821387   3.06053578   7.61306335  -1.89766056\n  -10.81532859]\n [ -1.48297633   3.06053578   6.82139723  -1.59998432  -2.93641716\n   -1.72229215]\n [ -2.00436764   7.61306335  -1.59998432   7.55269226   1.73460591\n   -5.14536998]\n [ -0.83732946  -1.89766056  -2.93641716   1.73460591   5.97132956\n    1.72450609]\n [ -0.84923031 -10.81532859  -1.72229215  -5.14536998   1.72450609\n   10.71532218]]", "nfev": "252", "njev": "36", "status": "0", "success": "True", "message": "Optimization terminated successfully.", "x": "[1.62251527 7.20547258 3.48556341 1.30037716 5.32748457 0.87395412]", "nit": "30"}, "11": {"maxiter": 500, "gtol": 1e-05, "xrtol": 1e-10, "eps": 1e-10, "duration": 0.0018727779388427734, "fun": "0.9065880179405212", "jac": "[0. 0. 0. 0. 0. 0.]", "hess_inv": "[[1 0 0 0 0 0]\n [0 1 0 0 0 0]\n [0 0 1 0 0 0]\n [0 0 0 1 0 0]\n [0 0 0 0 1 0]\n [0 0 0 0 0 1]]", "nfev": "7", "njev": "1", "status": "0", "success": "True", "message": "Optimization terminated successfully.", "x": "[0.88961032 5.04158664 4.99826546 2.99292254 3.06624652 3.33694959]", "nit": "0"}, "12": {"maxiter": 500, "gtol": 1e-10, "xrtol": 1e-05, "eps": 1e-05, "duration": 0.0635521411895752, "fun": "0.38605108857154846", "jac": "[0. 0. 0. 0. 0. 0.]", "hess_inv": "[[  4.80539829  -1.94205315  -1.48297633  -2.00436764  -0.83732946\n   -0.84923031]\n [ -1.94205315  18.00821387   3.06053578   7.61306335  -1.89766056\n  -10.81532859]\n [ -1.48297633   3.06053578   6.82139723  -1.59998432  -2.93641716\n   -1.72229215]\n [ -2.00436764   7.61306335  -1.59998432   7.55269226   1.73460591\n   -5.14536998]\n [ -0.83732946  -1.89766056  -2.93641716   1.73460591   5.97132956\n    1.72450609]\n [ -0.84923031 -10.81532859  -1.72229215  -5.14536998   1.72450609\n   10.71532218]]", "nfev": "252", "njev": "36", "status": "0", "success": "True", "message": "Optimization terminated successfully.", "x": "[1.62251527 7.20547258 3.48556341 1.30037716 5.32748457 0.87395412]", "nit": "30"}, "13": {"maxiter": 500, "gtol": 1e-10, "xrtol": 1e-05, "eps": 1e-10, "duration": 0.0017559528350830078, "fun": "0.9065880179405212", "jac": "[0. 0. 0. 0. 0. 0.]", "hess_inv": "[[1 0 0 0 0 0]\n [0 1 0 0 0 0]\n [0 0 1 0 0 0]\n [0 0 0 1 0 0]\n [0 0 0 0 1 0]\n [0 0 0 0 0 1]]", "nfev": "7", "njev": "1", "status": "0", "success": "True", "message": "Optimization terminated successfully.", "x": "[0.88961032 5.04158664 4.99826546 2.99292254 3.06624652 3.33694959]", "nit": "0"}, "14": {"maxiter": 500, "gtol": 1e-10, "xrtol": 1e-10, "eps": 1e-05, "duration": 0.06238698959350586, "fun": "0.38605108857154846", "jac": "[0. 0. 0. 0. 0. 0.]", "hess_inv": "[[  4.80539829  -1.94205315  -1.48297633  -2.00436764  -0.83732946\n   -0.84923031]\n [ -1.94205315  18.00821387   3.06053578   7.61306335  -1.89766056\n  -10.81532859]\n [ -1.48297633   3.06053578   6.82139723  -1.59998432  -2.93641716\n   -1.72229215]\n [ -2.00436764   7.61306335  -1.59998432   7.55269226   1.73460591\n   -5.14536998]\n [ -0.83732946  -1.89766056  -2.93641716   1.73460591   5.97132956\n    1.72450609]\n [ -0.84923031 -10.81532859  -1.72229215  -5.14536998   1.72450609\n   10.71532218]]", "nfev": "252", "njev": "36", "status": "0", "success": "True", "message": "Optimization terminated successfully.", "x": "[1.62251527 7.20547258 3.48556341 1.30037716 5.32748457 0.87395412]", "nit": "30"}, "15": {"maxiter": 500, "gtol": 1e-10, "xrtol": 1e-10, "eps": 1e-10, "duration": 0.001714944839477539, "fun": "0.9065880179405212", "jac": "[0. 0. 0. 0. 0. 0.]", "hess_inv": "[[1 0 0 0 0 0]\n [0 1 0 0 0 0]\n [0 0 1 0 0 0]\n [0 0 0 1 0 0]\n [0 0 0 0 1 0]\n [0 0 0 0 0 1]]", "nfev": "7", "njev": "1", "status": "0", "success": "True", "message": "Optimization terminated successfully.", "x": "[0.88961032 5.04158664 4.99826546 2.99292254 3.06624652 3.33694959]", "nit": "0"}, "16": {"maxiter": 1000, "gtol": 1e-05, "xrtol": 1e-05, "eps": 1e-05, "duration": 0.06187272071838379, "fun": "0.38605108857154846", "jac": "[0. 0. 0. 0. 0. 0.]", "hess_inv": "[[  4.80539829  -1.94205315  -1.48297633  -2.00436764  -0.83732946\n   -0.84923031]\n [ -1.94205315  18.00821387   3.06053578   7.61306335  -1.89766056\n  -10.81532859]\n [ -1.48297633   3.06053578   6.82139723  -1.59998432  -2.93641716\n   -1.72229215]\n [ -2.00436764   7.61306335  -1.59998432   7.55269226   1.73460591\n   -5.14536998]\n [ -0.83732946  -1.89766056  -2.93641716   1.73460591   5.97132956\n    1.72450609]\n [ -0.84923031 -10.81532859  -1.72229215  -5.14536998   1.72450609\n   10.71532218]]", "nfev": "252", "njev": "36", "status": "0", "success": "True", "message": "Optimization terminated successfully.", "x": "[1.62251527 7.20547258 3.48556341 1.30037716 5.32748457 0.87395412]", "nit": "30"}, "17": {"maxiter": 1000, "gtol": 1e-05, "xrtol": 1e-05, "eps": 1e-10, "duration": 0.0017180442810058594, "fun": "0.9065880179405212", "jac": "[0. 0. 0. 0. 0. 0.]", "hess_inv": "[[1 0 0 0 0 0]\n [0 1 0 0 0 0]\n [0 0 1 0 0 0]\n [0 0 0 1 0 0]\n [0 0 0 0 1 0]\n [0 0 0 0 0 1]]", "nfev": "7", "njev": "1", "status": "0", "success": "True", "message": "Optimization terminated successfully.", "x": "[0.88961032 5.04158664 4.99826546 2.99292254 3.06624652 3.33694959]", "nit": "0"}, "18": {"maxiter": 1000, "gtol": 1e-05, "xrtol": 1e-10, "eps": 1e-05, "duration": 0.07252812385559082, "fun": "0.38605108857154846", "jac": "[0. 0. 0. 0. 0. 0.]", "hess_inv": "[[  4.80539829  -1.94205315  -1.48297633  -2.00436764  -0.83732946\n   -0.84923031]\n [ -1.94205315  18.00821387   3.06053578   7.61306335  -1.89766056\n  -10.81532859]\n [ -1.48297633   3.06053578   6.82139723  -1.59998432  -2.93641716\n   -1.72229215]\n [ -2.00436764   7.61306335  -1.59998432   7.55269226   1.73460591\n   -5.14536998]\n [ -0.83732946  -1.89766056  -2.93641716   1.73460591   5.97132956\n    1.72450609]\n [ -0.84923031 -10.81532859  -1.72229215  -5.14536998   1.72450609\n   10.71532218]]", "nfev": "252", "njev": "36", "status": "0", "success": "True", "message": "Optimization terminated successfully.", "x": "[1.62251527 7.20547258 3.48556341 1.30037716 5.32748457 0.87395412]", "nit": "30"}, "19": {"maxiter": 1000, "gtol": 1e-05, "xrtol": 1e-10, "eps": 1e-10, "duration": 0.0020618438720703125, "fun": "0.9065880179405212", "jac": "[0. 0. 0. 0. 0. 0.]", "hess_inv": "[[1 0 0 0 0 0]\n [0 1 0 0 0 0]\n [0 0 1 0 0 0]\n [0 0 0 1 0 0]\n [0 0 0 0 1 0]\n [0 0 0 0 0 1]]", "nfev": "7", "njev": "1", "status": "0", "success": "True", "message": "Optimization terminated successfully.", "x": "[0.88961032 5.04158664 4.99826546 2.99292254 3.06624652 3.33694959]", "nit": "0"}, "20": {"maxiter": 1000, "gtol": 1e-10, "xrtol": 1e-05, "eps": 1e-05, "duration": 0.06796693801879883, "fun": "0.38605108857154846", "jac": "[0. 0. 0. 0. 0. 0.]", "hess_inv": "[[  4.80539829  -1.94205315  -1.48297633  -2.00436764  -0.83732946\n   -0.84923031]\n [ -1.94205315  18.00821387   3.06053578   7.61306335  -1.89766056\n  -10.81532859]\n [ -1.48297633   3.06053578   6.82139723  -1.59998432  -2.93641716\n   -1.72229215]\n [ -2.00436764   7.61306335  -1.59998432   7.55269226   1.73460591\n   -5.14536998]\n [ -0.83732946  -1.89766056  -2.93641716   1.73460591   5.97132956\n    1.72450609]\n [ -0.84923031 -10.81532859  -1.72229215  -5.14536998   1.72450609\n   10.71532218]]", "nfev": "252", "njev": "36", "status": "0", "success": "True", "message": "Optimization terminated successfully.", "x": "[1.62251527 7.20547258 3.48556341 1.30037716 5.32748457 0.87395412]", "nit": "30"}, "21": {"maxiter": 1000, "gtol": 1e-10, "xrtol": 1e-05, "eps": 1e-10, "duration": 0.0017211437225341797, "fun": "0.9065880179405212", "jac": "[0. 0. 0. 0. 0. 0.]", "hess_inv": "[[1 0 0 0 0 0]\n [0 1 0 0 0 0]\n [0 0 1 0 0 0]\n [0 0 0 1 0 0]\n [0 0 0 0 1 0]\n [0 0 0 0 0 1]]", "nfev": "7", "njev": "1", "status": "0", "success": "True", "message": "Optimization terminated successfully.", "x": "[0.88961032 5.04158664 4.99826546 2.99292254 3.06624652 3.33694959]", "nit": "0"}, "22": {"maxiter": 1000, "gtol": 1e-10, "xrtol": 1e-10, "eps": 1e-05, "duration": 0.06499123573303223, "fun": "0.38605108857154846", "jac": "[0. 0. 0. 0. 0. 0.]", "hess_inv": "[[  4.80539829  -1.94205315  -1.48297633  -2.00436764  -0.83732946\n   -0.84923031]\n [ -1.94205315  18.00821387   3.06053578   7.61306335  -1.89766056\n  -10.81532859]\n [ -1.48297633   3.06053578   6.82139723  -1.59998432  -2.93641716\n   -1.72229215]\n [ -2.00436764   7.61306335  -1.59998432   7.55269226   1.73460591\n   -5.14536998]\n [ -0.83732946  -1.89766056  -2.93641716   1.73460591   5.97132956\n    1.72450609]\n [ -0.84923031 -10.81532859  -1.72229215  -5.14536998   1.72450609\n   10.71532218]]", "nfev": "252", "njev": "36", "status": "0", "success": "True", "message": "Optimization terminated successfully.", "x": "[1.62251527 7.20547258 3.48556341 1.30037716 5.32748457 0.87395412]", "nit": "30"}, "23": {"maxiter": 1000, "gtol": 1e-10, "xrtol": 1e-10, "eps": 1e-10, "duration": 0.001744985580444336, "fun": "0.9065880179405212", "jac": "[0. 0. 0. 0. 0. 0.]", "hess_inv": "[[1 0 0 0 0 0]\n [0 1 0 0 0 0]\n [0 0 1 0 0 0]\n [0 0 0 1 0 0]\n [0 0 0 0 1 0]\n [0 0 0 0 0 1]]", "nfev": "7", "njev": "1", "status": "0", "success": "True", "message": "Optimization terminated successfully.", "x": "[0.88961032 5.04158664 4.99826546 2.99292254 3.06624652 3.33694959]", "nit": "0"}}, "cobyla": {"0": {"maxiter": 100, "tol": 1e-05, "catol": 1e-05, "duration": 0.02386927604675293, "x": "[4.62695438 4.26693234 6.6817089  4.92533266 2.14547348 3.80829135]", "status": "2", "success": "False", "message": "Maximum number of function evaluations has been exceeded.", "nfev": "100", "fun": "0.3870689570903778", "maxcv": "0.0"}, "1": {"maxiter": 100, "tol": 1e-05, "catol": 1e-10, "duration": 0.023527860641479492, "x": "[4.62695438 4.26693234 6.6817089  4.92533266 2.14547348 3.80829135]", "status": "2", "success": "False", "message": "Maximum number of function evaluations has been exceeded.", "nfev": "100", "fun": "0.3870689570903778", "maxcv": "0.0"}, "2": {"maxiter": 100, "tol": 1e-10, "catol": 1e-05, "duration": 0.023385047912597656, "x": "[4.62695438 4.26693234 6.6817089  4.92533266 2.14547348 3.80829135]", "status": "2", "success": "False", "message": "Maximum number of function evaluations has been exceeded.", "nfev": "100", "fun": "0.3870689570903778", "maxcv": "0.0"}, "3": {"maxiter": 100, "tol": 1e-10, "catol": 1e-10, "duration": 0.023437023162841797, "x": "[4.62695438 4.26693234 6.6817089  4.92533266 2.14547348 3.80829135]", "status": "2", "success": "False", "message": "Maximum number of function evaluations has been exceeded.", "nfev": "100", "fun": "0.3870689570903778", "maxcv": "0.0"}, "4": {"maxiter": 500, "tol": 1e-05, "catol": 1e-05, "duration": 0.06433820724487305, "x": "[4.65595038 4.07470356 6.62365012 4.97901445 2.18614953 4.00364652]", "status": "1", "success": "True", "message": "Optimization terminated successfully.", "nfev": "278", "fun": "0.3860468566417694", "maxcv": "0.0"}, "5": {"maxiter": 500, "tol": 1e-05, "catol": 1e-10, "duration": 0.06579303741455078, "x": "[4.65595038 4.07470356 6.62365012 4.97901445 2.18614953 4.00364652]", "status": "1", "success": "True", "message": "Optimization terminated successfully.", "nfev": "278", "fun": "0.3860468566417694", "maxcv": "0.0"}, "6": {"maxiter": 500, "tol": 1e-10, "catol": 1e-05, "duration": 0.08925890922546387, "x": "[4.65595038 4.07470356 6.62365012 4.97901445 2.18614953 4.00364652]", "status": "1", "success": "True", "message": "Optimization terminated successfully.", "nfev": "311", "fun": "0.3860468566417694", "maxcv": "0.0"}, "7": {"maxiter": 500, "tol": 1e-10, "catol": 1e-10, "duration": 0.08008193969726562, "x": "[4.65595038 4.07470356 6.62365012 4.97901445 2.18614953 4.00364652]", "status": "1", "success": "True", "message": "Optimization terminated successfully.", "nfev": "311", "fun": "0.3860468566417694", "maxcv": "0.0"}, "8": {"maxiter": 1000, "tol": 1e-05, "catol": 1e-05, "duration": 0.07079625129699707, "x": "[4.65595038 4.07470356 6.62365012 4.97901445 2.18614953 4.00364652]", "status": "1", "success": "True", "message": "Optimization terminated successfully.", "nfev": "278", "fun": "0.3860468566417694", "maxcv": "0.0"}, "9": {"maxiter": 1000, "tol": 1e-05, "catol": 1e-10, "duration": 0.07078194618225098, "x": "[4.65595038 4.07470356 6.62365012 4.97901445 2.18614953 4.00364652]", "status": "1", "success": "True", "message": "Optimization terminated successfully.", "nfev": "278", "fun": "0.3860468566417694", "maxcv": "0.0"}, "10": {"maxiter": 1000, "tol": 1e-10, "catol": 1e-05, "duration": 0.08186793327331543, "x": "[4.65595038 4.07470356 6.62365012 4.97901445 2.18614953 4.00364652]", "status": "1", "success": "True", "message": "Optimization terminated successfully.", "nfev": "311", "fun": "0.3860468566417694", "maxcv": "0.0"}, "11": {"maxiter": 1000, "tol": 1e-10, "catol": 1e-10, "duration": 0.08239507675170898, "x": "[4.65595038 4.07470356 6.62365012 4.97901445 2.18614953 4.00364652]", "status": "1", "success": "True", "message": "Optimization terminated successfully.", "nfev": "311", "fun": "0.3860468566417694", "maxcv": "0.0"}}, "powell": {"0": {"maxiter": 100, "ftol": 1e-05, "xtol": 1e-05, "duration": 0.15505480766296387, "fun": "0.3860475420951843", "direc": "[[ 1.          0.          0.          0.          0.          0.        ]\n [ 0.          1.          0.          0.          0.          0.        ]\n [ 0.30061064 -0.32404963  0.12594367  0.55789082 -0.15991657  0.07411738]\n [ 0.11916522  0.16844033  0.24791579 -0.04315263 -0.08680751  0.09529617]\n [ 0.          0.          0.          0.          1.          0.        ]\n [-0.03526054  0.1328736   0.01505255 -0.04645156 -0.00699074 -0.12050029]]", "nit": "8", "nfev": "630", "status": "0", "success": "True", "message": "Optimization terminated successfully.", "x": "[4.65503401 4.07051754 6.62497818 4.9812097  2.18592246 4.0057152 ]"}, "1": {"maxiter": 100, "ftol": 1e-05, "xtol": 1e-10, "duration": 0.47246313095092773, "fun": "0.38604655861854553", "direc": "[[ 1.00000000e+00  0.00000000e+00  0.00000000e+00  0.00000000e+00\n   0.00000000e+00  0.00000000e+00]\n [-3.50544135e-02  1.31166426e-01  1.54042311e-02 -4.64969023e-02\n  -6.97681060e-03 -1.21480426e-01]\n [ 3.00892379e-01 -3.23959250e-01  1.25403077e-01  5.57139658e-01\n  -1.60207146e-01  7.47356799e-02]\n [ 1.18407583e-01  1.69035318e-01  2.46816249e-01 -4.30234200e-02\n  -8.60724905e-02  9.42925102e-02]\n [ 0.00000000e+00  0.00000000e+00  0.00000000e+00  0.00000000e+00\n   1.00000000e+00  0.00000000e+00]\n [ 5.80405181e-04  2.20333881e-04 -2.70148336e-03 -1.92628582e-04\n   8.49331818e-04  1.39730414e-03]]", "nit": "9", "nfev": "1922", "status": "0", "success": "True", "message": "Optimization terminated successfully.", "x": "[4.65590579 4.07133305 6.62275579 4.98053883 2.18680447 4.00643548]"}, "2": {"maxiter": 100, "ftol": 1e-10, "xtol": 1e-05, "duration": 0.3279900550842285, "fun": "0.38604649901390076", "direc": "[[ 1.00000000e+00  0.00000000e+00  0.00000000e+00  0.00000000e+00\n   0.00000000e+00  0.00000000e+00]\n [-3.52605402e-02  1.32873604e-01  1.50525463e-02 -4.64515642e-02\n  -6.99073944e-03 -1.20500285e-01]\n [ 3.00610636e-01 -3.24049626e-01  1.25943669e-01  5.57890816e-01\n  -1.59916566e-01  7.41173775e-02]\n [ 1.19165222e-01  1.68440334e-01  2.47915787e-01 -4.31526260e-02\n  -8.68075111e-02  9.52961744e-02]\n [ 0.00000000e+00  0.00000000e+00  0.00000000e+00  0.00000000e+00\n   1.00000000e+00  0.00000000e+00]\n [ 4.39967395e-04  4.91444763e-04 -2.04086888e-03 -3.29324426e-05\n   4.57461013e-04  6.78748314e-04]]", "nit": "11", "nfev": "1177", "status": "0", "success": "True", "message": "Optimization terminated successfully.", "x": "[4.6563761  4.07046316 6.62245554 4.98039066 2.18706693 4.00730008]"}, "3": {"maxiter": 100, "ftol": 1e-10, "xtol": 1e-10, "duration": 0.6137969493865967, "fun": "0.38604649901390076", "direc": "[[ 5.80405181e-04  2.20333881e-04 -2.70148336e-03 -1.92628582e-04\n   8.49331818e-04  1.39730414e-03]\n [-3.50544135e-02  1.31166426e-01  1.54042311e-02 -4.64969023e-02\n  -6.97681060e-03 -1.21480426e-01]\n [ 3.00892379e-01 -3.23959250e-01  1.25403077e-01  5.57139658e-01\n  -1.60207146e-01  7.47356799e-02]\n [ 1.18407583e-01  1.69035318e-01  2.46816249e-01 -4.30234200e-02\n  -8.60724905e-02  9.42925102e-02]\n [ 0.00000000e+00  0.00000000e+00  0.00000000e+00  0.00000000e+00\n   1.00000000e+00  0.00000000e+00]\n [ 1.98674560e-04 -1.42321146e-04 -1.13197134e-04 -1.49766926e-04\n   9.53136372e-05  1.77259897e-04]]", "nit": "11", "nfev": "2452", "status": "0", "success": "True", "message": "Optimization terminated successfully.", "x": "[4.65638665 4.0705473  6.62253179 4.98037597 2.18701517 4.00721144]"}, "4": {"maxiter": 500, "ftol": 1e-05, "xtol": 1e-05, "duration": 0.15406584739685059, "fun": "0.3860475420951843", "direc": "[[ 1.          0.          0.          0.          0.          0.        ]\n [ 0.          1.          0.          0.          0.          0.        ]\n [ 0.30061064 -0.32404963  0.12594367  0.55789082 -0.15991657  0.07411738]\n [ 0.11916522  0.16844033  0.24791579 -0.04315263 -0.08680751  0.09529617]\n [ 0.          0.          0.          0.          1.          0.        ]\n [-0.03526054  0.1328736   0.01505255 -0.04645156 -0.00699074 -0.12050029]]", "nit": "8", "nfev": "630", "status": "0", "success": "True", "message": "Optimization terminated successfully.", "x": "[4.65503401 4.07051754 6.62497818 4.9812097  2.18592246 4.0057152 ]"}, "5": {"maxiter": 500, "ftol": 1e-05, "xtol": 1e-10, "duration": 0.6128089427947998, "fun": "0.38604655861854553", "direc": "[[ 1.00000000e+00  0.00000000e+00  0.00000000e+00  0.00000000e+00\n   0.00000000e+00  0.00000000e+00]\n [-3.50544135e-02  1.31166426e-01  1.54042311e-02 -4.64969023e-02\n  -6.97681060e-03 -1.21480426e-01]\n [ 3.00892379e-01 -3.23959250e-01  1.25403077e-01  5.57139658e-01\n  -1.60207146e-01  7.47356799e-02]\n [ 1.18407583e-01  1.69035318e-01  2.46816249e-01 -4.30234200e-02\n  -8.60724905e-02  9.42925102e-02]\n [ 0.00000000e+00  0.00000000e+00  0.00000000e+00  0.00000000e+00\n   1.00000000e+00  0.00000000e+00]\n [ 5.80405181e-04  2.20333881e-04 -2.70148336e-03 -1.92628582e-04\n   8.49331818e-04  1.39730414e-03]]", "nit": "9", "nfev": "1922"