{"date": "2024/09/24/, 04:24:37", "conf_id": 257, "data_type": "var_s_rank\n", "num_data_points": 1, "s_rank": 0, "unitary": "[[0.18663085-0.53122324j,-0.11886349-0.70040876j,0.28555095-0.02789305j,-0.12262021-0.2844587j],[-0.16702216+0.27758472j,0.27526351-0.29738586j,-0.01109314+0.22495461j,-0.77239203+0.28900673j],[0.61935415+0.12301792j,-0.31269928-0.03315917j,-0.61902762-0.19039079j,-0.27120731-0.0968989j],[0.42341754+0.0023929j,-0.05847358+0.47832119j,0.64900495-0.16218422j,-0.37182676-0.05229966j]]", "databatch_0": {"databatch": "[[[-0.18180337+0.08956297j,-0.28491263+0.05985633j,0.44671799-0.11419704j,0.01454728-0.04367651j],[0.24690679-0.17911654j,-0.26715272-0.05065514j,-0.00583741-0.14630014j,-0.02615801+0.26763954j],[0.01889487+0.0662924j,-0.25148664+0.13291268j,-0.2689748+0.05189171j,-0.04352605-0.30028587j],[-0.08276571-0.07371572j,-0.1675028+0.0891195j,-0.01937306+0.04026463j,-0.25763309-0.17114705j]]]", "initial param values": "[0.46893819,3.5413185,3.10382654,2.13871319,5.66130369,2.78709119]", "nelder_mead": {"type": "gradient-free", "0": {"maxiter": 100, "fatol": 1e-05, "xatol": 1e-05, "duration": 0.038110971450805664, "fun": "0.2350496129508517", "nit": "100", "nfev": "163", "status": "2", "success": "False", "message": "Maximum number of iterations has been exceeded.", "x": "[0.79342099 0.60460627 3.17050941 2.22774684 6.78951082 2.54248272]", "final_simplex": "(array([[0.79342099, 0.60460627, 3.17050941, 2.22774684, 6.78951082,\n        2.54248272],\n       [0.78837927, 0.6346151 , 3.16531   , 2.22770437, 6.79027334,\n        2.53865485],\n       [0.78799836, 0.63707484, 3.15995494, 2.2444083 , 6.78217171,\n        2.5266066 ],\n       [0.78644675, 0.63475996, 3.1294361 , 2.19706484, 6.7639526 ,\n        2.50190483],\n       [0.77671695, 0.65150949, 3.13002087, 2.21188577, 6.76417619,\n        2.54588225],\n       [0.78427272, 0.6593144 , 3.15888715, 2.26041223, 6.74159775,\n        2.52509308],\n       [0.79816155, 0.61072326, 3.18470877, 2.22998131, 6.72355774,\n        2.50445451]]), array([0.23504961, 0.23508349, 0.23509751, 0.23522831, 0.23524549,\n       0.23537261, 0.23540621]))", "callback": [0.6669914727521244, 0.35157036552897936, 0.2912062906122309, 0.275913329080379, 0.2670751484058643, 0.24828989213891417, 0.23916602507921547, 0.23661323149400426, 0.23522830905781245]}, "1": {"maxiter": 100, "fatol": 1e-05, "xatol": 1e-10, "duration": 0.0357508659362793, "fun": "0.2350496129508517", "nit": "100", "nfev": "163", "status": "2", "success": "False", "message": "Maximum number of iterations has been exceeded.", "x": "[0.79342099 0.60460627 3.17050941 2.22774684 6.78951082 2.54248272]", "final_simplex": "(array([[0.79342099, 0.60460627, 3.17050941, 2.22774684, 6.78951082,\n        2.54248272],\n       [0.78837927, 0.6346151 , 3.16531   , 2.22770437, 6.79027334,\n        2.53865485],\n       [0.78799836, 0.63707484, 3.15995494, 2.2444083 , 6.78217171,\n        2.5266066 ],\n       [0.78644675, 0.63475996, 3.1294361 , 2.19706484, 6.7639526 ,\n        2.50190483],\n       [0.77671695, 0.65150949, 3.13002087, 2.21188577, 6.76417619,\n        2.54588225],\n       [0.78427272, 0.6593144 , 3.15888715, 2.26041223, 6.74159775,\n        2.52509308],\n       [0.79816155, 0.61072326, 3.18470877, 2.22998131, 6.72355774,\n        2.50445451]]), array([0.23504961, 0.23508349, 0.23509751, 0.23522831, 0.23524549,\n       0.23537261, 0.23540621]))", "callback": [0.6669914727521244, 0.35157036552897936, 0.2912062906122309, 0.275913329080379, 0.2670751484058643, 0.24828989213891417, 0.23916602507921547, 0.23661323149400426, 0.23522830905781245]}, "2": {"maxiter": 100, "fatol": 1e-10, "xatol": 1e-05, "duration": 0.03556990623474121, "fun": "0.2350496129508517", "nit": "100", "nfev": "163", "status": "2", "success": "False", "message": "Maximum number of iterations has been exceeded.", "x": "[0.79342099 0.60460627 3.17050941 2.22774684 6.78951082 2.54248272]", "final_simplex": "(array([[0.79342099, 0.60460627, 3.17050941, 2.22774684, 6.78951082,\n        2.54248272],\n       [0.78837927, 0.6346151 , 3.16531   , 2.22770437, 6.79027334,\n        2.53865485],\n       [0.78799836, 0.63707484, 3.15995494, 2.2444083 , 6.78217171,\n        2.5266066 ],\n       [0.78644675, 0.63475996, 3.1294361 , 2.19706484, 6.7639526 ,\n        2.50190483],\n       [0.77671695, 0.65150949, 3.13002087, 2.21188577, 6.76417619,\n        2.54588225],\n       [0.78427272, 0.6593144 , 3.15888715, 2.26041223, 6.74159775,\n        2.52509308],\n       [0.79816155, 0.61072326, 3.18470877, 2.22998131, 6.72355774,\n        2.50445451]]), array([0.23504961, 0.23508349, 0.23509751, 0.23522831, 0.23524549,\n       0.23537261, 0.23540621]))", "callback": [0.6669914727521244, 0.35157036552897936, 0.2912062906122309, 0.275913329080379, 0.2670751484058643, 0.24828989213891417, 0.23916602507921547, 0.23661323149400426, 0.23522830905781245]}, "3": {"maxiter": 100, "fatol": 1e-10, "xatol": 1e-10, "duration": 0.0363767147064209, "fun": "0.2350496129508517", "nit": "100", "nfev": "163", "status": "2", "success": "False", "message": "Maximum number of iterations has been exceeded.", "x": "[0.79342099 0.60460627 3.17050941 2.22774684 6.78951082 2.54248272]", "final_simplex": "(array([[0.79342099, 0.60460627, 3.17050941, 2.22774684, 6.78951082,\n        2.54248272],\n       [0.78837927, 0.6346151 , 3.16531   , 2.22770437, 6.79027334,\n        2.53865485],\n       [0.78799836, 0.63707484, 3.15995494, 2.2444083 , 6.78217171,\n        2.5266066 ],\n       [0.78644675, 0.63475996, 3.1294361 , 2.19706484, 6.7639526 ,\n        2.50190483],\n       [0.77671695, 0.65150949, 3.13002087, 2.21188577, 6.76417619,\n        2.54588225],\n       [0.78427272, 0.6593144 , 3.15888715, 2.26041223, 6.74159775,\n        2.52509308],\n       [0.79816155, 0.61072326, 3.18470877, 2.22998131, 6.72355774,\n        2.50445451]]), array([0.23504961, 0.23508349, 0.23509751, 0.23522831, 0.23524549,\n       0.23537261, 0.23540621]))", "callback": [0.6669914727521244, 0.35157036552897936, 0.2912062906122309, 0.275913329080379, 0.2670751484058643, 0.24828989213891417, 0.23916602507921547, 0.23661323149400426, 0.23522830905781245]}, "4": {"maxiter": 500, "fatol": 1e-05, "xatol": 1e-05, "duration": 0.1305861473083496, "fun": "0.22825043432651237", "nit": "372", "nfev": "592", "status": "0", "success": "True", "message": "Optimization terminated successfully.", "x": "[0.98210938 0.71085901 3.07713455 2.29175786 6.71048599 2.48096852]", "final_simplex": "(array([[0.98210938, 0.71085901, 3.07713455, 2.29175786, 6.71048599,\n        2.48096852],\n       [0.9821091 , 0.71085896, 3.07713435, 2.29175058, 6.71048718,\n        2.48097064],\n       [0.9821136 , 0.71086132, 3.077135  , 2.29175003, 6.71048983,\n        2.48096908],\n       [0.98210543, 0.71086109, 3.07713714, 2.291755  , 6.71049312,\n        2.48096959],\n       [0.98210976, 0.71085896, 3.07713875, 2.29175282, 6.71048474,\n        2.48096762],\n       [0.98210781, 0.71086005, 3.07713038, 2.29175313, 6.71048443,\n        2.48096111],\n       [0.98211174, 0.71086566, 3.07712924, 2.2917528 , 6.71048112,\n        2.48096902]]), array([0.22825043, 0.22825043, 0.22825043, 0.22825043, 0.22825043,\n       0.22825043, 0.22825043]))", "callback": [0.6669914727521244, 0.35157036552897936, 0.2912062906122309, 0.275913329080379, 0.2670751484058643, 0.24828989213891417, 0.23916602507921547, 0.23661323149400426, 0.23522830905781245, 0.2350496129508517, 0.23496893722315126, 0.2349176093192359, 0.2348826332606072, 0.2348133703169396, 0.2345997507498222, 0.23432032760645338, 0.23330195572637036, 0.23211118323456437, 0.231484911492859, 0.23025987620287203, 0.22943618932885768, 0.22849182025556036, 0.22836281370753153, 0.2282815369790152, 0.22826876416102593, 0.22825771980743625, 0.2282507868718573, 0.2282507868718573, 0.2282506022187496, 0.2282504898951082, 0.22825044738966271, 0.2282504382305881, 0.22825043483180885, 0.22825043462963723, 0.22825043437569148, 0.22825043434684145, 0.22825043432651237]}, "5": {"maxiter": 500, "fatol": 1e-05, "xatol": 1e-10, "duration": 0.1804032325744629, "fun": "0.22825043431910252", "nit": "483", "nfev": "831", "status": "0", "success": "True", "message": "Optimization terminated successfully.", "x": "[0.98211173 0.71085958 3.07713366 2.29175627 6.71049216 2.48097182]", "final_simplex": "(array([[0.98211173, 0.71085958, 3.07713366, 2.29175627, 6.71049216,\n        2.48097182],\n       [0.98211173, 0.71085958, 3.07713366, 2.29175627, 6.71049216,\n        2.48097182],\n       [0.98211173, 0.71085958, 3.07713366, 2.29175627, 6.71049216,\n        2.48097182],\n       [0.98211173, 0.71085958, 3.07713366, 2.29175627, 6.71049215,\n        2.48097182],\n       [0.98211173, 0.71085958, 3.07713366, 2.29175627, 6.71049216,\n        2.48097182],\n       [0.98211173, 0.71085958, 3.07713366, 2.29175627, 6.71049215,\n        2.48097182],\n       [0.98211173, 0.71085958, 3.07713366, 2.29175627, 6.71049216,\n        2.48097182]]), array([0.22825043, 0.22825043, 0.22825043, 0.22825043, 0.22825043,\n       0.22825043, 0.22825043]))", "callback": [0.6669914727521244, 0.35157036552897936, 0.2912062906122309, 0.275913329080379, 0.2670751484058643, 0.24828989213891417, 0.23916602507921547, 0.23661323149400426, 0.23522830905781245, 0.2350496129508517, 0.23496893722315126, 0.2349176093192359, 0.2348826332606072, 0.2348133703169396, 0.2345997507498222, 0.23432032760645338, 0.23330195572637036, 0.23211118323456437, 0.231484911492859, 0.23025987620287203, 0.22943618932885768, 0.22849182025556036, 0.22836281370753153, 0.2282815369790152, 0.22826876416102593, 0.22825771980743625, 0.2282507868718573, 0.2282507868718573, 0.2282506022187496, 0.2282504898951082, 0.22825044738966271, 0.2282504382305881, 0.22825043483180885, 0.22825043462963723, 0.22825043437569148, 0.22825043434684145, 0.22825043432651237, 0.22825043432124237, 0.22825043431990355, 0.22825043431928194, 0.22825043431917047, 0.22825043431911873, 0.22825043431910652, 0.2282504343191044, 0.22825043431910275, 0.22825043431910275, 0.22825043431910264, 0.22825043431910252]}, "6": {"maxiter": 500, "fatol": 1e-10, "xatol": 1e-05, "duration": 0.12975001335144043, "fun": "0.22825043432651237", "nit": "372", "nfev": "592", "status": "0", "success": "True", "message": "Optimization terminated successfully.", "x": "[0.98210938 0.71085901 3.07713455 2.29175786 6.71048599 2.48096852]", "final_simplex": "(array([[0.98210938, 0.71085901, 3.07713455, 2.29175786, 6.71048599,\n        2.48096852],\n       [0.9821091 , 0.71085896, 3.07713435, 2.29175058, 6.71048718,\n        2.48097064],\n       [0.9821136 , 0.71086132, 3.077135  , 2.29175003, 6.71048983,\n        2.48096908],\n       [0.98210543, 0.71086109, 3.07713714, 2.291755  , 6.71049312,\n        2.48096959],\n       [0.98210976, 0.71085896, 3.07713875, 2.29175282, 6.71048474,\n        2.48096762],\n       [0.98210781, 0.71086005, 3.07713038, 2.29175313, 6.71048443,\n        2.48096111],\n       [0.98211174, 0.71086566, 3.07712924, 2.2917528 , 6.71048112,\n        2.48096902]]), array([0.22825043, 0.22825043, 0.22825043, 0.22825043, 0.22825043,\n       0.22825043, 0.22825043]))", "callback": [0.6669914727521244, 0.35157036552897936, 0.2912062906122309, 0.275913329080379, 0.2670751484058643, 0.24828989213891417, 0.23916602507921547, 0.23661323149400426, 0.23522830905781245, 0.2350496129508517, 0.23496893722315126, 0.2349176093192359, 0.2348826332606072, 0.2348133703169396, 0.2345997507498222, 0.23432032760645338, 0.23330195572637036, 0.23211118323456437, 0.231484911492859, 0.23025987620287203, 0.22943618932885768, 0.22849182025556036, 0.22836281370753153, 0.2282815369790152, 0.22826876416102593, 0.22825771980743625, 0.2282507868718573, 0.2282507868718573, 0.2282506022187496, 0.2282504898951082, 0.22825044738966271, 0.2282504382305881, 0.22825043483180885, 0.22825043462963723, 0.22825043437569148, 0.22825043434684145, 0.22825043432651237]}, "7": {"maxiter": 500, "fatol": 1e-10, "xatol": 1e-10, "duration": 0.19322609901428223, "fun": "0.22825043431910252", "nit": "483", "nfev": "831", "status": "0", "success": "True", "message": "Optimization terminated successfully.", "x": "[0.98211173 0.71085958 3.07713366 2.29175627 6.71049216 2.48097182]", "final_simplex": "(array([[0.98211173, 0.71085958, 3.07713366, 2.29175627, 6.71049216,\n        2.48097182],\n       [0.98211173, 0.71085958, 3.07713366, 2.29175627, 6.71049216,\n        2.48097182],\n       [0.98211173, 0.71085958, 3.07713366, 2.29175627, 6.71049216,\n        2.48097182],\n       [0.98211173, 0.71085958, 3.07713366, 2.29175627, 6.71049215,\n        2.48097182],\n       [0.98211173, 0.71085958, 3.07713366, 2.29175627, 6.71049216,\n        2.48097182],\n       [0.98211173, 0.71085958, 3.07713366, 2.29175627, 6.71049215,\n        2.48097182],\n       [0.98211173, 0.71085958, 3.07713366, 2.29175627, 6.71049216,\n        2.48097182]]), array([0.22825043, 0.22825043, 0.22825043, 0.22825043, 0.22825043,\n       0.22825043, 0.22825043]))", "callback": [0.6669914727521244, 0.35157036552897936, 0.2912062906122309, 0.275913329080379, 0.2670751484058643, 0.24828989213891417, 0.23916602507921547, 0.23661323149400426, 0.23522830905781245, 0.2350496129508517, 0.23496893722315126, 0.2349176093192359, 0.2348826332606072, 0.2348133703169396, 0.2345997507498222, 0.23432032760645338, 0.23330195572637036, 0.23211118323456437, 0.231484911492859, 0.23025987620287203, 0.22943618932885768, 0.22849182025556036, 0.22836281370753153, 0.2282815369790152, 0.22826876416102593, 0.22825771980743625, 0.2282507868718573, 0.2282507868718573, 0.2282506022187496, 0.2282504898951082, 0.22825044738966271, 0.2282504382305881, 0.22825043483180885, 0.22825043462963723, 0.22825043437569148, 0.22825043434684145, 0.22825043432651237, 0.22825043432124237, 0.22825043431990355, 0.22825043431928194, 0.22825043431917047, 0.22825043431911873, 0.22825043431910652, 0.2282504343191044, 0.22825043431910275, 0.22825043431910275, 0.22825043431910264, 0.22825043431910252]}, "8": {"maxiter": 1000, "fatol": 1e-05, "xatol": 1e-05, "duration": 0.13106894493103027, "fun": "0.22825043432651237", "nit": "372", "nfev": "592", "status": "0", "success": "True", "message": "Optimization terminated successfully.", "x": "[0.98210938 0.71085901 3.07713455 2.29175786 6.71048599 2.48096852]", "final_simplex": "(array([[0.98210938, 0.71085901, 3.07713455, 2.29175786, 6.71048599,\n        2.48096852],\n       [0.9821091 , 0.71085896, 3.07713435, 2.29175058, 6.71048718,\n        2.48097064],\n       [0.9821136 , 0.71086132, 3.077135  , 2.29175003, 6.71048983,\n        2.48096908],\n       [0.98210543, 0.71086109, 3.07713714, 2.291755  , 6.71049312,\n        2.48096959],\n       [0.98210976, 0.71085896, 3.07713875, 2.29175282, 6.71048474,\n        2.48096762],\n       [0.98210781, 0.71086005, 3.07713038, 2.29175313, 6.71048443,\n        2.48096111],\n       [0.98211174, 0.71086566, 3.07712924, 2.2917528 , 6.71048112,\n        2.48096902]]), array([0.22825043, 0.22825043, 0.22825043, 0.22825043, 0.22825043,\n       0.22825043, 0.22825043]))", "callback": [0.6669914727521244, 0.35157036552897936, 0.2912062906122309, 0.275913329080379, 0.2670751484058643, 0.24828989213891417, 0.23916602507921547, 0.23661323149400426, 0.23522830905781245, 0.2350496129508517, 0.23496893722315126, 0.2349176093192359, 0.2348826332606072, 0.2348133703169396, 0.2345997507498222, 0.23432032760645338, 0.23330195572637036, 0.23211118323456437, 0.231484911492859, 0.23025987620287203, 0.22943618932885768, 0.22849182025556036, 0.22836281370753153, 0.2282815369790152, 0.22826876416102593, 0.22825771980743625, 0.2282507868718573, 0.2282507868718573, 0.2282506022187496, 0.2282504898951082, 0.22825044738966271, 0.2282504382305881, 0.22825043483180885, 0.22825043462963723, 0.22825043437569148, 0.22825043434684145, 0.22825043432651237]}, "9": {"maxiter": 1000, "fatol": 1e-05, "xatol": 1e-10, "duration": 0.18842101097106934, "fun": "0.22825043431910252", "nit": "483", "nfev": "831", "status": "0", "success": "True", "message": "Optimization terminated successfully.", "x": "[0.98211173 0.71085958 3.07713366 2.29175627 6.71049216 2.48097182]", "final_simplex": "(array([[0.98211173, 0.71085958, 3.07713366, 2.29175627, 6.71049216,\n        2.48097182],\n       [0.98211173, 0.71085958, 3.07713366, 2.29175627, 6.71049216,\n        2.48097182],\n       [0.98211173, 0.71085958, 3.07713366, 2.29175627, 6.71049216,\n        2.48097182],\n       [0.98211173, 0.71085958, 3.07713366, 2.29175627, 6.71049215,\n        2.48097182],\n       [0.98211173, 0.71085958, 3.07713366, 2.29175627, 6.71049216,\n        2.48097182],\n       [0.98211173, 0.71085958, 3.07713366, 2.29175627, 6.71049215,\n        2.48097182],\n       [0.98211173, 0.71085958, 3.07713366, 2.29175627, 6.71049216,\n        2.48097182]]), array([0.22825043, 0.22825043, 0.22825043, 0.22825043, 0.22825043,\n       0.22825043, 0.22825043]))", "callback": [0.6669914727521244, 0.35157036552897936, 0.2912062906122309, 0.275913329080379, 0.2670751484058643, 0.24828989213891417, 0.23916602507921547, 0.23661323149400426, 0.23522830905781245, 0.2350496129508517, 0.23496893722315126, 0.2349176093192359, 0.2348826332606072, 0.2348133703169396, 0.2345997507498222, 0.23432032760645338, 0.23330195572637036, 0.23211118323456437, 0.231484911492859, 0.23025987620287203, 0.22943618932885768, 0.22849182025556036, 0.22836281370753153, 0.2282815369790152, 0.22826876416102593, 0.22825771980743625, 0.2282507868718573, 0.2282507868718573, 0.2282506022187496, 0.2282504898951082, 0.22825044738966271, 0.2282504382305881, 0.22825043483180885, 0.22825043462963723, 0.22825043437569148, 0.22825043434684145, 0.22825043432651237, 0.22825043432124237, 0.22825043431990355, 0.22825043431928194, 0.22825043431917047, 0.22825043431911873, 0.22825043431910652, 0.2282504343191044, 0.22825043431910275, 0.22825043431910275, 0.22825043431910264, 0.22825043431910252]}, "10": {"maxiter": 1000, "fatol": 1e-10, "xatol": 1e-05, "duration": 0.14937305450439453, "fun": "0.22825043432651237", "nit": "372", "nfev": "592", "status": "0", "success": "True", "message": "Optimization terminated successfully.", "x": "[0.98210938 0.71085901 3.07713455 2.29175786 6.71048599 2.48096852]", "final_simplex": "(array([[0.98210938, 0.71085901, 3.07713455, 2.29175786, 6.71048599,\n        2.48096852],\n       [0.9821091 , 0.71085896, 3.07713435, 2.29175058, 6.71048718,\n        2.48097064],\n       [0.9821136 , 0.71086132, 3.077135  , 2.29175003, 6.71048983,\n        2.48096908],\n       [0.98210543, 0.71086109, 3.07713714, 2.291755  , 6.71049312,\n        2.48096959],\n       [0.98210976, 0.71085896, 3.07713875, 2.29175282, 6.71048474,\n        2.48096762],\n       [0.98210781, 0.71086005, 3.07713038, 2.29175313, 6.71048443,\n        2.48096111],\n       [0.98211174, 0.71086566, 3.07712924, 2.2917528 , 6.71048112,\n        2.48096902]]), array([0.22825043, 0.22825043, 0.22825043, 0.22825043, 0.22825043,\n       0.22825043, 0.22825043]))", "callback": [0.6669914727521244, 0.35157036552897936, 0.2912062906122309, 0.275913329080379, 0.2670751484058643, 0.24828989213891417, 0.23916602507921547, 0.23661323149400426, 0.23522830905781245, 0.2350496129508517, 0.23496893722315126, 0.2349176093192359, 0.2348826332606072, 0.2348133703169396, 0.2345997507498222, 0.23432032760645338, 0.23330195572637036, 0.23211118323456437, 0.231484911492859, 0.23025987620287203, 0.22943618932885768, 0.22849182025556036, 0.22836281370753153, 0.2282815369790152, 0.22826876416102593, 0.22825771980743625, 0.2282507868718573, 0.2282507868718573, 0.2282506022187496, 0.2282504898951082, 0.22825044738966271, 0.2282504382305881, 0.22825043483180885, 0.22825043462963723, 0.22825043437569148, 0.22825043434684145, 0.22825043432651237]}, "11": {"maxiter": 1000, "fatol": 1e-10, "xatol": 1e-10, "duration": 0.1945960521697998, "fun": "0.22825043431910252", "nit": "483", "nfev": "831", "status": "0", "success": "True", "message": "Optimization terminated successfully.", "x": "[0.98211173 0.71085958 3.07713366 2.29175627 6.71049216 2.48097182]", "final_simplex": "(array([[0.98211173, 0.71085958, 3.07713366, 2.29175627, 6.71049216,\n        2.48097182],\n       [0.98211173, 0.71085958, 3.07713366, 2.29175627, 6.71049216,\n        2.48097182],\n       [0.98211173, 0.71085958, 3.07713366, 2.29175627, 6.71049216,\n        2.48097182],\n       [0.98211173, 0.71085958, 3.07713366, 2.29175627, 6.71049215,\n        2.48097182],\n       [0.98211173, 0.71085958, 3.07713366, 2.29175627, 6.71049216,\n        2.48097182],\n       [0.98211173, 0.71085958, 3.07713366, 2.29175627, 6.71049215,\n        2.48097182],\n       [0.98211173, 0.71085958, 3.07713366, 2.29175627, 6.71049216,\n        2.48097182]]), array([0.22825043, 0.22825043, 0.22825043, 0.22825043, 0.22825043,\n       0.22825043, 0.22825043]))", "callback": [0.6669914727521244, 0.35157036552897936, 0.2912062906122309, 0.275913329080379, 0.2670751484058643, 0.24828989213891417, 0.23916602507921547, 0.23661323149400426, 0.23522830905781245, 0.2350496129508517, 0.23496893722315126, 0.2349176093192359, 0.2348826332606072, 0.2348133703169396, 0.2345997507498222, 0.23432032760645338, 0.23330195572637036, 0.23211118323456437, 0.231484911492859, 0.23025987620287203, 0.22943618932885768, 0.22849182025556036, 0.22836281370753153, 0.2282815369790152, 0.22826876416102593, 0.22825771980743625, 0.2282507868718573, 0.2282507868718573, 0.2282506022187496, 0.2282504898951082, 0.22825044738966271, 0.2282504382305881, 0.22825043483180885, 0.22825043462963723, 0.22825043437569148, 0.22825043434684145, 0.22825043432651237, 0.22825043432124237, 0.22825043431990355, 0.22825043431928194, 0.22825043431917047, 0.22825043431911873, 0.22825043431910652, 0.2282504343191044, 0.22825043431910275, 0.22825043431910275, 0.22825043431910264, 0.22825043431910252]}}, "bfgs": {"type": "gradient", "0": {"maxiter": 100, "gtol": 1e-05, "xrtol": 1e-05, "eps": 1e-05, "duration": 0.04294395446777344, "fun": "0.22825043444220283", "jac": "[-2.13574713e-06  4.47053505e-07 -1.33770772e-06 -5.42632606e-07\n -8.70870043e-07 -5.66069414e-07]", "hess_inv": "[[ 2.91343238 -0.32202127  0.3049177   0.91244292 -0.70183589 -0.75653671]\n [-0.32202127  5.14762907 -3.38063525 -0.55838447 -1.41332489 -1.05767941]\n [ 0.3049177  -3.38063525  5.62890684  0.98872157  1.57872072  1.64507794]\n [ 0.91244292 -0.55838447  0.98872157  3.39839356  0.14246721  0.27151882]\n [-0.70183589 -1.41332489  1.57872072  0.14246721  5.12898211  3.43247029]\n [-0.75653671 -1.05767941  1.64507794  0.27151882  3.43247029  5.23250268]]", "nfev": "175", "njev": "25", "status": "0", "success": "True", "message": "Optimization terminated successfully.", "x": "[0.98210158 0.71086703 3.07711444 2.29174223 6.71046918 2.48094832]", "nit": "19", "callback": [0.23092636902765828]}, "1": {"maxiter": 100, "gtol": 1e-05, "xrtol": 1e-05, "eps": 1e-10, "duration": 0.04148602485656738, "fun": "0.2282504347133003", "jac": "[ 0.00000000e+00 -1.11022293e-06 -6.66133760e-06 -4.44089173e-06\n -4.44089173e-06 -4.44089173e-06]", "hess_inv": "[[ 2.92174905 -0.35128195  0.33305588  0.90374495 -0.68505322 -0.74181727]\n [-0.35128195  5.16503513 -3.32658484 -0.44614999 -1.40056929 -1.01564209]\n [ 0.33305588 -3.32658484  5.44858526  0.8104023   1.51708941  1.54057967]\n [ 0.90374495 -0.44614999  0.8104023   3.32223486  0.06796836  0.18169703]\n [-0.68505322 -1.40056929  1.51708941  0.06796836  5.12209637  3.40510201]\n [-0.74181727 -1.01564209  1.54057967  0.18169703  3.40510201  5.1813746 ]]", "nfev": "175", "njev": "25", "status": "0", "success": "True", "message": "Optimization terminated successfully.", "x": "[0.98210728 0.71088868 3.07708604 2.29173775 6.71044949 2.48092691]", "nit": "19", "callback": [0.23092609324352598]}, "2": {"maxiter": 100, "gtol": 1e-05, "xrtol": 1e-10, "eps": 1e-05, "duration": 0.03984689712524414, "fun": "0.22825043444220283", "jac": "[-2.13574713e-06  4.47053505e-07 -1.33770772e-06 -5.42632606e-07\n -8.70870043e-07 -5.66069414e-07]", "hess_inv": "[[ 2.91343238 -0.32202127  0.3049177   0.91244292 -0.70183589 -0.75653671]\n [-0.32202127  5.14762907 -3.38063525 -0.55838447 -1.41332489 -1.05767941]\n [ 0.3049177  -3.38063525  5.62890684  0.98872157  1.57872072  1.64507794]\n [ 0.91244292 -0.55838447  0.98872157  3.39839356  0.14246721  0.27151882]\n [-0.70183589 -1.41332489  1.57872072  0.14246721  5.12898211  3.43247029]\n [-0.75653671 -1.05767941  1.64507794  0.27151882  3.43247029  5.23250268]]", "nfev": "175", "njev": "25", "status": "0", "success": "True", "message": "Optimization terminated successfully.", "x": "[0.98210158 0.71086703 3.07711444 2.29174223 6.71046918 2.48094832]", "nit": "19", "callback": [0.23092636902765828]}, "3": {"maxiter": 100, "gtol": 1e-05, "xrtol": 1e-10, "eps": 1e-10, "duration": 0.0397191047668457, "fun": "0.2282504347133003", "jac": "[ 0.00000000e+00 -1.11022293e-06 -6.66133760e-06 -4.44089173e-06\n -4.44089173e-06 -4.44089173e-06]", "hess_inv": "[[ 2.92174905 -0.35128195  0.33305588  0.90374495 -0.68505322 -0.74181727]\n [-0.35128195  5.16503513 -3.32658484 -0.44614999 -1.40056929 -1.01564209]\n [ 0.33305588 -3.32658484  5.44858526  0.8104023   1.51708941  1.54057967]\n [ 0.90374495 -0.44614999  0.8104023   3.32223486  0.06796836  0.18169703]\n [-0.68505322 -1.40056929  1.51708941  0.06796836  5.12209637  3.40510201]\n [-0.74181727 -1.01564209  1.54057967  0.18169703  3.40510201  5.1813746 ]]", "nfev": "175", "njev": "25", "status": "0", "success": "True", "message": "Optimization terminated successfully.", "x": "[0.98210728 0.71088868 3.07708604 2.29173775 6.71044949 2.48092691]", "nit": "19", "callback": [0.23092609324352598]}, "4": {"maxiter": 100, "gtol": 1e-10, "xrtol": 1e-05, "eps": 1e-05, "duration": 0.0410459041595459, "fun": "0.22825043436247516", "jac": "[ 4.83613150e-08 -2.81463741e-07  4.19841939e-07  3.32278649e-07\n -3.31512595e-08  1.64968039e-07]", "hess_inv": "[[ 2.91548693 -0.22318825  0.25668987  1.02090695 -0.62710243 -0.65830226]\n [-0.22318825  4.83739255 -3.10106555 -0.63318116 -1.40192845 -1.09193005]\n [ 0.25668987 -3.10106555  5.42669048  1.15917002  1.66386026  1.78226014]\n [ 1.02090695 -0.63318116  1.15917002  3.59393231  0.34296047  0.48361426]\n [-0.62710243 -1.40192845  1.66386026  0.34296047  5.31165559  3.63775281]\n [-0.65830226 -1.09193005  1.78226014  0.48361426  3.63775281  5.45607099]]", "nfev": "182", "njev": "26", "status": "0", "success": "True", "message": "Optimization terminated successfully.", "x": "[0.98210789 0.71085806 3.07712673 2.29174877 6.71047756 2.4809563 ]", "nit": "20", "callback": [0.23092636902765828, 0.22825043436247516]}, "5": {"maxiter": 100, "gtol": 1e-10, "xrtol": 1e-05, "eps": 1e-10, "duration": 0.043615102767944336, "fun": "0.22825043433437542", "jac": "[0.00000000e+00 1.11022293e-06 0.00000000e+00 4.44089173e-06\n 1.11022293e-06 2.22044587e-06]", "hess_inv": "[[ 2.91738377 -0.34602424  0.37250074  0.9429036  -0.61088461 -0.66405064]\n [-0.34602424  4.95707621 -3.1341201  -0.74056485 -1.65877214 -1.33401717]\n [ 0.37250074 -3.1341201   4.83505112  0.90247665  1.2294903   1.31329297]\n [ 0.9429036  -0.74056485  0.90247665  3.47442045  0.16161131  0.31484543]\n [-0.61088461 -1.65877214  1.2294903   0.16161131  4.87744244  3.22051848]\n [-0.66405064 -1.33401717  1.31329297  0.31484543  3.22051848  5.06281835]]", "nfev": "189", "njev": "27", "status": "0", "success": "True", "message": "Optimization terminated successfully.", "x": "[0.9821079  0.71085672 3.07713007 2.29176049 6.71049252 2.48097236]", "nit": "21", "callback": [0.23092609324352598, 0.22825043440079584]}, "6": {"maxiter": 100, "gtol": 1e-10, "xrtol": 1e-10, "eps": 1e-05, "duration": 0.09168887138366699, "fun": "0.22825043436247516", "jac": "[ 4.83613150e-08 -2.81463741e-07  4.19841939e-07  3.32278649e-07\n -3.31512595e-08  1.64968039e-07]", "hess_inv": "[[ 2.95672039 -0.05064885  0.05641346  0.91839181 -0.66112406 -0.7365114 ]\n [-0.05064885  4.26299774 -2.36581254 -0.24764036 -1.04608501 -0.68785168]\n [ 0.05641346 -2.36581254  4.4900834   0.66859976  1.22447971  1.27456818]\n [ 0.91839181 -0.24764036  0.66859976  3.33705209  0.11452446  0.21855945]\n [-0.66112406 -1.04608501  1.22447971  0.11452446  5.14826362  3.42122457]\n [-0.7365114  -0.68785168  1.27456818  0.21855945  3.42122457  5.19183352]]", "nfev": "396", "njev": "55", "status": "2", "success": "False", "message": "Desired error not necessarily achieved due to precision loss.", "x": "[0.98210789 0.71085806 3.07712673 2.29174877 6.71047756 2.4809563 ]", "nit": "20", "callback": [0.23092636902765828, 0.22825043436247516]}, "7": {"maxiter": 100, "gtol": 1e-10, "xrtol": 1e-10, "eps": 1e-10, "duration": 0.0789799690246582, "fun": "0.22825043432172576", "jac": "[0.00000000e+00 2.22044587e-06 1.11022293e-06 2.22044587e-06\n 1.11022293e-06 2.22044587e-06]", "hess_inv": "[[  1.14707442  -1.95231688   8.33372856   3.19236502  -2.65130884\n   -2.18677351]\n [ -1.95231688   3.64343385 -14.41594316  -5.58380162   4.49250345\n    3.74923679]\n [  8.33372856 -14.41594316  67.59672531  25.94630392 -21.78123893\n  -17.5996718 ]\n [  3.19236502  -5.58380162  25.94630392   9.98372958  -8.35665214\n   -6.74572439]\n [ -2.65130884   4.49250345 -21.78123893  -8.35665214   7.1078461\n    5.66639789]\n [ -2.18677351   3.74923679 -17.5996718   -6.74572439   5.66639789\n    4.59768219]]", "nfev": "343", "njev": "49", "status": "0", "success": "True", "message": "Optimization terminated successfully.", "x": "[0.98210874 0.71086063 3.07713348 2.29175591 6.71049034 2.48096983]", "nit": "32", "callback": [0.23092609324352598, 0.22825043440079584, 0.2282504343221896]}, "8": {"maxiter": 500, "gtol": 1e-05, "xrtol": 1e-05, "eps": 1e-05, "duration": 0.03996086120605469, "fun": "0.22825043444220283", "jac": "[-2.13574713e-06  4.47053505e-07 -1.33770772e-06 -5.42632606e-07\n -8.70870043e-07 -5.66069414e-07]", "hess_inv": "[[ 2.91343238 -0.32202127  0.3049177   0.91244292 -0.70183589 -0.75653671]\n [-0.32202127  5.14762907 -3.38063525 -0.55838447 -1.41332489 -1.05767941]\n [ 0.3049177  -3.38063525  5.62890684  0.98872157  1.57872072  1.64507794]\n [ 0.91244292 -0.55838447  0.98872157  3.39839356  0.14246721  0.27151882]\n [-0.70183589 -1.41332489  1.57872072  0.14246721  5.12898211  3.43247029]\n [-0.75653671 -1.05767941  1.64507794  0.27151882  3.43247029  5.23250268]]", "nfev": "175", "njev": "25", "status": "0", "success": "True", "message": "Optimization terminated successfully.", "x": "[0.98210158 0.71086703 3.07711444 2.29174223 6.71046918 2.48094832]", "nit": "19", "callback": [0.23092636902765828]}, "9": {"maxiter": 500, "gtol": 1e-05, "xrtol": 1e-05, "eps": 1e-10, "duration": 0.03969001770019531, "fun": "0.2282504347133003", "jac": "[ 0.00000000e+00 -1.11022293e-06 -6.66133760e-06 -4.44089173e-06\n -4.44089173e-06 -4.44089173e-06]", "hess_inv": "[[ 2.92174905 -0.35128195  0.33305588  0.90374495 -0.68505322 -0.74181727]\n [-0.35128195  5.16503513 -3.32658484 -0.44614999 -1.40056929 -1.01564209]\n [ 0.33305588 -3.32658484  5.44858526  0.8104023   1.51708941  1.54057967]\n [ 0.90374495 -0.44614999  0.8104023   3.32223486  0.06796836  0.18169703]\n [-0.68505322 -1.40056929  1.51708941  0.06796836  5.12209637  3.40510201]\n [-0.74181727 -1.01564209  1.54057967  0.18169703  3.40510201  5.1813746 ]]", "nfev": "175", "njev": "25", "status": "0", "success": "True", "message": "Optimization terminated successfully.", "x": "[0.98210728 0.71088868 3.07708604 2.29173775 6.71044949 2.48092691]", "nit": "19", "callback": [0.23092609324352598]}, "10": {"maxiter": 500, "gtol": 1e-05, "xrtol": 1e-10, "eps": 1e-05, "duration": 0.040589094161987305, "fun": "0.22825043444220283", "jac": "[-2.13574713e-06  4.47053505e-07 -1.33770772e-06 -5.42632606e-07\n -8.70870043e-07 -5.66069414e-07]", "hess_inv": "[[ 2.91343238 -0.32202127  0.3049177   0.91244292 -0.70183589 -0.75653671]\n [-0.32202127  5.14762907 -3.38063525 -0.55838447 -1.41332489 -1.05767941]\n [ 0.3049177  -3.38063525  5.62890684  0.98872157  1.57872072  1.64507794]\n [ 0.91244292 -0.55838447  0.98872157  3.39839356  0.14246721  0.27151882]\n [-0.70183589 -1.41332489  1.57872072  0.14246721  5.12898211  3.43247029]\n [-0.75653671 -1.05767941  1.64507794  0.27151882  3.43247029  5.23250268]]", "nfev": "175", "njev": "25", "status": "0", "success": "True", "message": "Optimization terminated successfully.", "x": "[0.98210158 0.71086703 3.07711444 2.29174223 6.71046918 2.48094832]", "nit": "19", "callback": [0.23092636902765828]}, "11": {"maxiter": 500, "gtol": 1e-05, "xrtol": 1e-10, "eps": 1e-10, "duration": 0.04038405418395996, "fun": "0.2282504347133003", "jac": "[ 0.00000000e+00 -1.11022293e-06 -6.66133760e-06 -4.44089173e-06\n -4.44089173e-06 -4.44089173e-06]", "hess_inv": "[[ 2.92174905 -0.35128195  0.33305588  0.90374495 -0.68505322 -0.74181727]\n [-0.35128195  5.16503513 -3.32658484 -0.44614999 -1.40056929 -1.01564209]\n [ 0.33305588 -3.32658484  5.44858526  0.8104023   1.51708941  1.54057967]\n [ 0.90374495 -0.44614999  0.8104023   3.32223486  0.06796836  0.18169703]\n [-0.68505322 -1.40056929  1.51708941  0.06796836  5.12209637  3.40510201]\n [-0.74181727 -1.01564209  1.54057967  0.18169703  3.40510201  5.1813746 ]]", "nfev": "175", "njev": "25", "status": "0", "success": "True", "message": "Optimization terminated successfully.", "x": "[0.98210728 0.71088868 3.07708604 2.29173775 6.71044949 2.48092691]", "nit": "19", "callback": [0.23092609324352598]}, "12": {"maxiter": 500, "gtol": 1e-10, "xrtol": 1e-05, "eps": 1e-05, "duration": 0.04105710983276367, "fun": "0.22825043436247516", "jac": "[ 4.83613150e-08 -2.81463741e-07  4.19841939e-07  3.32278649e-07\n -3.31512595e-08  1.64968039e-07]", "hess_inv": "[[ 2.91548693 -0.22318825  0.25668987  1.02090695 -0.62710243 -0.65830226]\n [-0.22318825  4.83739255 -3.10106555 -0.63318116 -1.40192845 -1.09193005]\n [ 0.25668987 -3.10106555  5.42669048  1.15917002  1.66386026  1.78226014]\n [ 1.02090695 -0.63318116  1.15917002  3.59393231  0.34296047  0.48361426]\n [-0.62710243 -1.40192845  1.66386026  0.34296047  5.31165559  3.63775281]\n [-0.65830226 -1.09193005  1.78226014  0.48361426  3.63775281  5.45607099]]", "nfev": "182", "njev": "26", "status": "0", "success": "True", "message": "Optimization terminated successfully.", "x": "[0.98210789 0.71085806 3.07712673 2.29174877 6.71047756 2.4809563 ]", "nit": "20", "callback": [0.23092636902765828, 0.22825043436247516]}, "13": {"maxiter": 500, "gtol": 1e-10, "xrtol": 1e-05, "eps": 1e-10, "duration": 0.04299116134643555, "fun": "0.22825043433437542", "jac": "[0.00000000e+00 1.11022293e-06 0.00000000e+00 4.44089173e-06\n 1.11022293e-06 2.22044587e-06]", "hess_inv": "[[ 2.91738377 -0.34602424  0.37250074  0.9429036  -0.61088461 -0.66405064]\n [-0.34602424  4.95707621 -3.1341201  -0.74056485 -1.65877214 -1.33401717]\n [ 0.37250074 -3.1341201   4.83505112  0.90247665  1.2294903   1.31329297]\n [ 0.9429036  -0.74056485  0.90247665  3.47442045  0.16161131  0.31484543]\n [-0.61088461 -1.65877214  1.2294903   0.16161131  4.87744244  3.22051848]\n [-0.66405064 -1.33401717  1.31329297  0.31484543  3.22051848  5.06281835]]", "nfev": "189", "njev": "27", "status": "0", "success": "True", "message": "Optimization terminated successfully.", "x": "[0.9821079  0.71085672 3.07713007 2.29176049 6.71049252 2.48097236]", "nit": "21", "callback": [0.23092609324352598, 0.22825043440079584]}, "14": {"maxiter": 500, "gtol": 1e-10, "xrtol": 1e-10, "eps": 1e-05, "duration": 0.08716702461242676, "fun": "0.22825043436247516", "jac": "[ 4.83613150e-08 -2.81463741e-07  4.19841939e-07  3.32278649e-07\n -3.31512595e-08  1.64968039e-07]", "hess_inv": "[[ 2.95672039 -0.05064885  0.05641346  0.91839181 -0.66112406 -0.7365114 ]\n [-0.05064885  4.26299774 -2.36581254 -0.24764036 -1.04608501 -0.68785168]\n [ 0.05641346 -2.36581254  4.4900834   0.66859976  1.22447971  1.27456818]\n [ 0.91839181 -0.24764036  0.66859976  3.33705209  0.11452446  0.21855945]\n [-0.66112406 -1.04608501  1.22447971  0.11452446  5.14826362  3.42122457]\n [-0.7365114  -0.68785168  1.27456818  0.21855945  3.42122457  5.19183352]]", "nfev": "396", "njev": "55", "status": "2", "success": "False", "message": "Desired error not necessarily achieved due to precision loss.", "x": "[0.98210789 0.71085806 3.07712673 2.29174877 6.71047756 2.4809563 ]", "nit": "20", "callback": [0.23092636902765828, 0.22825043436247516]}, "15": {"maxiter": 500, "gtol": 1e-10, "xrtol": 1e-10, "eps": 1e-10, "duration": 0.07669925689697266, "fun": "0.22825043432172576", "jac": "[0.00000000e+00 2.22044587e-06 1.11022293e-06 2.22044587e-06\n 1.11022293e-06 2.22044587e-06]", "hess_inv": "[[  1.14707442  -1.95231688   8.33372856   3.19236502  -2.65130884\n   -2.18677351]\n [ -1.95231688   3.64343385 -14.41594316  -5.58380162   4.49250345\n    3.74923679]\n [  8.33372856 -14.41594316  67.59672531  25.94630392 -21.78123893\n  -17.5996718 ]\n [  3.19236502  -5.58380162  25.94630392   9.98372958  -8.35665214\n   -6.74572439]\n [ -2.65130884   4.49250345 -21.78123893  -8.35665214   7.1078461\n    5.66639789]\n [ -2.18677351   3.74923679 -17.5996718   -6.74572439   5.66639789\n    4.59768219]]", "nfev": "343", "njev": "49", "status": "0", "success": "True", "message": "Optimization terminated successfully.", "x": "[0.98210874 0.71086063 3.07713348 2.29175591 6.71049034 2.48096983]", "nit": "32", "callback": [0.23092609324352598, 0.22825043440079584, 0.2282504343221896]}, "16": {"maxiter": 1000, "gtol": 1e-05, "xrtol": 1e-05, "eps": 1e-05, "duration": 0.03965020179748535, "fun": "0.22825043444220283", "jac": "[-2.13574713e-06  4.47053505e-07 -1.33770772e-06 -5.42632606e-07\n -8.70870043e-07 -5.66069414e-07]", "hess_inv": "[[ 2.91343238 -0.32202127  0.3049177   0.91244292 -0.70183589 -0.75653671]\n [-0.32202127  5.14762907 -3.38063525 -0.55838447 -1.41332489 -1.05767941]\n [ 0.3049177  -3.38063525  5.62890684  0.98872157  1.57872072  1.64507794]\n [ 0.91244292 -0.55838447  0.98872157  3.39839356  0.14246721  0.27151882]\n [-0.70183589 -1.41332489  1.57872072  0.14246721  5.12898211  3.43247029]\n [-0.75653671 -1.05767941  1.64507794  0.27151882  3.43247029  5.23250268]]", "nfev": "175", "njev": "25", "status": "0", "success": "True", "message": "Optimization terminated successfully.", "x": "[0.98210158 0.71086703 3.07711444 2.29174223 6.71046918 2.48094832]", "nit": "19", "callback": [0.23092636902765828]}, "17": {"maxiter": 1000, "gtol": 1e-05, "xrtol": 1e-05, "eps": 1e-10, "duration": 0.03971409797668457, "fun": "0.2282504347133003", "jac": "[ 0.00000000e+00 -1.11022293e-06 -6.66133760e-06 -4.44089173e-06\n -4.44089173e-06 -4.44089173e-06]", "hess_inv": "[[ 2.92174905 -0.35128195  0.33305588  0.90374495 -0.68505322 -0.74181727]\n [-0.35128195  5.16503513 -3.32658484 -0.44614999 -1.40056929 -1.01564209]\n [ 0.33305588 -3.32658484  5.44858526  0.8104023   1.51708941  1.54057967]\n [ 0.90374495 -0.44614999  0.8104023   3.32223486  0.06796836  0.18169703]\n [-0.68505322 -1.40056929  1.51708941  0.06796836  5.12209637  3.40510201]\n [-0.74181727 -1.01564209  1.54057967  0.18169703  3.40510201  5.1813746 ]]", "nfev": "175", "njev": "25", "status": "0", "success": "True", "message": "Optimization terminated successfully.", "x": "[0.98210728 0.71088868 3.07708604 2.29173775 6.71044949 2.48092691]", "nit": "19", "callback": [0.23092609324352598]}, "18": {"maxiter": 1000, "gtol": 1e-05, "xrtol": 1e-10, "eps": 1e-05, "duration": 0.03908705711364746, "fun": "0.22825043444220283", "jac": "[-2.13574713e-06  4.47053505e-07 -1.33770772e-06 -5.42632606e-07\n -8.70870043e-07 -5.66069414e-07]", "hess_inv": "[[ 2.91343238 -0.32202127  0.3049177   0.91244292 -0.70183589 -0.75653671]\n [-0.32202127  5.14762907 -3.38063525 -0.55838447 -1.41332489 -1.05767941]\n [ 0.3049177  -3.38063525  5.62890684  0.98872157  1.57872072  1.64507794]\n [ 0.91244292 -0.55838447  0.98872157  3.39839356  0.14246721  0.27151882]\n [-0.70183589 -1.41332489  1.57872072  0.14246721  5.12898211  3.43247029]\n [-0.75653671 -1.05767941  1.64507794  