{"date": "2024/10/08/, 16:29:24", "conf_id": 12, "data_type": "random\n", "num_data_points": 1, "s_rank": 0, "unitary": "[[0.18663085-0.53122324j,-0.11886349-0.70040876j,0.28555095-0.02789305j,-0.12262021-0.2844587j],[-0.16702216+0.27758472j,0.27526351-0.29738586j,-0.01109314+0.22495461j,-0.77239203+0.28900673j],[0.61935415+0.12301792j,-0.31269928-0.03315917j,-0.61902762-0.19039079j,-0.27120731-0.0968989j],[0.42341754+0.0023929j,-0.05847358+0.47832119j,0.64900495-0.16218422j,-0.37182676-0.05229966j]]", "databatch_0": {"databatch": "[[[0.37499282-0.1988711j,-0.09805211+0.51312565j,-0.06018494-0.1195844j,0.01312463+0.17626814j],[-0.18377631-0.13956889j,-0.13231969+0.24612149j,-0.22095146+0.05001798j,-0.16555035+0.06802536j],[0.10817082+0.07249202j,-0.16364044-0.05995084j,0.09724384-0.07431174j,0.13547491+0.13020586j],[0.18773009-0.00895319j,0.26216462-0.05488097j,0.17452986+0.02131652j,0.05918097+0.20967497j]]]", "initial param values": "[2.49601748,3.05309237,2.08326623,5.58634938,0.31040235,2.43270972]", "nelder_mead": {"type": "gradient-free", "0": {"maxiter": 100, "fatol": 1e-05, "xatol": 1e-05, "duration": 0.05769491195678711, "fun": "0.3292836403251562", "nit": "100", "nfev": "155", "status": "2", "success": "False", "message": "Maximum number of iterations has been exceeded.", "x": "[-0.87477887  4.14135657  0.15005782  8.8496808   0.53110453  2.11713748]", "final_simplex": "(array([[-0.87477887,  4.14135657,  0.15005782,  8.8496808 ,  0.53110453,\n         2.11713748],\n       [-0.8306296 ,  4.08121331,  0.21826666,  8.67048232,  0.51453685,\n         2.26055716],\n       [-1.02246626,  4.00936467,  0.04271843,  8.95736252,  0.51024397,\n         2.4468734 ],\n       [-0.58837161,  4.05625525,  0.18538927,  8.6982275 ,  0.50874849,\n         2.1626603 ],\n       [-0.86019457,  4.15545512,  0.09411286,  8.94917715,  0.50834455,\n         2.25613096],\n       [-1.19268435,  3.89601836,  0.01643819,  8.92069966,  0.52151475,\n         2.5245999 ],\n       [-0.87967361,  4.09543509,  0.25510907,  8.7259885 ,  0.49977411,\n         2.36494181]]), array([0.32928364, 0.33021847, 0.33237153, 0.33326298, 0.33528007,\n       0.33536867, 0.33720597]))", "callback": [0.930587733474694, 0.8232961516904738, 0.7410497102176142, 0.7301710222461899, 0.7195155806781182, 0.6538504372803811, 0.4418234725780825, 0.4185913834117936, 0.3772050678000094, 0.3409346939246546]}, "1": {"maxiter": 100, "fatol": 1e-05, "xatol": 1e-10, "duration": 0.04423785209655762, "fun": "0.3292836403251562", "nit": "100", "nfev": "155", "status": "2", "success": "False", "message": "Maximum number of iterations has been exceeded.", "x": "[-0.87477887  4.14135657  0.15005782  8.8496808   0.53110453  2.11713748]", "final_simplex": "(array([[-0.87477887,  4.14135657,  0.15005782,  8.8496808 ,  0.53110453,\n         2.11713748],\n       [-0.8306296 ,  4.08121331,  0.21826666,  8.67048232,  0.51453685,\n         2.26055716],\n       [-1.02246626,  4.00936467,  0.04271843,  8.95736252,  0.51024397,\n         2.4468734 ],\n       [-0.58837161,  4.05625525,  0.18538927,  8.6982275 ,  0.50874849,\n         2.1626603 ],\n       [-0.86019457,  4.15545512,  0.09411286,  8.94917715,  0.50834455,\n         2.25613096],\n       [-1.19268435,  3.89601836,  0.01643819,  8.92069966,  0.52151475,\n         2.5245999 ],\n       [-0.87967361,  4.09543509,  0.25510907,  8.7259885 ,  0.49977411,\n         2.36494181]]), array([0.32928364, 0.33021847, 0.33237153, 0.33326298, 0.33528007,\n       0.33536867, 0.33720597]))", "callback": [0.930587733474694, 0.8232961516904738, 0.7410497102176142, 0.7301710222461899, 0.7195155806781182, 0.6538504372803811, 0.4418234725780825, 0.4185913834117936, 0.3772050678000094, 0.3409346939246546]}, "2": {"maxiter": 100, "fatol": 1e-10, "xatol": 1e-05, "duration": 0.056465864181518555, "fun": "0.3292836403251562", "nit": "100", "nfev": "155", "status": "2", "success": "False", "message": "Maximum number of iterations has been exceeded.", "x": "[-0.87477887  4.14135657  0.15005782  8.8496808   0.53110453  2.11713748]", "final_simplex": "(array([[-0.87477887,  4.14135657,  0.15005782,  8.8496808 ,  0.53110453,\n         2.11713748],\n       [-0.8306296 ,  4.08121331,  0.21826666,  8.67048232,  0.51453685,\n         2.26055716],\n       [-1.02246626,  4.00936467,  0.04271843,  8.95736252,  0.51024397,\n         2.4468734 ],\n       [-0.58837161,  4.05625525,  0.18538927,  8.6982275 ,  0.50874849,\n         2.1626603 ],\n       [-0.86019457,  4.15545512,  0.09411286,  8.94917715,  0.50834455,\n         2.25613096],\n       [-1.19268435,  3.89601836,  0.01643819,  8.92069966,  0.52151475,\n         2.5245999 ],\n       [-0.87967361,  4.09543509,  0.25510907,  8.7259885 ,  0.49977411,\n         2.36494181]]), array([0.32928364, 0.33021847, 0.33237153, 0.33326298, 0.33528007,\n       0.33536867, 0.33720597]))", "callback": [0.930587733474694, 0.8232961516904738, 0.7410497102176142, 0.7301710222461899, 0.7195155806781182, 0.6538504372803811, 0.4418234725780825, 0.4185913834117936, 0.3772050678000094, 0.3409346939246546]}, "3": {"maxiter": 100, "fatol": 1e-10, "xatol": 1e-10, "duration": 0.045554161071777344, "fun": "0.3292836403251562", "nit": "100", "nfev": "155", "status": "2", "success": "False", "message": "Maximum number of iterations has been exceeded.", "x": "[-0.87477887  4.14135657  0.15005782  8.8496808   0.53110453  2.11713748]", "final_simplex": "(array([[-0.87477887,  4.14135657,  0.15005782,  8.8496808 ,  0.53110453,\n         2.11713748],\n       [-0.8306296 ,  4.08121331,  0.21826666,  8.67048232,  0.51453685,\n         2.26055716],\n       [-1.02246626,  4.00936467,  0.04271843,  8.95736252,  0.51024397,\n         2.4468734 ],\n       [-0.58837161,  4.05625525,  0.18538927,  8.6982275 ,  0.50874849,\n         2.1626603 ],\n       [-0.86019457,  4.15545512,  0.09411286,  8.94917715,  0.50834455,\n         2.25613096],\n       [-1.19268435,  3.89601836,  0.01643819,  8.92069966,  0.52151475,\n         2.5245999 ],\n       [-0.87967361,  4.09543509,  0.25510907,  8.7259885 ,  0.49977411,\n         2.36494181]]), array([0.32928364, 0.33021847, 0.33237153, 0.33326298, 0.33528007,\n       0.33536867, 0.33720597]))", "callback": [0.930587733474694, 0.8232961516904738, 0.7410497102176142, 0.7301710222461899, 0.7195155806781182, 0.6538504372803811, 0.4418234725780825, 0.4185913834117936, 0.3772050678000094, 0.3409346939246546]}, "4": {"maxiter": 500, "fatol": 1e-05, "xatol": 1e-05, "duration": 0.2383878231048584, "fun": "0.2878047474049883", "nit": "500", "nfev": "778", "status": "2", "success": "False", "message": "Maximum number of iterations has been exceeded.", "x": "[-0.47174443  3.70700115  0.59437166  8.65771278  1.26228954  2.5021145 ]", "final_simplex": "(array([[-0.47174443,  3.70700115,  0.59437166,  8.65771278,  1.26228954,\n         2.5021145 ],\n       [-0.47176283,  3.7069636 ,  0.59437103,  8.65774634,  1.26227329,\n         2.50211699],\n       [-0.47176435,  3.70698217,  0.59438301,  8.65772306,  1.26225798,\n         2.50210091],\n       [-0.47170577,  3.7069968 ,  0.59437838,  8.657708  ,  1.26228013,\n         2.50207539],\n       [-0.4717426 ,  3.7069641 ,  0.59439644,  8.65769644,  1.26226344,\n         2.50208766],\n       [-0.47174123,  3.70697603,  0.59436991,  8.65772285,  1.26225809,\n         2.50211201],\n       [-0.47175249,  3.70702461,  0.59431883,  8.65772077,  1.26229481,\n         2.50213601]]), array([0.28780475, 0.28780475, 0.28780475, 0.28780475, 0.28780475,\n       0.28780475, 0.28780475]))", "callback": [0.930587733474694, 0.8232961516904738, 0.7410497102176142, 0.7301710222461899, 0.7195155806781182, 0.6538504372803811, 0.4418234725780825, 0.4185913834117936, 0.3772050678000094, 0.3409346939246546, 0.32749579785269123, 0.3231640251972161, 0.32237836764910155, 0.3215567353472558, 0.31957364970550994, 0.31691547565488654, 0.3123272865595649, 0.3105701450419308, 0.31049689390738433, 0.3103188081527044, 0.3102992149780823, 0.3102890104045364, 0.3102843486524136, 0.310278799301973, 0.3102509603377752, 0.3101223350670578, 0.30962741343641853, 0.3087742280605823, 0.3071220577859639, 0.30420285428091565, 0.29696337360983405, 0.2924136036066951, 0.2899232441098071, 0.2887680428761993, 0.28815463859901236, 0.2879126812277536, 0.2878250743235943, 0.28780678767522316, 0.28780581921733406, 0.2878050620958509, 0.2878050620958509, 0.2878050150638438, 0.28780496984996895, 0.28780489588127756, 0.28780477613305244, 0.2878047575043594, 0.2878047500810319, 0.287804748076256, 0.28780474747369733, 0.28780474747369733]}, "5": {"maxiter": 500, "fatol": 1e-05, "xatol": 1e-10, "duration": 0.28761768341064453, "fun": "0.2878047474049883", "nit": "500", "nfev": "778", "status": "2", "success": "False", "message": "Maximum number of iterations has been exceeded.", "x": "[-0.47174443  3.70700115  0.59437166  8.65771278  1.26228954  2.5021145 ]", "final_simplex": "(array([[-0.47174443,  3.70700115,  0.59437166,  8.65771278,  1.26228954,\n         2.5021145 ],\n       [-0.47176283,  3.7069636 ,  0.59437103,  8.65774634,  1.26227329,\n         2.50211699],\n       [-0.47176435,  3.70698217,  0.59438301,  8.65772306,  1.26225798,\n         2.50210091],\n       [-0.47170577,  3.7069968 ,  0.59437838,  8.657708  ,  1.26228013,\n         2.50207539],\n       [-0.4717426 ,  3.7069641 ,  0.59439644,  8.65769644,  1.26226344,\n         2.50208766],\n       [-0.47174123,  3.70697603,  0.59436991,  8.65772285,  1.26225809,\n         2.50211201],\n       [-0.47175249,  3.70702461,  0.59431883,  8.65772077,  1.26229481,\n         2.50213601]]), array([0.28780475, 0.28780475, 0.28780475, 0.28780475, 0.28780475,\n       0.28780475, 0.28780475]))", "callback": [0.930587733474694, 0.8232961516904738, 0.7410497102176142, 0.7301710222461899, 0.7195155806781182, 0.6538504372803811, 0.4418234725780825, 0.4185913834117936, 0.3772050678000094, 0.3409346939246546, 0.32749579785269123, 0.3231640251972161, 0.32237836764910155, 0.3215567353472558, 0.31957364970550994, 0.31691547565488654, 0.3123272865595649, 0.3105701450419308, 0.31049689390738433, 0.3103188081527044, 0.3102992149780823, 0.3102890104045364, 0.3102843486524136, 0.310278799301973, 0.3102509603377752, 0.3101223350670578, 0.30962741343641853, 0.3087742280605823, 0.3071220577859639, 0.30420285428091565, 0.29696337360983405, 0.2924136036066951, 0.2899232441098071, 0.2887680428761993, 0.28815463859901236, 0.2879126812277536, 0.2878250743235943, 0.28780678767522316, 0.28780581921733406, 0.2878050620958509, 0.2878050620958509, 0.2878050150638438, 0.28780496984996895, 0.28780489588127756, 0.28780477613305244, 0.2878047575043594, 0.2878047500810319, 0.287804748076256, 0.28780474747369733, 0.28780474747369733]}, "6": {"maxiter": 500, "fatol": 1e-10, "xatol": 1e-05, "duration": 0.23809480667114258, "fun": "0.2878047474049883", "nit": "500", "nfev": "778", "status": "2", "success": "False", "message": "Maximum number of iterations has been exceeded.", "x": "[-0.47174443  3.70700115  0.59437166  8.65771278  1.26228954  2.5021145 ]", "final_simplex": "(array([[-0.47174443,  3.70700115,  0.59437166,  8.65771278,  1.26228954,\n         2.5021145 ],\n       [-0.47176283,  3.7069636 ,  0.59437103,  8.65774634,  1.26227329,\n         2.50211699],\n       [-0.47176435,  3.70698217,  0.59438301,  8.65772306,  1.26225798,\n         2.50210091],\n       [-0.47170577,  3.7069968 ,  0.59437838,  8.657708  ,  1.26228013,\n         2.50207539],\n       [-0.4717426 ,  3.7069641 ,  0.59439644,  8.65769644,  1.26226344,\n         2.50208766],\n       [-0.47174123,  3.70697603,  0.59436991,  8.65772285,  1.26225809,\n         2.50211201],\n       [-0.47175249,  3.70702461,  0.59431883,  8.65772077,  1.26229481,\n         2.50213601]]), array([0.28780475, 0.28780475, 0.28780475, 0.28780475, 0.28780475,\n       0.28780475, 0.28780475]))", "callback": [0.930587733474694, 0.8232961516904738, 0.7410497102176142, 0.7301710222461899, 0.7195155806781182, 0.6538504372803811, 0.4418234725780825, 0.4185913834117936, 0.3772050678000094, 0.3409346939246546, 0.32749579785269123, 0.3231640251972161, 0.32237836764910155, 0.3215567353472558, 0.31957364970550994, 0.31691547565488654, 0.3123272865595649, 0.3105701450419308, 0.31049689390738433, 0.3103188081527044, 0.3102992149780823, 0.3102890104045364, 0.3102843486524136, 0.310278799301973, 0.3102509603377752, 0.3101223350670578, 0.30962741343641853, 0.3087742280605823, 0.3071220577859639, 0.30420285428091565, 0.29696337360983405, 0.2924136036066951, 0.2899232441098071, 0.2887680428761993, 0.28815463859901236, 0.2879126812277536, 0.2878250743235943, 0.28780678767522316, 0.28780581921733406, 0.2878050620958509, 0.2878050620958509, 0.2878050150638438, 0.28780496984996895, 0.28780489588127756, 0.28780477613305244, 0.2878047575043594, 0.2878047500810319, 0.287804748076256, 0.28780474747369733, 0.28780474747369733]}, "7": {"maxiter": 500, "fatol": 1e-10, "xatol": 1e-10, "duration": 0.2472829818725586, "fun": "0.2878047474049883", "nit": "500", "nfev": "778", "status": "2", "success": "False", "message": "Maximum number of iterations has been exceeded.", "x": "[-0.47174443  3.70700115  0.59437166  8.65771278  1.26228954  2.5021145 ]", "final_simplex": "(array([[-0.47174443,  3.70700115,  0.59437166,  8.65771278,  1.26228954,\n         2.5021145 ],\n       [-0.47176283,  3.7069636 ,  0.59437103,  8.65774634,  1.26227329,\n         2.50211699],\n       [-0.47176435,  3.70698217,  0.59438301,  8.65772306,  1.26225798,\n         2.50210091],\n       [-0.47170577,  3.7069968 ,  0.59437838,  8.657708  ,  1.26228013,\n         2.50207539],\n       [-0.4717426 ,  3.7069641 ,  0.59439644,  8.65769644,  1.26226344,\n         2.50208766],\n       [-0.47174123,  3.70697603,  0.59436991,  8.65772285,  1.26225809,\n         2.50211201],\n       [-0.47175249,  3.70702461,  0.59431883,  8.65772077,  1.26229481,\n         2.50213601]]), array([0.28780475, 0.28780475, 0.28780475, 0.28780475, 0.28780475,\n       0.28780475, 0.28780475]))", "callback": [0.930587733474694, 0.8232961516904738, 0.7410497102176142, 0.7301710222461899, 0.7195155806781182, 0.6538504372803811, 0.4418234725780825, 0.4185913834117936, 0.3772050678000094, 0.3409346939246546, 0.32749579785269123, 0.3231640251972161, 0.32237836764910155, 0.3215567353472558, 0.31957364970550994, 0.31691547565488654, 0.3123272865595649, 0.3105701450419308, 0.31049689390738433, 0.3103188081527044, 0.3102992149780823, 0.3102890104045364, 0.3102843486524136, 0.310278799301973, 0.3102509603377752, 0.3101223350670578, 0.30962741343641853, 0.3087742280605823, 0.3071220577859639, 0.30420285428091565, 0.29696337360983405, 0.2924136036066951, 0.2899232441098071, 0.2887680428761993, 0.28815463859901236, 0.2879126812277536, 0.2878250743235943, 0.28780678767522316, 0.28780581921733406, 0.2878050620958509, 0.2878050620958509, 0.2878050150638438, 0.28780496984996895, 0.28780489588127756, 0.28780477613305244, 0.2878047575043594, 0.2878047500810319, 0.287804748076256, 0.28780474747369733, 0.28780474747369733]}, "8": {"maxiter": 1000, "fatol": 1e-05, "xatol": 1e-05, "duration": 0.26316285133361816, "fun": "0.2878047473276488", "nit": "543", "nfev": "848", "status": "0", "success": "True", "message": "Optimization terminated successfully.", "x": "[-0.47173109  3.7069601   0.59440604  8.65771275  1.26230099  2.50211876]", "final_simplex": "(array([[-0.47173109,  3.7069601 ,  0.59440604,  8.65771275,  1.26230099,\n         2.50211876],\n       [-0.47173137,  3.706956  ,  0.5944124 ,  8.65771585,  1.26229892,\n         2.50211704],\n       [-0.47173262,  3.70696478,  0.5944023 ,  8.65771272,  1.26229589,\n         2.50211238],\n       [-0.47173865,  3.70695883,  0.59440422,  8.65771833,  1.26229629,\n         2.50212027],\n       [-0.4717313 ,  3.70696061,  0.59441034,  8.65771168,  1.2622975 ,\n         2.50211506],\n       [-0.47173337,  3.70696729,  0.59440152,  8.65771416,  1.2622958 ,\n         2.50211613],\n       [-0.47173206,  3.7069541 ,  0.59441136,  8.65771445,  1.26229452,\n         2.50211562]]), array([0.28780475, 0.28780475, 0.28780475, 0.28780475, 0.28780475,\n       0.28780475, 0.28780475]))", "callback": [0.930587733474694, 0.8232961516904738, 0.7410497102176142, 0.7301710222461899, 0.7195155806781182, 0.6538504372803811, 0.4418234725780825, 0.4185913834117936, 0.3772050678000094, 0.3409346939246546, 0.32749579785269123, 0.3231640251972161, 0.32237836764910155, 0.3215567353472558, 0.31957364970550994, 0.31691547565488654, 0.3123272865595649, 0.3105701450419308, 0.31049689390738433, 0.3103188081527044, 0.3102992149780823, 0.3102890104045364, 0.3102843486524136, 0.310278799301973, 0.3102509603377752, 0.3101223350670578, 0.30962741343641853, 0.3087742280605823, 0.3071220577859639, 0.30420285428091565, 0.29696337360983405, 0.2924136036066951, 0.2899232441098071, 0.2887680428761993, 0.28815463859901236, 0.2879126812277536, 0.2878250743235943, 0.28780678767522316, 0.28780581921733406, 0.2878050620958509, 0.2878050620958509, 0.2878050150638438, 0.28780496984996895, 0.28780489588127756, 0.28780477613305244, 0.2878047575043594, 0.2878047500810319, 0.287804748076256, 0.28780474747369733, 0.28780474747369733, 0.2878047474049883, 0.287804747366768, 0.28780474733393757, 0.28780474733393757, 0.28780474732768935]}, "9": {"maxiter": 1000, "fatol": 1e-05, "xatol": 1e-10, "duration": 0.3373110294342041, "fun": "0.28780474732484684", "nit": "641", "nfev": "1065", "status": "0", "success": "True", "message": "Optimization terminated successfully.", "x": "[-0.47173022  3.70695833  0.5944087   8.65771488  1.26229966  2.50211436]", "final_simplex": "(array([[-0.47173022,  3.70695833,  0.5944087 ,  8.65771488,  1.26229966,\n         2.50211436],\n       [-0.47173022,  3.70695833,  0.5944087 ,  8.65771488,  1.26229966,\n         2.50211436],\n       [-0.47173022,  3.70695833,  0.5944087 ,  8.65771488,  1.26229966,\n         2.50211436],\n       [-0.47173022,  3.70695833,  0.5944087 ,  8.65771488,  1.26229966,\n         2.50211436],\n       [-0.47173022,  3.70695833,  0.5944087 ,  8.65771488,  1.26229966,\n         2.50211436],\n       [-0.47173022,  3.70695833,  0.5944087 ,  8.65771488,  1.26229966,\n         2.50211436],\n       [-0.47173022,  3.70695833,  0.5944087 ,  8.65771488,  1.26229966,\n         2.50211436]]), array([0.28780475, 0.28780475, 0.28780475, 0.28780475, 0.28780475,\n       0.28780475, 0.28780475]))", "callback": [0.930587733474694, 0.8232961516904738, 0.7410497102176142, 0.7301710222461899, 0.7195155806781182, 0.6538504372803811, 0.4418234725780825, 0.4185913834117936, 0.3772050678000094, 0.3409346939246546, 0.32749579785269123, 0.3231640251972161, 0.32237836764910155, 0.3215567353472558, 0.31957364970550994, 0.31691547565488654, 0.3123272865595649, 0.3105701450419308, 0.31049689390738433, 0.3103188081527044, 0.3102992149780823, 0.3102890104045364, 0.3102843486524136, 0.310278799301973, 0.3102509603377752, 0.3101223350670578, 0.30962741343641853, 0.3087742280605823, 0.3071220577859639, 0.30420285428091565, 0.29696337360983405, 0.2924136036066951, 0.2899232441098071, 0.2887680428761993, 0.28815463859901236, 0.2879126812277536, 0.2878250743235943, 0.28780678767522316, 0.28780581921733406, 0.2878050620958509, 0.2878050620958509, 0.2878050150638438, 0.28780496984996895, 0.28780489588127756, 0.28780477613305244, 0.2878047575043594, 0.2878047500810319, 0.287804748076256, 0.28780474747369733, 0.28780474747369733, 0.2878047474049883, 0.287804747366768, 0.28780474733393757, 0.28780474733393757, 0.28780474732768935, 0.2878047473257912, 0.2878047473250692, 0.2878047473248937, 0.28780474732485306, 0.2878047473248482, 0.2878047473248472, 0.28780474732484684, 0.28780474732484684, 0.28780474732484684, 0.28780474732484684]}, "10": {"maxiter": 1000, "fatol": 1e-10, "xatol": 1e-05, "duration": 0.24803686141967773, "fun": "0.2878047473276488", "nit": "543", "nfev": "848", "status": "0", "success": "True", "message": "Optimization terminated successfully.", "x": "[-0.47173109  3.7069601   0.59440604  8.65771275  1.26230099  2.50211876]", "final_simplex": "(array([[-0.47173109,  3.7069601 ,  0.59440604,  8.65771275,  1.26230099,\n         2.50211876],\n       [-0.47173137,  3.706956  ,  0.5944124 ,  8.65771585,  1.26229892,\n         2.50211704],\n       [-0.47173262,  3.70696478,  0.5944023 ,  8.65771272,  1.26229589,\n         2.50211238],\n       [-0.47173865,  3.70695883,  0.59440422,  8.65771833,  1.26229629,\n         2.50212027],\n       [-0.4717313 ,  3.70696061,  0.59441034,  8.65771168,  1.2622975 ,\n         2.50211506],\n       [-0.47173337,  3.70696729,  0.59440152,  8.65771416,  1.2622958 ,\n         2.50211613],\n       [-0.47173206,  3.7069541 ,  0.59441136,  8.65771445,  1.26229452,\n         2.50211562]]), array([0.28780475, 0.28780475, 0.28780475, 0.28780475, 0.28780475,\n       0.28780475, 0.28780475]))", "callback": [0.930587733474694, 0.8232961516904738, 0.7410497102176142, 0.7301710222461899, 0.7195155806781182, 0.6538504372803811, 0.4418234725780825, 0.4185913834117936, 0.3772050678000094, 0.3409346939246546, 0.32749579785269123, 0.3231640251972161, 0.32237836764910155, 0.3215567353472558, 0.31957364970550994, 0.31691547565488654, 0.3123272865595649, 0.3105701450419308, 0.31049689390738433, 0.3103188081527044, 0.3102992149780823, 0.3102890104045364, 0.3102843486524136, 0.310278799301973, 0.3102509603377752, 0.3101223350670578, 0.30962741343641853, 0.3087742280605823, 0.3071220577859639, 0.30420285428091565, 0.29696337360983405, 0.2924136036066951, 0.2899232441098071, 0.2887680428761993, 0.28815463859901236, 0.2879126812277536, 0.2878250743235943, 0.28780678767522316, 0.28780581921733406, 0.2878050620958509, 0.2878050620958509, 0.2878050150638438, 0.28780496984996895, 0.28780489588127756, 0.28780477613305244, 0.2878047575043594, 0.2878047500810319, 0.287804748076256, 0.28780474747369733, 0.28780474747369733, 0.2878047474049883, 0.287804747366768, 0.28780474733393757, 0.28780474733393757, 0.28780474732768935]}, "11": {"maxiter": 1000, "fatol": 1e-10, "xatol": 1e-10, "duration": 0.2991828918457031, "fun": "0.28780474732484684", "nit": "641", "nfev": "1065", "status": "0", "success": "True", "message": "Optimization terminated successfully.", "x": "[-0.47173022  3.70695833  0.5944087   8.65771488  1.26229966  2.50211436]", "final_simplex": "(array([[-0.47173022,  3.70695833,  0.5944087 ,  8.65771488,  1.26229966,\n         2.50211436],\n       [-0.47173022,  3.70695833,  0.5944087 ,  8.65771488,  1.26229966,\n         2.50211436],\n       [-0.47173022,  3.70695833,  0.5944087 ,  8.65771488,  1.26229966,\n         2.50211436],\n       [-0.47173022,  3.70695833,  0.5944087 ,  8.65771488,  1.26229966,\n         2.50211436],\n       [-0.47173022,  3.70695833,  0.5944087 ,  8.65771488,  1.26229966,\n         2.50211436],\n       [-0.47173022,  3.70695833,  0.5944087 ,  8.65771488,  1.26229966,\n         2.50211436],\n       [-0.47173022,  3.70695833,  0.5944087 ,  8.65771488,  1.26229966,\n         2.50211436]]), array([0.28780475, 0.28780475, 0.28780475, 0.28780475, 0.28780475,\n       0.28780475, 0.28780475]))", "callback": [0.930587733474694, 0.8232961516904738, 0.7410497102176142, 0.7301710222461899, 0.7195155806781182, 0.6538504372803811, 0.4418234725780825, 0.4185913834117936, 0.3772050678000094, 0.3409346939246546, 0.32749579785269123, 0.3231640251972161, 0.32237836764910155, 0.3215567353472558, 0.31957364970550994, 0.31691547565488654, 0.3123272865595649, 0.3105701450419308, 0.31049689390738433, 0.3103188081527044, 0.3102992149780823, 0.3102890104045364, 0.3102843486524136, 0.310278799301973, 0.3102509603377752, 0.3101223350670578, 0.30962741343641853, 0.3087742280605823, 0.3071220577859639, 0.30420285428091565, 0.29696337360983405, 0.2924136036066951, 0.2899232441098071, 0.2887680428761993, 0.28815463859901236, 0.2879126812277536, 0.2878250743235943, 0.28780678767522316, 0.28780581921733406, 0.2878050620958509, 0.2878050620958509, 0.2878050150638438, 0.28780496984996895, 0.28780489588127756, 0.28780477613305244, 0.2878047575043594, 0.2878047500810319, 0.287804748076256, 0.28780474747369733, 0.28780474747369733, 0.2878047474049883, 0.287804747366768, 0.28780474733393757, 0.28780474733393757, 0.28780474732768935, 0.2878047473257912, 0.2878047473250692, 0.2878047473248937, 0.28780474732485306, 0.2878047473248482, 0.2878047473248472, 0.28780474732484684, 0.28780474732484684, 0.28780474732484684, 0.28780474732484684]}}, "bfgs": {"type": "gradient", "0": {"maxiter": 100, "gtol": 1e-05, "xrtol": 1e-05, "eps": 1e-05, "duration": 0.11191606521606445, "fun": "0.28780474741131734", "jac": "[ 2.59570143e-07  6.65167921e-07  7.48434648e-07  2.78888024e-07\n -9.46542844e-07  7.36555261e-07]", "hess_inv": "[[  9.63168873  -0.8843189    5.12748318   4.77886627   3.81196202\n   -4.40507962]\n [ -0.8843189   14.58680063 -13.343579     0.72301642  -1.39687532\n    0.13827285]\n [  5.12748318 -13.343579    18.35979311   3.10299303   2.6858491\n   -4.1381226 ]\n [  4.77886627   0.72301642   3.10299303   6.36047216   1.5100747\n   -3.30205079]\n [  3.81196202  -1.39687532   2.6858491    1.5100747    7.8280897\n    3.02333818]\n [ -4.40507962   0.13827285  -4.1381226   -3.30205079   3.02333818\n    9.19369519]]", "nfev": "364", "njev": "52", "status": "0", "success": "True", "message": "Optimization terminated successfully.", "x": "[-0.47175983  3.70696039  0.59439107  3.90863679 -1.87932509  5.64370378]", "nit": "35", "callback": [0.7294906373552323, 0.7050325198413379, 0.550253708193227, 0.49825049497955554, 0.4564472038723296, 0.44919178917262703, 0.4412247902500359, 0.43548202579499184, 0.43279627163107115, 0.42803022264428225, 0.3801084045606732, 0.37666015879002157, 0.3460049994962986, 0.3093201285938789, 0.3028259525198693, 0.30040448045266976, 0.3002019416434384, 0.3000569167212125, 0.29987517770061034, 0.29984941781872654, 0.2998379676641917, 0.2998178261415624, 0.2997802573990255, 0.29730542256547765, 0.29724080732104086, 0.2949182019203287, 0.29158188001447294, 0.29009272451950596, 0.2893430311312961, 0.28846232320977705, 0.2879971359250507, 0.28781268664443604, 0.2878048030272139, 0.2878047498295666, 0.28780474741131734]}, "1": {"maxiter": 100, "gtol": 1e-05, "xrtol": 1e-05, "eps": 1e-10, "duration": 0.10645794868469238, "fun": "0.28780474733267447", "jac": "[ 2.22044587e-06  1.11022293e-06  2.22044587e-06  2.22044587e-06\n -2.22044587e-06  0.00000000e+00]", "hess_inv": "[[  9.60626944  -0.95315145   5.19296449   4.78670517   3.67166893\n   -4.56267465]\n [ -0.95315145  14.6865461  -13.42939206   0.72710959  -1.52715469\n    0.04327022]\n [  5.19296449 -13.42939206  18.50319241   3.16396207   2.6738353\n   -4.17875756]\n [  4.78670517   0.72710959   3.16396207   6.4182965    1.35879619\n   -3.47262866]\n [  3.67166893  -1.52715469   2.6738353    1.35879619   7.81186023\n    3.06459049]\n [ -4.56267465   0.04327022  -4.17875756  -3.47262866   3.06459049\n    9.28617897]]", "nfev": "364", "njev": "52", "status": "0", "success": "True", "message": "Optimization terminated successfully.", "x": "[-0.47172649  3.70695458  0.59441369  3.90865548 -1.87929799  5.64370392]", "nit": "35", "callback": [0.729493329533559, 0.7050367757161147, 0.5502587959378997, 0.4982552665549902, 0.45645049461145504, 0.44919208289907053, 0.44122832290093905, 0.43548280664786065, 0.43279625140131806, 0.42803440657732705, 0.3801189875352653, 0.3766696609305855, 0.34600583810574803, 0.30932343225449, 0.3028303159599155, 0.3004044318074288, 0.3002016493864974, 0.3000565303766557, 0.2998747359700539, 0.29984890057989, 0.29983739239675367, 0.29981713967706924, 0.2997793048243377, 0.2973052026063845, 0.29724783844479385, 0.2951543644219512, 0.29199606761849695, 0.29016583118902406, 0.28945878028378336, 0.2885649671761361, 0.2879516549148109, 0.2878274858000729, 0.2878048684661946, 0.2878047515213199, 0.28780474733267447]}, "2": {"maxiter": 100, "gtol": 1e-05, "xrtol": 1e-10, "eps": 1e-05, "duration": 0.10784506797790527, "fun": "0.28780474741131734", "jac": "[ 2.59570143e-07  6.65167921e-07  7.48434648e-07  2.78888024e-07\n -9.46542844e-07  7.36555261e-07]", "hess_inv": "[[  9.63168873  -0.8843189    5.12748318   4.77886627   3.81196202\n   -4.40507962]\n [ -0.8843189   14.58680063 -13.343579     0.72301642  -1.39687532\n    0.13827285]\n [  5.12748318 -13.343579    18.35979311   3.10299303   2.6858491\n   -4.1381226 ]\n [  4.77886627   0.72301642   3.10299303   6.36047216   1.5100747\n   -3.30205079]\n [  3.81196202  -1.39687532   2.6858491    1.5100747    7.8280897\n    3.02333818]\n [ -4.40507962   0.13827285  -4.1381226   -3.30205079   3.02333818\n    9.19369519]]", "nfev": "364", "njev": "52", "status": "0", "success": "True", "message": "Optimization terminated successfully.", "x": "[-0.47175983  3.70696039  0.59439107  3.90863679 -1.87932509  5.64370378]", "nit": "35", "callback": [0.7294906373552323, 0.7050325198413379, 0.550253708193227, 0.49825049497955554, 0.4564472038723296, 0.44919178917262703, 0.4412247902500359, 0.43548202579499184, 0.43279627163107115, 0.42803022264428225, 0.3801084045606732, 0.37666015879002157, 0.3460049994962986, 0.3093201285938789, 0.3028259525198693, 0.30040448045266976, 0.3002019416434384, 0.3000569167212125, 0.29987517770061034, 0.29984941781872654, 0.2998379676641917, 0.2998178261415624, 0.2997802573990255, 0.29730542256547765, 0.29724080732104086, 0.2949182019203287, 0.29158188001447294, 0.29009272451950596, 0.2893430311312961, 0.28846232320977705, 0.2879971359250507, 0.28781268664443604, 0.2878048030272139, 0.2878047498295666, 0.28780474741131734]}, "3": {"maxiter": 100, "gtol": 1e-05, "xrtol": 1e-10, "eps": 1e-10, "duration": 0.1044459342956543, "fun": "0.28780474733267447", "jac": "[ 2.22044587e-06  1.11022293e-06  2.22044587e-06  2.22044587e-06\n -2.22044587e-06  0.00000000e+00]", "hess_inv": "[[  9.60626944  -0.95315145   5.19296449   4.78670517   3.67166893\n   -4.56267465]\n [ -0.95315145  14.6865461  -13.42939206   0.72710959  -1.52715469\n    0.04327022]\n [  5.19296449 -13.42939206  18.50319241   3.16396207   2.6738353\n   -4.17875756]\n [  4.78670517   0.72710959   3.16396207   6.4182965    1.35879619\n   -3.47262866]\n [  3.67166893  -1.52715469   2.6738353    1.35879619   7.81186023\n    3.06459049]\n [ -4.56267465   0.04327022  -4.17875756  -3.47262866   3.06459049\n    9.28617897]]", "nfev": "364", "njev": "52", "status": "0", "success": "True", "message": "Optimization terminated successfully.", "x": "[-0.47172649  3.70695458  0.59441369  3.90865548 -1.87929799  5.64370392]", "nit": "35", "callback": [0.729493329533559, 0.7050367757161147, 0.5502587959378997, 0.4982552665549902, 0.45645049461145504, 0.44919208289907053, 0.44122832290093905, 0.43548280664786065, 0.43279625140131806, 0.42803440657732705, 0.3801189875352653, 0.3766696609305855, 0.34600583810574803, 0.30932343225449, 0.3028303159599155, 0.3004044318074288, 0.3002016493864974, 0.3000565303766557, 0.2998747359700539, 0.29984890057989, 0.29983739239675367, 0.29981713967706924, 0.2997793048243377, 0.2973052026063845, 0.29724783844479385, 0.2951543644219512, 0.29199606761849695, 0.29016583118902406, 0.28945878028378336, 0.2885649671761361, 0.2879516549148109, 0.2878274858000729, 0.2878048684661946, 0.2878047515213199, 0.28780474733267447]}, "4": {"maxiter": 100, "gtol": 1e-10, "xrtol": 1e-05, "eps": 1e-05, "duration": 0.11169576644897461, "fun": "0.28780474740978157", "jac": "[ 4.63407090e-08  4.81503726e-08  6.14175377e-08 -1.24567023e-08\n -6.23279206e-08  6.45483667e-08]", "hess_inv": "[[  9.62523032  -0.86172797   5.08665042   4.76636629   3.81528037\n   -4.40384224]\n [ -0.86172797  14.56881893 -13.20008896   0.81494322  -1.49051702\n    0.0983806 ]\n [  5.08665042 -13.20008896  18.10163845   3.02448473   2.70594106\n   -4.13068438]\n [  4.76636629   0.81494322   3.02448473   6.37434511   1.45171428\n   -3.32774097]\n [  3.81528037  -1.49051702   2.70594106   1.45171428   7.93663574\n    3.07049905]\n [ -4.40384224   0.0983806   -4.13068438  -3.32774097   3.07049905\n    9.21417919]]", "nfev": "371", "njev": "53", "status": "0", "success": "True", "message": "Optimization terminated successfully.", "x": "[-0.47176004  3.70695909  0.59438974  3.9086348  -1.87932227  5.643705  ]", "nit": "36", "callback": [0.7294906373552323, 0.7050325198413379, 0.550253708193227, 0.49825049497955554, 0.4564472038723296, 0.44919178917262703, 0.4412247902500359, 0.43548202579499184, 0.43279627163107115, 0.42803022264428225, 0.3801084045606732, 0.37666015879002157, 0.3460049994962986, 0.3093201285938789, 0.3028259525198693, 0.30040448045266976, 0.3002019416434384, 0.3000569167212125, 0.29987517770061034, 0.29984941781872654, 0.2998379676641917, 0.2998178261415624, 0.2997802573990255, 0.29730542256547765, 0.29724080732104086, 0.2949182019203287, 0.29158188001447294, 0.29009272451950596, 0.2893430311312961, 0.28846232320977705, 0.2879971359250507, 0.28781268664443604, 0.2878048030272139, 0.2878047498295666, 0.28780474741131734, 0.28780474740978157]}, "5": {"maxiter": 100, "gtol": 1e-10, "xrtol": 1e-05, "eps": 1e-10, "duration": 0.11628413200378418, "fun": "0.28780474733253936", "jac": "[ 2.22044587e-06 -4.44089173e-06  0.00000000e+00 -3.33066880e-06\n -2.22044587e-06  1.11022293e-06]", "hess_inv": "[[  9.2933996    0.32146518   3.85953662   4.7643105    3.16989144\n   -4.51313353]\n [  0.32146518  14.25465246 -11.95622792   1.8235401   -1.58284043\n   -1.20831028]\n [  3.85953662 -11.95622792  16.11269703   2.23258681   2.28159763\n   -3.09463237]\n [  4.7643105    1.8235401    2.23258681   6.62892916   0.87950922\n   -3.69072585]\n [  3.16989144  -1.58284043   2.28159763   0.87950922   7.9333375\n    3.60706767]\n [ -4.51313353  -1.20831028  -3.09463237  -3.69072585   3.60706767\n    9.5098023 ]]", "nfev": "378", "njev": "54", "status": "0", "success": "True", "message": "Optimization terminated successfully.", "x": "[-0.47173393  3.70695513  0.59440673  3.90864867 -1.8792968   5.64371165]", "nit": "36", "callback": [0.729493329533559, 0.7050367757161147, 0.5502587959378997, 0.4982552665549902, 0.45645049461145504, 0.44919208289907053, 0.44122832290093905, 0.43548280664786065, 0.43279625140131806, 0.42803440657732705, 0.3801189875352653, 0.3766696609305855, 0.34600583810574803, 0.30932343225449, 0.3028303159599155, 0.3004044318074288, 0.3002016493864974, 0.3000565303766557, 0.2998747359700539, 0.29984890057989, 0.29983739239675367, 0.29981713967706924, 0.2997793048243377, 0.2973052026063845, 0.29724783844479385, 0.2951543644219512, 0.29199606761849695, 0.29016583118902406, 0.28945878028378336, 0.2885649671761361, 0.2879516549148109, 0.2878274858000729, 0.2878048684661946, 0.2878047515213199, 0.28780474733267447, 0.28780474733253936]}, "6": {"maxiter": 100, "gtol": 1e-10, "xrtol": 1e-10, "eps": 1e-05, "duration": 0.14698481559753418, "fun": "0.28780474740978157", "jac": "[ 4.63407090e-08  4.81503726e-08  6.14175377e-08 -1.24567023e-08\n -6.23279206e-08  6.45483667e-08]", "hess_inv": "[[  9.63862384  -0.8244412    5.14023078   4.83157394   3.725291\n   -4.44211039]\n [ -0.8244412   14.50839783 -13.16478917   0.77169182  -1.41539316\n    0.13416747]\n [  5.14023078 -13.16478917  18.23703749   3.1294919    2.57172843\n   -4.18509589]\n [  4.83157394   0.77169182   3.1294919    6.38413633   1.45932891\n   -3.31924636]\n [  3.725291    -1.41539316   2.57172843   1.45932891   7.89552045\n    3.0453996 ]\n [ -4.44211039   0.13416747  -4.18509589  -3.31924636   3.0453996\n    9.20017745]]", "nfev": "488", "njev": "68", "status": "2", "success": "False", "message": "Desired error not necessarily achieved due to precision loss.", "x": "[-0.47176004  3.70695909  0.59438974  3.9086348  -1.87932227  5.643705  ]", "nit": "36", "callback": [0.7294906373552323, 0.7050325198413379, 0.550253708193227, 0.49825049497955554, 0.4564472038723296, 0.44919178917262703, 0.4412247902500359, 0.43548202579499184, 0.43279627163107115, 0.42803022264428225, 0.3801084045606732, 0.37666015879002157, 0.3460049994962986, 0.3093201285938789, 0.3028259525198693, 0.30040448045266976, 0.3002019416434384, 0.3000569167212125, 0.29987517770061034, 0.29984941781872654, 0.2998379676641917, 0.2998178261415624, 0.2997802573990255, 0.29730542256547765, 0.29724080732104086, 0.2949182019203287, 0.29158188001447294, 0.29009272451950596, 0.2893430311312961, 0.28846232320977705, 0.2879971359250507, 0.28781268664443604, 0.2878048030272139, 0.2878047498295666, 0.28780474741131734, 0.28780474740978157]}, "7": {"maxiter": 100, "gtol": 1e-10, "xrtol": 1e-10, "eps": 1e-10, "duration": 0.15484213829040527, "fun": "0.28780474732980843", "jac": "[ 0.00000000e+00 -1.11022293e-06  0.00000000e+00 -1.11022293e-06\n -1.11022293e-06  0.00000000e+00]", "hess_inv": "[[ 0.92912081  0.62022366 -0.21406236 -0.27177253 -0.07142503  0.43641757]\n [ 0.62022366  0.41953447 -0.14949361 -0.17710782 -0.06081865  0.28458646]\n [-0.21406236 -0.14949361  0.0610699   0.05287949  0.03665842 -0.09220165]\n [-0.27177253 -0.17710782  0.05287949  0.08897193  0.00596757 -0.13329414]\n [-0.07142503 -0.06081865  0.03665842  0.00596757  0.05198547 -0.01012546]\n [ 0.43641757  0.28458646 -0.09220165 -0.13329414 -0.01012546  0.22125787]]", "nfev": "525", "njev": "75", "status": "0", "success": "True", "message": "Optimization terminated successfully.", "x": "[-0.47173665  3.70695344  0.59440724  3.90864946 -1.8792966   5.64371038]", "nit": "45", "callback": [0.729493329533559, 0.7050367757161147, 0.5502587959378997, 0.4982552665549902, 0.45645049461145504, 0.44919208289907053, 0.44122832290093905, 0.43548280664786065, 0.43279625140131806, 0.42803440657732705, 0.3801189875352653, 0.3766696609305855, 0.34600583810574803, 0.30932343225449, 0.3028303159599155, 0.3004044318074288, 0.3002016493864974, 0.3000565303766557, 0.2998747359700539, 0.29984890057989, 0.29983739239675367, 0.29981713967706924, 0.2997793048243377, 0.2973052026063845, 0.29724783844479385, 0.2951543644219512, 0.29199606761849695, 0.29016583118902406, 0.28945878028378336, 0.2885649671761361, 0.2879516549148109, 0.2878274858000729, 0.2878048684661946, 0.2878047515213199, 0.28780474733267447, 0.28780474733253936, 0.2878047473325276, 0.2878047473325188, 0.2878047473324833, 0.2878047473324382, 0.28780474733237893, 0.28780474733223116, 0.2878047473301246, 0.28780474732980854, 0.28780474732980843]}, "8": {"maxiter": 500, "gtol": 1e-05, "xrtol": 1e-05, "eps": 1e-05, "duration": 0.11585617065429688, "fun": "0.28780474741131734", "jac": "[ 2.59570143e-07  6.65167921e-07  7.48434648e-07  2.78888024e-07\n -9.46542844e-07  7.36555261e-07]", "hess_inv": "[[  9.63168873  -0.8843189    5.12748318   4.77886627   3.81196202\n   -4.40507962]\n [ -0.8843189   14.58680063 -13.343579     0.72301642  -1.39687532\n    0.13827285]\n [  5.12748318 -13.343579    18.35979311   3.10299303   2.6858491\n   -4.1381226 ]\n [  4.77886627   0.72301642   3.10299303   6.36047216   1.5100747\n   -3.30205079]\n [  3.81196202  -1.39687532   2.6858491    1.5100747    7.8280897\n    3.02333818]\n [ -4.40507962   0.13827285  -4.1381226   -3.30205079   3.02333818\n    9.19369519]]", "nfev": "364", "njev": "52", "status": "0", "success": "True", "message": "Optimization terminated successfully.", "x": "[-0.47175983  3.70696039  0.59439107  3.90863679 -1.87932509  5.64370378]", "nit": "35", "callback": [0.7294906373552323, 0.7050325198413379, 0.550253708193227, 0.49825049497955554, 0.4564472038723296, 0.44919178917262703, 0.4412247902500359, 0.43548202579499184, 0.43279627163107115, 0.42803022264428225, 0.3801084045606732, 0.37666015879002157, 0.3460049994962986, 0.3093201285938789, 0.3028259525198693, 0.30040448045266976, 0.3002019416434384, 0.3000569167212125, 0.29987517770061034, 0.29984941781872654, 0.2998379676641917, 0.2998178261415624, 0.2997802573990255, 0.29730542256547765, 0.29724080732104086, 0.2949182019203287, 0.29158188001447294, 0.29009272451950596, 0.2893430311312961, 0.28846232320977705, 0.2879971359250507, 0.28781268664443604, 0.2878048030272139, 0.2878047498295666, 0.287804747411