{"date": "2024/09/23/, 21:54:11", "conf_id": 101, "data_type": "orthogonal\n", "num_data_points": 2, "s_rank": 0, "unitary": "[[-0.56303964-0.00798273j,-0.21670212-0.15784972j,-0.06047197-0.73952673j,-0.01438004+0.24552571j],[-0.06976756+0.23474685j,-0.01275565-0.5435098j,-0.02703657-0.08917885j,-0.08210486-0.79311774j],[-0.38559961+0.10714929j,0.5933431-0.2687392j,-0.24060861+0.29149289j,-0.45147719+0.26241743j],[-0.50180421+0.45931857j,-0.11617175+0.44134496j,0.49642745+0.22684508j,-0.08544628-0.15407063j]]", "databatch_0": {"databatch": "[[[0.05913875-0.06424456j,-0.01589055-0.09123403j,-0.17520879-0.11532245j,-0.09913298+0.03878773j],[0.10308009-0.03926053j,0.03349667-0.11208493j,-0.13299529-0.22917092j,-0.13392763-0.01207101j],[-0.16137233+0.11561443j,-0.00686953+0.21042283j,0.33658426+0.33779703j,0.23860468-0.04043742j],[-0.17626677+0.12777184j,-0.00625278+0.23080395j,0.37117426+0.3683996j,0.26142191-0.04579835j]],[[0.12359018+0.12413482j,0.18423499-0.02387784j,0.24642823-0.34107186j,-0.06907733-0.20206574j],[-0.00781469+0.09650899j,0.07616965+0.06886975j,0.23182313-0.01884788j,0.0601399-0.10156922j],[0.12206753+0.20339207j,0.24994835+0.02856159j,0.43491545-0.36815551j,-0.02505152-0.28809475j],[-0.06471112-0.07797183j,-0.10738351+0.00412699j,-0.15978993+0.18360825j,0.02923399+0.12001787j]]]", "initial param values": "[3.55607707,2.34821427,4.26278063,5.12476563,1.27042237,5.60312095]", "nelder_mead": {"type": "gradient-free", "0": {"maxiter": 100, "fatol": 1e-05, "xatol": 1e-05, "duration": 0.03627896308898926, "fun": "0.18798542163406917", "nit": "100", "nfev": "146", "status": "2", "success": "False", "message": "Maximum number of iterations has been exceeded.", "x": "[4.53416752 2.78238358 6.10143374 4.8400872  0.70093896 3.59994628]", "final_simplex": "(array([[4.53416752, 2.78238358, 6.10143374, 4.8400872 , 0.70093896,\n        3.59994628],\n       [4.5816095 , 2.76942553, 6.10065699, 4.92648292, 0.69578972,\n        3.63674177],\n       [4.5132297 , 2.91485292, 6.20035061, 4.89374693, 0.67776059,\n        3.56966832],\n       [4.44756218, 2.86606639, 6.06796897, 4.83914468, 0.73264465,\n        3.61773429],\n       [4.43544739, 2.79014433, 6.11739012, 4.89256615, 0.72899713,\n        3.52803813],\n       [4.50967089, 2.72744602, 6.13632281, 4.91408367, 0.69323463,\n        3.7219829 ],\n       [4.53834488, 2.81670459, 6.13327799, 5.07553885, 0.69226691,\n        3.54022956]]), array([0.18798542, 0.18900416, 0.18933776, 0.18933931, 0.18956016,\n       0.19075259, 0.19090409]))", "callback": [0.5805996039994004, 0.452809263833737, 0.3660485667600111, 0.3592049748033539, 0.3001407817650885, 0.2690208024203624, 0.23492577548048943, 0.2031885509600948, 0.19139927090126563]}, "1": {"maxiter": 100, "fatol": 1e-05, "xatol": 1e-10, "duration": 0.03686404228210449, "fun": "0.18798542163406917", "nit": "100", "nfev": "146", "status": "2", "success": "False", "message": "Maximum number of iterations has been exceeded.", "x": "[4.53416752 2.78238358 6.10143374 4.8400872  0.70093896 3.59994628]", "final_simplex": "(array([[4.53416752, 2.78238358, 6.10143374, 4.8400872 , 0.70093896,\n        3.59994628],\n       [4.5816095 , 2.76942553, 6.10065699, 4.92648292, 0.69578972,\n        3.63674177],\n       [4.5132297 , 2.91485292, 6.20035061, 4.89374693, 0.67776059,\n        3.56966832],\n       [4.44756218, 2.86606639, 6.06796897, 4.83914468, 0.73264465,\n        3.61773429],\n       [4.43544739, 2.79014433, 6.11739012, 4.89256615, 0.72899713,\n        3.52803813],\n       [4.50967089, 2.72744602, 6.13632281, 4.91408367, 0.69323463,\n        3.7219829 ],\n       [4.53834488, 2.81670459, 6.13327799, 5.07553885, 0.69226691,\n        3.54022956]]), array([0.18798542, 0.18900416, 0.18933776, 0.18933931, 0.18956016,\n       0.19075259, 0.19090409]))", "callback": [0.5805996039994004, 0.452809263833737, 0.3660485667600111, 0.3592049748033539, 0.3001407817650885, 0.2690208024203624, 0.23492577548048943, 0.2031885509600948, 0.19139927090126563]}, "2": {"maxiter": 100, "fatol": 1e-10, "xatol": 1e-05, "duration": 0.03556084632873535, "fun": "0.18798542163406917", "nit": "100", "nfev": "146", "status": "2", "success": "False", "message": "Maximum number of iterations has been exceeded.", "x": "[4.53416752 2.78238358 6.10143374 4.8400872  0.70093896 3.59994628]", "final_simplex": "(array([[4.53416752, 2.78238358, 6.10143374, 4.8400872 , 0.70093896,\n        3.59994628],\n       [4.5816095 , 2.76942553, 6.10065699, 4.92648292, 0.69578972,\n        3.63674177],\n       [4.5132297 , 2.91485292, 6.20035061, 4.89374693, 0.67776059,\n        3.56966832],\n       [4.44756218, 2.86606639, 6.06796897, 4.83914468, 0.73264465,\n        3.61773429],\n       [4.43544739, 2.79014433, 6.11739012, 4.89256615, 0.72899713,\n        3.52803813],\n       [4.50967089, 2.72744602, 6.13632281, 4.91408367, 0.69323463,\n        3.7219829 ],\n       [4.53834488, 2.81670459, 6.13327799, 5.07553885, 0.69226691,\n        3.54022956]]), array([0.18798542, 0.18900416, 0.18933776, 0.18933931, 0.18956016,\n       0.19075259, 0.19090409]))", "callback": [0.5805996039994004, 0.452809263833737, 0.3660485667600111, 0.3592049748033539, 0.3001407817650885, 0.2690208024203624, 0.23492577548048943, 0.2031885509600948, 0.19139927090126563]}, "3": {"maxiter": 100, "fatol": 1e-10, "xatol": 1e-10, "duration": 0.03552389144897461, "fun": "0.18798542163406917", "nit": "100", "nfev": "146", "status": "2", "success": "False", "message": "Maximum number of iterations has been exceeded.", "x": "[4.53416752 2.78238358 6.10143374 4.8400872  0.70093896 3.59994628]", "final_simplex": "(array([[4.53416752, 2.78238358, 6.10143374, 4.8400872 , 0.70093896,\n        3.59994628],\n       [4.5816095 , 2.76942553, 6.10065699, 4.92648292, 0.69578972,\n        3.63674177],\n       [4.5132297 , 2.91485292, 6.20035061, 4.89374693, 0.67776059,\n        3.56966832],\n       [4.44756218, 2.86606639, 6.06796897, 4.83914468, 0.73264465,\n        3.61773429],\n       [4.43544739, 2.79014433, 6.11739012, 4.89256615, 0.72899713,\n        3.52803813],\n       [4.50967089, 2.72744602, 6.13632281, 4.91408367, 0.69323463,\n        3.7219829 ],\n       [4.53834488, 2.81670459, 6.13327799, 5.07553885, 0.69226691,\n        3.54022956]]), array([0.18798542, 0.18900416, 0.18933776, 0.18933931, 0.18956016,\n       0.19075259, 0.19090409]))", "callback": [0.5805996039994004, 0.452809263833737, 0.3660485667600111, 0.3592049748033539, 0.3001407817650885, 0.2690208024203624, 0.23492577548048943, 0.2031885509600948, 0.19139927090126563]}, "4": {"maxiter": 500, "fatol": 1e-05, "xatol": 1e-05, "duration": 0.1410658359527588, "fun": "0.08434603973167132", "nit": "362", "nfev": "557", "status": "0", "success": "True", "message": "Optimization terminated successfully.", "x": "[ 4.64138137  2.62478204  5.58886628  4.53264623 -0.13935716  3.63637734]", "final_simplex": "(array([[ 4.64138137,  2.62478204,  5.58886628,  4.53264623, -0.13935716,\n         3.63637734],\n       [ 4.64138075,  2.62478546,  5.5888615 ,  4.53264195, -0.13936225,\n         3.63637018],\n       [ 4.64137604,  2.62479005,  5.58887   ,  4.5326444 , -0.13935442,\n         3.63637226],\n       [ 4.64137342,  2.62478381,  5.58886391,  4.53264405, -0.13935194,\n         3.63636882],\n       [ 4.64138128,  2.62478598,  5.58886328,  4.53264944, -0.13936161,\n         3.63637462],\n       [ 4.64138038,  2.62478573,  5.58886921,  4.53264889, -0.13935056,\n         3.63637474],\n       [ 4.64137926,  2.62479031,  5.5888565 ,  4.53264222, -0.13935622,\n         3.63637392]]), array([0.08434604, 0.08434604, 0.08434604, 0.08434604, 0.08434604,\n       0.08434604, 0.08434604]))", "callback": [0.5805996039994004, 0.452809263833737, 0.3660485667600111, 0.3592049748033539, 0.3001407817650885, 0.2690208024203624, 0.23492577548048943, 0.2031885509600948, 0.19139927090126563, 0.18798542163406917, 0.18711086595211823, 0.18503207104860642, 0.1780607220439191, 0.16265876142077063, 0.14040796101137387, 0.11613053366006065, 0.10620647317773568, 0.09740925914967713, 0.09397078261320191, 0.08940744000732159, 0.08754822725289724, 0.0863016360980311, 0.08495652038967516, 0.08467219949448168, 0.08436722874111591, 0.08436722874111591, 0.08435194827591408, 0.08434700205366075, 0.08434612884879655, 0.08434606054366056, 0.08434604642709731, 0.08434604112123023, 0.08434604020726333, 0.08434603986685318, 0.08434603976527111, 0.08434603973293231]}, "5": {"maxiter": 500, "fatol": 1e-05, "xatol": 1e-10, "duration": 0.184006929397583, "fun": "0.0843460397279161", "nit": "464", "nfev": "780", "status": "0", "success": "True", "message": "Optimization terminated successfully.", "x": "[ 4.64137896  2.62478497  5.58886331  4.53264255 -0.13935778  3.63637424]", "final_simplex": "(array([[ 4.64137896,  2.62478497,  5.58886331,  4.53264255, -0.13935778,\n         3.63637424],\n       [ 4.64137896,  2.62478497,  5.58886331,  4.53264255, -0.13935778,\n         3.63637424],\n       [ 4.64137896,  2.62478497,  5.58886331,  4.53264255, -0.13935778,\n         3.63637424],\n       [ 4.64137896,  2.62478497,  5.58886331,  4.53264255, -0.13935778,\n         3.63637424],\n       [ 4.64137896,  2.62478497,  5.58886331,  4.53264255, -0.13935778,\n         3.63637424],\n       [ 4.64137896,  2.62478497,  5.58886331,  4.53264255, -0.13935778,\n         3.63637424],\n       [ 4.64137896,  2.62478497,  5.58886331,  4.53264255, -0.13935778,\n         3.63637424]]), array([0.08434604, 0.08434604, 0.08434604, 0.08434604, 0.08434604,\n       0.08434604, 0.08434604]))", "callback": [0.5805996039994004, 0.452809263833737, 0.3660485667600111, 0.3592049748033539, 0.3001407817650885, 0.2690208024203624, 0.23492577548048943, 0.2031885509600948, 0.19139927090126563, 0.18798542163406917, 0.18711086595211823, 0.18503207104860642, 0.1780607220439191, 0.16265876142077063, 0.14040796101137387, 0.11613053366006065, 0.10620647317773568, 0.09740925914967713, 0.09397078261320191, 0.08940744000732159, 0.08754822725289724, 0.0863016360980311, 0.08495652038967516, 0.08467219949448168, 0.08436722874111591, 0.08436722874111591, 0.08435194827591408, 0.08434700205366075, 0.08434612884879655, 0.08434606054366056, 0.08434604642709731, 0.08434604112123023, 0.08434604020726333, 0.08434603986685318, 0.08434603976527111, 0.08434603973293231, 0.08434603972998267, 0.08434603972863519, 0.08434603972800625, 0.08434603972792543, 0.08434603972791788, 0.08434603972791632, 0.0843460397279161, 0.0843460397279161, 0.0843460397279161, 0.0843460397279161]}, "6": {"maxiter": 500, "fatol": 1e-10, "xatol": 1e-05, "duration": 0.12901973724365234, "fun": "0.08434603973167132", "nit": "362", "nfev": "557", "status": "0", "success": "True", "message": "Optimization terminated successfully.", "x": "[ 4.64138137  2.62478204  5.58886628  4.53264623 -0.13935716  3.63637734]", "final_simplex": "(array([[ 4.64138137,  2.62478204,  5.58886628,  4.53264623, -0.13935716,\n         3.63637734],\n       [ 4.64138075,  2.62478546,  5.5888615 ,  4.53264195, -0.13936225,\n         3.63637018],\n       [ 4.64137604,  2.62479005,  5.58887   ,  4.5326444 , -0.13935442,\n         3.63637226],\n       [ 4.64137342,  2.62478381,  5.58886391,  4.53264405, -0.13935194,\n         3.63636882],\n       [ 4.64138128,  2.62478598,  5.58886328,  4.53264944, -0.13936161,\n         3.63637462],\n       [ 4.64138038,  2.62478573,  5.58886921,  4.53264889, -0.13935056,\n         3.63637474],\n       [ 4.64137926,  2.62479031,  5.5888565 ,  4.53264222, -0.13935622,\n         3.63637392]]), array([0.08434604, 0.08434604, 0.08434604, 0.08434604, 0.08434604,\n       0.08434604, 0.08434604]))", "callback": [0.5805996039994004, 0.452809263833737, 0.3660485667600111, 0.3592049748033539, 0.3001407817650885, 0.2690208024203624, 0.23492577548048943, 0.2031885509600948, 0.19139927090126563, 0.18798542163406917, 0.18711086595211823, 0.18503207104860642, 0.1780607220439191, 0.16265876142077063, 0.14040796101137387, 0.11613053366006065, 0.10620647317773568, 0.09740925914967713, 0.09397078261320191, 0.08940744000732159, 0.08754822725289724, 0.0863016360980311, 0.08495652038967516, 0.08467219949448168, 0.08436722874111591, 0.08436722874111591, 0.08435194827591408, 0.08434700205366075, 0.08434612884879655, 0.08434606054366056, 0.08434604642709731, 0.08434604112123023, 0.08434604020726333, 0.08434603986685318, 0.08434603976527111, 0.08434603973293231]}, "7": {"maxiter": 500, "fatol": 1e-10, "xatol": 1e-10, "duration": 0.2251269817352295, "fun": "0.0843460397279161", "nit": "464", "nfev": "780", "status": "0", "success": "True", "message": "Optimization terminated successfully.", "x": "[ 4.64137896  2.62478497  5.58886331  4.53264255 -0.13935778  3.63637424]", "final_simplex": "(array([[ 4.64137896,  2.62478497,  5.58886331,  4.53264255, -0.13935778,\n         3.63637424],\n       [ 4.64137896,  2.62478497,  5.58886331,  4.53264255, -0.13935778,\n         3.63637424],\n       [ 4.64137896,  2.62478497,  5.58886331,  4.53264255, -0.13935778,\n         3.63637424],\n       [ 4.64137896,  2.62478497,  5.58886331,  4.53264255, -0.13935778,\n         3.63637424],\n       [ 4.64137896,  2.62478497,  5.58886331,  4.53264255, -0.13935778,\n         3.63637424],\n       [ 4.64137896,  2.62478497,  5.58886331,  4.53264255, -0.13935778,\n         3.63637424],\n       [ 4.64137896,  2.62478497,  5.58886331,  4.53264255, -0.13935778,\n         3.63637424]]), array([0.08434604, 0.08434604, 0.08434604, 0.08434604, 0.08434604,\n       0.08434604, 0.08434604]))", "callback": [0.5805996039994004, 0.452809263833737, 0.3660485667600111, 0.3592049748033539, 0.3001407817650885, 0.2690208024203624, 0.23492577548048943, 0.2031885509600948, 0.19139927090126563, 0.18798542163406917, 0.18711086595211823, 0.18503207104860642, 0.1780607220439191, 0.16265876142077063, 0.14040796101137387, 0.11613053366006065, 0.10620647317773568, 0.09740925914967713, 0.09397078261320191, 0.08940744000732159, 0.08754822725289724, 0.0863016360980311, 0.08495652038967516, 0.08467219949448168, 0.08436722874111591, 0.08436722874111591, 0.08435194827591408, 0.08434700205366075, 0.08434612884879655, 0.08434606054366056, 0.08434604642709731, 0.08434604112123023, 0.08434604020726333, 0.08434603986685318, 0.08434603976527111, 0.08434603973293231, 0.08434603972998267, 0.08434603972863519, 0.08434603972800625, 0.08434603972792543, 0.08434603972791788, 0.08434603972791632, 0.0843460397279161, 0.0843460397279161, 0.0843460397279161, 0.0843460397279161]}, "8": {"maxiter": 1000, "fatol": 1e-05, "xatol": 1e-05, "duration": 0.1510789394378662, "fun": "0.08434603973167132", "nit": "362", "nfev": "557", "status": "0", "success": "True", "message": "Optimization terminated successfully.", "x": "[ 4.64138137  2.62478204  5.58886628  4.53264623 -0.13935716  3.63637734]", "final_simplex": "(array([[ 4.64138137,  2.62478204,  5.58886628,  4.53264623, -0.13935716,\n         3.63637734],\n       [ 4.64138075,  2.62478546,  5.5888615 ,  4.53264195, -0.13936225,\n         3.63637018],\n       [ 4.64137604,  2.62479005,  5.58887   ,  4.5326444 , -0.13935442,\n         3.63637226],\n       [ 4.64137342,  2.62478381,  5.58886391,  4.53264405, -0.13935194,\n         3.63636882],\n       [ 4.64138128,  2.62478598,  5.58886328,  4.53264944, -0.13936161,\n         3.63637462],\n       [ 4.64138038,  2.62478573,  5.58886921,  4.53264889, -0.13935056,\n         3.63637474],\n       [ 4.64137926,  2.62479031,  5.5888565 ,  4.53264222, -0.13935622,\n         3.63637392]]), array([0.08434604, 0.08434604, 0.08434604, 0.08434604, 0.08434604,\n       0.08434604, 0.08434604]))", "callback": [0.5805996039994004, 0.452809263833737, 0.3660485667600111, 0.3592049748033539, 0.3001407817650885, 0.2690208024203624, 0.23492577548048943, 0.2031885509600948, 0.19139927090126563, 0.18798542163406917, 0.18711086595211823, 0.18503207104860642, 0.1780607220439191, 0.16265876142077063, 0.14040796101137387, 0.11613053366006065, 0.10620647317773568, 0.09740925914967713, 0.09397078261320191, 0.08940744000732159, 0.08754822725289724, 0.0863016360980311, 0.08495652038967516, 0.08467219949448168, 0.08436722874111591, 0.08436722874111591, 0.08435194827591408, 0.08434700205366075, 0.08434612884879655, 0.08434606054366056, 0.08434604642709731, 0.08434604112123023, 0.08434604020726333, 0.08434603986685318, 0.08434603976527111, 0.08434603973293231]}, "9": {"maxiter": 1000, "fatol": 1e-05, "xatol": 1e-10, "duration": 0.22018814086914062, "fun": "0.0843460397279161", "nit": "464", "nfev": "780", "status": "0", "success": "True", "message": "Optimization terminated successfully.", "x": "[ 4.64137896  2.62478497  5.58886331  4.53264255 -0.13935778  3.63637424]", "final_simplex": "(array([[ 4.64137896,  2.62478497,  5.58886331,  4.53264255, -0.13935778,\n         3.63637424],\n       [ 4.64137896,  2.62478497,  5.58886331,  4.53264255, -0.13935778,\n         3.63637424],\n       [ 4.64137896,  2.62478497,  5.58886331,  4.53264255, -0.13935778,\n         3.63637424],\n       [ 4.64137896,  2.62478497,  5.58886331,  4.53264255, -0.13935778,\n         3.63637424],\n       [ 4.64137896,  2.62478497,  5.58886331,  4.53264255, -0.13935778,\n         3.63637424],\n       [ 4.64137896,  2.62478497,  5.58886331,  4.53264255, -0.13935778,\n         3.63637424],\n       [ 4.64137896,  2.62478497,  5.58886331,  4.53264255, -0.13935778,\n         3.63637424]]), array([0.08434604, 0.08434604, 0.08434604, 0.08434604, 0.08434604,\n       0.08434604, 0.08434604]))", "callback": [0.5805996039994004, 0.452809263833737, 0.3660485667600111, 0.3592049748033539, 0.3001407817650885, 0.2690208024203624, 0.23492577548048943, 0.2031885509600948, 0.19139927090126563, 0.18798542163406917, 0.18711086595211823, 0.18503207104860642, 0.1780607220439191, 0.16265876142077063, 0.14040796101137387, 0.11613053366006065, 0.10620647317773568, 0.09740925914967713, 0.09397078261320191, 0.08940744000732159, 0.08754822725289724, 0.0863016360980311, 0.08495652038967516, 0.08467219949448168, 0.08436722874111591, 0.08436722874111591, 0.08435194827591408, 0.08434700205366075, 0.08434612884879655, 0.08434606054366056, 0.08434604642709731, 0.08434604112123023, 0.08434604020726333, 0.08434603986685318, 0.08434603976527111, 0.08434603973293231, 0.08434603972998267, 0.08434603972863519, 0.08434603972800625, 0.08434603972792543, 0.08434603972791788, 0.08434603972791632, 0.0843460397279161, 0.0843460397279161, 0.0843460397279161, 0.0843460397279161]}, "10": {"maxiter": 1000, "fatol": 1e-10, "xatol": 1e-05, "duration": 0.13475489616394043, "fun": "0.08434603973167132", "nit": "362", "nfev": "557", "status": "0", "success": "True", "message": "Optimization terminated successfully.", "x": "[ 4.64138137  2.62478204  5.58886628  4.53264623 -0.13935716  3.63637734]", "final_simplex": "(array([[ 4.64138137,  2.62478204,  5.58886628,  4.53264623, -0.13935716,\n         3.63637734],\n       [ 4.64138075,  2.62478546,  5.5888615 ,  4.53264195, -0.13936225,\n         3.63637018],\n       [ 4.64137604,  2.62479005,  5.58887   ,  4.5326444 , -0.13935442,\n         3.63637226],\n       [ 4.64137342,  2.62478381,  5.58886391,  4.53264405, -0.13935194,\n         3.63636882],\n       [ 4.64138128,  2.62478598,  5.58886328,  4.53264944, -0.13936161,\n         3.63637462],\n       [ 4.64138038,  2.62478573,  5.58886921,  4.53264889, -0.13935056,\n         3.63637474],\n       [ 4.64137926,  2.62479031,  5.5888565 ,  4.53264222, -0.13935622,\n         3.63637392]]), array([0.08434604, 0.08434604, 0.08434604, 0.08434604, 0.08434604,\n       0.08434604, 0.08434604]))", "callback": [0.5805996039994004, 0.452809263833737, 0.3660485667600111, 0.3592049748033539, 0.3001407817650885, 0.2690208024203624, 0.23492577548048943, 0.2031885509600948, 0.19139927090126563, 0.18798542163406917, 0.18711086595211823, 0.18503207104860642, 0.1780607220439191, 0.16265876142077063, 0.14040796101137387, 0.11613053366006065, 0.10620647317773568, 0.09740925914967713, 0.09397078261320191, 0.08940744000732159, 0.08754822725289724, 0.0863016360980311, 0.08495652038967516, 0.08467219949448168, 0.08436722874111591, 0.08436722874111591, 0.08435194827591408, 0.08434700205366075, 0.08434612884879655, 0.08434606054366056, 0.08434604642709731, 0.08434604112123023, 0.08434604020726333, 0.08434603986685318, 0.08434603976527111, 0.08434603973293231]}, "11": {"maxiter": 1000, "fatol": 1e-10, "xatol": 1e-10, "duration": 0.18791604042053223, "fun": "0.0843460397279161", "nit": "464", "nfev": "780", "status": "0", "success": "True", "message": "Optimization terminated successfully.", "x": "[ 4.64137896  2.62478497  5.58886331  4.53264255 -0.13935778  3.63637424]", "final_simplex": "(array([[ 4.64137896,  2.62478497,  5.58886331,  4.53264255, -0.13935778,\n         3.63637424],\n       [ 4.64137896,  2.62478497,  5.58886331,  4.53264255, -0.13935778,\n         3.63637424],\n       [ 4.64137896,  2.62478497,  5.58886331,  4.53264255, -0.13935778,\n         3.63637424],\n       [ 4.64137896,  2.62478497,  5.58886331,  4.53264255, -0.13935778,\n         3.63637424],\n       [ 4.64137896,  2.62478497,  5.58886331,  4.53264255, -0.13935778,\n         3.63637424],\n       [ 4.64137896,  2.62478497,  5.58886331,  4.53264255, -0.13935778,\n         3.63637424],\n       [ 4.64137896,  2.62478497,  5.58886331,  4.53264255, -0.13935778,\n         3.63637424]]), array([0.08434604, 0.08434604, 0.08434604, 0.08434604, 0.08434604,\n       0.08434604, 0.08434604]))", "callback": [0.5805996039994004, 0.452809263833737, 0.3660485667600111, 0.3592049748033539, 0.3001407817650885, 0.2690208024203624, 0.23492577548048943, 0.2031885509600948, 0.19139927090126563, 0.18798542163406917, 0.18711086595211823, 0.18503207104860642, 0.1780607220439191, 0.16265876142077063, 0.14040796101137387, 0.11613053366006065, 0.10620647317773568, 0.09740925914967713, 0.09397078261320191, 0.08940744000732159, 0.08754822725289724, 0.0863016360980311, 0.08495652038967516, 0.08467219949448168, 0.08436722874111591, 0.08436722874111591, 0.08435194827591408, 0.08434700205366075, 0.08434612884879655, 0.08434606054366056, 0.08434604642709731, 0.08434604112123023, 0.08434604020726333, 0.08434603986685318, 0.08434603976527111, 0.08434603973293231, 0.08434603972998267, 0.08434603972863519, 0.08434603972800625, 0.08434603972792543, 0.08434603972791788, 0.08434603972791632, 0.0843460397279161, 0.0843460397279161, 0.0843460397279161, 0.0843460397279161]}}, "bfgs": {"type": "gradient", "0": {"maxiter": 100, "gtol": 1e-05, "xrtol": 1e-05, "eps": 1e-05, "duration": 0.10930800437927246, "fun": "0.08434603983837607", "jac": "[-4.92975660e-06  7.04891701e-07 -4.22892832e-06  7.87465648e-06\n -1.82186488e-06  4.97949459e-06]", "hess_inv": "[[ 4.08018363 -1.4886729  -0.22527723  0.91120359 -0.42388911  2.04964679]\n [-1.4886729   4.10325648  0.56759021 -0.23151174  0.22841604 -0.86022411]\n [-0.22527723  0.56759021  3.4775425   1.52939576  0.89451664  0.55831149]\n [ 0.91120359 -0.23151174  1.52939576  3.33277601  0.72088469  0.45151952]\n [-0.42388911  0.22841604  0.89451664  0.72088469  3.47503709  1.06672107]\n [ 2.04964679 -0.86022411  0.55831149  0.45151952  1.06672107  4.2870314 ]]", "nfev": "455", "njev": "65", "status": "0", "success": "True", "message": "Optimization terminated successfully.", "x": "[ 4.64136556  8.90796921  5.58885104  4.53264921 -0.13936372  3.63637149]", "nit": "56", "callback": [0.4994730121430876, 0.48279608725796064, 0.36740930358613033, 0.3233342349935233, 0.08442234862281484]}, "1": {"maxiter": 100, "gtol": 1e-05, "xrtol": 1e-05, "eps": 1e-10, "duration": 0.10169720649719238, "fun": "0.08434603974542942", "jac": "[ 1.11022293e-06 -2.22044587e-06 -1.11022293e-06  1.11022293e-06\n -3.33066880e-06  0.00000000e+00]", "hess_inv": "[[ 3.98883571 -0.98086971 -0.15190863  1.18183717 -0.44786372  2.02345226]\n [-0.98086971  4.33782912  0.61312458 -0.49230427 -0.11470707 -0.52600759]\n [-0.15190863  0.61312458  3.22637453  1.35372245  0.73935846  0.54185063]\n [ 1.18183717 -0.49230427  1.35372245  3.71857191  0.78450699  0.90541247]\n [-0.44786372 -0.11470707  0.73935846  0.78450699  3.60918399  1.12346967]\n [ 2.02345226 -0.52600759  0.54185063  0.90541247  1.12346967  4.40235885]]", "nfev": "420", "njev": "60", "status": "0", "success": "True", "message": "Optimization terminated successfully.", "x": "[ 4.6413853   8.90796641  5.58885463  4.53264315 -0.13936306  3.63637503]", "nit": "55", "callback": [0.4994728285507858, 0.4827409025337156, 0.36687484699505846, 0.3186316510751068, 0.0843567196391537]}, "2": {"maxiter": 100, "gtol": 1e-05, "xrtol": 1e-10, "eps": 1e-05, "duration": 0.11472892761230469, "fun": "0.08434603983837607", "jac": "[-4.92975660e-06  7.04891701e-07 -4.22892832e-06  7.87465648e-06\n -1.82186488e-06  4.97949459e-06]", "hess_inv": "[[ 4.08018363 -1.4886729  -0.22527723  0.91120359 -0.42388911  2.04964679]\n [-1.4886729   4.10325648  0.56759021 -0.23151174  0.22841604 -0.86022411]\n [-0.22527723  0.56759021  3.4775425   1.52939576  0.89451664  0.55831149]\n [ 0.91120359 -0.23151174  1.52939576  3.33277601  0.72088469  0.45151952]\n [-0.42388911  0.22841604  0.89451664  0.72088469  3.47503709  1.06672107]\n [ 2.04964679 -0.86022411  0.55831149  0.45151952  1.06672107  4.2870314 ]]", "nfev": "455", "njev": "65", "status": "0", "success": "True", "message": "Optimization terminated successfully.", "x": "[ 4.64136556  8.90796921  5.58885104  4.53264921 -0.13936372  3.63637149]", "nit": "56", "callback": [0.4994730121430876, 0.48279608725796064, 0.36740930358613033, 0.3233342349935233, 0.08442234862281484]}, "3": {"maxiter": 100, "gtol": 1e-05, "xrtol": 1e-10, "eps": 1e-10, "duration": 0.10387802124023438, "fun": "0.08434603974542942", "jac": "[ 1.11022293e-06 -2.22044587e-06 -1.11022293e-06  1.11022293e-06\n -3.33066880e-06  0.00000000e+00]", "hess_inv": "[[ 3.98883571 -0.98086971 -0.15190863  1.18183717 -0.44786372  2.02345226]\n [-0.98086971  4.33782912  0.61312458 -0.49230427 -0.11470707 -0.52600759]\n [-0.15190863  0.61312458  3.22637453  1.35372245  0.73935846  0.54185063]\n [ 1.18183717 -0.49230427  1.35372245  3.71857191  0.78450699  0.90541247]\n [-0.44786372 -0.11470707  0.73935846  0.78450699  3.60918399  1.12346967]\n [ 2.02345226 -0.52600759  0.54185063  0.90541247  1.12346967  4.40235885]]", "nfev": "420", "njev": "60", "status": "0", "success": "True", "message": "Optimization terminated successfully.", "x": "[ 4.6413853   8.90796641  5.58885463  4.53264315 -0.13936306  3.63637503]", "nit": "55", "callback": [0.4994728285507858, 0.4827409025337156, 0.36687484699505846, 0.3186316510751068, 0.0843567196391537]}, "4": {"maxiter": 100, "gtol": 1e-10, "xrtol": 1e-05, "eps": 1e-05, "duration": 0.11046123504638672, "fun": "0.0843460397759146", "jac": "[-1.24422694e-07 -6.82676138e-08 -2.10265139e-07  6.78412881e-07\n  3.20887761e-07  1.98885353e-07]", "hess_inv": "[[ 4.04379743 -1.4738694  -0.25727361  0.74268891 -0.50534564  1.94068207]\n [-1.4738694   4.09750902  0.58166334 -0.14800892  0.26607154 -0.80651864]\n [-0.25727361  0.58166334  3.45345454  1.43852059  0.84020409  0.49844164]\n [ 0.74268891 -0.14800892  1.43852059  3.36363965  0.58878183  0.45578696]\n [-0.50534564  0.26607154  0.84020409  0.58878183  3.36675684  0.97656012]\n [ 1.94068207 -0.80651864  0.49844164  0.45578696  0.97656012  4.27994907]]", "nfev": "462", "njev": "66", "status": "0", "success": "True", "message": "Optimization terminated successfully.", "x": "[ 4.64136901  8.90796718  5.58885168  4.53263137 -0.13936621  3.63636061]", "nit": "57", "callback": [0.4994730121430876, 0.48279608725796064, 0.36740930358613033, 0.3233342349935233, 0.08442234862281484]}, "5": {"maxiter": 100, "gtol": 1e-10, "xrtol": 1e-05, "eps": 1e-10, "duration": 0.10706496238708496, "fun": "0.08434603973744026", "jac": "[ 0.00000000e+00  0.00000000e+00 -3.33066880e-06  0.00000000e+00\n  1.11022293e-06 -2.22044587e-06]", "hess_inv": "[[ 3.65888008 -0.75126389 -0.02256093  0.96071913 -0.35153452  1.88775007]\n [-0.75126389  4.29715722  0.57941964 -0.24118183  0.04713374 -0.33767903]\n [-0.02256093  0.57941964  3.20228497  1.48637887  0.80979163  0.63943639]\n [ 0.96071913 -0.24118183  1.48637887  3.6498024   1.03594655  0.8911439 ]\n [-0.35153452  0.04713374  0.80979163  1.03594655  4.02087126  1.34352407]\n [ 1.88775007 -0.33767903  0.63943639  0.8911439   1.34352407  4.42057409]]", "nfev": "434", "njev": "62", "status": "0", "success": "True", "message": "Optimization terminated successfully.", "x": "[ 4.64138247  8.90797047  5.58885673  4.53264295 -0.13935823  3.63637551]", "nit": "56", "callback": [0.4994728285507858, 0.4827409025337156, 0.36687484699505846, 0.3186316510751068, 0.0843567196391537]}, "6": {"maxiter": 100, "gtol": 1e-10, "xrtol": 1e-10, "eps": 1e-05, "duration": 0.15999698638916016, "fun": "0.0843460397759146", "jac": "[-1.24422694e-07 -6.82676138e-08 -2.10265139e-07  6.78412881e-07\n  3.20887761e-07  1.98885353e-07]", "hess_inv": "[[ 4.02624064 -1.46053602 -0.2700835   0.76042667 -0.5247048   1.95406025]\n [-1.46053602  4.08790343  0.58975271 -0.17403743  0.27526042 -0.82389743]\n [-0.2700835   0.58975271  3.44927063  1.49101632  0.84344476  0.53094036]\n [ 0.76042667 -0.17403743  1.49101632  3.6487689   0.74139098  0.61648023]\n [-0.5247048   0.27526042  0.84344476  0.74139098  3.4038245   1.06779624]\n [ 1.95406025 -0.82389743  0.53094036  0.61648023  1.06779624  4.36989986]]", "nfev": "677", "njev": "95", "status": "2", "success": "False", "message": "Desired error not necessarily achieved due to precision loss.", "x": "[ 4.64136901  8.90796718  5.58885168  4.53263137 -0.13936621  3.63636061]", "nit": "57", "callback": [0.4994730121430876, 0.48279608725796064, 0.36740930358613033, 0.3233342349935233, 0.08442234862281484]}, "7": {"maxiter": 100, "gtol": 1e-10, "xrtol": 1e-10, "eps": 1e-10, "duration": 0.13715195655822754, "fun": "0.08434603973540855", "jac": "[-1.11022293e-06  0.00000000e+00 -1.11022293e-06  0.00000000e+00\n  0.00000000e+00  0.00000000e+00]", "hess_inv": "[[ 4.80386294  0.44974814  4.46195968  4.61826783  6.2600779   2.65934491]\n [ 0.44974814  3.47998425  1.49002618  0.94736367  0.49499953 -0.07638432]\n [ 4.46195968  1.49002618  9.05015029  8.11847973 10.74672578  4.30042854]\n [ 4.61826783  0.94736367  8.11847973 10.02844488 10.68417709  4.09635477]\n [ 6.2600779   0.49499953 10.74672578 10.68417709 15.90990522  7.03208403]\n [ 2.65934491 -0.07638432  4.30042854  4.09635477  7.03208403  3.288442  ]]", "nfev": "532", "njev": "76", "status": "0", "success": "True", "message": "Optimization terminated successfully.", "x": "[ 4.64138224  8.90797271  5.58886056  4.53264432 -0.13935557  3.63637836]", "nit": "59", "callback": [0.4994728285507858, 0.4827409025337156, 0.36687484699505846, 0.3186316510751068, 0.0843567196391537]}, "8": {"maxiter": 500, "gtol": 1e-05, "xrtol": 1e-05, "eps": 1e-05, "duration": 0.12883496284484863, "fun": "0.08434603983837607", "jac": "[-4.92975660e-06  7.04891701e-07 -4.22892832e-06  7.87465648e-06\n -1.82186488e-06  4.97949459e-06]", "hess_inv": "[[ 4.08018363 -1.4886729  -0.22527723  0.91120359 -0.42388911  2.04964679]\n [-1.4886729   4.10325648  0.56759021 -0.23151174  0.22841604 -0.86022411]\n [-0.22527723  0.56759021  3.4775425   1.52939576  0.89451664  0.55831149]\n [ 0.91120359 -0.23151174  1.52939576  3.33277601  0.72088469  0.45151952]\n [-0.42388911  0.22841604  0.89451664  0.72088469  3.47503709  1.06672107]\n [ 2.04964679 -0.86022411  0.55831149  0.45151952  1.06672107  4.2870314 ]]", "nfev": "455", "njev": "65", "status": "0", "success": "True", "message": "Optimization terminated successfully.", "x": "[ 4.64136556  8.90796921  5.58885104  4.53264921 -0.13936372  3.63637149]", "nit": "56", "callback": [0.4994730121430876, 0.48279608725796064, 0.36740930358613033, 0.3233342349935233, 0.08442234862281484]}, "9": {"maxiter": 500, "gtol": 1e-05, "xrtol": 1e-05, "eps": 1e-10, "duration": 0.15315508842468262, "fun": "0.08434603974542942", "jac": "[ 1.11022293e-06 -2.22044587e-06 -1.11022293e-06  1.11022293e-06\n -3.33066880e-06  0.00000000e+00]", "hess_inv": "[[ 3.98883571 -0.98086971 -0.15190863  1.18183717 -0.44786372  2.02345226]\n [-0.98086971  4.33782912  0.61312458 -0.49230427 -0.11470707 -0.52600759]\n [-0.15190863  0.61312458  3.22637453  1.35372245  0.73935846  0.54185063]\n [ 1.18183717 -0.49230427  1.35372245  3.71857191  0.78450699  0.90541247]\n [-0.44786372 -0.11470707  0.73935846  0.78450699  3.60918399  1.12346967]\n [ 2.02345226 -0.52600759  0.54185063  0.90541247  1.12346967  4.40235885]]", "nfev": "420", "njev": "60", "status": "0", "success": "True", "message": "Optimization terminated successfully.", "x": "[ 4.6413853   8.90796641  5.58885463  4.53264315 -0.13936306  3.63637503]", "nit": "55", "callback": [0.4994728285507858, 0.4827409025337156, 0.36687484699505846, 0.3186316510751068, 0.0843567196391537]}, "10": {"maxiter": 500, "gtol": 1e-05, "xrtol": 1e-10, "eps": 1e-05, "duration": 0.13082385063171387, "fun": "0.08434603983837607", "jac": "[-4.92975660e-06  7.04891701e-07 -4.22892832e-06  7.87465648e-06\n -1.82186488e-06  4.97949459e-06]", "hess_inv": "[[ 4.08018363 -1.4886729  -0.22527723  0.91120359 -0.42388911  2.04964679]\n [-1.4886729   4.10325648  0.56759021 -0.23151174  0.22841604 -0.86022411]\n [-0.22527723  0.56759021  3.4775425   1.52939576  0.89451664  0.55831149]\n [ 0.91120359 -0.23151174  1.52939576  3.33277601  0.72088469  0.45151952]\n [-0.42388911  0.22841604  0.89451664  0.72088469  3.47503709  1.06672107]\n [ 2.04964679 -0.86022411  0.55831149  0.45151952  1.06672107  4.2870314 ]]", "nfev": "455", "njev": "65", "status": "0", "success": "True", "message": "Optimization terminated successfully.", "x": "[ 4.64136556  8.90796921  5.58885104  4.53264921 -0.13936372  3.63637149]", "nit": "56", "callback": [0.4994730121430876, 0.48279608725796064, 0.36740930358613033, 0.3233342349935233, 0.08442234862281484]}, "11": {"maxiter": 500, "gtol": 1e-05, "xrtol": 1e-10, "eps": 1e-10, "duration": 0.12706923484802246, "fun": "0.08434603974542942", "jac": "[ 1.11022293e-06 -2.22044587e-06 -1.11022293e-06  1.11022293e-06\n -3.33066880e-06  0.00000000e+00]", "hess_inv": "[[ 3.98883571 -0.98086971 -0.15190863  1.18183717 -0.44786372  2.02345226]\n [-0.98086971  4.33782912  0.61312458 -0.49230427 -0.11470707 -0.52600759]\n [-0.15190863  0.61312458  3.22637453  1.35372245  0.73935846  0.54185063]\n [ 1.18183717 -0.49230427  1.35372245  3.71857191  0.78450699  0.90541247]\n [-0.44786372 -0.11470707  0.73935846  0.78450699  3.60918399  1.12346967]\n [ 2.02345226 -0.52600759  0.54185063  0.90541247  1.12346967  4.40235885]]", "nfev": "420", "njev": "60", "status": "0", "success": "True", "message": "Optimization terminated successfully.", "x": "[ 4.6413853   8.90796641  5.58885463  4.53264315 -0.13936306  3.63637503]", "nit": "55", "callback": [0.4994728285507858, 0.4827409025337156, 0.36687484699505846, 0.3186316510751068, 0.0843567196391537]}, "12": {"maxiter": 500, "gtol": 1e-10, "xrtol": 1e-05, "eps": 1e-05, "duration": 0.13259267807006836, "fun": "0.0843460397759146", "jac": "[-1.24422694e-07 -6.82676138e-08 -2.10265139e-07  6.78412881e-07\n  3.20887761e-07  1.98885353e-07]", "hess_inv": "[[ 4.04379743 -1.4738694  -0.25727361  0.74268891 -0.50534564  1.94068207]\n [-1.4738694   4.09750902  0.58166334 -0.14800892  0.26607154 -0.80651864]\n [-0.25727361  0.58166334  3.45345454  1.43852059  0.84020409  0.49844164]\n [ 0.74268891 -0.14800892  1.43852059  3.36363965  0.58878183  0.45578696]\n [-0.50534564  0.26607154  0.84020409  0.58878183  3.36675684  0.97656012]\n [ 1.94068207 -0.80651864  0.49844164  0.45578696  0.97656012  4.27994907]]", "nfev": "462", "njev": "66", "status": "0", "success": "True", "message": "Optimization terminated successfully.", "x": "[ 4.64136901  8.90796718  5.58885168  4.53263137 -0.13936621  3.63636061]", "nit": "57", "callback": [0.4994730121430876, 0.48279608725796064, 0.36740930358613033, 0.3233342349935233, 0.08442234862281484]}, "13": {"maxiter": 500, "gtol": 1e-10, "xrtol": 1e-05, "eps": 1e-10, "duration": 0.21094608306884766, "fun": "0.08434603973744026", "jac": "[ 0.00000000e+00  0.00000000e+00 -3.33066880e-06  0.00000000e+00\n  1.11022293e-06 -2.22044587e-06]", "hess_inv": "[[ 3.65888008 -0.75126389 -0.02256093  0.96071913 -0.35153452  1.88775007]\n [-0.75126389  4.29715722  0.57941964 -0.24118183  0.04713374 -0.33767903]\n [-0.02256093  0.57941964  3.20228497  1.48637887  0.80979163  0.63943639]\n [ 0.96071913 -0.24118183  1.48637887  3.6498024   1.03594655  0.8911439 ]\n [-0.35153452  0.04713374  0.80979163  1.03594655  4.02087126  1.34352407]\n [ 1.88775007 -0.33767903  0.63943639  0.8911439   1.34352407  4.42057409]]", "nfev": "434", "njev": "62", "status": "0", "success": "True", "message": "Optimization terminated successfully.", "x": "[ 4.64138247  8.90797047  5.58885673  4.53264295 -0.13935823  3.63637551]", "nit": "56", "callback": [0.4994728285507858, 0.4827409025337156, 0.36687484699505846, 0.3186316510751068, 0.0843567196391537]}, "14": {"maxiter": 500, "gtol": 1e-10, "xrtol": 1e-10, "eps": 1e-05, "duration": 0.30672287940979004, "fun": "0.0843460397759146", "jac": "[-1.24422694e-07 -6.82676138e-08 -2.10265139e-07  6.78412881e-07\n  3.20887761e-07  1.98885353e-07]", "hess_inv": "[[ 4.02624064 -1.46053602 -0.2700835   0.76042667 -0.5247048   1.95406025]\n [-1.46053602  4.08790343  0.58975271 -0.17403743  0.27526042 -0.82389743]\n [-0.2700835   0.58975271  3.44927063  1.49101632  0.84344476  0.53094036]\n [ 0.76042667 -0.17403743  1.49101632  3.6487689   0.74139098  0.61648023]\n [-0.5247048   0.27526042  0.84344476  0.74139098  3.4038245   1.06779624]\n [ 1.95406025 -0.82389743  0.53094036  0.61648023  1.06779624  4.36989986]]", "nfev": "677", "njev": "95", "status": "2", "success": "False", "message": "Desired error not necessarily achieved due to precision loss.", "x": "[ 4.64136901  8.90796718  5.58885168  4.53263137 -0.13936621  3.63636061]", "nit": "57", "callback": [0.4994730121430876, 0.48279608725796064, 0.36740930358613033, 0.3233342349935233, 0.08442234862281484]}, "15": {"maxiter": 500, "gtol": 1e-10, "xrtol": 1e-10, "eps": 1e-10, "duration": 0.2739388942718506, "fun": "0.08434603973540855", "jac": "[-1.11022293e-06  0.00000000e+00 -1.11022293e-06  0.00000000e+00\n  0.00000000e+00  0.00000000e+00]", "hess_inv": "[[ 4.80386294  0.44974814  4.46195968  4.61826783  6.2600779   2.65934491]\n [ 0.44974814  3.47998425  1.49002618  0.94736367  0.49499953 -0.07638432]\n [ 4.46195968  1.49002618  9.05015029  8.11847973 10.74672578  4.30042854]\n [ 4.61826783  0.94736367  8.11847973 10.02844488 10.68417709  4.09635477]\n [ 6.2600779   0.49499953 10.74672578 10.68417709 15.90990522  7.03208403]\n [ 2.65934491 -0.07638432  4.30042854  4.09635477  7.03208403  3.288442  ]]", "nfev": "532", "njev": "76", "status": "0", "success": "True", "message": "Optimization terminated successfully.", "x": "[ 4.64138224  8.90797271  5.58886056  4.53264432 -0.13935557  3.63637836]", "nit": "59", "callback": [0.4994728285507858, 0.4827409025337156, 0.36687484699505846, 0.3186316510751068, 0.0843567196391537]}, "16": {"maxiter": 1000, "gtol": 1e-05, "xrtol": 1e-05, "eps": 1e-05, "duration": 0.16010189056396484, "fun": "0.08434603983837607", "jac": "[-4.92975660e-06  7.04891701e-07 -4.22892832e-06  7.87465648e-06\n -1.82186488e-06  4.97949459e-06]", "hess_inv": "[[ 4.08018363 -1.4886729  -0.22527723  0.91120359 -0.42388911  2.04964679]\n [-1.4886729   4.10325648  0.56759021 -0.23151174  0.22841604 -0.86022411]\n [-0.22527723  0.56759021  3.4775425   1.52939576  0.89451664  0.55831149]\n [ 0.91120359 -0.23151174  1.52939576  3.33277601  0.72088469  0.45151952]\n [-0.42388911  0.22841604  0.89451664  0.72088469  3.47503709  1.06672107]\n [ 2.04964679 -0.86022411  0.55831149  0.45151952  1.06672107  4.2870314 ]]", "nfev": "455", "njev": "65", "status": "0", "success": "True", "message": "Optimization terminated successfully.", "x": "[ 4.64136556  8.90796921  5.58885104  4.53264921 -0.13936372  3.63637149]", "nit": "