{"date": "2024/09/12/, 01:41:48", "conf_id": 23, "data_type": "random\n", "num_data_points": 2, "s_rank": 0, "unitary": "[[-0.53618537-0.34368723j,-0.12107031-0.46226139j,-0.07699282-0.46603512j,0.36022595-0.11472301j],[0.26026499-0.63450712j,-0.56616638+0.37832564j,-0.14988651+0.08458591j,0.10363514-0.16008501j],[-0.32580188-0.11070003j,-0.36476308-0.23593218j,0.02559343+0.41761608j,-0.25598305+0.6725303j],[0.07406738-0.0126433j,0.28513701+0.19483972j,-0.74939717-0.10299659j,0.29798249+0.46269921j]]", "databatch_0": {"databatch": "[[[-0.28604775+0.05366445j,0.08347066-0.12062127j,-0.17962117+0.18971649j,0.28679751+0.04425749j],[-0.21966528+0.38703982j,-0.05848338-0.21654165j,0.04427476+0.39703389j,0.33476697-0.29126304j],[0.16507617-0.02211605j,-0.0513085+0.06643749j,0.10832281-0.10304958j,-0.16257696-0.03386719j],[0.1186124-0.053574j,-0.02350962+0.06123944j,0.05797882-0.10143185j,-0.12929584+0.01110588j]],[[-0.08743311-0.10669002j,-0.35090993-0.00787388j,-0.08023911-0.01943367j,-0.07050058+0.05487746j],[0.15501397+0.04392438j,0.34163819-0.2266341j,0.08988668-0.03491891j,0.03095928-0.09965475j],[0.25452536+0.00653973j,0.43428543-0.48076713j,0.12393958-0.08866222j,0.00837057-0.16469398j],[-0.07487098-0.07586981j,-0.27057167+0.01892079j,-0.06312417-0.00924163j,-0.05034094+0.04724457j]]]", "initial param values": "[5.5269234,5.63150382,1.92843851,4.82319299,4.34244572,4.69991202]", "nelder_mead": {"type": "gradient-free", "0": {"maxiter": 100, "fatol": 1e-05, "xatol": 1e-05, "duration": 0.052384138107299805, "fun": "0.17270188462495706", "nit": "100", "nfev": "157", "status": "2", "success": "False", "message": "Maximum number of iterations has been exceeded.", "x": "[4.30656275 6.58867308 2.19781436 5.33787013 3.73419108 5.15296305]", "final_simplex": "(array([[4.30656275, 6.58867308, 2.19781436, 5.33787013, 3.73419108,\n        5.15296305],\n       [4.28856684, 6.58734312, 2.20359581, 5.3401559 , 3.73904215,\n        5.15510862],\n       [4.29947113, 6.59610928, 2.17288261, 5.34822853, 3.75421651,\n        5.15205232],\n       [4.31611783, 6.57835322, 2.18993068, 5.33348021, 3.74671511,\n        5.16435827],\n       [4.29586687, 6.58082565, 2.16616446, 5.34758799, 3.73455504,\n        5.14701545],\n       [4.3189458 , 6.61229474, 2.2016647 , 5.31578018, 3.74011352,\n        5.16683813],\n       [4.28769399, 6.6282977 , 2.21597144, 5.31980341, 3.72542791,\n        5.1821307 ]]), array([0.17270188, 0.17270711, 0.17271959, 0.17274816, 0.17277372,\n       0.17278562, 0.17284196]))", "callback": [0.1845443020714479, 0.1845443020714479, 0.1787422568861451, 0.1774637293021707, 0.17678030370445008, 0.17625176755361505, 0.1746335456394249, 0.17342110668690724, 0.17274816256819303]}, "1": {"maxiter": 100, "fatol": 1e-05, "xatol": 1e-10, "duration": 0.07057785987854004, "fun": "0.17270188462495706", "nit": "100", "nfev": "157", "status": "2", "success": "False", "message": "Maximum number of iterations has been exceeded.", "x": "[4.30656275 6.58867308 2.19781436 5.33787013 3.73419108 5.15296305]", "final_simplex": "(array([[4.30656275, 6.58867308, 2.19781436, 5.33787013, 3.73419108,\n        5.15296305],\n       [4.28856684, 6.58734312, 2.20359581, 5.3401559 , 3.73904215,\n        5.15510862],\n       [4.29947113, 6.59610928, 2.17288261, 5.34822853, 3.75421651,\n        5.15205232],\n       [4.31611783, 6.57835322, 2.18993068, 5.33348021, 3.74671511,\n        5.16435827],\n       [4.29586687, 6.58082565, 2.16616446, 5.34758799, 3.73455504,\n        5.14701545],\n       [4.3189458 , 6.61229474, 2.2016647 , 5.31578018, 3.74011352,\n        5.16683813],\n       [4.28769399, 6.6282977 , 2.21597144, 5.31980341, 3.72542791,\n        5.1821307 ]]), array([0.17270188, 0.17270711, 0.17271959, 0.17274816, 0.17277372,\n       0.17278562, 0.17284196]))", "callback": [0.1845443020714479, 0.1845443020714479, 0.1787422568861451, 0.1774637293021707, 0.17678030370445008, 0.17625176755361505, 0.1746335456394249, 0.17342110668690724, 0.17274816256819303]}, "2": {"maxiter": 100, "fatol": 1e-10, "xatol": 1e-05, "duration": 0.04795503616333008, "fun": "0.17270188462495706", "nit": "100", "nfev": "157", "status": "2", "success": "False", "message": "Maximum number of iterations has been exceeded.", "x": "[4.30656275 6.58867308 2.19781436 5.33787013 3.73419108 5.15296305]", "final_simplex": "(array([[4.30656275, 6.58867308, 2.19781436, 5.33787013, 3.73419108,\n        5.15296305],\n       [4.28856684, 6.58734312, 2.20359581, 5.3401559 , 3.73904215,\n        5.15510862],\n       [4.29947113, 6.59610928, 2.17288261, 5.34822853, 3.75421651,\n        5.15205232],\n       [4.31611783, 6.57835322, 2.18993068, 5.33348021, 3.74671511,\n        5.16435827],\n       [4.29586687, 6.58082565, 2.16616446, 5.34758799, 3.73455504,\n        5.14701545],\n       [4.3189458 , 6.61229474, 2.2016647 , 5.31578018, 3.74011352,\n        5.16683813],\n       [4.28769399, 6.6282977 , 2.21597144, 5.31980341, 3.72542791,\n        5.1821307 ]]), array([0.17270188, 0.17270711, 0.17271959, 0.17274816, 0.17277372,\n       0.17278562, 0.17284196]))", "callback": [0.1845443020714479, 0.1845443020714479, 0.1787422568861451, 0.1774637293021707, 0.17678030370445008, 0.17625176755361505, 0.1746335456394249, 0.17342110668690724, 0.17274816256819303]}, "3": {"maxiter": 100, "fatol": 1e-10, "xatol": 1e-10, "duration": 0.043402910232543945, "fun": "0.17270188462495706", "nit": "100", "nfev": "157", "status": "2", "success": "False", "message": "Maximum number of iterations has been exceeded.", "x": "[4.30656275 6.58867308 2.19781436 5.33787013 3.73419108 5.15296305]", "final_simplex": "(array([[4.30656275, 6.58867308, 2.19781436, 5.33787013, 3.73419108,\n        5.15296305],\n       [4.28856684, 6.58734312, 2.20359581, 5.3401559 , 3.73904215,\n        5.15510862],\n       [4.29947113, 6.59610928, 2.17288261, 5.34822853, 3.75421651,\n        5.15205232],\n       [4.31611783, 6.57835322, 2.18993068, 5.33348021, 3.74671511,\n        5.16435827],\n       [4.29586687, 6.58082565, 2.16616446, 5.34758799, 3.73455504,\n        5.14701545],\n       [4.3189458 , 6.61229474, 2.2016647 , 5.31578018, 3.74011352,\n        5.16683813],\n       [4.28769399, 6.6282977 , 2.21597144, 5.31980341, 3.72542791,\n        5.1821307 ]]), array([0.17270188, 0.17270711, 0.17271959, 0.17274816, 0.17277372,\n       0.17278562, 0.17284196]))", "callback": [0.1845443020714479, 0.1845443020714479, 0.1787422568861451, 0.1774637293021707, 0.17678030370445008, 0.17625176755361505, 0.1746335456394249, 0.17342110668690724, 0.17274816256819303]}, "4": {"maxiter": 500, "fatol": 1e-05, "xatol": 1e-05, "duration": 0.12910795211791992, "fun": "0.17258970274711083", "nit": "292", "nfev": "474", "status": "0", "success": "True", "message": "Optimization terminated successfully.", "x": "[4.3164609  6.60356081 2.20496641 5.37004575 3.74583974 5.1772924 ]", "final_simplex": "(array([[4.3164609 , 6.60356081, 2.20496641, 5.37004575, 3.74583974,\n        5.1772924 ],\n       [4.31645523, 6.60356153, 2.2049673 , 5.37003676, 3.745841  ,\n        5.17728758],\n       [4.3164588 , 6.60356056, 2.20496872, 5.37004128, 3.74583805,\n        5.17729148],\n       [4.3164581 , 6.60356077, 2.20496995, 5.37004147, 3.7458401 ,\n        5.17729191],\n       [4.3164571 , 6.60355796, 2.20496435, 5.37004225, 3.74583988,\n        5.17728654],\n       [4.31645786, 6.60356354, 2.2049685 , 5.37004138, 3.74583912,\n        5.17729548],\n       [4.31645327, 6.60356303, 2.20496978, 5.37003927, 3.74583911,\n        5.17728682]]), array([0.1725897, 0.1725897, 0.1725897, 0.1725897, 0.1725897, 0.1725897,\n       0.1725897]))", "callback": [0.1845443020714479, 0.1845443020714479, 0.1787422568861451, 0.1774637293021707, 0.17678030370445008, 0.17625176755361505, 0.1746335456394249, 0.17342110668690724, 0.17274816256819303, 0.1726878937341001, 0.17264801316712597, 0.17262970943967826, 0.1726255298825805, 0.1726229886433327, 0.17262079183643608, 0.17261585780029698, 0.17260239519000586, 0.1725937404690664, 0.1725915557247597, 0.17259034225850933, 0.1725898972208042, 0.17258973117836685, 0.17258970797566753, 0.17258970371908222, 0.17258970296300125, 0.17258970279897923, 0.1725897027521437, 0.17258970275185248, 0.17258970274721697]}, "5": {"maxiter": 500, "fatol": 1e-05, "xatol": 1e-10, "duration": 0.19542503356933594, "fun": "0.17258970274632446", "nit": "407", "nfev": "721", "status": "0", "success": "True", "message": "Optimization terminated successfully.", "x": "[4.31645824 6.60356131 2.20496665 5.37004117 3.74584002 5.17728973]", "final_simplex": "(array([[4.31645824, 6.60356131, 2.20496665, 5.37004117, 3.74584002,\n        5.17728973],\n       [4.31645824, 6.60356131, 2.20496665, 5.37004117, 3.74584002,\n        5.17728973],\n       [4.31645824, 6.60356131, 2.20496665, 5.37004117, 3.74584002,\n        5.17728973],\n       [4.31645824, 6.60356131, 2.20496665, 5.37004117, 3.74584002,\n        5.17728973],\n       [4.31645824, 6.60356131, 2.20496665, 5.37004117, 3.74584002,\n        5.17728973],\n       [4.31645824, 6.60356131, 2.20496665, 5.37004117, 3.74584002,\n        5.17728973],\n       [4.31645824, 6.60356131, 2.20496665, 5.37004117, 3.74584002,\n        5.17728973]]), array([0.1725897, 0.1725897, 0.1725897, 0.1725897, 0.1725897, 0.1725897,\n       0.1725897]))", "callback": [0.1845443020714479, 0.1845443020714479, 0.1787422568861451, 0.1774637293021707, 0.17678030370445008, 0.17625176755361505, 0.1746335456394249, 0.17342110668690724, 0.17274816256819303, 0.1726878937341001, 0.17264801316712597, 0.17262970943967826, 0.1726255298825805, 0.1726229886433327, 0.17262079183643608, 0.17261585780029698, 0.17260239519000586, 0.1725937404690664, 0.1725915557247597, 0.17259034225850933, 0.1725898972208042, 0.17258973117836685, 0.17258970797566753, 0.17258970371908222, 0.17258970296300125, 0.17258970279897923, 0.1725897027521437, 0.17258970275185248, 0.17258970274721697, 0.1725897027465385, 0.17258970274642182, 0.1725897027463521, 0.17258970274634056, 0.17258970274633445, 0.1725897027463278, 0.17258970274632568, 0.1725897027463248, 0.17258970274632457, 0.17258970274632446, 0.17258970274632446]}, "6": {"maxiter": 500, "fatol": 1e-10, "xatol": 1e-05, "duration": 0.1342620849609375, "fun": "0.17258970274711083", "nit": "292", "nfev": "474", "status": "0", "success": "True", "message": "Optimization terminated successfully.", "x": "[4.3164609  6.60356081 2.20496641 5.37004575 3.74583974 5.1772924 ]", "final_simplex": "(array([[4.3164609 , 6.60356081, 2.20496641, 5.37004575, 3.74583974,\n        5.1772924 ],\n       [4.31645523, 6.60356153, 2.2049673 , 5.37003676, 3.745841  ,\n        5.17728758],\n       [4.3164588 , 6.60356056, 2.20496872, 5.37004128, 3.74583805,\n        5.17729148],\n       [4.3164581 , 6.60356077, 2.20496995, 5.37004147, 3.7458401 ,\n        5.17729191],\n       [4.3164571 , 6.60355796, 2.20496435, 5.37004225, 3.74583988,\n        5.17728654],\n       [4.31645786, 6.60356354, 2.2049685 , 5.37004138, 3.74583912,\n        5.17729548],\n       [4.31645327, 6.60356303, 2.20496978, 5.37003927, 3.74583911,\n        5.17728682]]), array([0.1725897, 0.1725897, 0.1725897, 0.1725897, 0.1725897, 0.1725897,\n       0.1725897]))", "callback": [0.1845443020714479, 0.1845443020714479, 0.1787422568861451, 0.1774637293021707, 0.17678030370445008, 0.17625176755361505, 0.1746335456394249, 0.17342110668690724, 0.17274816256819303, 0.1726878937341001, 0.17264801316712597, 0.17262970943967826, 0.1726255298825805, 0.1726229886433327, 0.17262079183643608, 0.17261585780029698, 0.17260239519000586, 0.1725937404690664, 0.1725915557247597, 0.17259034225850933, 0.1725898972208042, 0.17258973117836685, 0.17258970797566753, 0.17258970371908222, 0.17258970296300125, 0.17258970279897923, 0.1725897027521437, 0.17258970275185248, 0.17258970274721697]}, "7": {"maxiter": 500, "fatol": 1e-10, "xatol": 1e-10, "duration": 0.2053067684173584, "fun": "0.17258970274632446", "nit": "407", "nfev": "721", "status": "0", "success": "True", "message": "Optimization terminated successfully.", "x": "[4.31645824 6.60356131 2.20496665 5.37004117 3.74584002 5.17728973]", "final_simplex": "(array([[4.31645824, 6.60356131, 2.20496665, 5.37004117, 3.74584002,\n        5.17728973],\n       [4.31645824, 6.60356131, 2.20496665, 5.37004117, 3.74584002,\n        5.17728973],\n       [4.31645824, 6.60356131, 2.20496665, 5.37004117, 3.74584002,\n        5.17728973],\n       [4.31645824, 6.60356131, 2.20496665, 5.37004117, 3.74584002,\n        5.17728973],\n       [4.31645824, 6.60356131, 2.20496665, 5.37004117, 3.74584002,\n        5.17728973],\n       [4.31645824, 6.60356131, 2.20496665, 5.37004117, 3.74584002,\n        5.17728973],\n       [4.31645824, 6.60356131, 2.20496665, 5.37004117, 3.74584002,\n        5.17728973]]), array([0.1725897, 0.1725897, 0.1725897, 0.1725897, 0.1725897, 0.1725897,\n       0.1725897]))", "callback": [0.1845443020714479, 0.1845443020714479, 0.1787422568861451, 0.1774637293021707, 0.17678030370445008, 0.17625176755361505, 0.1746335456394249, 0.17342110668690724, 0.17274816256819303, 0.1726878937341001, 0.17264801316712597, 0.17262970943967826, 0.1726255298825805, 0.1726229886433327, 0.17262079183643608, 0.17261585780029698, 0.17260239519000586, 0.1725937404690664, 0.1725915557247597, 0.17259034225850933, 0.1725898972208042, 0.17258973117836685, 0.17258970797566753, 0.17258970371908222, 0.17258970296300125, 0.17258970279897923, 0.1725897027521437, 0.17258970275185248, 0.17258970274721697, 0.1725897027465385, 0.17258970274642182, 0.1725897027463521, 0.17258970274634056, 0.17258970274633445, 0.1725897027463278, 0.17258970274632568, 0.1725897027463248, 0.17258970274632457, 0.17258970274632446, 0.17258970274632446]}, "8": {"maxiter": 1000, "fatol": 1e-05, "xatol": 1e-05, "duration": 0.13296103477478027, "fun": "0.17258970274711083", "nit": "292", "nfev": "474", "status": "0", "success": "True", "message": "Optimization terminated successfully.", "x": "[4.3164609  6.60356081 2.20496641 5.37004575 3.74583974 5.1772924 ]", "final_simplex": "(array([[4.3164609 , 6.60356081, 2.20496641, 5.37004575, 3.74583974,\n        5.1772924 ],\n       [4.31645523, 6.60356153, 2.2049673 , 5.37003676, 3.745841  ,\n        5.17728758],\n       [4.3164588 , 6.60356056, 2.20496872, 5.37004128, 3.74583805,\n        5.17729148],\n       [4.3164581 , 6.60356077, 2.20496995, 5.37004147, 3.7458401 ,\n        5.17729191],\n       [4.3164571 , 6.60355796, 2.20496435, 5.37004225, 3.74583988,\n        5.17728654],\n       [4.31645786, 6.60356354, 2.2049685 , 5.37004138, 3.74583912,\n        5.17729548],\n       [4.31645327, 6.60356303, 2.20496978, 5.37003927, 3.74583911,\n        5.17728682]]), array([0.1725897, 0.1725897, 0.1725897, 0.1725897, 0.1725897, 0.1725897,\n       0.1725897]))", "callback": [0.1845443020714479, 0.1845443020714479, 0.1787422568861451, 0.1774637293021707, 0.17678030370445008, 0.17625176755361505, 0.1746335456394249, 0.17342110668690724, 0.17274816256819303, 0.1726878937341001, 0.17264801316712597, 0.17262970943967826, 0.1726255298825805, 0.1726229886433327, 0.17262079183643608, 0.17261585780029698, 0.17260239519000586, 0.1725937404690664, 0.1725915557247597, 0.17259034225850933, 0.1725898972208042, 0.17258973117836685, 0.17258970797566753, 0.17258970371908222, 0.17258970296300125, 0.17258970279897923, 0.1725897027521437, 0.17258970275185248, 0.17258970274721697]}, "9": {"maxiter": 1000, "fatol": 1e-05, "xatol": 1e-10, "duration": 0.19628214836120605, "fun": "0.17258970274632446", "nit": "407", "nfev": "721", "status": "0", "success": "True", "message": "Optimization terminated successfully.", "x": "[4.31645824 6.60356131 2.20496665 5.37004117 3.74584002 5.17728973]", "final_simplex": "(array([[4.31645824, 6.60356131, 2.20496665, 5.37004117, 3.74584002,\n        5.17728973],\n       [4.31645824, 6.60356131, 2.20496665, 5.37004117, 3.74584002,\n        5.17728973],\n       [4.31645824, 6.60356131, 2.20496665, 5.37004117, 3.74584002,\n        5.17728973],\n       [4.31645824, 6.60356131, 2.20496665, 5.37004117, 3.74584002,\n        5.17728973],\n       [4.31645824, 6.60356131, 2.20496665, 5.37004117, 3.74584002,\n        5.17728973],\n       [4.31645824, 6.60356131, 2.20496665, 5.37004117, 3.74584002,\n        5.17728973],\n       [4.31645824, 6.60356131, 2.20496665, 5.37004117, 3.74584002,\n        5.17728973]]), array([0.1725897, 0.1725897, 0.1725897, 0.1725897, 0.1725897, 0.1725897,\n       0.1725897]))", "callback": [0.1845443020714479, 0.1845443020714479, 0.1787422568861451, 0.1774637293021707, 0.17678030370445008, 0.17625176755361505, 0.1746335456394249, 0.17342110668690724, 0.17274816256819303, 0.1726878937341001, 0.17264801316712597, 0.17262970943967826, 0.1726255298825805, 0.1726229886433327, 0.17262079183643608, 0.17261585780029698, 0.17260239519000586, 0.1725937404690664, 0.1725915557247597, 0.17259034225850933, 0.1725898972208042, 0.17258973117836685, 0.17258970797566753, 0.17258970371908222, 0.17258970296300125, 0.17258970279897923, 0.1725897027521437, 0.17258970275185248, 0.17258970274721697, 0.1725897027465385, 0.17258970274642182, 0.1725897027463521, 0.17258970274634056, 0.17258970274633445, 0.1725897027463278, 0.17258970274632568, 0.1725897027463248, 0.17258970274632457, 0.17258970274632446, 0.17258970274632446]}, "10": {"maxiter": 1000, "fatol": 1e-10, "xatol": 1e-05, "duration": 0.12917017936706543, "fun": "0.17258970274711083", "nit": "292", "nfev": "474", "status": "0", "success": "True", "message": "Optimization terminated successfully.", "x": "[4.3164609  6.60356081 2.20496641 5.37004575 3.74583974 5.1772924 ]", "final_simplex": "(array([[4.3164609 , 6.60356081, 2.20496641, 5.37004575, 3.74583974,\n        5.1772924 ],\n       [4.31645523, 6.60356153, 2.2049673 , 5.37003676, 3.745841  ,\n        5.17728758],\n       [4.3164588 , 6.60356056, 2.20496872, 5.37004128, 3.74583805,\n        5.17729148],\n       [4.3164581 , 6.60356077, 2.20496995, 5.37004147, 3.7458401 ,\n        5.17729191],\n       [4.3164571 , 6.60355796, 2.20496435, 5.37004225, 3.74583988,\n        5.17728654],\n       [4.31645786, 6.60356354, 2.2049685 , 5.37004138, 3.74583912,\n        5.17729548],\n       [4.31645327, 6.60356303, 2.20496978, 5.37003927, 3.74583911,\n        5.17728682]]), array([0.1725897, 0.1725897, 0.1725897, 0.1725897, 0.1725897, 0.1725897,\n       0.1725897]))", "callback": [0.1845443020714479, 0.1845443020714479, 0.1787422568861451, 0.1774637293021707, 0.17678030370445008, 0.17625176755361505, 0.1746335456394249, 0.17342110668690724, 0.17274816256819303, 0.1726878937341001, 0.17264801316712597, 0.17262970943967826, 0.1726255298825805, 0.1726229886433327, 0.17262079183643608, 0.17261585780029698, 0.17260239519000586, 0.1725937404690664, 0.1725915557247597, 0.17259034225850933, 0.1725898972208042, 0.17258973117836685, 0.17258970797566753, 0.17258970371908222, 0.17258970296300125, 0.17258970279897923, 0.1725897027521437, 0.17258970275185248, 0.17258970274721697]}, "11": {"maxiter": 1000, "fatol": 1e-10, "xatol": 1e-10, "duration": 0.196120023727417, "fun": "0.17258970274632446", "nit": "407", "nfev": "721", "status": "0", "success": "True", "message": "Optimization terminated successfully.", "x": "[4.31645824 6.60356131 2.20496665 5.37004117 3.74584002 5.17728973]", "final_simplex": "(array([[4.31645824, 6.60356131, 2.20496665, 5.37004117, 3.74584002,\n        5.17728973],\n       [4.31645824, 6.60356131, 2.20496665, 5.37004117, 3.74584002,\n        5.17728973],\n       [4.31645824, 6.60356131, 2.20496665, 5.37004117, 3.74584002,\n        5.17728973],\n       [4.31645824, 6.60356131, 2.20496665, 5.37004117, 3.74584002,\n        5.17728973],\n       [4.31645824, 6.60356131, 2.20496665, 5.37004117, 3.74584002,\n        5.17728973],\n       [4.31645824, 6.60356131, 2.20496665, 5.37004117, 3.74584002,\n        5.17728973],\n       [4.31645824, 6.60356131, 2.20496665, 5.37004117, 3.74584002,\n        5.17728973]]), array([0.1725897, 0.1725897, 0.1725897, 0.1725897, 0.1725897, 0.1725897,\n       0.1725897]))", "callback": [0.1845443020714479, 0.1845443020714479, 0.1787422568861451, 0.1774637293021707, 0.17678030370445008, 0.17625176755361505, 0.1746335456394249, 0.17342110668690724, 0.17274816256819303, 0.1726878937341001, 0.17264801316712597, 0.17262970943967826, 0.1726255298825805, 0.1726229886433327, 0.17262079183643608, 0.17261585780029698, 0.17260239519000586, 0.1725937404690664, 0.1725915557247597, 0.17259034225850933, 0.1725898972208042, 0.17258973117836685, 0.17258970797566753, 0.17258970371908222, 0.17258970296300125, 0.17258970279897923, 0.1725897027521437, 0.17258970275185248, 0.17258970274721697, 0.1725897027465385, 0.17258970274642182, 0.1725897027463521, 0.17258970274634056, 0.17258970274633445, 0.1725897027463278, 0.17258970274632568, 0.1725897027463248, 0.17258970274632457, 0.17258970274632446, 0.17258970274632446]}}, "bfgs": {"type": "gradient", "0": {"maxiter": 100, "gtol": 1e-05, "xrtol": 1e-05, "eps": 1e-05, "duration": 0.04340195655822754, "fun": "0.17258970279105512", "jac": "[6.48114895e-07 2.59336996e-07 4.12447854e-08 9.47775192e-07\n 6.66910971e-08 3.40927286e-07]", "hess_inv": "[[ 6.73018948 -0.88520989 -0.93118202  5.37966586 -0.56955567  3.59883023]\n [-0.88520989  3.91315586  3.00573988 -0.51657082  0.22146623  1.13659426]\n [-0.93118202  3.00573988  6.13527364 -0.88493738 -0.34186043  2.49975327]\n [ 5.37966586 -0.51657082 -0.88493738 13.42213557 -0.07648699  5.16001557]\n [-0.56955567  0.22146623 -0.34186043 -0.07648699  3.82849268 -2.6854685 ]\n [ 3.59883023  1.13659426  2.49975327  5.16001557 -2.6854685   8.43890337]]", "nfev": "154", "njev": "22", "status": "0", "success": "True", "message": "Optimization terminated successfully.", "x": "[4.31645238 6.60354547 2.20494612 5.37003579 3.74583703 5.1772732 ]", "nit": "20", "callback": [0.17267990987718507, 0.17258970279105512]}, "1": {"maxiter": 100, "gtol": 1e-05, "xrtol": 1e-05, "eps": 1e-10, "duration": 0.04329085350036621, "fun": "0.17258970289831332", "jac": "[ 1.11022293e-06  4.44089173e-06  0.00000000e+00  3.33066880e-06\n  0.00000000e+00 -2.22044587e-06]", "hess_inv": "[[ 6.77911302 -0.88666161 -0.94361687  5.33824182 -0.5720081   3.71389795]\n [-0.88666161  3.83663107  2.9168052  -0.62223057  0.20417238  1.15989872]\n [-0.94361687  2.9168052   6.03727501 -1.02859981 -0.36418048  2.51940917]\n [ 5.33824182 -0.62223057 -1.02859981 13.02538374 -0.0836655   5.20198311]\n [-0.5720081   0.20417238 -0.36418048 -0.0836655   3.82615284 -2.6976138 ]\n [ 3.71389795  1.15989872  2.51940917  5.20198311 -2.6976138   8.66171287]]", "nfev": "154", "njev": "22", "status": "0", "success": "True", "message": "Optimization terminated successfully.", "x": "[4.31648778 6.60357092 2.20497551 5.37010082 3.74584679 5.17731064]", "nit": "20", "callback": [0.17268006640137945, 0.17258970289831332]}, "2": {"maxiter": 100, "gtol": 1e-05, "xrtol": 1e-10, "eps": 1e-05, "duration": 0.04333686828613281, "fun": "0.17258970279105512", "jac": "[6.48114895e-07 2.59336996e-07 4.12447854e-08 9.47775192e-07\n 6.66910971e-08 3.40927286e-07]", "hess_inv": "[[ 6.73018948 -0.88520989 -0.93118202  5.37966586 -0.56955567  3.59883023]\n [-0.88520989  3.91315586  3.00573988 -0.51657082  0.22146623  1.13659426]\n [-0.93118202  3.00573988  6.13527364 -0.88493738 -0.34186043  2.49975327]\n [ 5.37966586 -0.51657082 -0.88493738 13.42213557 -0.07648699  5.16001557]\n [-0.56955567  0.22146623 -0.34186043 -0.07648699  3.82849268 -2.6854685 ]\n [ 3.59883023  1.13659426  2.49975327  5.16001557 -2.6854685   8.43890337]]", "nfev": "154", "njev": "22", "status": "0", "success": "True", "message": "Optimization terminated successfully.", "x": "[4.31645238 6.60354547 2.20494612 5.37003579 3.74583703 5.1772732 ]", "nit": "20", "callback": [0.17267990987718507, 0.17258970279105512]}, "3": {"maxiter": 100, "gtol": 1e-05, "xrtol": 1e-10, "eps": 1e-10, "duration": 0.04362678527832031, "fun": "0.17258970289831332", "jac": "[ 1.11022293e-06  4.44089173e-06  0.00000000e+00  3.33066880e-06\n  0.00000000e+00 -2.22044587e-06]", "hess_inv": "[[ 6.77911302 -0.88666161 -0.94361687  5.33824182 -0.5720081   3.71389795]\n [-0.88666161  3.83663107  2.9168052  -0.62223057  0.20417238  1.15989872]\n [-0.94361687  2.9168052   6.03727501 -1.02859981 -0.36418048  2.51940917]\n [ 5.33824182 -0.62223057 -1.02859981 13.02538374 -0.0836655   5.20198311]\n [-0.5720081   0.20417238 -0.36418048 -0.0836655   3.82615284 -2.6976138 ]\n [ 3.71389795  1.15989872  2.51940917  5.20198311 -2.6976138   8.66171287]]", "nfev": "154", "njev": "22", "status": "0", "success": "True", "message": "Optimization terminated successfully.", "x": "[4.31648778 6.60357092 2.20497551 5.37010082 3.74584679 5.17731064]", "nit": "20", "callback": [0.17268006640137945, 0.17258970289831332]}, "4": {"maxiter": 100, "gtol": 1e-10, "xrtol": 1e-05, "eps": 1e-05, "duration": 0.08176994323730469, "fun": "0.17258970279105512", "jac": "[6.48114895e-07 2.59336996e-07 4.12447854e-08 9.47775192e-07\n 6.66910971e-08 3.40927286e-07]", "hess_inv": "[[ 7.18331218 -0.80995981 -0.85281793  6.32393174 -0.58325047  3.9618304 ]\n [-0.80995981  3.90812371  2.99940563 -0.41380544  0.20871736  1.22503484]\n [-0.85281793  2.99940563  6.12746987 -0.78129217 -0.35579052  2.5936108 ]\n [ 6.32393174 -0.41380544 -0.78129217 15.22324393 -0.13732307  6.00329439]\n [-0.58325047  0.20871736 -0.35579052 -0.13732307  3.82264741 -2.67961396]\n [ 3.9618304   1.22503484  2.5936108   6.00329439 -2.67961396  8.68447618]]", "nfev": "291", "njev": "40", "status": "2", "success": "False", "message": "Desired error not necessarily achieved due to precision loss.", "x": "[4.31645238 6.60354547 2.20494612 5.37003579 3.74583703 5.1772732 ]", "nit": "20", "callback": [0.17267990987718507, 0.17258970279105512]}, "5": {"maxiter": 100, "gtol": 1e-10, "xrtol": 1e-05, "eps": 1e-10, "duration": 0.04369091987609863, "fun": "0.17258970289831332", "jac": "[ 1.11022293e-06  4.44089173e-06  0.00000000e+00  3.33066880e-06\n  0.00000000e+00 -2.22044587e-06]", "hess_inv": "[[ 6.77911302 -0.88666161 -0.94361687  5.33824182 -0.5720081   3.71389795]\n [-0.88666161  3.83663107  2.9168052  -0.62223057  0.20417238  1.15989872]\n [-0.94361687  2.9168052   6.03727501 -1.02859981 -0.36418048  2.51940917]\n [ 5.33824182 -0.62223057 -1.02859981 13.02538374 -0.0836655   5.20198311]\n [-0.5720081   0.20417238 -0.36418048 -0.0836655   3.82615284 -2.6976138 ]\n [ 3.71389795  1.15989872  2.51940917  5.20198311 -2.6976138   8.66171287]]", "nfev": "154", "njev": "22", "status": "0", "success": "True", "message": "Optimization terminated successfully.", "x": "[4.31648778 6.60357092 2.20497551 5.37010082 3.74584679 5.17731064]", "nit": "20", "callback": [0.17268006640137945, 0.17258970289831332]}, "6": {"maxiter": 100, "gtol": 1e-10, "xrtol": 1e-10, "eps": 1e-05, "duration": 0.08150315284729004, "fun": "0.17258970279105512", "jac": "[6.48114895e-07 2.59336996e-07 4.12447854e-08 9.47775192e-07\n 6.66910971e-08 3.40927286e-07]", "hess_inv": "[[ 7.18331218 -0.80995981 -0.85281793  6.32393174 -0.58325047  3.9618304 ]\n [-0.80995981  3.90812371  2.99940563 -0.41380544  0.20871736  1.22503484]\n [-0.85281793  2.99940563  6.12746987 -0.78129217 -0.35579052  2.5936108 ]\n [ 6.32393174 -0.41380544 -0.78129217 15.22324393 -0.13732307  6.00329439]\n [-0.58325047  0.20871736 -0.35579052 -0.13732307  3.82264741 -2.67961396]\n [ 3.9618304   1.22503484  2.5936108   6.00329439 -2.67961396  8.68447618]]", "nfev": "291", "njev": "40", "status": "2", "success": "False", "message": "Desired error not necessarily achieved due to precision loss.", "x": "[4.31645238 6.60354547 2.20494612 5.37003579 3.74583703 5.1772732 ]", "nit": "20", "callback": [0.17267990987718507, 0.17258970279105512]}, "7": {"maxiter": 100, "gtol": 1e-10, "xrtol": 1e-10, "eps": 1e-10, "duration": 0.10791301727294922, "fun": "0.17258970275024388", "jac": "[ 0.00000000e+00  0.00000000e+00  1.11022293e-06  0.00000000e+00\n -1.11022293e-06  0.00000000e+00]", "hess_inv": "[[ 6.37470472e-02  3.75003906e-02  1.85702913e-02  3.03858323e-02\n  -5.65507038e-02 -6.81121186e-02]\n [ 3.75003906e-02  4.26689152e-01 -1.75126099e-01  1.09726823e-04\n  -3.86462259e-01  1.74076594e-01]\n [ 1.85702913e-02 -1.75126099e-01  1.21177469e-01  1.01659763e-02\n   2.12460010e-01 -1.73722178e-01]\n [ 3.03858323e-02  1.09726823e-04  1.01659763e-02  4.74129470e-02\n  -5.68446797e-02 -3.35460802e-02]\n [-5.65507038e-02 -3.86462259e-01  2.12460010e-01 -5.68446797e-02\n   5.37129300e-01 -2.45517176e-01]\n [-6.81121186e-02  1.74076594e-01 -1.73722178e-01 -3.35460802e-02\n  -2.45517176e-01  3.11713346e-01]]", "nfev": "385", "njev": "55", "status": "2", "success": "False", "message": "Desired error not necessarily achieved due to precision loss.", "x": "[4.31646312 6.60355947 2.2049656  5.37005151 3.74583861 5.17729522]", "nit": "36", "callback": [0.17268006640137945, 0.17258970289831332, 0.17258970275353847]}, "8": {"maxiter": 500, "gtol": 1e-05, "xrtol": 1e-05, "eps": 1e-05, "duration": 0.04357409477233887, "fun": "0.17258970279105512", "jac": "[6.48114895e-07 2.59336996e-07 4.12447854e-08 9.47775192e-07\n 6.66910971e-08 3.40927286e-07]", "hess_inv": "[[ 6.73018948 -0.88520989 -0.93118202  5.37966586 -0.56955567  3.59883023]\n [-0.88520989  3.91315586  3.00573988 -0.51657082  0.22146623  1.13659426]\n [-0.93118202  3.00573988  6.13527364 -0.88493738 -0.34186043  2.49975327]\n [ 5.37966586 -0.51657082 -0.88493738 13.42213557 -0.07648699  5.16001557]\n [-0.56955567  0.22146623 -0.34186043 -0.07648699  3.82849268 -2.6854685 ]\n [ 3.59883023  1.13659426  2.49975327  5.16001557 -2.6854685   8.43890337]]", "nfev": "154", "njev": "22", "status": "0", "success": "True", "message": "Optimization terminated successfully.", "x": "[4.31645238 6.60354547 2.20494612 5.37003579 3.74583703 5.1772732 ]", "nit": "20", "callback": [0.17267990987718507, 0.17258970279105512]}, "9": {"maxiter": 500, "gtol": 1e-05, "xrtol": 1e-05, "eps": 1e-10, "duration": 0.04348182678222656, "fun": "0.17258970289831332", "jac": "[ 1.11022293e-06  4.44089173e-06  0.00000000e+00  3.33066880e-06\n  0.00000000e+00 -2.22044587e-06]", "hess_inv": "[[ 6.77911302 -0.88666161 -0.94361687  5.33824182 -0.5720081   3.71389795]\n [-0.88666161  3.83663107  2.9168052  -0.62223057  0.20417238  1.15989872]\n [-0.94361687  2.9168052   6.03727501 -1.02859981 -0.36418048  2.51940917]\n [ 5.33824182 -0.62223057 -1.02859981 13.02538374 -0.0836655   5.20198311]\n [-0.5720081   0.20417238 -0.36418048 -0.0836655   3.82615284 -2.6976138 ]\n [ 3.71389795  1.15989872  2.51940917  5.20198311 -2.6976138   8.66171287]]", "nfev": "154", "njev": "22", "status": "0", "success": "True", "message": "Optimization terminated successfully.", "x": "[4.31648778 6.60357092 2.20497551 5.37010082 3.74584679 5.17731064]", "nit": "20", "callback": [0.17268006640137945, 0.17258970289831332]}, "10": {"maxiter": 500, "gtol": 1e-05, "xrtol": 1e-10, "eps": 1e-05, "duration": 0.043363094329833984, "fun": "0.17258970279105512", "jac": "[6.48114895e-07 2.59336996e-07 4.12447854e-08 9.47775192e-07\n 6.66910971e-08 3.40927286e-07]", "hess_inv": "[[ 6.73018948 -0.88520989 -0.93118202  5.37966586 -0.56955567  3.59883023]\n [-0.88520989  3.91315586  3.00573988 -0.51657082  0.22146623  1.13659426]\n [-0.93118202  3.00573988  6.13527364 -0.88493738 -0.34186043  2.49975327]\n [ 5.37966586 -0.51657082 -0.88493738 13.42213557 -0.07648699  5.16001557]\n [-0.56955567  0.22146623 -0.34186043 -0.07648699  3.82849268 -2.6854685 ]\n [ 3.59883023  1.13659426  2.49975327  5.16001557 -2.6854685   8.43890337]]", "nfev": "154", "njev": "22", "status": "0", "success": "True", "message": "Optimization terminated successfully.", "x": "[4.31645238 6.60354547 2.20494612 5.37003579 3.74583703 5.1772732 ]", "nit": "20", "callback": [0.17267990987718507, 0.17258970279105512]}, "11": {"maxiter": 500, "gtol": 1e-05, "xrtol": 1e-10, "eps": 1e-10, "duration": 0.04331398010253906, "fun": "0.17258970289831332", "jac": "[ 1.11022293e-06  4.44089173e-06  0.00000000e+00  3.33066880e-06\n  0.00000000e+00 -2.22044587e-06]", "hess_inv": "[[ 6.77911302 -0.88666161 -0.94361687  5.33824182 -0.5720081   3.71389795]\n [-0.88666161  3.83663107  2.9168052  -0.62223057  0.20417238  1.15989872]\n [-0.94361687  2.9168052   6.03727501 -1.02859981 -0.36418048  2.51940917]\n [ 5.33824182 -0.62223057 -1.02859981 13.02538374 -0.0836655   5.20198311]\n [-0.5720081   0.20417238 -0.36418048 -0.0836655   3.82615284 -2.6976138 ]\n [ 3.71389795  1.15989872  2.51940917  5.20198311 -2.6976138   8.66171287]]", "nfev": "154", "njev": "22", "status": "0", "success": "True", "message": "Optimization terminated successfully.", "x": "[4.31648778 6.60357092 2.20497551 5.37010082 3.74584679 5.17731064]", "nit": "20", "callback": [0.17268006640137945, 0.17258970289831332]}, "12": {"maxiter": 500, "gtol": 1e-10, "xrtol": 1e-05, "eps": 1e-05, "duration": 0.08167028427124023, "fun": "0.17258970279105512", "jac": "[6.48114895e-07 2.59336996e-07 4.12447854e-08 9.47775192e-07\n 6.66910971e-08 3.40927286e-07]", "hess_inv": "[[ 7.18331218 -0.80995981 -0.85281793  6.32393174 -0.58325047  3.9618304 ]\n [-0.80995981  3.90812371  2.99940563 -0.41380544  0.20871736  1.22503484]\n [-0.85281793  2.99940563  6.12746987 -0.78129217 -0.35579052  2.5936108 ]\n [ 6.32393174 -0.41380544 -0.78129217 15.22324393 -0.13732307  6.00329439]\n [-0.58325047  0.20871736 -0.35579052 -0.13732307  3.82264741 -2.67961396]\n [ 3.9618304   1.22503484  2.5936108   6.00329439 -2.67961396  8.68447618]]", "nfev": "291", "njev": "40", "status": "2", "success": "False", "message": "Desired error not necessarily achieved due to precision loss.", "x": "[4.31645238 6.60354547 2.20494612 5.37003579 3.74583703 5.1772732 ]", "nit": "20", "callback": [0.17267990987718507, 0.17258970279105512]}, "13": {"maxiter": 500, "gtol": 1e-10, "xrtol": 1e-05, "eps": 1e-10, "duration": 0.04373884201049805, "fun": "0.17258970289831332", "jac": "[ 1.11022293e-06  4.44089173e-06  0.00000000e+00  3.33066880e-06\n  0.00000000e+00 -2.22044587e-06]", "hess_inv": "[[ 6.77911302 -0.88666161 -0.94361687  5.33824182 -0.5720081   3.71389795]\n [-0.88666161  3.83663107  2.9168052  -0.62223057  0.20417238  1.15989872]\n [-0.94361687  2.9168052   6.03727501 -1.02859981 -0.36418048  2.51940917]\n [ 5.33824182 -0.62223057 -1.02859981 13.02538374 -0.0836655   5.20198311]\n [-0.5720081   0.20417238 -0.36418048 -0.0836655   3.82615284 -2.6976138 ]\n [ 3.71389795  1.15989872  2.51940917  5.20198311 -2.6976138   8.66171287]]", "nfev": "154", "njev": "22", "status": "0", "success": "True", "message": "Optimization terminated successfully.", "x": "[4.31648778 6.60357092 2.20497551 5.37010082 3.74584679 5.17731064]", "nit": "20", "callback": [0.17268006640137945, 0.17258970289831332]}, "14": {"maxiter": 500, "gtol": 1e-10, "xrtol": 1e-10, "eps": 1e-05, "duration": 0.08206796646118164, "fun": "0.17258970279105512", "jac": "[6.48114895e-07 2.59336996e-07 4.12447854e-08 9.47775192e-07\n 6.66910971e-08 3.40927286e-07]", "hess_inv": "[[ 7.18331218 -0.80995981 -0.85281793  6.32393174 -0.58325047  3.9618304 ]\n [-0.80995981  3.90812371  2.99940563 -0.41380544  0.20871736  1.22503484]\n [-0.85281793  2.99940563  6.12746987 -0.78129217 -0.35579052  2.5936108 ]\n [ 6.32393174 -0.41380544 -0.78129217 15.22324393 -0.13732307  6.00329439]\n [-0.58325047  0.20871736 -0.35579052 -0.13732307  3.82264741 -2.67961396]\n [ 3.9618304   1.22503484  2.5936108   6.00329439 -2.67961396  8.68447618]]", "nfev": "291", "njev": "40", "status": "2", "success": "False", "message": "Desired error not necessarily achieved due to precision loss.", "x": "[4.31645238 6.60354547 2.20494612 5.37003579 3.74583703 5.1772732 ]", "nit": "20", "callback": [0.17267990987718507, 0.17258970279105512]}, "15": {"maxiter": 500, "gtol": 1e-10, "xrtol": 1e-10, "eps": 1e-10, "duration": 0.10862302780151367, "fun": "0.17258970275024388", "jac": "[ 0.00000000e+00  0.00000000e+00  1.11022293e-06  0.00000000e+00\n -1.11022293e-06  0.00000000e+00]", "hess_inv": "[[ 6.37470472e-02  3.75003906e-02  1.85702913e-02  3.03858323e-02\n  -5.65507038e-02 -6.81121186e-02]\n [ 3.75003906e-02  4.26689152e-01 -1.75126099e-01  1.09726823e-04\n  -3.86462259e-01  1.74076594e-01]\n [ 1.85702913e-02 -1.75126099e-01  1.21177469e-01  1.01659763e-02\n   2.12460010e-01 -1.73722178e-01]\n [ 3.03858323e-02  1.09726823e-04  1.01659763e-02  4.74129470e-02\n  -5.68446797e-02 -3.35460802e-02]\n [-5.65507038e-02 -3.86462259e-01  2.12460010e-01 -5.68446797e-02\n   5.37129300e-01 -2.45517176e-01]\n [-6.81121186e-02  1.74076594e-01 -1.73722178e-01 -3.35460802e-02\n  -2.45517176e-01  3.11713346e-01]]", "nfev": "385", "njev": "55", "status": "2", "success": "False", "message": "Desired error not necessarily achieved due to precision loss.", "x": "[4.31646312 6.60355947 2.2049656  5.37005151 3.74583861 5.17729522]", "nit": "36", "callback": [0.17268006640137945, 0.17258970289831332, 0.17258970275353847]}, "16": {"maxiter": 1000, "gtol": 1e-05, "xrtol": 1e-05, "eps": 1e-05, "duration": 0.0438542366027832, "fun": "0.17258970279105512", "jac": "[6.48114895e-07 2.59336996e-07 4.12447854e-08 9.47775192e-07\n 6.66910971e-08 3.40927286e-07]", "hess_inv": "[[ 6.73018948 -0.88520989 -0.93118202  5.37966586 -0.56955567  3.59883023]\n [-0.88520989  3.91315586  3.00573988 -0.51657082  0.22146623  1.13659426]\n [-0.93118202  3.00573988  6.13527364 -0.88493738 -0.34186043  2.49975327]\n [ 5.37966586 -0.51657082 -0.88493738 13.42213557 -0.07648699  5.16001557]\n [-0.56955567  0.22146623 -0.34186043 -0.07648699  3.82849268 -2.6854685 ]\n [ 3.59883023  1.13659426  2.49975327  5.16001557 -2.6854685   8.43890337]]", "nfev": "154", "njev": "22", "status": "0", "success": "True", "message": "Optimization terminated successfully.", "x": "[4.31645238 6.60354547 2.20494612 5.37003579 3.74583703 5.1772732 ]", "nit": "20", "callback": [0.17267990987718507, 0.17258970279105512]}, "17": {"maxiter": 1000, "gtol": 1e-05, "xrtol": 1e-05, "eps": 1e-10, "duration": 0.04423880577087402, "fun": "0.17258970289831332", "jac": "[ 1.11022293e-06  4.44089173e-06  0.00000000e+00  3.33066880e-06\n  0.00000000e+00 -2.22044587e-06]", "hess_inv": "[[ 6.77911302 -0.88666161 -0.94361687  5.33824182 -0.5720081   3.71389795]\n [-0.88666161  3.83663107  2.9168052  -0.62223057  0.20417238  1.15989872]\n [-0.94361687  2.9168052   6.03727501 -1.02859981 -0.36418048  2.51940917]\n [ 5.33824182 -0.62223057 -1.02859981 13.02538374 -0.0836655   5.20198311]\n [-0.5720081   0.20417238 -0.36418048 -0.0836655   3.82615284 -2.6976138 ]\n [ 3.71389795  1.15989872  2.51940917  5.20198311 -2.6976138   8.66171287]]", "nfev": "154", "njev": "22", "status": "0", "success": "True", "message": "Optimization terminated successfully.", "x": "[4.31648778 6.60357092 2.20497551 5.37010082 3.74584679 5.17731064]", "nit": "20", "callback": [0.17268006640137945, 0.17258970289831332]}, "18": {"maxiter": 1000, "gtol": 1e-05, "xrtol": 1e-10, "eps": 1e-05, "duration": 0.043908119201660156, "fun": "0.17258970279105512", "jac": "[6.48114895e-07 2.59336996e-07 4.12447854e-08 9.47775192e-07\n 6.66910971e-08 3.40927286e-07]", "hess_inv": "[[ 6.73018948 -0.88520989 -0.93118202  5.37966586 -0.56955567  3.59883023]\n [-0.88520989  3.91315586  3.00573988 -0.51657082  0.22146623  1.13659426]\n [-0.93118202  3.00573988  6.13527364 -0.88493738 -0.34186043  2.49975327]\n [ 5.37966586 -0.51657082 -0.88493738 13.42213557 -0.07648699  5.16001557]\n [-0.56955567  0.22146623 -0.34186043 -0.07648699  3.82849268 -2.6854685 ]\n [ 3.59883023  1.13659426  2.49975327  5.16001557 -2.6854685   8.43890337]]", "nfev": "154", "njev": "22", "status": "0", "success": "True", "message": "Optimization terminated successfully.", "x": "[4.31645238 6.60354547 2.20494612 5.37003579 3.74583703 5.1772732 ]", "nit": "20", "callback": [0.17267990987718507, 0.17258970279105512]}, "19": {"maxiter": 1000, "gtol": 1e-05, "xrtol": 1e-10, "eps": 1e-10, "duration": 0.04402780532836914, "fun": "0.17258970289831332", "jac": "[ 1.11022293e-06  4.44089173e-06  0.00000