{"date": "2024/09/25/, 16:30:51", "conf_id": 269, "data_type": "var_s_rank\n", "num_data_points": 2, "s_rank": 0, "unitary": "[[-0.24866696+0.58742286j,-0.44704345-0.43151574j,-0.35669027-0.20570733j,-0.10517633+0.1626036j],[0.10596805-0.19687975j,-0.30269685-0.15056416j,0.18246286+0.30440582j,-0.83484447-0.11310748j],[0.26054512-0.52548482j,0.0285017-0.50723956j,-0.43110112+0.17165838j,0.15243271+0.39915801j],[0.42978035+0.11991271j,-0.17224126-0.46030424j,0.6827807-0.15164662j,0.26483638+0.0061855j]]", "databatch_0": {"databatch": "[[[0.16220857+0.32101784j,0.20580305-0.11301987j,0.10987203-0.03106691j,0.12493717+0.00185548j],[0.37106457+0.06475295j,0.17485185+0.07950436j,0.19390103-0.06942447j,0.01554774-0.2057503j],[0.21408476+0.14905317j,0.19774501-0.0596687j,0.11785122-0.07056433j,0.04050845-0.0646227j],[-0.21201667+0.04726006j,0.44844535-0.21186304j,-0.00247665-0.17189618j,-0.14135909+0.2120875j]],[[0.02498092+0.04135764j,-0.07912652+0.15042582j,-0.14664586-0.02858581j,0.05938047+0.05339718j],[0.09251924-0.10926846j,0.32411633-0.30703481j,0.3180181+0.14498512j,-0.03667378-0.14872004j],[-0.10203313+0.07162278j,-0.32311404+0.3053081j,-0.3286675-0.13221417j,0.0387038+0.12465631j],[0.01163119+0.05470058j,0.07382176+0.33573745j,-0.23580381+0.17318936j,0.10974894+0.00108673j]]]", "initial param values": "[4.09279645,4.73636334,5.79318954,1.9508331,1.98968164,0.17150955]", "nelder_mead": {"type": "gradient-free", "0": {"maxiter": 100, "fatol": 1e-05, "xatol": 1e-05, "duration": 0.040563344955444336, "fun": "0.46667964122986505", "nit": "100", "nfev": "164", "status": "2", "success": "False", "message": "Maximum number of iterations has been exceeded.", "x": "[1.90851751 6.22559285 5.36525162 1.57987593 2.52564301 0.16098792]", "final_simplex": "(array([[1.90851751, 6.22559285, 5.36525162, 1.57987593, 2.52564301,\n        0.16098792],\n       [1.76706362, 6.28952511, 5.32215833, 1.47474157, 2.59151111,\n        0.16278384],\n       [1.79500502, 6.23100663, 5.34577736, 1.5799961 , 2.51551852,\n        0.16863713],\n       [1.83838692, 6.15023396, 5.30404806, 1.48047634, 2.5266201 ,\n        0.17440805],\n       [1.82622194, 6.08541413, 5.37728076, 1.64205848, 2.44811895,\n        0.18069636],\n       [1.84853008, 6.15182848, 5.40663984, 1.59148585, 2.46012715,\n        0.17709633],\n       [1.8473192 , 6.21106325, 5.44680539, 1.5818773 , 2.49718537,\n        0.16573203]]), array([0.46667964, 0.46700427, 0.46763476, 0.46784266, 0.46827378,\n       0.46975856, 0.46976964]))", "callback": [0.7413271048880812, 0.5119799132084416, 0.5047720796716864, 0.4890783861697874, 0.48611496035174884, 0.48611496035174884, 0.4850205773463433, 0.4788057402387784, 0.4753172628640334, 0.4719049758714565]}, "1": {"maxiter": 100, "fatol": 1e-05, "xatol": 1e-10, "duration": 0.03898501396179199, "fun": "0.46667964122986505", "nit": "100", "nfev": "164", "status": "2", "success": "False", "message": "Maximum number of iterations has been exceeded.", "x": "[1.90851751 6.22559285 5.36525162 1.57987593 2.52564301 0.16098792]", "final_simplex": "(array([[1.90851751, 6.22559285, 5.36525162, 1.57987593, 2.52564301,\n        0.16098792],\n       [1.76706362, 6.28952511, 5.32215833, 1.47474157, 2.59151111,\n        0.16278384],\n       [1.79500502, 6.23100663, 5.34577736, 1.5799961 , 2.51551852,\n        0.16863713],\n       [1.83838692, 6.15023396, 5.30404806, 1.48047634, 2.5266201 ,\n        0.17440805],\n       [1.82622194, 6.08541413, 5.37728076, 1.64205848, 2.44811895,\n        0.18069636],\n       [1.84853008, 6.15182848, 5.40663984, 1.59148585, 2.46012715,\n        0.17709633],\n       [1.8473192 , 6.21106325, 5.44680539, 1.5818773 , 2.49718537,\n        0.16573203]]), array([0.46667964, 0.46700427, 0.46763476, 0.46784266, 0.46827378,\n       0.46975856, 0.46976964]))", "callback": [0.7413271048880812, 0.5119799132084416, 0.5047720796716864, 0.4890783861697874, 0.48611496035174884, 0.48611496035174884, 0.4850205773463433, 0.4788057402387784, 0.4753172628640334, 0.4719049758714565]}, "2": {"maxiter": 100, "fatol": 1e-10, "xatol": 1e-05, "duration": 0.03791689872741699, "fun": "0.46667964122986505", "nit": "100", "nfev": "164", "status": "2", "success": "False", "message": "Maximum number of iterations has been exceeded.", "x": "[1.90851751 6.22559285 5.36525162 1.57987593 2.52564301 0.16098792]", "final_simplex": "(array([[1.90851751, 6.22559285, 5.36525162, 1.57987593, 2.52564301,\n        0.16098792],\n       [1.76706362, 6.28952511, 5.32215833, 1.47474157, 2.59151111,\n        0.16278384],\n       [1.79500502, 6.23100663, 5.34577736, 1.5799961 , 2.51551852,\n        0.16863713],\n       [1.83838692, 6.15023396, 5.30404806, 1.48047634, 2.5266201 ,\n        0.17440805],\n       [1.82622194, 6.08541413, 5.37728076, 1.64205848, 2.44811895,\n        0.18069636],\n       [1.84853008, 6.15182848, 5.40663984, 1.59148585, 2.46012715,\n        0.17709633],\n       [1.8473192 , 6.21106325, 5.44680539, 1.5818773 , 2.49718537,\n        0.16573203]]), array([0.46667964, 0.46700427, 0.46763476, 0.46784266, 0.46827378,\n       0.46975856, 0.46976964]))", "callback": [0.7413271048880812, 0.5119799132084416, 0.5047720796716864, 0.4890783861697874, 0.48611496035174884, 0.48611496035174884, 0.4850205773463433, 0.4788057402387784, 0.4753172628640334, 0.4719049758714565]}, "3": {"maxiter": 100, "fatol": 1e-10, "xatol": 1e-10, "duration": 0.037251949310302734, "fun": "0.46667964122986505", "nit": "100", "nfev": "164", "status": "2", "success": "False", "message": "Maximum number of iterations has been exceeded.", "x": "[1.90851751 6.22559285 5.36525162 1.57987593 2.52564301 0.16098792]", "final_simplex": "(array([[1.90851751, 6.22559285, 5.36525162, 1.57987593, 2.52564301,\n        0.16098792],\n       [1.76706362, 6.28952511, 5.32215833, 1.47474157, 2.59151111,\n        0.16278384],\n       [1.79500502, 6.23100663, 5.34577736, 1.5799961 , 2.51551852,\n        0.16863713],\n       [1.83838692, 6.15023396, 5.30404806, 1.48047634, 2.5266201 ,\n        0.17440805],\n       [1.82622194, 6.08541413, 5.37728076, 1.64205848, 2.44811895,\n        0.18069636],\n       [1.84853008, 6.15182848, 5.40663984, 1.59148585, 2.46012715,\n        0.17709633],\n       [1.8473192 , 6.21106325, 5.44680539, 1.5818773 , 2.49718537,\n        0.16573203]]), array([0.46667964, 0.46700427, 0.46763476, 0.46784266, 0.46827378,\n       0.46975856, 0.46976964]))", "callback": [0.7413271048880812, 0.5119799132084416, 0.5047720796716864, 0.4890783861697874, 0.48611496035174884, 0.48611496035174884, 0.4850205773463433, 0.4788057402387784, 0.4753172628640334, 0.4719049758714565]}, "4": {"maxiter": 500, "fatol": 1e-05, "xatol": 1e-05, "duration": 0.16940593719482422, "fun": "0.3147617138935638", "nit": "474", "nfev": "754", "status": "0", "success": "True", "message": "Optimization terminated successfully.", "x": "[ 0.73942351  7.55105752  3.89099867  1.46177181  3.18696653 -1.74983686]", "final_simplex": "(array([[ 0.73942351,  7.55105752,  3.89099867,  1.46177181,  3.18696653,\n        -1.74983686],\n       [ 0.73942303,  7.55106478,  3.89099204,  1.46177403,  3.18696872,\n        -1.74984326],\n       [ 0.73942255,  7.55105813,  3.89099933,  1.46177178,  3.18696796,\n        -1.74983936],\n       [ 0.73942292,  7.55106508,  3.89099211,  1.46177121,  3.18696908,\n        -1.74984232],\n       [ 0.73942558,  7.55105762,  3.89099852,  1.46177161,  3.18696945,\n        -1.74983857],\n       [ 0.73942552,  7.55106171,  3.89099532,  1.46177211,  3.18696749,\n        -1.74984133],\n       [ 0.73942291,  7.55106548,  3.8909932 ,  1.46177291,  3.18696799,\n        -1.74984137]]), array([0.31476171, 0.31476171, 0.31476171, 0.31476171, 0.31476171,\n       0.31476171, 0.31476171]))", "callback": [0.7413271048880812, 0.5119799132084416, 0.5047720796716864, 0.4890783861697874, 0.48611496035174884, 0.48611496035174884, 0.4850205773463433, 0.4788057402387784, 0.4753172628640334, 0.4719049758714565, 0.4626097746485325, 0.4590634115932546, 0.4524774983419998, 0.44929058743840466, 0.44827718182641996, 0.44732609538222523, 0.44721372172691776, 0.4469434567236902, 0.44674460088967716, 0.4465379372790488, 0.44635530208652374, 0.4458525866163814, 0.44417078647416375, 0.43817371598508115, 0.41950830744271606, 0.38443266384034636, 0.3589428178676799, 0.3530083976080862, 0.34973679843032757, 0.3414496175550632, 0.323422773579331, 0.31795534244553336, 0.31623015063864035, 0.31500643585993626, 0.3148430104493105, 0.314791838955674, 0.3147664602279783, 0.3147625568076142, 0.3147619118418219, 0.3147617478693374, 0.31476172468238306, 0.314761715805855, 0.31476171461869584, 0.31476171410460774, 0.31476171399187725, 0.31476171390909813, 0.31476171389950935, 0.3147617138940255]}, "5": {"maxiter": 500, "fatol": 1e-05, "xatol": 1e-10, "duration": 0.17790675163269043, "fun": "0.31476171389221363", "nit": "500", "nfev": "792", "status": "2", "success": "False", "message": "Maximum number of iterations has been exceeded.", "x": "[ 0.73942319  7.55105782  3.8909963   1.4617734   3.18696576 -1.74983851]", "final_simplex": "(array([[ 0.73942319,  7.55105782,  3.8909963 ,  1.4617734 ,  3.18696576,\n        -1.74983851],\n       [ 0.73942342,  7.55105835,  3.89099592,  1.461774  ,  3.18696628,\n        -1.74983988],\n       [ 0.73942286,  7.55105827,  3.8909968 ,  1.46177317,  3.18696699,\n        -1.74983948],\n       [ 0.73942242,  7.55106102,  3.89099348,  1.46177382,  3.18696728,\n        -1.74984087],\n       [ 0.73942297,  7.55106123,  3.89099369,  1.46177333,  3.1869665 ,\n        -1.74984109],\n       [ 0.73942354,  7.5510588 ,  3.89099595,  1.46177306,  3.18696748,\n        -1.7498395 ],\n       [ 0.73942322,  7.55106045,  3.89099461,  1.46177366,  3.18696645,\n        -1.74984016]]), array([0.31476171, 0.31476171, 0.31476171, 0.31476171, 0.31476171,\n       0.31476171, 0.31476171]))", "callback": [0.7413271048880812, 0.5119799132084416, 0.5047720796716864, 0.4890783861697874, 0.48611496035174884, 0.48611496035174884, 0.4850205773463433, 0.4788057402387784, 0.4753172628640334, 0.4719049758714565, 0.4626097746485325, 0.4590634115932546, 0.4524774983419998, 0.44929058743840466, 0.44827718182641996, 0.44732609538222523, 0.44721372172691776, 0.4469434567236902, 0.44674460088967716, 0.4465379372790488, 0.44635530208652374, 0.4458525866163814, 0.44417078647416375, 0.43817371598508115, 0.41950830744271606, 0.38443266384034636, 0.3589428178676799, 0.3530083976080862, 0.34973679843032757, 0.3414496175550632, 0.323422773579331, 0.31795534244553336, 0.31623015063864035, 0.31500643585993626, 0.3148430104493105, 0.314791838955674, 0.3147664602279783, 0.3147625568076142, 0.3147619118418219, 0.3147617478693374, 0.31476172468238306, 0.314761715805855, 0.31476171461869584, 0.31476171410460774, 0.31476171399187725, 0.31476171390909813, 0.31476171389950935, 0.3147617138940255, 0.314761713892342, 0.314761713892342]}, "6": {"maxiter": 500, "fatol": 1e-10, "xatol": 1e-05, "duration": 0.17662501335144043, "fun": "0.3147617138935638", "nit": "474", "nfev": "754", "status": "0", "success": "True", "message": "Optimization terminated successfully.", "x": "[ 0.73942351  7.55105752  3.89099867  1.46177181  3.18696653 -1.74983686]", "final_simplex": "(array([[ 0.73942351,  7.55105752,  3.89099867,  1.46177181,  3.18696653,\n        -1.74983686],\n       [ 0.73942303,  7.55106478,  3.89099204,  1.46177403,  3.18696872,\n        -1.74984326],\n       [ 0.73942255,  7.55105813,  3.89099933,  1.46177178,  3.18696796,\n        -1.74983936],\n       [ 0.73942292,  7.55106508,  3.89099211,  1.46177121,  3.18696908,\n        -1.74984232],\n       [ 0.73942558,  7.55105762,  3.89099852,  1.46177161,  3.18696945,\n        -1.74983857],\n       [ 0.73942552,  7.55106171,  3.89099532,  1.46177211,  3.18696749,\n        -1.74984133],\n       [ 0.73942291,  7.55106548,  3.8909932 ,  1.46177291,  3.18696799,\n        -1.74984137]]), array([0.31476171, 0.31476171, 0.31476171, 0.31476171, 0.31476171,\n       0.31476171, 0.31476171]))", "callback": [0.7413271048880812, 0.5119799132084416, 0.5047720796716864, 0.4890783861697874, 0.48611496035174884, 0.48611496035174884, 0.4850205773463433, 0.4788057402387784, 0.4753172628640334, 0.4719049758714565, 0.4626097746485325, 0.4590634115932546, 0.4524774983419998, 0.44929058743840466, 0.44827718182641996, 0.44732609538222523, 0.44721372172691776, 0.4469434567236902, 0.44674460088967716, 0.4465379372790488, 0.44635530208652374, 0.4458525866163814, 0.44417078647416375, 0.43817371598508115, 0.41950830744271606, 0.38443266384034636, 0.3589428178676799, 0.3530083976080862, 0.34973679843032757, 0.3414496175550632, 0.323422773579331, 0.31795534244553336, 0.31623015063864035, 0.31500643585993626, 0.3148430104493105, 0.314791838955674, 0.3147664602279783, 0.3147625568076142, 0.3147619118418219, 0.3147617478693374, 0.31476172468238306, 0.314761715805855, 0.31476171461869584, 0.31476171410460774, 0.31476171399187725, 0.31476171390909813, 0.31476171389950935, 0.3147617138940255]}, "7": {"maxiter": 500, "fatol": 1e-10, "xatol": 1e-10, "duration": 0.1757192611694336, "fun": "0.31476171389221363", "nit": "500", "nfev": "792", "status": "2", "success": "False", "message": "Maximum number of iterations has been exceeded.", "x": "[ 0.73942319  7.55105782  3.8909963   1.4617734   3.18696576 -1.74983851]", "final_simplex": "(array([[ 0.73942319,  7.55105782,  3.8909963 ,  1.4617734 ,  3.18696576,\n        -1.74983851],\n       [ 0.73942342,  7.55105835,  3.89099592,  1.461774  ,  3.18696628,\n        -1.74983988],\n       [ 0.73942286,  7.55105827,  3.8909968 ,  1.46177317,  3.18696699,\n        -1.74983948],\n       [ 0.73942242,  7.55106102,  3.89099348,  1.46177382,  3.18696728,\n        -1.74984087],\n       [ 0.73942297,  7.55106123,  3.89099369,  1.46177333,  3.1869665 ,\n        -1.74984109],\n       [ 0.73942354,  7.5510588 ,  3.89099595,  1.46177306,  3.18696748,\n        -1.7498395 ],\n       [ 0.73942322,  7.55106045,  3.89099461,  1.46177366,  3.18696645,\n        -1.74984016]]), array([0.31476171, 0.31476171, 0.31476171, 0.31476171, 0.31476171,\n       0.31476171, 0.31476171]))", "callback": [0.7413271048880812, 0.5119799132084416, 0.5047720796716864, 0.4890783861697874, 0.48611496035174884, 0.48611496035174884, 0.4850205773463433, 0.4788057402387784, 0.4753172628640334, 0.4719049758714565, 0.4626097746485325, 0.4590634115932546, 0.4524774983419998, 0.44929058743840466, 0.44827718182641996, 0.44732609538222523, 0.44721372172691776, 0.4469434567236902, 0.44674460088967716, 0.4465379372790488, 0.44635530208652374, 0.4458525866163814, 0.44417078647416375, 0.43817371598508115, 0.41950830744271606, 0.38443266384034636, 0.3589428178676799, 0.3530083976080862, 0.34973679843032757, 0.3414496175550632, 0.323422773579331, 0.31795534244553336, 0.31623015063864035, 0.31500643585993626, 0.3148430104493105, 0.314791838955674, 0.3147664602279783, 0.3147625568076142, 0.3147619118418219, 0.3147617478693374, 0.31476172468238306, 0.314761715805855, 0.31476171461869584, 0.31476171410460774, 0.31476171399187725, 0.31476171390909813, 0.31476171389950935, 0.3147617138940255, 0.314761713892342, 0.314761713892342]}, "8": {"maxiter": 1000, "fatol": 1e-05, "xatol": 1e-05, "duration": 0.16937494277954102, "fun": "0.3147617138935638", "nit": "474", "nfev": "754", "status": "0", "success": "True", "message": "Optimization terminated successfully.", "x": "[ 0.73942351  7.55105752  3.89099867  1.46177181  3.18696653 -1.74983686]", "final_simplex": "(array([[ 0.73942351,  7.55105752,  3.89099867,  1.46177181,  3.18696653,\n        -1.74983686],\n       [ 0.73942303,  7.55106478,  3.89099204,  1.46177403,  3.18696872,\n        -1.74984326],\n       [ 0.73942255,  7.55105813,  3.89099933,  1.46177178,  3.18696796,\n        -1.74983936],\n       [ 0.73942292,  7.55106508,  3.89099211,  1.46177121,  3.18696908,\n        -1.74984232],\n       [ 0.73942558,  7.55105762,  3.89099852,  1.46177161,  3.18696945,\n        -1.74983857],\n       [ 0.73942552,  7.55106171,  3.89099532,  1.46177211,  3.18696749,\n        -1.74984133],\n       [ 0.73942291,  7.55106548,  3.8909932 ,  1.46177291,  3.18696799,\n        -1.74984137]]), array([0.31476171, 0.31476171, 0.31476171, 0.31476171, 0.31476171,\n       0.31476171, 0.31476171]))", "callback": [0.7413271048880812, 0.5119799132084416, 0.5047720796716864, 0.4890783861697874, 0.48611496035174884, 0.48611496035174884, 0.4850205773463433, 0.4788057402387784, 0.4753172628640334, 0.4719049758714565, 0.4626097746485325, 0.4590634115932546, 0.4524774983419998, 0.44929058743840466, 0.44827718182641996, 0.44732609538222523, 0.44721372172691776, 0.4469434567236902, 0.44674460088967716, 0.4465379372790488, 0.44635530208652374, 0.4458525866163814, 0.44417078647416375, 0.43817371598508115, 0.41950830744271606, 0.38443266384034636, 0.3589428178676799, 0.3530083976080862, 0.34973679843032757, 0.3414496175550632, 0.323422773579331, 0.31795534244553336, 0.31623015063864035, 0.31500643585993626, 0.3148430104493105, 0.314791838955674, 0.3147664602279783, 0.3147625568076142, 0.3147619118418219, 0.3147617478693374, 0.31476172468238306, 0.314761715805855, 0.31476171461869584, 0.31476171410460774, 0.31476171399187725, 0.31476171390909813, 0.31476171389950935, 0.3147617138940255]}, "9": {"maxiter": 1000, "fatol": 1e-05, "xatol": 1e-10, "duration": 0.24168181419372559, "fun": "0.3147617138919734", "nit": "595", "nfev": "1002", "status": "0", "success": "True", "message": "Optimization terminated successfully.", "x": "[ 0.73942231  7.55105847  3.89099519  1.46177337  3.18696585 -1.74983992]", "final_simplex": "(array([[ 0.73942231,  7.55105847,  3.89099519,  1.46177337,  3.18696585,\n        -1.74983992],\n       [ 0.73942231,  7.55105847,  3.89099519,  1.46177337,  3.18696585,\n        -1.74983992],\n       [ 0.73942231,  7.55105847,  3.89099519,  1.46177337,  3.18696585,\n        -1.74983992],\n       [ 0.73942231,  7.55105847,  3.89099519,  1.46177337,  3.18696585,\n        -1.74983992],\n       [ 0.73942231,  7.55105847,  3.89099519,  1.46177337,  3.18696585,\n        -1.74983992],\n       [ 0.73942231,  7.55105847,  3.89099519,  1.46177337,  3.18696585,\n        -1.74983992],\n       [ 0.73942231,  7.55105847,  3.89099519,  1.46177337,  3.18696585,\n        -1.74983992]]), array([0.31476171, 0.31476171, 0.31476171, 0.31476171, 0.31476171,\n       0.31476171, 0.31476171]))", "callback": [0.7413271048880812, 0.5119799132084416, 0.5047720796716864, 0.4890783861697874, 0.48611496035174884, 0.48611496035174884, 0.4850205773463433, 0.4788057402387784, 0.4753172628640334, 0.4719049758714565, 0.4626097746485325, 0.4590634115932546, 0.4524774983419998, 0.44929058743840466, 0.44827718182641996, 0.44732609538222523, 0.44721372172691776, 0.4469434567236902, 0.44674460088967716, 0.4465379372790488, 0.44635530208652374, 0.4458525866163814, 0.44417078647416375, 0.43817371598508115, 0.41950830744271606, 0.38443266384034636, 0.3589428178676799, 0.3530083976080862, 0.34973679843032757, 0.3414496175550632, 0.323422773579331, 0.31795534244553336, 0.31623015063864035, 0.31500643585993626, 0.3148430104493105, 0.314791838955674, 0.3147664602279783, 0.3147625568076142, 0.3147619118418219, 0.3147617478693374, 0.31476172468238306, 0.314761715805855, 0.31476171461869584, 0.31476171410460774, 0.31476171399187725, 0.31476171390909813, 0.31476171389950935, 0.3147617138940255, 0.314761713892342, 0.314761713892342, 0.31476171389211083, 0.31476171389204355, 0.3147617138919845, 0.31476171389197627, 0.31476171389197516, 0.31476171389197394, 0.3147617138919736, 0.3147617138919734, 0.3147617138919734, 0.3147617138919734]}, "10": {"maxiter": 1000, "fatol": 1e-10, "xatol": 1e-05, "duration": 0.17566990852355957, "fun": "0.3147617138935638", "nit": "474", "nfev": "754", "status": "0", "success": "True", "message": "Optimization terminated successfully.", "x": "[ 0.73942351  7.55105752  3.89099867  1.46177181  3.18696653 -1.74983686]", "final_simplex": "(array([[ 0.73942351,  7.55105752,  3.89099867,  1.46177181,  3.18696653,\n        -1.74983686],\n       [ 0.73942303,  7.55106478,  3.89099204,  1.46177403,  3.18696872,\n        -1.74984326],\n       [ 0.73942255,  7.55105813,  3.89099933,  1.46177178,  3.18696796,\n        -1.74983936],\n       [ 0.73942292,  7.55106508,  3.89099211,  1.46177121,  3.18696908,\n        -1.74984232],\n       [ 0.73942558,  7.55105762,  3.89099852,  1.46177161,  3.18696945,\n        -1.74983857],\n       [ 0.73942552,  7.55106171,  3.89099532,  1.46177211,  3.18696749,\n        -1.74984133],\n       [ 0.73942291,  7.55106548,  3.8909932 ,  1.46177291,  3.18696799,\n        -1.74984137]]), array([0.31476171, 0.31476171, 0.31476171, 0.31476171, 0.31476171,\n       0.31476171, 0.31476171]))", "callback": [0.7413271048880812, 0.5119799132084416, 0.5047720796716864, 0.4890783861697874, 0.48611496035174884, 0.48611496035174884, 0.4850205773463433, 0.4788057402387784, 0.4753172628640334, 0.4719049758714565, 0.4626097746485325, 0.4590634115932546, 0.4524774983419998, 0.44929058743840466, 0.44827718182641996, 0.44732609538222523, 0.44721372172691776, 0.4469434567236902, 0.44674460088967716, 0.4465379372790488, 0.44635530208652374, 0.4458525866163814, 0.44417078647416375, 0.43817371598508115, 0.41950830744271606, 0.38443266384034636, 0.3589428178676799, 0.3530083976080862, 0.34973679843032757, 0.3414496175550632, 0.323422773579331, 0.31795534244553336, 0.31623015063864035, 0.31500643585993626, 0.3148430104493105, 0.314791838955674, 0.3147664602279783, 0.3147625568076142, 0.3147619118418219, 0.3147617478693374, 0.31476172468238306, 0.314761715805855, 0.31476171461869584, 0.31476171410460774, 0.31476171399187725, 0.31476171390909813, 0.31476171389950935, 0.3147617138940255]}, "11": {"maxiter": 1000, "fatol": 1e-10, "xatol": 1e-10, "duration": 0.22390985488891602, "fun": "0.3147617138919734", "nit": "595", "nfev": "1002", "status": "0", "success": "True", "message": "Optimization terminated successfully.", "x": "[ 0.73942231  7.55105847  3.89099519  1.46177337  3.18696585 -1.74983992]", "final_simplex": "(array([[ 0.73942231,  7.55105847,  3.89099519,  1.46177337,  3.18696585,\n        -1.74983992],\n       [ 0.73942231,  7.55105847,  3.89099519,  1.46177337,  3.18696585,\n        -1.74983992],\n       [ 0.73942231,  7.55105847,  3.89099519,  1.46177337,  3.18696585,\n        -1.74983992],\n       [ 0.73942231,  7.55105847,  3.89099519,  1.46177337,  3.18696585,\n        -1.74983992],\n       [ 0.73942231,  7.55105847,  3.89099519,  1.46177337,  3.18696585,\n        -1.74983992],\n       [ 0.73942231,  7.55105847,  3.89099519,  1.46177337,  3.18696585,\n        -1.74983992],\n       [ 0.73942231,  7.55105847,  3.89099519,  1.46177337,  3.18696585,\n        -1.74983992]]), array([0.31476171, 0.31476171, 0.31476171, 0.31476171, 0.31476171,\n       0.31476171, 0.31476171]))", "callback": [0.7413271048880812, 0.5119799132084416, 0.5047720796716864, 0.4890783861697874, 0.48611496035174884, 0.48611496035174884, 0.4850205773463433, 0.4788057402387784, 0.4753172628640334, 0.4719049758714565, 0.4626097746485325, 0.4590634115932546, 0.4524774983419998, 0.44929058743840466, 0.44827718182641996, 0.44732609538222523, 0.44721372172691776, 0.4469434567236902, 0.44674460088967716, 0.4465379372790488, 0.44635530208652374, 0.4458525866163814, 0.44417078647416375, 0.43817371598508115, 0.41950830744271606, 0.38443266384034636, 0.3589428178676799, 0.3530083976080862, 0.34973679843032757, 0.3414496175550632, 0.323422773579331, 0.31795534244553336, 0.31623015063864035, 0.31500643585993626, 0.3148430104493105, 0.314791838955674, 0.3147664602279783, 0.3147625568076142, 0.3147619118418219, 0.3147617478693374, 0.31476172468238306, 0.314761715805855, 0.31476171461869584, 0.31476171410460774, 0.31476171399187725, 0.31476171390909813, 0.31476171389950935, 0.3147617138940255, 0.314761713892342, 0.314761713892342, 0.31476171389211083, 0.31476171389204355, 0.3147617138919845, 0.31476171389197627, 0.31476171389197516, 0.31476171389197394, 0.3147617138919736, 0.3147617138919734, 0.3147617138919734, 0.3147617138919734]}}, "bfgs": {"type": "gradient", "0": {"maxiter": 100, "gtol": 1e-05, "xrtol": 1e-05, "eps": 1e-05, "duration": 0.12097525596618652, "fun": "0.31476171391393615", "jac": "[ 8.58968452e-07  7.39963646e-08 -2.55184762e-07  8.25062241e-07\n -3.70015130e-07  4.80648854e-07]", "hess_inv": "[[  4.02124071  -0.52976378  -0.27062984  -0.33745142  -1.63378298\n   -0.57331001]\n [ -0.52976378  18.84693723 -15.03725748   0.74554779   4.4794297\n  -10.39221417]\n [ -0.27062984 -15.03725748  16.44527537  -1.23133449  -1.84996794\n    9.34515035]\n [ -0.33745142   0.74554779  -1.23133449   3.17224613   0.17667823\n   -0.85113244]\n [ -1.63378298   4.4794297   -1.84996794   0.17667823   5.44503408\n   -2.19004108]\n [ -0.57331001 -10.39221417   9.34515035  -0.85113244  -2.19004108\n    9.58230803]]", "nfev": "518", "njev": "74", "status": "0", "success": "True", "message": "Optimization terminated successfully.", "x": "[5.54376608 4.40946634 7.03257671 1.46177318 3.18695527 4.53333995]", "nit": "53", "callback": [0.5906877399748336, 0.5768939524952461, 0.5512337921898082, 0.512863970235776, 0.5029761680005838, 0.5025571446238779, 0.5018077923878805, 0.5003981828612635, 0.48510189773138446, 0.4831380563992309, 0.4804065387437283, 0.47739748477478394, 0.4736993499509867, 0.47242305835280995, 0.4720748136713879, 0.4720459584927619, 0.4720417511825836, 0.47203498992233506, 0.4720230880542964, 0.47200164727953586, 0.4719624222901706, 0.46919741597199316, 0.469173828603769, 0.4683073738899204, 0.4672465360148611, 0.46718227430996806, 0.46716933211918543, 0.4671446400502203, 0.46692825310477337, 0.4632263626076589, 0.46319004347450743, 0.4574715173644073, 0.4390697156395279, 0.4346744891490457, 0.4280703706120774, 0.41686529937891104, 0.39662026501702163, 0.3655409043584025, 0.34602405502722244, 0.336668855017068, 0.32627028482241005, 0.32523406677759936, 0.3233713023440976, 0.32039209363361887, 0.31786795115184874, 0.3167301076789042, 0.3152159034062866, 0.31482566231853104, 0.3147649326040829, 0.31476188554960705, 0.3147617333659477, 0.3147617142276382, 0.31476171391393615]}, "1": {"maxiter": 100, "gtol": 1e-05, "xrtol": 1e-05, "eps": 1e-10, "duration": 0.11998319625854492, "fun": "0.3147617142168204", "jac": "[ 9.99200639e-06 -2.22044587e-06  0.00000000e+00 -4.44089173e-06\n  3.33066880e-06  3.33066880e-06]", "hess_inv": "[[  4.16372452  -0.11122875  -0.93552357  -0.25244271  -2.22502307\n   -0.68387379]\n [ -0.11122875  20.62436784 -17.28746116   0.38059054   4.31843567\n  -11.46422126]\n [ -0.93552357 -17.28746116  19.08732171  -0.93706017  -1.4222194\n   10.83379133]\n [ -0.25244271   0.38059054  -0.93706017   3.01259973   0.1379897\n   -0.56210813]\n [ -2.22502307   4.31843567  -1.4222194    0.1379897    6.01914769\n   -2.09830608]\n [ -0.68387379 -11.46422126  10.83379133  -0.56210813  -2.09830608\n   10.46825738]]", "nfev": "518", "njev": "74", "status": "0", "success": "True", "message": "Optimization terminated successfully.", "x": "[5.54380201 4.40944336 7.03261121 1.46174677 3.18695511 4.53336299]", "nit": "51", "callback": [0.5906875051674436, 0.5768938380839845, 0.5512339075610488, 0.5128640862808074, 0.5029759950161296, 0.5025569524758533, 0.5018074552187892, 0.5003975524956119, 0.4850973204474822, 0.4831338461010307, 0.4804022749626088, 0.4773937617750075, 0.4736986384209043, 0.47242236700386864, 0.4720747437329801, 0.4720459289087161, 0.47204172306532965, 0.4720349312712364, 0.47202296601471583, 0.47200142187493344, 0.47196198770251696, 0.4691843798506655, 0.46916066960972214, 0.4682902921923364, 0.4672318482309351, 0.4671712797842942, 0.46715790244918887, 0.4671324364513627, 0.4669110623681808, 0.4634720244392092, 0.46344692871792625, 0.459637289288799, 0.452701948222791, 0.4361498390878522, 0.43259309120727685, 0.4264207759624099, 0.4152443476693466, 0.3949570841043326, 0.36372489608385006, 0.3461689159114325, 0.33792274754145923, 0.32743510759134176, 0.324463005505944, 0.3216468436300075, 0.31903648506526716, 0.31626778537858735, 0.3152885772603464, 0.314780066075393, 0.31476378166465957, 0.31476173144773445, 0.3147617142168204]}, "2": {"maxiter": 100, "gtol": 1e-05, "xrtol": 1e-10, "eps": 1e-05, "duration": 0.12080812454223633, "fun": "0.31476171391393615", "jac": "[ 8.58968452e-07  7.39963646e-08 -2.55184762e-07  8.25062241e-07\n -3.70015130e-07  4.80648854e-07]", "hess_inv": "[[  4.02124071  -0.52976378  -0.27062984  -0.33745142  -1.63378298\n   -0.57331001]\n [ -0.52976378  18.84693723 -15.03725748   0.74554779   4.4794297\n  -10.39221417]\n [ -0.27062984 -15.03725748  16.44527537  -1.23133449  -1.84996794\n    9.34515035]\n [ -0.33745142   0.74554779  -1.23133449   3.17224613   0.17667823\n   -0.85113244]\n [ -1.63378298   4.4794297   -1.84996794   0.17667823   5.44503408\n   -2.19004108]\n [ -0.57331001 -10.39221417   9.34515035  -0.85113244  -2.19004108\n    9.58230803]]", "nfev": "518", "njev": "74", "status": "0", "success": "True", "message": "Optimization terminated successfully.", "x": "[5.54376608 4.40946634 7.03257671 1.46177318 3.18695527 4.53333995]", "nit": "53", "callback": [0.5906877399748336, 0.5768939524952461, 0.5512337921898082, 0.512863970235776, 0.5029761680005838, 0.5025571446238779, 0.5018077923878805, 0.5003981828612635, 0.48510189773138446, 0.4831380563992309, 0.4804065387437283, 0.47739748477478394, 0.4736993499509867, 0.47242305835280995, 0.4720748136713879, 0.4720459584927619, 0.4720417511825836, 0.47203498992233506, 0.4720230880542964, 0.47200164727953586, 0.4719624222901706, 0.46919741597199316, 0.469173828603769, 0.4683073738899204, 0.4672465360148611, 0.46718227430996806, 0.46716933211918543, 0.4671446400502203, 0.46692825310477337, 0.4632263626076589, 0.46319004347450743, 0.4574715173644073, 0.4390697156395279, 0.4346744891490457, 0.4280703706120774, 0.41686529937891104, 0.39662026501702163, 0.3655409043584025, 0.34602405502722244, 0.336668855017068, 0.32627028482241005, 0.32523406677759936, 0.3233713023440976, 0.32039209363361887, 0.31786795115184874, 0.3167301076789042, 0.3152159034062866, 0.31482566231853104, 0.3147649326040829, 0.31476188554960705, 0.3147617333659477, 0.3147617142276382, 0.31476171391393615]}, "3": {"maxiter": 100, "gtol": 1e-05, "xrtol": 1e-10, "eps": 1e-10, "duration": 0.11553597450256348, "fun": "0.3147617142168204", "jac": "[ 9.99200639e-06 -2.22044587e-06  0.00000000e+00 -4.44089173e-06\n  3.33066880e-06  3.33066880e-06]", "hess_inv": "[[  4.16372452  -0.11122875  -0.93552357  -0.25244271  -2.22502307\n   -0.68387379]\n [ -0.11122875  20.62436784 -17.28746116   0.38059054   4.31843567\n  -11.46422126]\n [ -0.93552357 -17.28746116  19.08732171  -0.93706017  -1.4222194\n   10.83379133]\n [ -0.25244271   0.38059054  -0.93706017   3.01259973   0.1379897\n   -0.56210813]\n [ -2.22502307   4.31843567  -1.4222194    0.1379897    6.01914769\n   -2.09830608]\n [ -0.68387379 -11.46422126  10.83379133  -0.56210813  -2.09830608\n   10.46825738]]", "nfev": "518", "njev": "74", "status": "0", "success": "True", "message": "Optimization terminated successfully.", "x": "[5.54380201 4.40944336 7.03261121 1.46174677 3.18695511 4.53336299]", "nit": "51", "callback": [0.5906875051674436, 0.5768938380839845, 0.5512339075610488, 0.5128640862808074, 0.5029759950161296, 0.5025569524758533, 0.5018074552187892, 0.5003975524956119, 0.4850973204474822, 0.4831338461010307, 0.4804022749626088, 0.4773937617750075, 0.4736986384209043, 0.47242236700386864, 0.4720747437329801, 0.4720459289087161, 0.47204172306532965, 0.4720349312712364, 0.47202296601471583, 0.47200142187493344, 0.47196198770251696, 0.4691843798506655, 0.46916066960972214, 0.4682902921923364, 0.4672318482309351, 0.4671712797842942, 0.46715790244918887, 0.4671324364513627, 0.4669110623681808, 0.4634720244392092, 0.46344692871792625, 0.459637289288799, 0.452701948222791, 0.4361498390878522, 0.43259309120727685, 0.4264207759624099, 0.4152443476693466, 0.3949570841043326, 0.36372489608385006, 0.3461689159114325, 0.33792274754145923, 0.32743510759134176, 0.324463005505944, 0.3216468436300075, 0.31903648506526716, 0.31626778537858735, 0.3152885772603464, 0.314780066075393, 0.31476378166465957, 0.31476173144773445, 0.3147617142168204]}, "4": {"maxiter": 100, "gtol": 1e-10, "xrtol": 1e-05, "eps": 1e-05, "duration": 0.11616396903991699, "fun": "0.31476171391393615", "jac": "[ 8.58968452e-07  7.39963646e-08 -2.55184762e-07  8.25062241e-07\n -3.70015130e-07  4.80648854e-07]", "hess_inv": "[[  4.02124071  -0.52976378  -0.27062984  -0.33745142  -1.63378298\n   -0.57331001]\n [ -0.52976378  18.84693723 -15.03725748   0.74554779   4.4794297\n  -10.39221417]\n [ -0.27062984 -15.03725748  16.44527537  -1.23133449  -1.84996794\n    9.34515035]\n [ -0.33745142   0.74554779  -1.23133449   3.17224613   0.17667823\n   -0.85113244]\n [ -1.63378298   4.4794297   -1.84996794   0.17667823   5.44503408\n   -2.19004108]\n [ -0.57331001 -10.39221417   9.34515035  -0.85113244  -2.19004108\n    9.58230803]]", "nfev": "518", "njev": "74", "status": "0", "success": "True", "message": "Optimization terminated successfully.", "x": "[5.54376608 4.40946634 7.03257671 1.46177318 3.18695527 4.53333995]", "nit": "53", "callback": [0.5906877399748336, 0.5768939524952461, 0.5512337921898082, 0.512863970235776, 0.5029761680005838, 0.5025571446238779, 0.5018077923878805, 0.5003981828612635, 0.48510189773138446, 0.4831380563992309, 0.4804065387437283, 0.47739748477478394, 0.4736993499509867, 0.47242305835280995, 0.4720748136713879, 0.4720459584927619, 0.4720417511825836, 0.47203498992233506, 0.4720230880542964, 0.47200164727953586, 0.4719624222901706, 0.46919741597199316, 0.469173828603769, 0.4683073738899204, 0.4672465360148611, 0.46718227430996806, 0.46716933211918543, 0.4671446400502203, 0.46692825310477337, 0.4632263626076589, 0.46319004347450743, 0.4574715173644073, 0.4390697156395279, 0.4346744891490457, 0.4280703706120774, 0.41686529937891104, 0.39662026501702163, 0.3655409043584025, 0.34602405502722244, 0.336668855017068, 0.32627028482241005, 0.32523406677759936, 0.3233713023440976, 0.32039209363361887, 0.31786795115184874, 0.3167301076789042, 0.3152159034062866, 0.31482566231853104, 0.3147649326040829, 0.31476188554960705, 0.3147617333659477, 0.3147617142276382, 0.31476171391393615]}, "5": {"maxiter": 100, "gtol": 1e-10, "xrtol": 1e-05, "eps": 1e-10, "duration": 0.116790771484375, "fun": "0.3147617139572325", "jac": "[-1.11022293e-06  2.22044587e-06  0.00000000e+00 -2.22044587e-06\n -2.22044587e-06  0.00000000e+00]", "hess_inv": "[[ 4.27996981e+00  1.26469677e-01 -1.02170590e+00 -3.69656467e-01\n  -1.94178897e+00 -9.66969982e-01]\n [ 1.26469677e-01  1.91767523e+01 -1.62353557e+01  3.52953084e-01\n   3.51439885e+00 -1.02526484e+01]\n [-1.02170590e+00 -1.62353557e+01  1.83709358e+01 -9.84856074e-01\n  -7.53549937e-01  9.90631724e+00]\n [-3.69656467e-01  3.52953084e-01 -9.84856074e-01  3.10753802e+00\n   4.07409016e-03 -4.72990208e-01]\n [-1.94178897e+00  3.51439885e+00 -7.53549937e-01  4.07409016e-03\n   5.71982191e+00 -1.50732579e+00]\n [-9.66969982e-01 -1.02526484e+01  9.90631724e+00 -4.72990208e-01\n  -1.50732579e+00  9.49984977e+00]]", "nfev": "525", "njev": "75", "status": "0", "success": "True", "message": "Optimization terminated successfully.", "x": "[5.54376757 4.40950868 7.03255051 1.46176661 3.18696831 4.53332117]", "nit": "52", "callback": [0.5906875051674436, 0.5768938380839845, 0.5512339075610488, 0.5128640862808074, 0.5029759950161296, 0.5025569524758533, 0.5018074552187892, 0.5003975524956119, 0.4850973204474822, 0.4831338461010307, 0.4804022749626088, 0.4773937617750075, 0.4736986384209043, 0.47242236700386864, 0.4720747437329801, 0.4720459289087161, 0.47204172306532965, 0.4720349312712364, 0.47202296601471583, 0.47200142187493344, 0.47196198770251696, 0.4691843798506655, 0.46916066960972214, 0.4682902921923364, 0.4672318482309351, 0.4671712797842942, 0.46715790244918887, 0.4671324364513627, 0.4669110623681808, 0.4634720244392092, 0.46344692871792625, 0.459637289288799, 0.452701948222791, 0.4361498390878522, 0.43259309120727685, 0.4264207759624099, 0.4152443476693466, 0.3949570841043326, 0.36372489608385006, 0.3461689159114325, 0.33792274754145923, 0.32743510759134176, 0.324463005505944, 0.3216468436300075, 0.31903648506526716, 0.31626778537858735, 0.3152885772603464, 0.314780066075393, 0.31476378166465957, 0.31476173144773445, 0.3147617142168204, 0.3147617139572325]}, "6": {"maxiter": 100, "gtol": 1e-10, "xrtol": 1e-10, "eps": 1e-05, "duration": 0.19141197204589844, "fun": "0.3147617139110762", "jac": "[-2.71893619e-08  2.77888823e-08  4.76618744e-08  7.33413330e-08\n -5.69544412e-09 -6.95998814e-08]", "hess_inv": "[[  4.09066147  -0.37136505  -0.40388725  -0.08945297  -1.82000452\n   -0.7395091 ]\n [ -0.37136505  18.67563379 -15.00795214   0.78786877   4.27525363\n  -10.23641574]\n [ -0.40388725 -15.00795214  16.4815013   -1.41122117  -1.57745219\n    9.33354787]\n [ -0.08945297   0.78786877  -1.41122117   3.45343909  -0.11909221\n   -0.90711761]\n [ -1.82000452   4.27525363  -1.57745219  -0.11909221   5.59518681\n   -1.9860908 ]\n [ -0.7395091  -10.23641574   9.33354787  -0.90711761  -1.9860908\n    9.44129922]]", "nfev": "858", "njev": "121", "status": "2", "success": "False", "message": "Desired error not necessarily achieved due to precision loss.", "x": "[5.54376216 4.40946786 7.0325781  1.46177066 3.18695942 4.53333866]", "nit": "54", "callback": [0.5906877399748336, 0.5768939524952461, 0.5512337921898082, 0.512863970235776, 0.5029761680005838, 0.5025571446238779, 0.5018077923878805, 0.5003981828612635, 0.48510189773138446, 0.4831380563992309, 0.4804065387437283, 0.47739748477478394, 0.4736993499509867, 0.47242305835280995, 0.4720748136713879, 0.4720459584927619, 0.4720417511825836, 0.47203498992233506, 0.4720230880542964, 0.47200164727953586, 0.4719624222901706, 0.46919741597199316, 0.469173828603769, 0.4683073738899204, 0.4672465360148611, 0.46718227430996806, 0.46716933211918543, 0.4671446400502203, 0.46692825310477337, 0.4632263626076589, 0.46319004347450743, 0.4574715173644073, 0.4390697156395279, 0.4346744891490457, 0.4280703706120774, 0.41686529937891104, 0.39662026501702163, 0.3655409043584025, 0.34602405502722244, 0.336668855017068, 0.32627028482241005, 0.32523406677759936, 0.3233713023440976, 0.32039209363361887, 0.31786795115184874, 0.3167301076789042, 0.3152159034062866, 0.31482566231853104, 0.3147649326040829, 0.31476188554960705, 0.3147617333659477, 0.3147617142276382, 0.31476171391393615, 0.3147617139110762]}, "7": {"maxiter": 100, "gtol": 1e-10, "xrtol": 1e-10, "eps": 1e-10, "duration": 0.13215303421020508, "fun": "0.31476171390326835", "jac": "[ 0.00000000e+00 -2.22044587e-06 -2.22044587e-06 -3.33066880e-06\n  0.00000000e+00 -2.22044587e-06]", "hess_inv": "[[ 6.88744503  3.63423557 -0.13172007 -4.01977543 -2.09129706 -2.37834112]\n [ 3.63423557 18.57646561 -9.15909303 -3.37481903  3.88415907 -9.33052677]\n [-0.13172007 -9.15909303  8.31645645 -2.8074323  -1.8269428   3.33483252]\n [-4.01977543 -3.37481903 -2.8074323   6.37316049 -0.06827387  3.18435567]\n [-2.09129706  3.88415907 -1.8269428  -0.06827387  5.66039059 -1.98039358]\n [-2.37834112 -9.33052677  3.33483252  3.18435567 -1.98039358  5.10917726]]", "nfev": "588", "njev": "84", "status": "2", "success": "False", "message": "Desired error not necessarily achieved due to precision loss.", "x": "[5.54376401 4.40948471 7.03257155 1.46177334 3.18697165 4.5333325 ]", "nit": "55", "callback": [0.5906875051674436, 0.5768938380839845, 0.5512339075610488, 0.5128640862808074, 0.5029759950161296, 0.5025569524758533, 0.5018074552187892, 0.5003975524956119, 0.4850973204474822, 0.4831338461010307, 0.4804022749626088, 0.4773937617750075, 0.4736986384209043, 0.47242236700386864, 0.4720747437329801, 0.4720459289087161, 0.47204172306532965, 0.4720349312712364, 0.47202296601471583, 0.47200142187493344, 0.47196198770251696, 0.4691843798506655, 0.46916066960972214, 0.468290292