{"date": "2024/09/24/, 01:35:13", "conf_id": 187, "data_type": "non_lin_ind\n", "num_data_points": 2, "s_rank": 0, "unitary": "[[0.18663085-0.53122324j,-0.11886349-0.70040876j,0.28555095-0.02789305j,-0.12262021-0.2844587j],[-0.16702216+0.27758472j,0.27526351-0.29738586j,-0.01109314+0.22495461j,-0.77239203+0.28900673j],[0.61935415+0.12301792j,-0.31269928-0.03315917j,-0.61902762-0.19039079j,-0.27120731-0.0968989j],[0.42341754+0.0023929j,-0.05847358+0.47832119j,0.64900495-0.16218422j,-0.37182676-0.05229966j]]", "databatch_0": {"databatch": "[[[-0.07955565+0.21815362j,0.072258-0.00485826j,-0.36037627-0.17734487j,-0.31393136-0.20133023j],[0.45769012+0.10765345j,0.03362229+0.08855207j,0.208678+0.2494643j,0.11681598+0.23586725j],[0.12283781+0.3491412j,-0.04378356+0.08288845j,-0.02102782+0.20620767j,-0.05561891+0.1457414j],[0.01231205-0.0282969j,0.0268038+0.02213532j,0.04334503-0.09843872j,0.04199685-0.08221267j]],[[-0.05140221-0.00072184j,-0.09029326+0.01310435j,0.05280811+0.00289793j,0.02596349-0.08412041j],[-0.27063767+0.03693181j,-0.3731905-0.11286867j,0.30966668+0.08021289j,0.25362191-0.37546799j],[-0.16416823-0.17603786j,-0.11656632-0.33157182j,0.1037336+0.26362174j,0.40398805-0.01399143j],[-0.03717729+0.02678876j,-0.07738303+0.01395446j,0.05632448-0.01609543j,0.00800711-0.08563091j]]]", "initial param values": "[0.61801456,5.85460063,6.24828086,0.02728049,1.95089,5.43373824]", "nelder_mead": {"type": "gradient-free", "0": {"maxiter": 100, "fatol": 1e-05, "xatol": 1e-05, "duration": 0.03569197654724121, "fun": "0.3325799100679965", "nit": "100", "nfev": "151", "status": "2", "success": "False", "message": "Maximum number of iterations has been exceeded.", "x": "[1.42620133e+00 2.68998518e+00 7.71430176e+00 6.66490849e-03\n 1.25842064e+00 6.71114803e+00]", "final_simplex": "(array([[1.42620133e+00, 2.68998518e+00, 7.71430176e+00, 6.66490849e-03,\n        1.25842064e+00, 6.71114803e+00],\n       [1.44014857e+00, 2.69829641e+00, 7.89161821e+00, 3.91125912e-03,\n        1.25475209e+00, 6.96930005e+00],\n       [1.53799444e+00, 2.65314297e+00, 7.80432219e+00, 3.03325759e-03,\n        1.11295698e+00, 7.05606939e+00],\n       [1.50611384e+00, 2.72061346e+00, 7.94104985e+00, 3.11761154e-03,\n        1.19294602e+00, 6.96534052e+00],\n       [1.38060153e+00, 2.82473039e+00, 7.65586069e+00, 7.54735261e-03,\n        1.29071239e+00, 6.85106000e+00],\n       [1.43039629e+00, 2.66628909e+00, 8.02897716e+00, 5.19868537e-03,\n        1.14824867e+00, 7.23390556e+00],\n       [1.45219673e+00, 2.50874174e+00, 7.72519152e+00, 5.89025473e-03,\n        1.22694910e+00, 6.90379478e+00]]), array([0.33257991, 0.33285465, 0.33351664, 0.33430177, 0.33570912,\n       0.33732098, 0.33881498]))", "callback": [0.5814060178388001, 0.501584818509351, 0.4519411675390945, 0.4437716988999152, 0.43513608267899173, 0.42136752160459, 0.3897379596814453, 0.3511169896963937, 0.33285464663798336]}, "1": {"maxiter": 100, "fatol": 1e-05, "xatol": 1e-10, "duration": 0.0338587760925293, "fun": "0.3325799100679965", "nit": "100", "nfev": "151", "status": "2", "success": "False", "message": "Maximum number of iterations has been exceeded.", "x": "[1.42620133e+00 2.68998518e+00 7.71430176e+00 6.66490849e-03\n 1.25842064e+00 6.71114803e+00]", "final_simplex": "(array([[1.42620133e+00, 2.68998518e+00, 7.71430176e+00, 6.66490849e-03,\n        1.25842064e+00, 6.71114803e+00],\n       [1.44014857e+00, 2.69829641e+00, 7.89161821e+00, 3.91125912e-03,\n        1.25475209e+00, 6.96930005e+00],\n       [1.53799444e+00, 2.65314297e+00, 7.80432219e+00, 3.03325759e-03,\n        1.11295698e+00, 7.05606939e+00],\n       [1.50611384e+00, 2.72061346e+00, 7.94104985e+00, 3.11761154e-03,\n        1.19294602e+00, 6.96534052e+00],\n       [1.38060153e+00, 2.82473039e+00, 7.65586069e+00, 7.54735261e-03,\n        1.29071239e+00, 6.85106000e+00],\n       [1.43039629e+00, 2.66628909e+00, 8.02897716e+00, 5.19868537e-03,\n        1.14824867e+00, 7.23390556e+00],\n       [1.45219673e+00, 2.50874174e+00, 7.72519152e+00, 5.89025473e-03,\n        1.22694910e+00, 6.90379478e+00]]), array([0.33257991, 0.33285465, 0.33351664, 0.33430177, 0.33570912,\n       0.33732098, 0.33881498]))", "callback": [0.5814060178388001, 0.501584818509351, 0.4519411675390945, 0.4437716988999152, 0.43513608267899173, 0.42136752160459, 0.3897379596814453, 0.3511169896963937, 0.33285464663798336]}, "2": {"maxiter": 100, "fatol": 1e-10, "xatol": 1e-05, "duration": 0.034407854080200195, "fun": "0.3325799100679965", "nit": "100", "nfev": "151", "status": "2", "success": "False", "message": "Maximum number of iterations has been exceeded.", "x": "[1.42620133e+00 2.68998518e+00 7.71430176e+00 6.66490849e-03\n 1.25842064e+00 6.71114803e+00]", "final_simplex": "(array([[1.42620133e+00, 2.68998518e+00, 7.71430176e+00, 6.66490849e-03,\n        1.25842064e+00, 6.71114803e+00],\n       [1.44014857e+00, 2.69829641e+00, 7.89161821e+00, 3.91125912e-03,\n        1.25475209e+00, 6.96930005e+00],\n       [1.53799444e+00, 2.65314297e+00, 7.80432219e+00, 3.03325759e-03,\n        1.11295698e+00, 7.05606939e+00],\n       [1.50611384e+00, 2.72061346e+00, 7.94104985e+00, 3.11761154e-03,\n        1.19294602e+00, 6.96534052e+00],\n       [1.38060153e+00, 2.82473039e+00, 7.65586069e+00, 7.54735261e-03,\n        1.29071239e+00, 6.85106000e+00],\n       [1.43039629e+00, 2.66628909e+00, 8.02897716e+00, 5.19868537e-03,\n        1.14824867e+00, 7.23390556e+00],\n       [1.45219673e+00, 2.50874174e+00, 7.72519152e+00, 5.89025473e-03,\n        1.22694910e+00, 6.90379478e+00]]), array([0.33257991, 0.33285465, 0.33351664, 0.33430177, 0.33570912,\n       0.33732098, 0.33881498]))", "callback": [0.5814060178388001, 0.501584818509351, 0.4519411675390945, 0.4437716988999152, 0.43513608267899173, 0.42136752160459, 0.3897379596814453, 0.3511169896963937, 0.33285464663798336]}, "3": {"maxiter": 100, "fatol": 1e-10, "xatol": 1e-10, "duration": 0.034124135971069336, "fun": "0.3325799100679965", "nit": "100", "nfev": "151", "status": "2", "success": "False", "message": "Maximum number of iterations has been exceeded.", "x": "[1.42620133e+00 2.68998518e+00 7.71430176e+00 6.66490849e-03\n 1.25842064e+00 6.71114803e+00]", "final_simplex": "(array([[1.42620133e+00, 2.68998518e+00, 7.71430176e+00, 6.66490849e-03,\n        1.25842064e+00, 6.71114803e+00],\n       [1.44014857e+00, 2.69829641e+00, 7.89161821e+00, 3.91125912e-03,\n        1.25475209e+00, 6.96930005e+00],\n       [1.53799444e+00, 2.65314297e+00, 7.80432219e+00, 3.03325759e-03,\n        1.11295698e+00, 7.05606939e+00],\n       [1.50611384e+00, 2.72061346e+00, 7.94104985e+00, 3.11761154e-03,\n        1.19294602e+00, 6.96534052e+00],\n       [1.38060153e+00, 2.82473039e+00, 7.65586069e+00, 7.54735261e-03,\n        1.29071239e+00, 6.85106000e+00],\n       [1.43039629e+00, 2.66628909e+00, 8.02897716e+00, 5.19868537e-03,\n        1.14824867e+00, 7.23390556e+00],\n       [1.45219673e+00, 2.50874174e+00, 7.72519152e+00, 5.89025473e-03,\n        1.22694910e+00, 6.90379478e+00]]), array([0.33257991, 0.33285465, 0.33351664, 0.33430177, 0.33570912,\n       0.33732098, 0.33881498]))", "callback": [0.5814060178388001, 0.501584818509351, 0.4519411675390945, 0.4437716988999152, 0.43513608267899173, 0.42136752160459, 0.3897379596814453, 0.3511169896963937, 0.33285464663798336]}, "4": {"maxiter": 500, "fatol": 1e-05, "xatol": 1e-05, "duration": 0.1718730926513672, "fun": "0.17546162141851418", "nit": "500", "nfev": "765", "status": "2", "success": "False", "message": "Maximum number of iterations has been exceeded.", "x": "[ 0.53229867  1.43166413  8.5536695  -1.51279493  3.22506089  5.1497073 ]", "final_simplex": "(array([[ 0.53229867,  1.43166413,  8.5536695 , -1.51279493,  3.22506089,\n         5.1497073 ],\n       [ 0.53188536,  1.47984765,  8.46128517, -1.44707661,  3.19419956,\n         5.24914165],\n       [ 0.52852696,  1.48503893,  8.39932446, -1.51851337,  3.26774866,\n         5.25610726],\n       [ 0.61695931,  1.77351083,  8.25041755, -1.38313182,  3.04186845,\n         5.12621897],\n       [ 0.56222595,  1.57446622,  8.39739412, -1.41940972,  3.20548566,\n         5.02634398],\n       [ 0.69637018,  1.54184338,  8.50178565, -1.2370216 ,  3.25388649,\n         5.19136843],\n       [ 0.49426782,  1.73877809,  8.34118688, -1.46249098,  3.22604326,\n         5.27412397]]), array([0.17546162, 0.17936533, 0.1816604 , 0.18323514, 0.18330226,\n       0.18398043, 0.18442322]))", "callback": [0.5814060178388001, 0.501584818509351, 0.4519411675390945, 0.4437716988999152, 0.43513608267899173, 0.42136752160459, 0.3897379596814453, 0.3511169896963937, 0.33285464663798336, 0.3325799100679965, 0.33095127528145485, 0.3308459593094353, 0.3308036558252131, 0.33079266798148943, 0.33079266798148943, 0.3307898866211322, 0.3307819290858064, 0.3307570481128852, 0.33064562319040536, 0.32983100346331407, 0.3297155660730734, 0.3283955432041934, 0.32792875460931137, 0.32745643936955093, 0.327301436556811, 0.3270099093549449, 0.3263861058741274, 0.3263372478662102, 0.3263172440232419, 0.3263010388483176, 0.3262919076772808, 0.3262919076772808, 0.3262451073801824, 0.32610790052999317, 0.32583472045113804, 0.32559218414437785, 0.32545259124200077, 0.3252479184812762, 0.32514190627726114, 0.3246723829697906, 0.32317281325766944, 0.3171782164286514, 0.31527216712916395, 0.3091000326559139, 0.29702888941507855, 0.26136514140371125, 0.2084351089935268, 0.19035352392726512, 0.181660397647867]}, "5": {"maxiter": 500, "fatol": 1e-05, "xatol": 1e-10, "duration": 0.1726059913635254, "fun": "0.17546162141851418", "nit": "500", "nfev": "765", "status": "2", "success": "False", "message": "Maximum number of iterations has been exceeded.", "x": "[ 0.53229867  1.43166413  8.5536695  -1.51279493  3.22506089  5.1497073 ]", "final_simplex": "(array([[ 0.53229867,  1.43166413,  8.5536695 , -1.51279493,  3.22506089,\n         5.1497073 ],\n       [ 0.53188536,  1.47984765,  8.46128517, -1.44707661,  3.19419956,\n         5.24914165],\n       [ 0.52852696,  1.48503893,  8.39932446, -1.51851337,  3.26774866,\n         5.25610726],\n       [ 0.61695931,  1.77351083,  8.25041755, -1.38313182,  3.04186845,\n         5.12621897],\n       [ 0.56222595,  1.57446622,  8.39739412, -1.41940972,  3.20548566,\n         5.02634398],\n       [ 0.69637018,  1.54184338,  8.50178565, -1.2370216 ,  3.25388649,\n         5.19136843],\n       [ 0.49426782,  1.73877809,  8.34118688, -1.46249098,  3.22604326,\n         5.27412397]]), array([0.17546162, 0.17936533, 0.1816604 , 0.18323514, 0.18330226,\n       0.18398043, 0.18442322]))", "callback": [0.5814060178388001, 0.501584818509351, 0.4519411675390945, 0.4437716988999152, 0.43513608267899173, 0.42136752160459, 0.3897379596814453, 0.3511169896963937, 0.33285464663798336, 0.3325799100679965, 0.33095127528145485, 0.3308459593094353, 0.3308036558252131, 0.33079266798148943, 0.33079266798148943, 0.3307898866211322, 0.3307819290858064, 0.3307570481128852, 0.33064562319040536, 0.32983100346331407, 0.3297155660730734, 0.3283955432041934, 0.32792875460931137, 0.32745643936955093, 0.327301436556811, 0.3270099093549449, 0.3263861058741274, 0.3263372478662102, 0.3263172440232419, 0.3263010388483176, 0.3262919076772808, 0.3262919076772808, 0.3262451073801824, 0.32610790052999317, 0.32583472045113804, 0.32559218414437785, 0.32545259124200077, 0.3252479184812762, 0.32514190627726114, 0.3246723829697906, 0.32317281325766944, 0.3171782164286514, 0.31527216712916395, 0.3091000326559139, 0.29702888941507855, 0.26136514140371125, 0.2084351089935268, 0.19035352392726512, 0.181660397647867]}, "6": {"maxiter": 500, "fatol": 1e-10, "xatol": 1e-05, "duration": 0.17409491539001465, "fun": "0.17546162141851418", "nit": "500", "nfev": "765", "status": "2", "success": "False", "message": "Maximum number of iterations has been exceeded.", "x": "[ 0.53229867  1.43166413  8.5536695  -1.51279493  3.22506089  5.1497073 ]", "final_simplex": "(array([[ 0.53229867,  1.43166413,  8.5536695 , -1.51279493,  3.22506089,\n         5.1497073 ],\n       [ 0.53188536,  1.47984765,  8.46128517, -1.44707661,  3.19419956,\n         5.24914165],\n       [ 0.52852696,  1.48503893,  8.39932446, -1.51851337,  3.26774866,\n         5.25610726],\n       [ 0.61695931,  1.77351083,  8.25041755, -1.38313182,  3.04186845,\n         5.12621897],\n       [ 0.56222595,  1.57446622,  8.39739412, -1.41940972,  3.20548566,\n         5.02634398],\n       [ 0.69637018,  1.54184338,  8.50178565, -1.2370216 ,  3.25388649,\n         5.19136843],\n       [ 0.49426782,  1.73877809,  8.34118688, -1.46249098,  3.22604326,\n         5.27412397]]), array([0.17546162, 0.17936533, 0.1816604 , 0.18323514, 0.18330226,\n       0.18398043, 0.18442322]))", "callback": [0.5814060178388001, 0.501584818509351, 0.4519411675390945, 0.4437716988999152, 0.43513608267899173, 0.42136752160459, 0.3897379596814453, 0.3511169896963937, 0.33285464663798336, 0.3325799100679965, 0.33095127528145485, 0.3308459593094353, 0.3308036558252131, 0.33079266798148943, 0.33079266798148943, 0.3307898866211322, 0.3307819290858064, 0.3307570481128852, 0.33064562319040536, 0.32983100346331407, 0.3297155660730734, 0.3283955432041934, 0.32792875460931137, 0.32745643936955093, 0.327301436556811, 0.3270099093549449, 0.3263861058741274, 0.3263372478662102, 0.3263172440232419, 0.3263010388483176, 0.3262919076772808, 0.3262919076772808, 0.3262451073801824, 0.32610790052999317, 0.32583472045113804, 0.32559218414437785, 0.32545259124200077, 0.3252479184812762, 0.32514190627726114, 0.3246723829697906, 0.32317281325766944, 0.3171782164286514, 0.31527216712916395, 0.3091000326559139, 0.29702888941507855, 0.26136514140371125, 0.2084351089935268, 0.19035352392726512, 0.181660397647867]}, "7": {"maxiter": 500, "fatol": 1e-10, "xatol": 1e-10, "duration": 0.17965126037597656, "fun": "0.17546162141851418", "nit": "500", "nfev": "765", "status": "2", "success": "False", "message": "Maximum number of iterations has been exceeded.", "x": "[ 0.53229867  1.43166413  8.5536695  -1.51279493  3.22506089  5.1497073 ]", "final_simplex": "(array([[ 0.53229867,  1.43166413,  8.5536695 , -1.51279493,  3.22506089,\n         5.1497073 ],\n       [ 0.53188536,  1.47984765,  8.46128517, -1.44707661,  3.19419956,\n         5.24914165],\n       [ 0.52852696,  1.48503893,  8.39932446, -1.51851337,  3.26774866,\n         5.25610726],\n       [ 0.61695931,  1.77351083,  8.25041755, -1.38313182,  3.04186845,\n         5.12621897],\n       [ 0.56222595,  1.57446622,  8.39739412, -1.41940972,  3.20548566,\n         5.02634398],\n       [ 0.69637018,  1.54184338,  8.50178565, -1.2370216 ,  3.25388649,\n         5.19136843],\n       [ 0.49426782,  1.73877809,  8.34118688, -1.46249098,  3.22604326,\n         5.27412397]]), array([0.17546162, 0.17936533, 0.1816604 , 0.18323514, 0.18330226,\n       0.18398043, 0.18442322]))", "callback": [0.5814060178388001, 0.501584818509351, 0.4519411675390945, 0.4437716988999152, 0.43513608267899173, 0.42136752160459, 0.3897379596814453, 0.3511169896963937, 0.33285464663798336, 0.3325799100679965, 0.33095127528145485, 0.3308459593094353, 0.3308036558252131, 0.33079266798148943, 0.33079266798148943, 0.3307898866211322, 0.3307819290858064, 0.3307570481128852, 0.33064562319040536, 0.32983100346331407, 0.3297155660730734, 0.3283955432041934, 0.32792875460931137, 0.32745643936955093, 0.327301436556811, 0.3270099093549449, 0.3263861058741274, 0.3263372478662102, 0.3263172440232419, 0.3263010388483176, 0.3262919076772808, 0.3262919076772808, 0.3262451073801824, 0.32610790052999317, 0.32583472045113804, 0.32559218414437785, 0.32545259124200077, 0.3252479184812762, 0.32514190627726114, 0.3246723829697906, 0.32317281325766944, 0.3171782164286514, 0.31527216712916395, 0.3091000326559139, 0.29702888941507855, 0.26136514140371125, 0.2084351089935268, 0.19035352392726512, 0.181660397647867]}, "8": {"maxiter": 1000, "fatol": 1e-05, "xatol": 1e-05, "duration": 0.25984835624694824, "fun": "0.15448075664028504", "nit": "730", "nfev": "1141", "status": "0", "success": "True", "message": "Optimization terminated successfully.", "x": "[ 0.97321016  0.94416982  9.1149984  -1.82733379  3.53282257  5.37054647]", "final_simplex": "(array([[ 0.97321016,  0.94416982,  9.1149984 , -1.82733379,  3.53282257,\n         5.37054647],\n       [ 0.97320548,  0.9441711 ,  9.11499127, -1.82733612,  3.5328254 ,\n         5.37054357],\n       [ 0.9732117 ,  0.94416215,  9.11500272, -1.82733894,  3.53282897,\n         5.37055042],\n       [ 0.97320723,  0.94416609,  9.11499235, -1.82733227,  3.53282709,\n         5.37054733],\n       [ 0.97320914,  0.94416552,  9.11499969, -1.82733276,  3.53282408,\n         5.3705453 ],\n       [ 0.97320344,  0.94416257,  9.11499618, -1.8273406 ,  3.5328145 ,\n         5.37054271],\n       [ 0.97321438,  0.94416426,  9.11499029, -1.82734253,  3.53282793,\n         5.37054182]]), array([0.15448076, 0.15448076, 0.15448076, 0.15448076, 0.15448076,\n       0.15448076, 0.15448076]))", "callback": [0.5814060178388001, 0.501584818509351, 0.4519411675390945, 0.4437716988999152, 0.43513608267899173, 0.42136752160459, 0.3897379596814453, 0.3511169896963937, 0.33285464663798336, 0.3325799100679965, 0.33095127528145485, 0.3308459593094353, 0.3308036558252131, 0.33079266798148943, 0.33079266798148943, 0.3307898866211322, 0.3307819290858064, 0.3307570481128852, 0.33064562319040536, 0.32983100346331407, 0.3297155660730734, 0.3283955432041934, 0.32792875460931137, 0.32745643936955093, 0.327301436556811, 0.3270099093549449, 0.3263861058741274, 0.3263372478662102, 0.3263172440232419, 0.3263010388483176, 0.3262919076772808, 0.3262919076772808, 0.3262451073801824, 0.32610790052999317, 0.32583472045113804, 0.32559218414437785, 0.32545259124200077, 0.3252479184812762, 0.32514190627726114, 0.3246723829697906, 0.32317281325766944, 0.3171782164286514, 0.31527216712916395, 0.3091000326559139, 0.29702888941507855, 0.26136514140371125, 0.2084351089935268, 0.19035352392726512, 0.181660397647867, 0.17546162141851418, 0.1724063053697933, 0.16766260831654, 0.15965148593981393, 0.1584168524131413, 0.15516065461006434, 0.15501857610011882, 0.1545768766670672, 0.15452207436533383, 0.1544933415067269, 0.1544827113826297, 0.15448154070834108, 0.15448087529292365, 0.154480801291768, 0.1544807697279842, 0.15448076188537396, 0.15448075890191526, 0.15448075755939494, 0.15448075708288866, 0.15448075686838247, 0.15448075675117967, 0.15448075667832784, 0.15448075666070016, 0.15448075664028504]}, "9": {"maxiter": 1000, "fatol": 1e-05, "xatol": 1e-10, "duration": 0.3381180763244629, "fun": "0.15448075662936156", "nit": "834", "nfev": "1376", "status": "0", "success": "True", "message": "Optimization terminated successfully.", "x": "[ 0.97320926  0.9441768   9.11499148 -1.82733143  3.53282108  5.37054983]", "final_simplex": "(array([[ 0.97320926,  0.9441768 ,  9.11499148, -1.82733143,  3.53282108,\n         5.37054983],\n       [ 0.97320926,  0.9441768 ,  9.11499148, -1.82733143,  3.53282108,\n         5.37054983],\n       [ 0.97320926,  0.9441768 ,  9.11499148, -1.82733143,  3.53282108,\n         5.37054983],\n       [ 0.97320926,  0.9441768 ,  9.11499148, -1.82733143,  3.53282108,\n         5.37054983],\n       [ 0.97320926,  0.9441768 ,  9.11499148, -1.82733143,  3.53282108,\n         5.37054983],\n       [ 0.97320926,  0.9441768 ,  9.11499148, -1.82733143,  3.53282108,\n         5.37054983],\n       [ 0.97320926,  0.9441768 ,  9.11499148, -1.82733143,  3.53282108,\n         5.37054983]]), array([0.15448076, 0.15448076, 0.15448076, 0.15448076, 0.15448076,\n       0.15448076, 0.15448076]))", "callback": [0.5814060178388001, 0.501584818509351, 0.4519411675390945, 0.4437716988999152, 0.43513608267899173, 0.42136752160459, 0.3897379596814453, 0.3511169896963937, 0.33285464663798336, 0.3325799100679965, 0.33095127528145485, 0.3308459593094353, 0.3308036558252131, 0.33079266798148943, 0.33079266798148943, 0.3307898866211322, 0.3307819290858064, 0.3307570481128852, 0.33064562319040536, 0.32983100346331407, 0.3297155660730734, 0.3283955432041934, 0.32792875460931137, 0.32745643936955093, 0.327301436556811, 0.3270099093549449, 0.3263861058741274, 0.3263372478662102, 0.3263172440232419, 0.3263010388483176, 0.3262919076772808, 0.3262919076772808, 0.3262451073801824, 0.32610790052999317, 0.32583472045113804, 0.32559218414437785, 0.32545259124200077, 0.3252479184812762, 0.32514190627726114, 0.3246723829697906, 0.32317281325766944, 0.3171782164286514, 0.31527216712916395, 0.3091000326559139, 0.29702888941507855, 0.26136514140371125, 0.2084351089935268, 0.19035352392726512, 0.181660397647867, 0.17546162141851418, 0.1724063053697933, 0.16766260831654, 0.15965148593981393, 0.1584168524131413, 0.15516065461006434, 0.15501857610011882, 0.1545768766670672, 0.15452207436533383, 0.1544933415067269, 0.1544827113826297, 0.15448154070834108, 0.15448087529292365, 0.154480801291768, 0.1544807697279842, 0.15448076188537396, 0.15448075890191526, 0.15448075755939494, 0.15448075708288866, 0.15448075686838247, 0.15448075675117967, 0.15448075667832784, 0.15448075666070016, 0.15448075664028504, 0.15448075663174843, 0.15448075663048977, 0.15448075662956195, 0.15448075662937555, 0.1544807566293659, 0.15448075662936267, 0.15448075662936156, 0.15448075662936156, 0.15448075662936156, 0.15448075662936156]}, "10": {"maxiter": 1000, "fatol": 1e-10, "xatol": 1e-05, "duration": 0.26340413093566895, "fun": "0.15448075664028504", "nit": "730", "nfev": "1141", "status": "0", "success": "True", "message": "Optimization terminated successfully.", "x": "[ 0.97321016  0.94416982  9.1149984  -1.82733379  3.53282257  5.37054647]", "final_simplex": "(array([[ 0.97321016,  0.94416982,  9.1149984 , -1.82733379,  3.53282257,\n         5.37054647],\n       [ 0.97320548,  0.9441711 ,  9.11499127, -1.82733612,  3.5328254 ,\n         5.37054357],\n       [ 0.9732117 ,  0.94416215,  9.11500272, -1.82733894,  3.53282897,\n         5.37055042],\n       [ 0.97320723,  0.94416609,  9.11499235, -1.82733227,  3.53282709,\n         5.37054733],\n       [ 0.97320914,  0.94416552,  9.11499969, -1.82733276,  3.53282408,\n         5.3705453 ],\n       [ 0.97320344,  0.94416257,  9.11499618, -1.8273406 ,  3.5328145 ,\n         5.37054271],\n       [ 0.97321438,  0.94416426,  9.11499029, -1.82734253,  3.53282793,\n         5.37054182]]), array([0.15448076, 0.15448076, 0.15448076, 0.15448076, 0.15448076,\n       0.15448076, 0.15448076]))", "callback": [0.5814060178388001, 0.501584818509351, 0.4519411675390945, 0.4437716988999152, 0.43513608267899173, 0.42136752160459, 0.3897379596814453, 0.3511169896963937, 0.33285464663798336, 0.3325799100679965, 0.33095127528145485, 0.3308459593094353, 0.3308036558252131, 0.33079266798148943, 0.33079266798148943, 0.3307898866211322, 0.3307819290858064, 0.3307570481128852, 0.33064562319040536, 0.32983100346331407, 0.3297155660730734, 0.3283955432041934, 0.32792875460931137, 0.32745643936955093, 0.327301436556811, 0.3270099093549449, 0.3263861058741274, 0.3263372478662102, 0.3263172440232419, 0.3263010388483176, 0.3262919076772808, 0.3262919076772808, 0.3262451073801824, 0.32610790052999317, 0.32583472045113804, 0.32559218414437785, 0.32545259124200077, 0.3252479184812762, 0.32514190627726114, 0.3246723829697906, 0.32317281325766944, 0.3171782164286514, 0.31527216712916395, 0.3091000326559139, 0.29702888941507855, 0.26136514140371125, 0.2084351089935268, 0.19035352392726512, 0.181660397647867, 0.17546162141851418, 0.1724063053697933, 0.16766260831654, 0.15965148593981393, 0.1584168524131413, 0.15516065461006434, 0.15501857610011882, 0.1545768766670672, 0.15452207436533383, 0.1544933415067269, 0.1544827113826297, 0.15448154070834108, 0.15448087529292365, 0.154480801291768, 0.1544807697279842, 0.15448076188537396, 0.15448075890191526, 0.15448075755939494, 0.15448075708288866, 0.15448075686838247, 0.15448075675117967, 0.15448075667832784, 0.15448075666070016, 0.15448075664028504]}, "11": {"maxiter": 1000, "fatol": 1e-10, "xatol": 1e-10, "duration": 0.316636323928833, "fun": "0.15448075662936156", "nit": "834", "nfev": "1376", "status": "0", "success": "True", "message": "Optimization terminated successfully.", "x": "[ 0.97320926  0.9441768   9.11499148 -1.82733143  3.53282108  5.37054983]", "final_simplex": "(array([[ 0.97320926,  0.9441768 ,  9.11499148, -1.82733143,  3.53282108,\n         5.37054983],\n       [ 0.97320926,  0.9441768 ,  9.11499148, -1.82733143,  3.53282108,\n         5.37054983],\n       [ 0.97320926,  0.9441768 ,  9.11499148, -1.82733143,  3.53282108,\n         5.37054983],\n       [ 0.97320926,  0.9441768 ,  9.11499148, -1.82733143,  3.53282108,\n         5.37054983],\n       [ 0.97320926,  0.9441768 ,  9.11499148, -1.82733143,  3.53282108,\n         5.37054983],\n       [ 0.97320926,  0.9441768 ,  9.11499148, -1.82733143,  3.53282108,\n         5.37054983],\n       [ 0.97320926,  0.9441768 ,  9.11499148, -1.82733143,  3.53282108,\n         5.37054983]]), array([0.15448076, 0.15448076, 0.15448076, 0.15448076, 0.15448076,\n       0.15448076, 0.15448076]))", "callback": [0.5814060178388001, 0.501584818509351, 0.4519411675390945, 0.4437716988999152, 0.43513608267899173, 0.42136752160459, 0.3897379596814453, 0.3511169896963937, 0.33285464663798336, 0.3325799100679965, 0.33095127528145485, 0.3308459593094353, 0.3308036558252131, 0.33079266798148943, 0.33079266798148943, 0.3307898866211322, 0.3307819290858064, 0.3307570481128852, 0.33064562319040536, 0.32983100346331407, 0.3297155660730734, 0.3283955432041934, 0.32792875460931137, 0.32745643936955093, 0.327301436556811, 0.3270099093549449, 0.3263861058741274, 0.3263372478662102, 0.3263172440232419, 0.3263010388483176, 0.3262919076772808, 0.3262919076772808, 0.3262451073801824, 0.32610790052999317, 0.32583472045113804, 0.32559218414437785, 0.32545259124200077, 0.3252479184812762, 0.32514190627726114, 0.3246723829697906, 0.32317281325766944, 0.3171782164286514, 0.31527216712916395, 0.3091000326559139, 0.29702888941507855, 0.26136514140371125, 0.2084351089935268, 0.19035352392726512, 0.181660397647867, 0.17546162141851418, 0.1724063053697933, 0.16766260831654, 0.15965148593981393, 0.1584168524131413, 0.15516065461006434, 0.15501857610011882, 0.1545768766670672, 0.15452207436533383, 0.1544933415067269, 0.1544827113826297, 0.15448154070834108, 0.15448087529292365, 0.154480801291768, 0.1544807697279842, 0.15448076188537396, 0.15448075890191526, 0.15448075755939494, 0.15448075708288866, 0.15448075686838247, 0.15448075675117967, 0.15448075667832784, 0.15448075666070016, 0.15448075664028504, 0.15448075663174843, 0.15448075663048977, 0.15448075662956195, 0.15448075662937555, 0.1544807566293659, 0.15448075662936267, 0.15448075662936156, 0.15448075662936156, 0.15448075662936156, 0.15448075662936156]}}, "bfgs": {"type": "gradient", "0": {"maxiter": 100, "gtol": 1e-05, "xrtol": 1e-05, "eps": 1e-05, "duration": 0.04387998580932617, "fun": "0.15448075673217798", "jac": "[ 2.68065570e-06 -2.32414088e-07  2.71827005e-07 -1.34181555e-06\n -9.33542132e-07 -7.89990295e-07]", "hess_inv": "[[ 5.86369518  3.07848667 -3.11551453  2.81147616 -4.19581624 -1.9328855 ]\n [ 3.07848667  9.63642166 -6.45725996  5.89213146 -3.40071199 -1.95825152]\n [-3.11551453 -6.45725996  8.50765218 -3.81751302  2.39916804  3.50995733]\n [ 2.81147616  5.89213146 -3.81751302  6.37967816 -2.40489038 -1.05980773]\n [-4.19581624 -3.40071199  2.39916804 -2.40489038  7.22472245  2.22386344]\n [-1.9328855  -1.95825152  3.50995733 -1.05980773  2.22386344  4.30674511]]", "nfev": "189", "njev": "27", "status": "0", "success": "True", "message": "Optimization terminated successfully.", "x": "[-0.97319551  4.08575682  5.97339109 -1.82734693  3.53280126  5.37052998]", "nit": "22", "callback": [0.1631183087366359, 0.15448080531974206]}, "1": {"maxiter": 100, "gtol": 1e-05, "xrtol": 1e-05, "eps": 1e-10, "duration": 0.0434110164642334, "fun": "0.15448075676625728", "jac": "[ 3.33066880e-06 -1.11022293e-06 -2.22044587e-06 -5.55111466e-06\n -3.33066880e-06 -5.55111466e-06]", "hess_inv": "[[ 5.88414935  3.14066361 -3.11683011  2.88360604 -4.215271   -1.90631789]\n [ 3.14066361  9.68466531 -6.38891421  6.01667346 -3.46185948 -1.85695056]\n [-3.11683011 -6.38891421  8.48549194 -3.77428075  2.37413919  3.51001067]\n [ 2.88360604  6.01667346 -3.77428075  6.56742164 -2.48379446 -0.95954611]\n [-4.215271   -3.46185948  2.37413919 -2.48379446  7.26227654  2.15915217]\n [-1.90631789 -1.85695056  3.51001067 -0.95954611  2.15915217  4.31907454]]", "nfev": "189", "njev": "27", "status": "0", "success": "True", "message": "Optimization terminated successfully.", "x": "[-0.97318671  4.08575253  5.97339774 -1.82735079  3.53280038  5.37053298]", "nit": "22", "callback": [0.16311827883666652, 0.15448080837151856]}, "2": {"maxiter": 100, "gtol": 1e-05, "xrtol": 1e-10, "eps": 1e-05, "duration": 0.042994022369384766, "fun": "0.15448075673217798", "jac": "[ 2.68065570e-06 -2.32414088e-07  2.71827005e-07 -1.34181555e-06\n -9.33542132e-07 -7.89990295e-07]", "hess_inv": "[[ 5.86369518  3.07848667 -3.11551453  2.81147616 -4.19581624 -1.9328855 ]\n [ 3.07848667  9.63642166 -6.45725996  5.89213146 -3.40071199 -1.95825152]\n [-3.11551453 -6.45725996  8.50765218 -3.81751302  2.39916804  3.50995733]\n [ 2.81147616  5.89213146 -3.81751302  6.37967816 -2.40489038 -1.05980773]\n [-4.19581624 -3.40071199  2.39916804 -2.40489038  7.22472245  2.22386344]\n [-1.9328855  -1.95825152  3.50995733 -1.05980773  2.22386344  4.30674511]]", "nfev": "189", "njev": "27", "status": "0", "success": "True", "message": "Optimization terminated successfully.", "x": "[-0.97319551  4.08575682  5.97339109 -1.82734693  3.53280126  5.37052998]", "nit": "22", "callback": [0.1631183087366359, 0.15448080531974206]}, "3": {"maxiter": 100, "gtol": 1e-05, "xrtol": 1e-10, "eps": 1e-10, "duration": 0.04074692726135254, "fun": "0.15448075676625728", "jac": "[ 3.33066880e-06 -1.11022293e-06 -2.22044587e-06 -5.55111466e-06\n -3.33066880e-06 -5.55111466e-06]", "hess_inv": "[[ 5.88414935  3.14066361 -3.11683011  2.88360604 -4.215271   -1.90631789]\n [ 3.14066361  9.68466531 -6.38891421  6.01667346 -3.46185948 -1.85695056]\n [-3.11683011 -6.38891421  8.48549194 -3.77428075  2.37413919  3.51001067]\n [ 2.88360604  6.01667346 -3.77428075  6.56742164 -2.48379446 -0.95954611]\n [-4.215271   -3.46185948  2.37413919 -2.48379446  7.26227654  2.15915217]\n [-1.90631789 -1.85695056  3.51001067 -0.95954611  2.15915217  4.31907454]]", "nfev": "189", "njev": "27", "status": "0", "success": "True", "message": "Optimization terminated successfully.", "x": "[-0.97318671  4.08575253  5.97339774 -1.82735079  3.53280038  5.37053298]", "nit": "22", "callback": [0.16311827883666652, 0.15448080837151856]}, "4": {"maxiter": 100, "gtol": 1e-10, "xrtol": 1e-05, "eps": 1e-05, "duration": 0.03957200050354004, "fun": "0.15448075668033", "jac": "[ 2.44348985e-07 -9.56679180e-08 -1.03217435e-07 -2.34090525e-07\n -5.42121903e-08 -3.54050123e-08]", "hess_inv": "[[ 6.26209586  3.25252992 -3.21178474  2.96709297 -4.61553512 -2.10262719]\n [ 3.25252992  9.57989746 -6.5130178   5.81191011 -3.54787207 -2.05702503]\n [-3.21178474 -6.5130178   8.52949878 -3.87043568  2.50433105  3.54842902]\n [ 2.96709297  5.81191011 -3.87043568  6.27476479 -2.52836528 -1.1536369 ]\n [-4.61553512 -3.54787207  2.50433105 -2.52836528  7.65701643  2.40941102]\n [-2.10262719 -2.05702503  3.54842902 -1.1536369   2.40941102  4.37449174]]", "nfev": "196", "njev": "28", "status": "0", "success": "True", "message": "Optimization terminated successfully.", "x": "[-0.97321265  4.08575496  5.97339582 -1.82734734  3.53281778  5.37053834]", "nit": "23", "callback": [0.1631183087366359, 0.15448080531974206]}, "5": {"maxiter": 100, "gtol": 1e-10, "xrtol": 1e-05, "eps": 1e-10, "duration": 0.04077506065368652, "fun": "0.1544807567138693", "jac": "[0.00000000e+00 0.00000000e+00 1.11022293e-06 0.00000000e+00\n 2.22044587e-06 4.44089173e-06]", "hess_inv": "[[ 6.80145997  3.67946088 -3.56745689  3.2651054  -5.32260523 -2.53355603]\n [ 3.67946088  9.80762433 -6.8086473   5.9465308  -4.10812225 -2.41921796]\n [-3.56745689 -6.8086473   8.58262868 -4.19743481  2.92143816  3.66282016]\n [ 3.2651054   5.9465308  -4.19743481  6.27873739 -2.93801584 -1.51514181]\n [-5.32260523 -4.10812225  2.92143816 -2.93801584  8.59890942  2.92047971]\n [-2.53355603 -2.41921796  3.66282016 -1.51514181  2.92047971  4.55378099]]", "nfev": "196", "njev": "28", "status": "0", "success": "True", "message": "Optimization terminated successfully.", "x": "[-0.97322687  4.08574194  5.97342789 -1.82734773  3.53284857  5.37057347]", "nit": "23", "callback": [0.16311827883666652, 0.15448080837151856]}, "6": {"maxiter": 100, "gtol": 1e-10, "xrtol": 1e-10, "eps": 1e-05, "duration": 0.04079699516296387, "fun": "0.1544807566755091", "jac": "[-3.33066907e-11 -6.66133815e-11 -6.66133815e-11 -4.44089210e-11\n  0.00000000e+00  2.22044605e-11]", "hess_inv": "[[ 6.48263691  3.06162491 -3.29618218  2.73276925 -4.76988422 -2.24978239]\n [ 3.06162491  9.57585312 -6.45835848  5.82600918 -3.36837141 -1.96086984]\n [-3.29618218 -6.45835848  8.55979593 -3.8012733   2.56838488  3.60134919]\n [ 2.73276925  5.82600918 -3.8012733   6.31332283 -2.31320734 -1.03209644]\n [-4.76988422 -3.36837141  2.56838488 -2.31320734  7.75259939  2.52086447]\n [-2.24978239 -1.96086984  3.60134919 -1.03209644  2.52086447  4.46692095]]", "nfev": "210", "njev": "30", "status": "0", "success": "True", "message": "Optimization terminated successfully.", "x": "[-0.97321398  4.08575557  5.97339627 -1.82734652  3.53281886  5.37053912]", "nit": "25", "callback": [0.1631183087366359, 0.15448080531974206]}, "7": {"maxiter": 100, "gtol": 1e-10, "xrtol": 1e-10, "eps": 1e-10, "duration": 0.05824899673461914, "fun": "0.15448075663485406", "jac": "[ 0.00000000e+00  2.22044587e-06 -1.11022293e-06 -1.11022293e-06\n  1.11022293e-06  2.22044587e-06]", "hess_inv": "[[  34.55184814   85.15992231  -57.1485895    57.86781906  -46.99640372\n   -25.16282466]\n [  85.15992231  232.45206664 -155.96537394  157.99454358 -119.68522427\n   -68.70566323]\n [ -57.1485895  -155.96537394  107.70856341 -106.00255747   79.22623226\n    46.7713532 ]\n [  57.86781906  157.99454358 -106.00255747  109.16781576  -82.5504487\n   -46.69808523]\n [ -46.99640372 -119.68522427   79.22623226  -82.5504487    66.39860665\n    35.49740292]\n [ -25.16282466  -68.70566323   46.7713532   -46.69808523   35.49740292\n    22.17717   ]]", "nfev": "273", "njev": "39", "status": "0", "success": "True", "message": "Optimization terminated successfully.", "x": "[-0.97321009  4.08577262  5.97340163 -1.82732798  3.53282332  5.37055504]", "nit": "26", "callback": [0.16311827883666652, 0.15448080837151856]}, "8": {"maxiter": 500, "gtol": 1e-05, "xrtol": 1e-05, "eps": 1e-05, "duration": 0.04146695137023926, "fun": "0.15448075673217798", "jac": "[ 2.68065570e-06 -2.32414088e-07  2.71827005e-07 -1.34181555e-06\n -9.33542132e-07 -7.89990295e-07]", "hess_inv": "[[ 5.86369518  3.07848667 -3.11551453  2.81147616 -4.19581624 -1.9328855 ]\n [ 3.07848667  9.63642166 -6.45725996  5.89213146 -3.40071199 -1.95825152]\n [-3.11551453 -6.45725996  8.50765218 -3.81751302  2.39916804  3.50995733]\n [ 2.81147616  5.89213146 -3.81751302  6.37967816 -2.40489038 -1.05980773]\n [-4.19581624 -3.40071199  2.39916804 -2.40489038  7.22472245  2.22386344]\n [-1.9328855  -1.95825152  3.50995733 -1.05980773  2.22386344  4.30674511]]", "nfev": "189", "njev": "27", "status": "0", "success": "True", "message": "Optimization terminated successfully.", "x": "[-0.97319551  4.08575682  5.97339109 -1.82734693  3.53280126  5.37052998]", "nit": "22", "callback": [0.1631183087366359, 0.15448080531974206]}, "9": {"maxiter": 500, "gtol": 1e-05, "xrtol": 1e-05, "eps": 1e-10, "duration": 0.04282093048095703, "fun": "0.15448075676625728", "jac": "[ 3.33066880e-06 -1.11022293e-06 -2.22044587e-06 -5.55111466e-06\n -3.33066880e-06 -5.55111466e-06]", "hess_inv": "[[ 5.88414935  3.14066361 -3.11683011  2.88360604 -4.215271   -1.90631789]\n [ 3.14066361  9.68466531 -6.38891421  6.01667346 -3.46185948 -1.85695056]\n [-3.11683011 -6.38891421  8.48549194 -3.77428075  2.37413919  3.51001067]\n [ 2.88360604  6.01667346 -3.77428075  6.56742164 -2.48379446 -0.95954611]\n [-4.215271   -3.46185948  2.37413919 -2.48379446  7.26227654  2.15915217]\n [-1.90631789 -1.85695056  3.51001067 -0.95954611  2.15915217  4.31907454]]", "nfev": "189", "njev": "27", "status": "0", "success": "True", "message": "Optimization terminated successfully.", "x": "[-0.97318671  4.08575253  5.97339774 -1.82735079  3.53280038  5.37053298]", "nit": "22", "callback": [0.16311827883666652, 0.15448080837151856]}, "10": {"maxiter": 500, "gtol": 1e-05, "xrtol": 1e-10, "eps": 1e-05, "duration": 0.04293489456176758, "fun": "0.15448075673217798", "jac": "[ 2.68065570e-06 -2.32414088e-07  2.71827005e-07 -1.34181555e-06\n -9.33542132e-07 -7.89990295e-07]", "hess_inv": "[[ 5.86369518  3.07848667 -3.11551453  2.81147616 -4.19581624 -1.9328855 ]\n [ 3.07848667  9.63642166 -6.45725996  5.89213146 -3.40071199 -1.95825152]\n [-3.11551453 -6.45725996  8.50765218 -3.81751302  2.39916804  3.50995733]\n [ 2.81147616  5.89213146 -3.81751302  6.37967816 -2.40489038 -1.05980773]\n [-4.19581624 -3.40071199  2.39916804 -2.40489038  7.22472245  2.22386344]\n [-1.9328855  -1.95825152  3.50995733 -1.05980773  2.22386344  4.30674511]]", "nfev": "189", "njev": "27", "status": "0", "success": "True", "message": "Optimization terminated successfully.", "x": "[-0.97319551  4.08575682  5.97339109 -1.82734693  3.53280126  5.37052998]", "nit": "22", "callback": [0.1631183087366359, 0.15448080531974206]}, "11": {"maxiter": 500, "gtol": 1e-05, "xrtol": 1e-10, "eps": 1e-10, "duration": 0.043602943420410156, "fun": "0.15448075676625728", "jac": "[ 3.33066880e-06 -1.11022293e-06 -2.22044587e-06 -5.55111466e-06\n -3.33066880e-06 -5.55111466e-06]", "hess_inv": "[[ 5.88414935  3.14066361 -3.11683011  2.88360604 -4.215271   -1.90631789]\n [ 3.14066361  9.68466531 -6.38891421  6.01667346 -3.46185948 -1.85695056]\n [-3.11683011 -6.38891421  8.48549194 -3.77428075  2.37413919  3.51001067]\n [ 2.88360604  6.01667346 -3.77428075  6.56742164 -2.48379446 -0.95954611]\n [-4.215271   -3.46185948  2.37413919 -2.48379446  7.26227654  2.15915217]\n [-1.90631789 -1.85695056  3.51001067 -0.95954611  2.15915217  4.31907454]]", "nfev": "189", "njev": "27", "status": "0", "success": "True", "message": "Optimization terminated successfully.", "x": "[-0.97318671  4.08575253  5.97339774 -1.82735079  3.53280038  5.37053298]", "nit": "22", "callback": [0.16311827883666652, 0.15448080837151856]}, "12": {"maxiter": 500, "gtol": 1e-10, "xrtol": 1e-05, "eps": 1e-05, "duration": 0.044728994369506836, "fun": "0.15448075668033", "jac": "[ 2.44348985e-07 -9.56679180e-08 -1.03217435e-07 -2.34090525e-07\n -5.42121903e-08 -3.54050123e-08]", "hess_inv": "[[ 6.26209586  3.25252992 -3.21178474  2.96709297 -4.61553512 -2.10262719]\n [ 3.25252992  9.57989746 -6.5130178   5.81191011 -3.54787207 -2.05702503]\n [-3.21178474 -6.5130178   8.52949878 -3.87043568  2.50433105  3.54842902]\n [ 2.96709297  5.81191011 -3.87043568  6.27476479 -2.52836528 -1.1536369 ]\n [-4.61553512 -3.54787207  2.50433105 -2.52836528  7.65701643  2.40941102]\n [-2.10262719 -2.05702503  3.54842902 -1.1536369   2.40941102  4.37449174]]", "nfev": "196", "njev": "28", "status": "0", "success": "True", "message": "Optimization terminated successfully.", "x": "[-0.97321265  4.08575496  5.97339582 -1.82734734  3.53281778  5.37053834]", "nit": "23", "callback": [0.1631183087366359, 0.15448080531974206]}, "13": {"maxiter": 500, "gtol": 1e-10, "xrtol": 1e-05, "eps": 1e-10, "duration": 0.04522514343261719, "fun": "0.1544807567138693", "jac": "[0.00000000e+00 0.00000000e+00 1.11022293e-06 0.00000000e+00\n 2.22044587e-06 4.44089173e-06]", "hess_inv": "[[ 6.80145997  3.67946088 -3.56745689  3.2651054  -5.32260523 -2.53355603]\n [ 3.67946088  9.80762433 -6.8086473   5.9465308  -4.10812225 -2.41921796]\n [-3.56745689 -6.8086473   8.58262868 -4