{"date": "2024/10/26/, 17:16:02", "conf_id": 79, "data_type": "random\n", "num_data_points": 4, "s_rank": 0, "unitary": "[[-0.24866696+0.58742286j,-0.44704345-0.43151574j,-0.35669027-0.20570733j,-0.10517633+0.1626036j],[0.10596805-0.19687975j,-0.30269685-0.15056416j,0.18246286+0.30440582j,-0.83484447-0.11310748j],[0.26054512-0.52548482j,0.0285017-0.50723956j,-0.43110112+0.17165838j,0.15243271+0.39915801j],[0.42978035+0.11991271j,-0.17224126-0.46030424j,0.6827807-0.15164662j,0.26483638+0.0061855j]]", "databatch_0": {"databatch": "[[[-0.1708511-0.06400426j,0.01837551+0.0974858j,0.19070417-0.1182438j,0.35905485+0.26959266j],[-0.13927439-0.01400248j,-0.1203614-0.07972812j,-0.25274018+0.20347144j,0.16838454+0.25160248j],[-0.19808857-0.29365559j,-0.19051715-0.27770322j,0.13222239-0.00340385j,-0.07217478-0.19783446j],[-0.00423907-0.19117838j,0.14488713+0.24267042j,-0.09845627-0.08495978j,0.05811318+0.17344115j]],[[0.03361648-0.03418479j,-0.09932493-0.15088707j,-0.08076273-0.16061916j,0.16490266-0.02921984j],[-0.14128128+0.29536203j,0.13684229-0.00257121j,0.08223225-0.05322134j,0.05687385+0.41510871j],[-0.00169254+0.15799563j,-0.0158333+0.21808295j,-0.09919029-0.17349504j,0.13953958-0.28311919j],[0.11489518+0.01762811j,0.16730746+0.12769833j,0.06216823+0.20974582j,0.46654439-0.24072714j]],[[-0.0225489+0.08151754j,0.24580736-0.0626617j,0.00250935+0.02984386j,-0.27186257+0.01485929j],[0.05786847-0.13075291j,-0.28320115-0.22236437j,-0.217364+0.29138041j,-0.121271-0.19535514j],[0.00943848-0.13231088j,0.16233824+0.19386678j,0.01846805-0.11498548j,-0.27123462-0.06857299j],[-0.1018954+0.20543822j,0.32375298-0.00442607j,0.11747967+0.39555003j,0.01936134-0.13012331j]],[[0.36874968-0.09847781j,-0.19909541-0.04955339j,0.0929607+0.23886853j,-0.26969418+0.12385977j],[-0.0810078-0.06183058j,0.02206374-0.01696426j,-0.40287255+0.09772611j,0.0656888-0.06673345j],[0.32339595+0.01406964j,-0.0306895-0.0214329j,0.18160909+0.36520004j,-0.20337464-0.05816769j],[0.19113457+0.01080528j,-0.20966673-0.03005595j,0.11296544+0.0860855j,-0.0522209+0.21207763j]]]", "initial param values": "[3.72299766,3.90701198,1.78368661,0.28461202,1.15767073,0.21376244]", "nelder_mead": {"type": "gradient-free", "0": {"maxiter": 100, "fatol": 1e-05, "xatol": 1e-05, "duration": 0.14014577865600586, "fun": "0.584055009427174", "nit": "100", "nfev": "162", "status": "2", "success": "False", "message": "Maximum number of iterations has been exceeded.", "x": "[ 5.02986163  3.17239291  1.39535656  0.98123735  3.2445917  -0.62643835]", "final_simplex": "(array([[ 5.02986163,  3.17239291,  1.39535656,  0.98123735,  3.2445917 ,\n        -0.62643835],\n       [ 5.0215419 ,  3.15508953,  1.44851698,  0.96618317,  3.17760804,\n        -0.60870846],\n       [ 4.95379406,  3.09323644,  1.42988735,  0.94983374,  3.16209561,\n        -0.58645095],\n       [ 5.00473425,  3.22540008,  1.38156967,  0.95769726,  3.20124544,\n        -0.60850935],\n       [ 4.93841056,  3.16907177,  1.41412469,  0.94975395,  3.20304267,\n        -0.59689458],\n       [ 4.99678436,  3.12652945,  1.37814936,  0.9318303 ,  3.11172047,\n        -0.5632145 ],\n       [ 4.98671421,  3.0608489 ,  1.43285119,  0.94996538,  3.1797283 ,\n        -0.59154185]]), array([0.58405501, 0.58416664, 0.58428389, 0.58520113, 0.58548825,\n       0.58559447, 0.58583346]))", "callback": [0.806610505457783, 0.7675070823671863, 0.7462105052085264, 0.7274650601713154, 0.6738524005155069, 0.6361298897332027, 0.6033049234245904, 0.5888770309734024, 0.5877964913240683, 0.5858472928895954]}, "1": {"maxiter": 100, "fatol": 1e-05, "xatol": 1e-10, "duration": 0.12393450736999512, "fun": "0.584055009427174", "nit": "100", "nfev": "162", "status": "2", "success": "False", "message": "Maximum number of iterations has been exceeded.", "x": "[ 5.02986163  3.17239291  1.39535656  0.98123735  3.2445917  -0.62643835]", "final_simplex": "(array([[ 5.02986163,  3.17239291,  1.39535656,  0.98123735,  3.2445917 ,\n        -0.62643835],\n       [ 5.0215419 ,  3.15508953,  1.44851698,  0.96618317,  3.17760804,\n        -0.60870846],\n       [ 4.95379406,  3.09323644,  1.42988735,  0.94983374,  3.16209561,\n        -0.58645095],\n       [ 5.00473425,  3.22540008,  1.38156967,  0.95769726,  3.20124544,\n        -0.60850935],\n       [ 4.93841056,  3.16907177,  1.41412469,  0.94975395,  3.20304267,\n        -0.59689458],\n       [ 4.99678436,  3.12652945,  1.37814936,  0.9318303 ,  3.11172047,\n        -0.5632145 ],\n       [ 4.98671421,  3.0608489 ,  1.43285119,  0.94996538,  3.1797283 ,\n        -0.59154185]]), array([0.58405501, 0.58416664, 0.58428389, 0.58520113, 0.58548825,\n       0.58559447, 0.58583346]))", "callback": [0.806610505457783, 0.7675070823671863, 0.7462105052085264, 0.7274650601713154, 0.6738524005155069, 0.6361298897332027, 0.6033049234245904, 0.5888770309734024, 0.5877964913240683, 0.5858472928895954]}, "2": {"maxiter": 100, "fatol": 1e-10, "xatol": 1e-05, "duration": 0.12551450729370117, "fun": "0.584055009427174", "nit": "100", "nfev": "162", "status": "2", "success": "False", "message": "Maximum number of iterations has been exceeded.", "x": "[ 5.02986163  3.17239291  1.39535656  0.98123735  3.2445917  -0.62643835]", "final_simplex": "(array([[ 5.02986163,  3.17239291,  1.39535656,  0.98123735,  3.2445917 ,\n        -0.62643835],\n       [ 5.0215419 ,  3.15508953,  1.44851698,  0.96618317,  3.17760804,\n        -0.60870846],\n       [ 4.95379406,  3.09323644,  1.42988735,  0.94983374,  3.16209561,\n        -0.58645095],\n       [ 5.00473425,  3.22540008,  1.38156967,  0.95769726,  3.20124544,\n        -0.60850935],\n       [ 4.93841056,  3.16907177,  1.41412469,  0.94975395,  3.20304267,\n        -0.59689458],\n       [ 4.99678436,  3.12652945,  1.37814936,  0.9318303 ,  3.11172047,\n        -0.5632145 ],\n       [ 4.98671421,  3.0608489 ,  1.43285119,  0.94996538,  3.1797283 ,\n        -0.59154185]]), array([0.58405501, 0.58416664, 0.58428389, 0.58520113, 0.58548825,\n       0.58559447, 0.58583346]))", "callback": [0.806610505457783, 0.7675070823671863, 0.7462105052085264, 0.7274650601713154, 0.6738524005155069, 0.6361298897332027, 0.6033049234245904, 0.5888770309734024, 0.5877964913240683, 0.5858472928895954]}, "3": {"maxiter": 100, "fatol": 1e-10, "xatol": 1e-10, "duration": 0.15691900253295898, "fun": "0.584055009427174", "nit": "100", "nfev": "162", "status": "2", "success": "False", "message": "Maximum number of iterations has been exceeded.", "x": "[ 5.02986163  3.17239291  1.39535656  0.98123735  3.2445917  -0.62643835]", "final_simplex": "(array([[ 5.02986163,  3.17239291,  1.39535656,  0.98123735,  3.2445917 ,\n        -0.62643835],\n       [ 5.0215419 ,  3.15508953,  1.44851698,  0.96618317,  3.17760804,\n        -0.60870846],\n       [ 4.95379406,  3.09323644,  1.42988735,  0.94983374,  3.16209561,\n        -0.58645095],\n       [ 5.00473425,  3.22540008,  1.38156967,  0.95769726,  3.20124544,\n        -0.60850935],\n       [ 4.93841056,  3.16907177,  1.41412469,  0.94975395,  3.20304267,\n        -0.59689458],\n       [ 4.99678436,  3.12652945,  1.37814936,  0.9318303 ,  3.11172047,\n        -0.5632145 ],\n       [ 4.98671421,  3.0608489 ,  1.43285119,  0.94996538,  3.1797283 ,\n        -0.59154185]]), array([0.58405501, 0.58416664, 0.58428389, 0.58520113, 0.58548825,\n       0.58559447, 0.58583346]))", "callback": [0.806610505457783, 0.7675070823671863, 0.7462105052085264, 0.7274650601713154, 0.6738524005155069, 0.6361298897332027, 0.6033049234245904, 0.5888770309734024, 0.5877964913240683, 0.5858472928895954]}, "4": {"maxiter": 500, "fatol": 1e-05, "xatol": 1e-05, "duration": 0.5790994167327881, "fun": "0.5143908011783748", "nit": "387", "nfev": "610", "status": "0", "success": "True", "message": "Optimization terminated successfully.", "x": "[ 4.9684099   3.08923682  1.16993354  1.63996819  2.81697866 -0.8869617 ]", "final_simplex": "(array([[ 4.9684099 ,  3.08923682,  1.16993354,  1.63996819,  2.81697866,\n        -0.8869617 ],\n       [ 4.96840925,  3.08924131,  1.16993643,  1.63997117,  2.81698599,\n        -0.88695852],\n       [ 4.96840244,  3.08923972,  1.16993575,  1.6399641 ,  2.81698686,\n        -0.88695869],\n       [ 4.96840642,  3.08923843,  1.16994164,  1.63996555,  2.81698203,\n        -0.88695507],\n       [ 4.9684092 ,  3.08922882,  1.16993981,  1.63997396,  2.81698409,\n        -0.88695689],\n       [ 4.96841213,  3.08923539,  1.16993151,  1.63996447,  2.81698355,\n        -0.88696591],\n       [ 4.96840388,  3.08924281,  1.16993788,  1.6399735 ,  2.8169812 ,\n        -0.88696243]]), array([0.5143908, 0.5143908, 0.5143908, 0.5143908, 0.5143908, 0.5143908,\n       0.5143908]))", "callback": [0.806610505457783, 0.7675070823671863, 0.7462105052085264, 0.7274650601713154, 0.6738524005155069, 0.6361298897332027, 0.6033049234245904, 0.5888770309734024, 0.5877964913240683, 0.5858472928895954, 0.584055009427174, 0.579541642976827, 0.5631233268828539, 0.54788639157364, 0.5252117926698026, 0.5207048382903404, 0.5163206337747654, 0.5163206337747654, 0.5160883631365751, 0.5159454571469737, 0.5158891869145008, 0.5158115075440468, 0.5156499527468391, 0.5151965430441331, 0.5145788124881978, 0.514424821425554, 0.5144017620288189, 0.5143928031039526, 0.5143911113900094, 0.5143908801301039, 0.5143908190859044, 0.514390805677915, 0.5143908025818263, 0.5143908016411773, 0.5143908014179693, 0.5143908013769435, 0.5143908012574926, 0.5143908011831799, 0.5143908011831799]}, "5": {"maxiter": 500, "fatol": 1e-05, "xatol": 1e-10, "duration": 0.8162877559661865, "fun": "0.5143908011742677", "nit": "490", "nfev": "844", "status": "0", "success": "True", "message": "Optimization terminated successfully.", "x": "[ 4.96840684  3.08923578  1.16993481  1.63996883  2.81698348 -0.88695737]", "final_simplex": "(array([[ 4.96840684,  3.08923578,  1.16993481,  1.63996883,  2.81698348,\n        -0.88695737],\n       [ 4.96840684,  3.08923578,  1.16993481,  1.63996883,  2.81698348,\n        -0.88695737],\n       [ 4.96840684,  3.08923578,  1.16993481,  1.63996883,  2.81698348,\n        -0.88695737],\n       [ 4.96840684,  3.08923578,  1.16993481,  1.63996883,  2.81698348,\n        -0.88695737],\n       [ 4.96840684,  3.08923578,  1.16993481,  1.63996883,  2.81698348,\n        -0.88695737],\n       [ 4.96840684,  3.08923578,  1.16993481,  1.63996883,  2.81698348,\n        -0.88695737],\n       [ 4.96840684,  3.08923578,  1.16993481,  1.63996883,  2.81698348,\n        -0.88695737]]), array([0.5143908, 0.5143908, 0.5143908, 0.5143908, 0.5143908, 0.5143908,\n       0.5143908]))", "callback": [0.806610505457783, 0.7675070823671863, 0.7462105052085264, 0.7274650601713154, 0.6738524005155069, 0.6361298897332027, 0.6033049234245904, 0.5888770309734024, 0.5877964913240683, 0.5858472928895954, 0.584055009427174, 0.579541642976827, 0.5631233268828539, 0.54788639157364, 0.5252117926698026, 0.5207048382903404, 0.5163206337747654, 0.5163206337747654, 0.5160883631365751, 0.5159454571469737, 0.5158891869145008, 0.5158115075440468, 0.5156499527468391, 0.5151965430441331, 0.5145788124881978, 0.514424821425554, 0.5144017620288189, 0.5143928031039526, 0.5143911113900094, 0.5143908801301039, 0.5143908190859044, 0.514390805677915, 0.5143908025818263, 0.5143908016411773, 0.5143908014179693, 0.5143908013769435, 0.5143908012574926, 0.5143908011831799, 0.5143908011831799, 0.5143908011760774, 0.5143908011747709, 0.5143908011745373, 0.5143908011743161, 0.5143908011742775, 0.5143908011742725, 0.5143908011742687, 0.5143908011742679, 0.5143908011742677, 0.5143908011742677]}, "6": {"maxiter": 500, "fatol": 1e-10, "xatol": 1e-05, "duration": 0.4723782539367676, "fun": "0.5143908011783748", "nit": "387", "nfev": "610", "status": "0", "success": "True", "message": "Optimization terminated successfully.", "x": "[ 4.9684099   3.08923682  1.16993354  1.63996819  2.81697866 -0.8869617 ]", "final_simplex": "(array([[ 4.9684099 ,  3.08923682,  1.16993354,  1.63996819,  2.81697866,\n        -0.8869617 ],\n       [ 4.96840925,  3.08924131,  1.16993643,  1.63997117,  2.81698599,\n        -0.88695852],\n       [ 4.96840244,  3.08923972,  1.16993575,  1.6399641 ,  2.81698686,\n        -0.88695869],\n       [ 4.96840642,  3.08923843,  1.16994164,  1.63996555,  2.81698203,\n        -0.88695507],\n       [ 4.9684092 ,  3.08922882,  1.16993981,  1.63997396,  2.81698409,\n        -0.88695689],\n       [ 4.96841213,  3.08923539,  1.16993151,  1.63996447,  2.81698355,\n        -0.88696591],\n       [ 4.96840388,  3.08924281,  1.16993788,  1.6399735 ,  2.8169812 ,\n        -0.88696243]]), array([0.5143908, 0.5143908, 0.5143908, 0.5143908, 0.5143908, 0.5143908,\n       0.5143908]))", "callback": [0.806610505457783, 0.7675070823671863, 0.7462105052085264, 0.7274650601713154, 0.6738524005155069, 0.6361298897332027, 0.6033049234245904, 0.5888770309734024, 0.5877964913240683, 0.5858472928895954, 0.584055009427174, 0.579541642976827, 0.5631233268828539, 0.54788639157364, 0.5252117926698026, 0.5207048382903404, 0.5163206337747654, 0.5163206337747654, 0.5160883631365751, 0.5159454571469737, 0.5158891869145008, 0.5158115075440468, 0.5156499527468391, 0.5151965430441331, 0.5145788124881978, 0.514424821425554, 0.5144017620288189, 0.5143928031039526, 0.5143911113900094, 0.5143908801301039, 0.5143908190859044, 0.514390805677915, 0.5143908025818263, 0.5143908016411773, 0.5143908014179693, 0.5143908013769435, 0.5143908012574926, 0.5143908011831799, 0.5143908011831799]}, "7": {"maxiter": 500, "fatol": 1e-10, "xatol": 1e-10, "duration": 0.7825732231140137, "fun": "0.5143908011742677", "nit": "490", "nfev": "844", "status": "0", "success": "True", "message": "Optimization terminated successfully.", "x": "[ 4.96840684  3.08923578  1.16993481  1.63996883  2.81698348 -0.88695737]", "final_simplex": "(array([[ 4.96840684,  3.08923578,  1.16993481,  1.63996883,  2.81698348,\n        -0.88695737],\n       [ 4.96840684,  3.08923578,  1.16993481,  1.63996883,  2.81698348,\n        -0.88695737],\n       [ 4.96840684,  3.08923578,  1.16993481,  1.63996883,  2.81698348,\n        -0.88695737],\n       [ 4.96840684,  3.08923578,  1.16993481,  1.63996883,  2.81698348,\n        -0.88695737],\n       [ 4.96840684,  3.08923578,  1.16993481,  1.63996883,  2.81698348,\n        -0.88695737],\n       [ 4.96840684,  3.08923578,  1.16993481,  1.63996883,  2.81698348,\n        -0.88695737],\n       [ 4.96840684,  3.08923578,  1.16993481,  1.63996883,  2.81698348,\n        -0.88695737]]), array([0.5143908, 0.5143908, 0.5143908, 0.5143908, 0.5143908, 0.5143908,\n       0.5143908]))", "callback": [0.806610505457783, 0.7675070823671863, 0.7462105052085264, 0.7274650601713154, 0.6738524005155069, 0.6361298897332027, 0.6033049234245904, 0.5888770309734024, 0.5877964913240683, 0.5858472928895954, 0.584055009427174, 0.579541642976827, 0.5631233268828539, 0.54788639157364, 0.5252117926698026, 0.5207048382903404, 0.5163206337747654, 0.5163206337747654, 0.5160883631365751, 0.5159454571469737, 0.5158891869145008, 0.5158115075440468, 0.5156499527468391, 0.5151965430441331, 0.5145788124881978, 0.514424821425554, 0.5144017620288189, 0.5143928031039526, 0.5143911113900094, 0.5143908801301039, 0.5143908190859044, 0.514390805677915, 0.5143908025818263, 0.5143908016411773, 0.5143908014179693, 0.5143908013769435, 0.5143908012574926, 0.5143908011831799, 0.5143908011831799, 0.5143908011760774, 0.5143908011747709, 0.5143908011745373, 0.5143908011743161, 0.5143908011742775, 0.5143908011742725, 0.5143908011742687, 0.5143908011742679, 0.5143908011742677, 0.5143908011742677]}, "8": {"maxiter": 1000, "fatol": 1e-05, "xatol": 1e-05, "duration": 0.5166106224060059, "fun": "0.5143908011783748", "nit": "387", "nfev": "610", "status": "0", "success": "True", "message": "Optimization terminated successfully.", "x": "[ 4.9684099   3.08923682  1.16993354  1.63996819  2.81697866 -0.8869617 ]", "final_simplex": "(array([[ 4.9684099 ,  3.08923682,  1.16993354,  1.63996819,  2.81697866,\n        -0.8869617 ],\n       [ 4.96840925,  3.08924131,  1.16993643,  1.63997117,  2.81698599,\n        -0.88695852],\n       [ 4.96840244,  3.08923972,  1.16993575,  1.6399641 ,  2.81698686,\n        -0.88695869],\n       [ 4.96840642,  3.08923843,  1.16994164,  1.63996555,  2.81698203,\n        -0.88695507],\n       [ 4.9684092 ,  3.08922882,  1.16993981,  1.63997396,  2.81698409,\n        -0.88695689],\n       [ 4.96841213,  3.08923539,  1.16993151,  1.63996447,  2.81698355,\n        -0.88696591],\n       [ 4.96840388,  3.08924281,  1.16993788,  1.6399735 ,  2.8169812 ,\n        -0.88696243]]), array([0.5143908, 0.5143908, 0.5143908, 0.5143908, 0.5143908, 0.5143908,\n       0.5143908]))", "callback": [0.806610505457783, 0.7675070823671863, 0.7462105052085264, 0.7274650601713154, 0.6738524005155069, 0.6361298897332027, 0.6033049234245904, 0.5888770309734024, 0.5877964913240683, 0.5858472928895954, 0.584055009427174, 0.579541642976827, 0.5631233268828539, 0.54788639157364, 0.5252117926698026, 0.5207048382903404, 0.5163206337747654, 0.5163206337747654, 0.5160883631365751, 0.5159454571469737, 0.5158891869145008, 0.5158115075440468, 0.5156499527468391, 0.5151965430441331, 0.5145788124881978, 0.514424821425554, 0.5144017620288189, 0.5143928031039526, 0.5143911113900094, 0.5143908801301039, 0.5143908190859044, 0.514390805677915, 0.5143908025818263, 0.5143908016411773, 0.5143908014179693, 0.5143908013769435, 0.5143908012574926, 0.5143908011831799, 0.5143908011831799]}, "9": {"maxiter": 1000, "fatol": 1e-05, "xatol": 1e-10, "duration": 0.7802877426147461, "fun": "0.5143908011742677", "nit": "490", "nfev": "844", "status": "0", "success": "True", "message": "Optimization terminated successfully.", "x": "[ 4.96840684  3.08923578  1.16993481  1.63996883  2.81698348 -0.88695737]", "final_simplex": "(array([[ 4.96840684,  3.08923578,  1.16993481,  1.63996883,  2.81698348,\n        -0.88695737],\n       [ 4.96840684,  3.08923578,  1.16993481,  1.63996883,  2.81698348,\n        -0.88695737],\n       [ 4.96840684,  3.08923578,  1.16993481,  1.63996883,  2.81698348,\n        -0.88695737],\n       [ 4.96840684,  3.08923578,  1.16993481,  1.63996883,  2.81698348,\n        -0.88695737],\n       [ 4.96840684,  3.08923578,  1.16993481,  1.63996883,  2.81698348,\n        -0.88695737],\n       [ 4.96840684,  3.08923578,  1.16993481,  1.63996883,  2.81698348,\n        -0.88695737],\n       [ 4.96840684,  3.08923578,  1.16993481,  1.63996883,  2.81698348,\n        -0.88695737]]), array([0.5143908, 0.5143908, 0.5143908, 0.5143908, 0.5143908, 0.5143908,\n       0.5143908]))", "callback": [0.806610505457783, 0.7675070823671863, 0.7462105052085264, 0.7274650601713154, 0.6738524005155069, 0.6361298897332027, 0.6033049234245904, 0.5888770309734024, 0.5877964913240683, 0.5858472928895954, 0.584055009427174, 0.579541642976827, 0.5631233268828539, 0.54788639157364, 0.5252117926698026, 0.5207048382903404, 0.5163206337747654, 0.5163206337747654, 0.5160883631365751, 0.5159454571469737, 0.5158891869145008, 0.5158115075440468, 0.5156499527468391, 0.5151965430441331, 0.5145788124881978, 0.514424821425554, 0.5144017620288189, 0.5143928031039526, 0.5143911113900094, 0.5143908801301039, 0.5143908190859044, 0.514390805677915, 0.5143908025818263, 0.5143908016411773, 0.5143908014179693, 0.5143908013769435, 0.5143908012574926, 0.5143908011831799, 0.5143908011831799, 0.5143908011760774, 0.5143908011747709, 0.5143908011745373, 0.5143908011743161, 0.5143908011742775, 0.5143908011742725, 0.5143908011742687, 0.5143908011742679, 0.5143908011742677, 0.5143908011742677]}, "10": {"maxiter": 1000, "fatol": 1e-10, "xatol": 1e-05, "duration": 0.5734522342681885, "fun": "0.5143908011783748", "nit": "387", "nfev": "610", "status": "0", "success": "True", "message": "Optimization terminated successfully.", "x": "[ 4.9684099   3.08923682  1.16993354  1.63996819  2.81697866 -0.8869617 ]", "final_simplex": "(array([[ 4.9684099 ,  3.08923682,  1.16993354,  1.63996819,  2.81697866,\n        -0.8869617 ],\n       [ 4.96840925,  3.08924131,  1.16993643,  1.63997117,  2.81698599,\n        -0.88695852],\n       [ 4.96840244,  3.08923972,  1.16993575,  1.6399641 ,  2.81698686,\n        -0.88695869],\n       [ 4.96840642,  3.08923843,  1.16994164,  1.63996555,  2.81698203,\n        -0.88695507],\n       [ 4.9684092 ,  3.08922882,  1.16993981,  1.63997396,  2.81698409,\n        -0.88695689],\n       [ 4.96841213,  3.08923539,  1.16993151,  1.63996447,  2.81698355,\n        -0.88696591],\n       [ 4.96840388,  3.08924281,  1.16993788,  1.6399735 ,  2.8169812 ,\n        -0.88696243]]), array([0.5143908, 0.5143908, 0.5143908, 0.5143908, 0.5143908, 0.5143908,\n       0.5143908]))", "callback": [0.806610505457783, 0.7675070823671863, 0.7462105052085264, 0.7274650601713154, 0.6738524005155069, 0.6361298897332027, 0.6033049234245904, 0.5888770309734024, 0.5877964913240683, 0.5858472928895954, 0.584055009427174, 0.579541642976827, 0.5631233268828539, 0.54788639157364, 0.5252117926698026, 0.5207048382903404, 0.5163206337747654, 0.5163206337747654, 0.5160883631365751, 0.5159454571469737, 0.5158891869145008, 0.5158115075440468, 0.5156499527468391, 0.5151965430441331, 0.5145788124881978, 0.514424821425554, 0.5144017620288189, 0.5143928031039526, 0.5143911113900094, 0.5143908801301039, 0.5143908190859044, 0.514390805677915, 0.5143908025818263, 0.5143908016411773, 0.5143908014179693, 0.5143908013769435, 0.5143908012574926, 0.5143908011831799, 0.5143908011831799]}, "11": {"maxiter": 1000, "fatol": 1e-10, "xatol": 1e-10, "duration": 0.713263750076294, "fun": "0.5143908011742677", "nit": "490", "nfev": "844", "status": "0", "success": "True", "message": "Optimization terminated successfully.", "x": "[ 4.96840684  3.08923578  1.16993481  1.63996883  2.81698348 -0.88695737]", "final_simplex": "(array([[ 4.96840684,  3.08923578,  1.16993481,  1.63996883,  2.81698348,\n        -0.88695737],\n       [ 4.96840684,  3.08923578,  1.16993481,  1.63996883,  2.81698348,\n        -0.88695737],\n       [ 4.96840684,  3.08923578,  1.16993481,  1.63996883,  2.81698348,\n        -0.88695737],\n       [ 4.96840684,  3.08923578,  1.16993481,  1.63996883,  2.81698348,\n        -0.88695737],\n       [ 4.96840684,  3.08923578,  1.16993481,  1.63996883,  2.81698348,\n        -0.88695737],\n       [ 4.96840684,  3.08923578,  1.16993481,  1.63996883,  2.81698348,\n        -0.88695737],\n       [ 4.96840684,  3.08923578,  1.16993481,  1.63996883,  2.81698348,\n        -0.88695737]]), array([0.5143908, 0.5143908, 0.5143908, 0.5143908, 0.5143908, 0.5143908,\n       0.5143908]))", "callback": [0.806610505457783, 0.7675070823671863, 0.7462105052085264, 0.7274650601713154, 0.6738524005155069, 0.6361298897332027, 0.6033049234245904, 0.5888770309734024, 0.5877964913240683, 0.5858472928895954, 0.584055009427174, 0.579541642976827, 0.5631233268828539, 0.54788639157364, 0.5252117926698026, 0.5207048382903404, 0.5163206337747654, 0.5163206337747654, 0.5160883631365751, 0.5159454571469737, 0.5158891869145008, 0.5158115075440468, 0.5156499527468391, 0.5151965430441331, 0.5145788124881978, 0.514424821425554, 0.5144017620288189, 0.5143928031039526, 0.5143911113900094, 0.5143908801301039, 0.5143908190859044, 0.514390805677915, 0.5143908025818263, 0.5143908016411773, 0.5143908014179693, 0.5143908013769435, 0.5143908012574926, 0.5143908011831799, 0.5143908011831799, 0.5143908011760774, 0.5143908011747709, 0.5143908011745373, 0.5143908011743161, 0.5143908011742775, 0.5143908011742725, 0.5143908011742687, 0.5143908011742679, 0.5143908011742677, 0.5143908011742677]}}, "bfgs": {"type": "gradient", "0": {"maxiter": 100, "gtol": 1e-05, "xrtol": 1e-05, "eps": 1e-05, "duration": 0.25573253631591797, "fun": "0.5143908012537124", "jac": "[ 2.39175346e-07  2.43787213e-06  3.06354941e-06 -3.52000651e-06\n -6.20981044e-07 -1.58999480e-06]", "hess_inv": "[[ 4.70777604  0.34444034 -0.35369829  0.25915961  0.09795878 -1.70334549]\n [ 0.34444034  5.66523408 -1.28151501 -0.13619883  1.55907456 -1.41632575]\n [-0.35369829 -1.28151501  4.44337926 -0.22917709  0.40117781  1.32904828]\n [ 0.25915961 -0.13619883 -0.22917709  5.25809697  0.04788083  0.60362317]\n [ 0.09795878  1.55907456  0.40117781  0.04788083  5.75114711  0.18495504]\n [-1.70334549 -1.41632575  1.32904828  0.60362317  0.18495504  5.87650879]]", "nfev": "175", "njev": "25", "status": "0", "success": "True", "message": "Optimization terminated successfully.", "x": "[ 4.9684066   3.08924502  1.16993832  1.63994869  2.81697903 -0.88697144]", "nit": "23", "callback": [0.7770858844105176, 0.7389114836134225, 0.7151311070828072, 0.6772422064139181, 0.6542408222012399, 0.6140886159957709, 0.5706812129665984, 0.5538932104723759, 0.5295774258718894, 0.5194408546206258, 0.5171631576456581, 0.5153369071357989, 0.5146352944817842, 0.5144739593525474, 0.5144392640319605, 0.514405593417132, 0.5143956830578063, 0.5143931880406782, 0.5143922214528285, 0.5143912525719032, 0.5143908658773865, 0.5143908037010336, 0.5143908012537124]}, "1": {"maxiter": 100, "gtol": 1e-05, "xrtol": 1e-05, "eps": 1e-10, "duration": 0.18470382690429688, "fun": "0.5143908012471194", "jac": "[-1.11022293e-06  1.11022293e-06  2.22044587e-06 -4.44089173e-06\n -1.11022293e-06 -3.33066880e-06]", "hess_inv": "[[ 4.7217691   0.36793143 -0.35641812  0.26201656  0.07742578 -1.69451893]\n [ 0.36793143  5.70714956 -1.28405019 -0.13047466  1.51902408 -1.39935467]\n [-0.35641812 -1.28405019  4.44118664 -0.22777991  0.42468521  1.3126714 ]\n [ 0.26201656 -0.13047466 -0.22777991  5.16796361  0.02104657  0.57755184]\n [ 0.07742578  1.51902408  0.42468521  0.02104657  5.72753347  0.19173383]\n [-1.69451893 -1.39935467  1.3126714   0.57755184  0.19173383  5.85891132]]", "nfev": "175", "njev": "25", "status": "0", "success": "True", "message": "Optimization terminated successfully.", "x": "[ 4.96840762  3.08924721  1.16994246  1.63995177  2.81698974 -0.8869721 ]", "nit": "23", "callback": [0.7770859067953592, 0.7389137600306916, 0.7151345914101784, 0.6772445717159943, 0.6542610721425522, 0.6141416960145609, 0.5707235983768975, 0.5539249949124577, 0.5295954375386597, 0.5194520707637561, 0.5171655961491994, 0.5153414869614875, 0.5146371970089106, 0.5144741252087912, 0.514439374363703, 0.5144056782865241, 0.5143956901704574, 0.5143931786079738, 0.5143922208483578, 0.51439125169839, 0.5143908666483222, 0.5143908040962812, 0.5143908012471194]}, "2": {"maxiter": 100, "gtol": 1e-05, "xrtol": 1e-10, "eps": 1e-05, "duration": 0.13678503036499023, "fun": "0.5143908012537124", "jac": "[ 2.39175346e-07  2.43787213e-06  3.06354941e-06 -3.52000651e-06\n -6.20981044e-07 -1.58999480e-06]", "hess_inv": "[[ 4.70777604  0.34444034 -0.35369829  0.25915961  0.09795878 -1.70334549]\n [ 0.34444034  5.66523408 -1.28151501 -0.13619883  1.55907456 -1.41632575]\n [-0.35369829 -1.28151501  4.44337926 -0.22917709  0.40117781  1.32904828]\n [ 0.25915961 -0.13619883 -0.22917709  5.25809697  0.04788083  0.60362317]\n [ 0.09795878  1.55907456  0.40117781  0.04788083  5.75114711  0.18495504]\n [-1.70334549 -1.41632575  1.32904828  0.60362317  0.18495504  5.87650879]]", "nfev": "175", "njev": "25", "status": "0", "success": "True", "message": "Optimization terminated successfully.", "x": "[ 4.9684066   3.08924502  1.16993832  1.63994869  2.81697903 -0.88697144]", "nit": "23", "callback": [0.7770858844105176, 0.7389114836134225, 0.7151311070828072, 0.6772422064139181, 0.6542408222012399, 0.6140886159957709, 0.5706812129665984, 0.5538932104723759, 0.5295774258718894, 0.5194408546206258, 0.5171631576456581, 0.5153369071357989, 0.5146352944817842, 0.5144739593525474, 0.5144392640319605, 0.514405593417132, 0.5143956830578063, 0.5143931880406782, 0.5143922214528285, 0.5143912525719032, 0.5143908658773865, 0.5143908037010336, 0.5143908012537124]}, "3": {"maxiter": 100, "gtol": 1e-05, "xrtol": 1e-10, "eps": 1e-10, "duration": 0.13658928871154785, "fun": "0.5143908012471194", "jac": "[-1.11022293e-06  1.11022293e-06  2.22044587e-06 -4.44089173e-06\n -1.11022293e-06 -3.33066880e-06]", "hess_inv": "[[ 4.7217691   0.36793143 -0.35641812  0.26201656  0.07742578 -1.69451893]\n [ 0.36793143  5.70714956 -1.28405019 -0.13047466  1.51902408 -1.39935467]\n [-0.35641812 -1.28405019  4.44118664 -0.22777991  0.42468521  1.3126714 ]\n [ 0.26201656 -0.13047466 -0.22777991  5.16796361  0.02104657  0.57755184]\n [ 0.07742578  1.51902408  0.42468521  0.02104657  5.72753347  0.19173383]\n [-1.69451893 -1.39935467  1.3126714   0.57755184  0.19173383  5.85891132]]", "nfev": "175", "njev": "25", "status": "0", "success": "True", "message": "Optimization terminated successfully.", "x": "[ 4.96840762  3.08924721  1.16994246  1.63995177  2.81698974 -0.8869721 ]", "nit": "23", "callback": [0.7770859067953592, 0.7389137600306916, 0.7151345914101784, 0.6772445717159943, 0.6542610721425522, 0.6141416960145609, 0.5707235983768975, 0.5539249949124577, 0.5295954375386597, 0.5194520707637561, 0.5171655961491994, 0.5153414869614875, 0.5146371970089106, 0.5144741252087912, 0.514439374363703, 0.5144056782865241, 0.5143956901704574, 0.5143931786079738, 0.5143922208483578, 0.51439125169839, 0.5143908666483222, 0.5143908040962812, 0.5143908012471194]}, "4": {"maxiter": 100, "gtol": 1e-10, "xrtol": 1e-05, "eps": 1e-05, "duration": 0.17465949058532715, "fun": "0.5143908011874023", "jac": "[-5.64215341e-08 -2.62645461e-07 -2.33868480e-07  9.03344066e-07\n  6.70086209e-07  8.14459611e-08]", "hess_inv": "[[ 4.7670788   0.52527486 -0.2405479   0.06810387  0.09840255 -1.80046971]\n [ 0.52527486  6.11869289 -1.03718357 -0.40426782  1.5343069  -1.52736769]\n [-0.2405479  -1.03718357  4.55575702 -0.27040684  0.3751744   1.33402576]\n [ 0.06810387 -0.40426782 -0.27040684  4.8638372   0.13031209  0.32219054]\n [ 0.09840255  1.5343069   0.3751744   0.13031209  5.74418591  0.23358705]\n [-1.80046971 -1.52736769  1.33402576  0.32219054  0.23358705  5.68576106]]", "nfev": "182", "njev": "26", "status": "0", "success": "True", "message": "Optimization terminated successfully.", "x": "[ 4.96840236  3.08923025  1.16992835  1.63996821  2.81697851 -0.88696106]", "nit": "24", "callback": [0.7770858844105176, 0.7389114836134225, 0.7151311070828072, 0.6772422064139181, 0.6542408222012399, 0.6140886159957709, 0.5706812129665984, 0.5538932104723759, 0.5295774258718894, 0.5194408546206258, 0.5171631576456581, 0.5153369071357989, 0.5146352944817842, 0.5144739593525474, 0.5144392640319605, 0.514405593417132, 0.5143956830578063, 0.5143931880406782, 0.5143922214528285, 0.5143912525719032, 0.5143908658773865, 0.5143908037010336, 0.5143908012537124, 0.5143908011874023]}, "5": {"maxiter": 100, "gtol": 1e-10, "xrtol": 1e-05, "eps": 1e-10, "duration": 0.16933560371398926, "fun": "0.5143908011912582", "jac": "[-1.11022293e-06  0.00000000e+00  0.00000000e+00  1.11022293e-06\n  1.11022293e-06  1.11022293e-06]", "hess_inv": "[[ 4.74300004  0.49502342 -0.29250704  0.0226747   0.01861794 -1.87080238]\n [ 0.49502342  6.08285864 -1.1409287  -0.47069024  1.38587582 -1.64943538]\n [-0.29250704 -1.1409287   4.48467062 -0.26889083  0.38376868  1.28270252]\n [ 0.0226747  -0.47069024 -0.26889083  4.76652157  0.06300248  0.28045838]\n [ 0.01861794  1.38587582  0.38376868  0.06300248  5.76600982  0.22235176]\n [-1.87080238 -1.64943538  1.28270252  0.28045838  0.22235176  5.63904703]]", "nfev": "182", "njev": "26", "status": "0", "success": "True", "message": "Optimization terminated successfully.", "x": "[ 4.96840688  3.08923749  1.16993695  1.63997508  2.81699479 -0.88695492]", "nit": "24", "callback": [0.7770859067953592, 0.7389137600306916, 0.7151345914101784, 0.6772445717159943, 0.6542610721425522, 0.6141416960145609, 0.5707235983768975, 0.5539249949124577, 0.5295954375386597, 0.5194520707637561, 0.5171655961491994, 0.5153414869614875, 0.5146371970089106, 0.5144741252087912, 0.514439374363703, 0.5144056782865241, 0.5143956901704574, 0.5143931786079738, 0.5143922208483578, 0.51439125169839, 0.5143908666483222, 0.5143908040962812, 0.5143908012471194, 0.5143908011912582]}, "6": {"maxiter": 100, "gtol": 1e-10, "xrtol": 1e-10, "eps": 1e-05, "duration": 0.27156734466552734, "fun": "0.5143908011874023", "jac": "[-5.64215341e-08 -2.62645461e-07 -2.33868480e-07  9.03344066e-07\n  6.70086209e-07  8.14459611e-08]", "hess_inv": "[[ 4.76753178  0.53717645 -0.23457423  0.13734095  0.18324261 -1.79686213]\n [ 0.53717645  6.19598614 -0.99216593 -0.21096673  1.83057599 -1.54008595]\n [-0.23457423 -0.99216593  4.58131107 -0.1304096   0.57496793  1.33048383]\n [ 0.13734095 -0.21096673 -0.1304096   4.21789547 -0.25090945  0.13113494]\n [ 0.18324261  1.83057599  0.57496793 -0.25090945  5.76480976  0.02660513]\n [-1.79686213 -1.54008595  1.33048383  0.13113494  0.02660513  5.66539853]]", "nfev": "348", "njev": "48", "status": "2", "success": "False", "message": "Desired error not necessarily achieved due to precision loss.", "x": "[ 4.96840236  3.08923025  1.16992835  1.63996821  2.81697851 -0.88696106]", "nit": "24", "callback": [0.7770858844105176, 0.7389114836134225, 0.7151311070828072, 0.6772422064139181, 0.6542408222012399, 0.6140886159957709, 0.5706812129665984, 0.5538932104723759, 0.5295774258718894, 0.5194408546206258, 0.5171631576456581, 0.5153369071357989, 0.5146352944817842, 0.5144739593525474, 0.5144392640319605, 0.514405593417132, 0.5143956830578063, 0.5143931880406782, 0.5143922214528285, 0.5143912525719032, 0.5143908658773865, 0.5143908037010336, 0.5143908012537124, 0.5143908011874023]}, "7": {"maxiter": 100, "gtol": 1e-10, "xrtol": 1e-10, "eps": 1e-10, "duration": 0.19308829307556152, "fun": "0.5143908011823466", "jac": "[2.22044587e-06 0.00000000e+00 1.11022293e-06 2.22044587e-06\n 1.11022293e-06 0.00000000e+00]", "hess_inv": "[[ 164.64781031  -19.11330079  -63.61201655 -121.77994152 -212.28607299\n  -183.16387906]\n [ -19.11330079    4.66571957    4.9813473    13.97072245   22.90780893\n    18.81073357]\n [ -63.61201655    4.9813473    28.84322847   47.92552799   82.71327166\n    72.26327269]\n [-121.77994152   13.97072245   47.92552799   94.14169548  157.44563641\n   138.92629732]\n [-212.28607299   22.90780893   82.71327166  157.44563641  278.19732781\n   239.49297855]\n [-183.16387906   18.81073357   72.26327269  138.92629732  239.49297855\n   210.68520805]]", "nfev": "245", "njev": "35", "status": "0", "success": "True", "message": "Optimization terminated successfully.", "x": "[ 4.96841415  3.08923805  1.16993464  1.63997074  2.81698792 -0.8869626 ]", "nit": "27", "callback": [0.7770859067953592, 0.7389137600306916, 0.7151345914101784, 0.6772445717159943, 0.6542610721425522, 0.6141416960145609, 0.5707235983768975, 0.5539249949124577, 0.5295954375386597, 0.5194520707637561, 0.5171655961491994, 0.5153414869614875, 0.5146371970089106, 0.5144741252087912, 0.514439374363703, 0.5144056782865241, 0.5143956901704574, 0.5143931786079738, 0.5143922208483578, 0.51439125169839, 0.5143908666483222, 0.5143908040962812, 0.5143908012471194, 0.5143908011912582, 0.5143908011824656, 0.5143908011823466, 0.5143908011823466]}, "8": {"maxiter": 500, "gtol": 1e-05, "xrtol": 1e-05, "eps": 1e-05, "duration": 0.1379556655883789, "fun": "0.5143908012537124", "jac": "[ 2.39175346e-07  2.43787213e-06  3.06354941e-06 -3.52000651e-06\n -6.20981044e-07 -1.58999480e-06]", "hess_inv": "[[ 4.70777604  0.34444034 -0.35369829  0.25915961  0.09795878 -1.70334549]\n [ 0.34444034  5.66523408 -1.28151501 -0.13619883  1.55907456 -1.41632575]\n [-0.35369829 -1.28151501  4.44337926 -0.22917709  0.40117781  1.32904828]\n [ 0.25915961 -0.13619883 -0.22917709  5.25809697  0.04788083  0.60362317]\n [ 0.09795878  1.55907456  0.40117781  0.04788083  5.75114711  0.18495504]\n [-1.70334549 -1.41632575  1.32904828  0.60362317  0.18495504  5.87650879]]", "nfev": "175", "njev": "25", "status": "0", "success": "True", "message": "Optimization terminated successfully.", "x": "[ 4.9684066   3.08924502  1.16993832  1.63994869  2.81697903 -0.88697144]", "nit": "23", "callback": [0.7770858844105176, 0.7389114836134225, 0.7151311070828072, 0.6772422064139181, 0.6542408222012399, 0.6140886159957709, 0.5706812129665984, 0.5538932104723759, 0.5295774258718894, 0.5194408546206258, 0.5171631576456581, 0.5153369071357989, 0.5146352944817842, 0.5144739593525474, 0.5144392640319605, 0.514405593417132, 0.5143956830578063, 0.5143931880406782, 0.5143922214528285, 0.5143912525719032, 0.5143908658773865, 0.5143908037010336, 0.5143908012537124]}, "9": {"maxiter": 500, "gtol": 1e-05, "xrtol": 1e-05, "eps": 1e-10, "duration": 0.1855604648590088, "fun": "0.5143908012471194", "jac": "[-1.11022293e-06  1.11022293e-06  2.22044587e-06 -4.44089173e-06\n -1.11022293e-06 -3.33066880e-06]", "hess_inv": "[[ 4.7217691   0.36793143 -0.35641812  0.26201656  0.07742578 -1.69451893]\n [ 0.36793143  5.70714956 -1.28405019 -0.13047466  1.51902408 -1.39935467]\n [-0.35641812 -1.28405019  4.44118664 -0.22777991  0.42468521  1.3126714 ]\n [ 0.26201656 -0.13047466 -0.22777991  5.16796361  0.02104657  0.57755184]\n [ 0.07742578  1.51902408  0.42468521  0.02104657  5.72753347  0.19173383]\n [-1.69451893 -1.39935467  1.3126714   0.57755184  0.19173383  5.85891132]]", "nfev": "175", "njev": "25", "status": "0", "success": "True", "message": "Optimization terminated successfully.", "x": "[ 4.96840762  3.08924721  1.16994246  1.63995177  2.81698974 -0.8869721 ]", "nit": "23", "callback": [0.7770859067953592, 0.7389137600306916, 0.7151345914101784, 0.6772445717159943, 0.6542610721425522, 0.6141416960145609, 0.5707235983768975, 0.5539249949124577, 0.5295954375386597, 0.5194520707637561, 0.5171655961491994, 0.5153414869614875, 0.5146371970089106, 0.5144741252087912, 0.514439374363703, 0.5144056782865241, 0.5143956901704574, 0.5143931786079738, 0.5143922208483578, 0.51439125169839, 0.5143908666483222, 0.5143908040962812, 0.5143908012471194]}, "10": {"maxiter": 500, "gtol": 1e-05, "xrtol": 1e-10, "eps": 1e-05, "duration": 0.15276670455932617, "fun": "0.5143908012537124", "jac": "[ 2.39175346e-07  2.43787213e-06  3.06354941e-06 -3.52000651e-06\n -6.20981044e-07 -1.58999480e-06]", "hess_inv": "[[ 4.70777604  0.34444034 -0.35369829  0.25915961  0.09795878 -1.70334549]\n [ 0.34444034  5.66523408 -1.28151501 -0.13619883  1.55907456 -1.41632575]\n [-0.35369829 -1.28151501  4.44337926 -0.22917709  0.40117781  1.32904828]\n [ 0.25915961 -0.13619883 -0.22917709  5.25809697  0.04788083  0.60362317]\n [ 0.09795878  1.55907456  0.40117781  0.04788083  5.75114711  0.18495504]\n [-1.70334549 -1.41632575  1.32904828  0.60362317  0.18495504  5.87650879]]", "nfev": "175", "njev": "25", "status": "0", "success": "True", "message": "Optimization terminated successfully.", "x": "[ 4.9684066   3.08924502  1.16993832  1.63994869  2.81697903 -0.88697144]", "nit": "23", "callback": [0.7770858844105176, 0.7389114836134225, 0.7151311070828072, 0.6772422064139181, 0.6542408222012399, 0.6140886159957709, 0.5706812129665984, 0.5538932104723759, 0.5295774258718894, 0.5194408546206258, 0.5171631576456581, 0.5153369071357989, 0.5146352944817842, 0.5144739593525474, 0.5144392640319605, 0.514405593417132, 0.5143956830578063, 0.5143931880406782, 0.5143922214528285, 0.5143912525719032, 0.5143908658773865, 0.5143908037010336, 0.5143908012537124]}, "11": {"maxiter": 500, "gtol": 1e-05, "xrtol": 1e-10, "eps": 1e-10, "duration": 0.13719487190246582, "fun": "0.5143908012471194", "jac": "[-1.11022293e-06  1.11022293e-06  2.22044587e-06 -4.44089173e-06\n -1.11022293e-06 -3.33066880e-06]", "hess_inv": "[[ 4.7217691   0.36793143 -0.35641812  0.26201656  0.07742578 -1.69451893]\n [ 0.36793143  5.70714956 -1.28405019 -0.13047466  1.51902408 -1.39935467]\n [-0.35641812 -1.28405019  4.44118664 -0.22777991  0.42468521  1.3126714 ]\n [ 0.26201656 -0.13047466 -0.22777991  5.16796361  0.02104657  0.57755184]\n [ 0.07742578  1.51902408  0.42468521  0.02104657  5.72753347  0.19173383]\n [-1.69451893 -1.39935467  1.3126714   0.57755184  0.19173383  5.85891132]]", "nfev": "175", "njev": "25", "status": "0", "success": "True", "message": "Optimization terminated successfully.", "x": "[ 4.96840762  3.08924721  1.16994246  1.6399517