{"date": "2024/10/07/, 08:40:30", "conf_id": 0, "data_type": "random\n", "num_data_points": 1, "s_rank": 1, "unitary": "[[-0.45070455-0.02711853j,0.78437395-0.06613086j,0.06358678+0.19963393j,-0.07343613+0.35668523j],[-0.01890143-0.03813363j,0.32408202+0.25557629j,0.05872864-0.68979805j,0.55466693-0.20227297j],[-0.11215405+0.64023111j,-0.13344055+0.29565494j,-0.49012687-0.19046288j,-0.04241254+0.44046348j],[0.55771659+0.24656916j,0.31851997-0.05798805j,0.28761525-0.34294258j,-0.56718418+0.03616933j]]", "databatch_0": {"databatch": "[[[0.09314128-0.12946863j,0.39382838-0.19799267j,0.05133879+0.12112185j,0.08106995-0.04021906j],[0.07622026-0.09754417j,0.31152873-0.14143589j,0.03608905+0.09551662j,0.06411194-0.02869752j],[0.11804856-0.19626647j,0.54031288-0.32976236j,0.08774511+0.16729872j,0.1112873-0.06711204j],[-0.01827577+0.10086995j,-0.17383409+0.2237231j,-0.06326177-0.05610261j,-0.03593256+0.04574145j]]]", "initial param values": "[5.01735676,3.43075664,4.67281777,2.19795472,2.29226538,0.85171579]", "nelder_mead": {"type": "gradient-free", "0": {"maxiter": 100, "fatol": 1e-05, "xatol": 1e-05, "duration": 0.043586015701293945, "fun": "0.07718458524861949", "nit": "100", "nfev": "155", "status": "2", "success": "False", "message": "Maximum number of iterations has been exceeded.", "x": "[3.32295166 4.04052834 3.99765303 3.83648082 1.86451864 0.91805878]", "final_simplex": "(array([[3.32295166, 4.04052834, 3.99765303, 3.83648082, 1.86451864,\n        0.91805878],\n       [3.31788577, 3.98942893, 3.90130943, 3.84507393, 1.92858774,\n        0.91043613],\n       [3.29305811, 4.0160716 , 3.93555404, 3.82223918, 1.91237323,\n        0.91651688],\n       [3.33296427, 4.01261151, 3.9238362 , 3.87027579, 1.89556107,\n        0.91487942],\n       [3.2909677 , 3.98073608, 3.89351239, 3.84529476, 1.93723425,\n        0.91044125],\n       [3.30121873, 4.00760579, 3.94260393, 3.85244134, 1.89918326,\n        0.91149906],\n       [3.2758082 , 4.01515655, 3.97291898, 3.7987474 , 1.9283716 ,\n        0.91533316]]), array([0.07718459, 0.07719283, 0.0771941 , 0.07721361, 0.07727295,\n       0.07739306, 0.07746068]))", "callback": [0.7723896694019418, 0.5020646010537548, 0.2395099197434406, 0.22517121502142767, 0.16522288354088677, 0.10761203232010608, 0.09257060825983399, 0.0851408303072192, 0.07845322565282953, 0.07721360670859834]}, "1": {"maxiter": 100, "fatol": 1e-05, "xatol": 1e-10, "duration": 0.04286789894104004, "fun": "0.07718458524861949", "nit": "100", "nfev": "155", "status": "2", "success": "False", "message": "Maximum number of iterations has been exceeded.", "x": "[3.32295166 4.04052834 3.99765303 3.83648082 1.86451864 0.91805878]", "final_simplex": "(array([[3.32295166, 4.04052834, 3.99765303, 3.83648082, 1.86451864,\n        0.91805878],\n       [3.31788577, 3.98942893, 3.90130943, 3.84507393, 1.92858774,\n        0.91043613],\n       [3.29305811, 4.0160716 , 3.93555404, 3.82223918, 1.91237323,\n        0.91651688],\n       [3.33296427, 4.01261151, 3.9238362 , 3.87027579, 1.89556107,\n        0.91487942],\n       [3.2909677 , 3.98073608, 3.89351239, 3.84529476, 1.93723425,\n        0.91044125],\n       [3.30121873, 4.00760579, 3.94260393, 3.85244134, 1.89918326,\n        0.91149906],\n       [3.2758082 , 4.01515655, 3.97291898, 3.7987474 , 1.9283716 ,\n        0.91533316]]), array([0.07718459, 0.07719283, 0.0771941 , 0.07721361, 0.07727295,\n       0.07739306, 0.07746068]))", "callback": [0.7723896694019418, 0.5020646010537548, 0.2395099197434406, 0.22517121502142767, 0.16522288354088677, 0.10761203232010608, 0.09257060825983399, 0.0851408303072192, 0.07845322565282953, 0.07721360670859834]}, "2": {"maxiter": 100, "fatol": 1e-10, "xatol": 1e-05, "duration": 0.0437166690826416, "fun": "0.07718458524861949", "nit": "100", "nfev": "155", "status": "2", "success": "False", "message": "Maximum number of iterations has been exceeded.", "x": "[3.32295166 4.04052834 3.99765303 3.83648082 1.86451864 0.91805878]", "final_simplex": "(array([[3.32295166, 4.04052834, 3.99765303, 3.83648082, 1.86451864,\n        0.91805878],\n       [3.31788577, 3.98942893, 3.90130943, 3.84507393, 1.92858774,\n        0.91043613],\n       [3.29305811, 4.0160716 , 3.93555404, 3.82223918, 1.91237323,\n        0.91651688],\n       [3.33296427, 4.01261151, 3.9238362 , 3.87027579, 1.89556107,\n        0.91487942],\n       [3.2909677 , 3.98073608, 3.89351239, 3.84529476, 1.93723425,\n        0.91044125],\n       [3.30121873, 4.00760579, 3.94260393, 3.85244134, 1.89918326,\n        0.91149906],\n       [3.2758082 , 4.01515655, 3.97291898, 3.7987474 , 1.9283716 ,\n        0.91533316]]), array([0.07718459, 0.07719283, 0.0771941 , 0.07721361, 0.07727295,\n       0.07739306, 0.07746068]))", "callback": [0.7723896694019418, 0.5020646010537548, 0.2395099197434406, 0.22517121502142767, 0.16522288354088677, 0.10761203232010608, 0.09257060825983399, 0.0851408303072192, 0.07845322565282953, 0.07721360670859834]}, "3": {"maxiter": 100, "fatol": 1e-10, "xatol": 1e-10, "duration": 0.042565345764160156, "fun": "0.07718458524861949", "nit": "100", "nfev": "155", "status": "2", "success": "False", "message": "Maximum number of iterations has been exceeded.", "x": "[3.32295166 4.04052834 3.99765303 3.83648082 1.86451864 0.91805878]", "final_simplex": "(array([[3.32295166, 4.04052834, 3.99765303, 3.83648082, 1.86451864,\n        0.91805878],\n       [3.31788577, 3.98942893, 3.90130943, 3.84507393, 1.92858774,\n        0.91043613],\n       [3.29305811, 4.0160716 , 3.93555404, 3.82223918, 1.91237323,\n        0.91651688],\n       [3.33296427, 4.01261151, 3.9238362 , 3.87027579, 1.89556107,\n        0.91487942],\n       [3.2909677 , 3.98073608, 3.89351239, 3.84529476, 1.93723425,\n        0.91044125],\n       [3.30121873, 4.00760579, 3.94260393, 3.85244134, 1.89918326,\n        0.91149906],\n       [3.2758082 , 4.01515655, 3.97291898, 3.7987474 , 1.9283716 ,\n        0.91533316]]), array([0.07718459, 0.07719283, 0.0771941 , 0.07721361, 0.07727295,\n       0.07739306, 0.07746068]))", "callback": [0.7723896694019418, 0.5020646010537548, 0.2395099197434406, 0.22517121502142767, 0.16522288354088677, 0.10761203232010608, 0.09257060825983399, 0.0851408303072192, 0.07845322565282953, 0.07721360670859834]}, "4": {"maxiter": 500, "fatol": 1e-05, "xatol": 1e-05, "duration": 0.1705319881439209, "fun": "0.07363486373777528", "nit": "278", "nfev": "450", "status": "0", "success": "True", "message": "Optimization terminated successfully.", "x": "[3.29953132 3.62864999 3.50444605 3.86669461 2.02477137 1.06229116]", "final_simplex": "(array([[3.29953132, 3.62864999, 3.50444605, 3.86669461, 2.02477137,\n        1.06229116],\n       [3.29953352, 3.62865645, 3.50445196, 3.86669514, 2.02476862,\n        1.06228902],\n       [3.29953131, 3.62864611, 3.50444163, 3.86669453, 2.02477297,\n        1.06229211],\n       [3.2995318 , 3.62865272, 3.50445014, 3.86669301, 2.02477154,\n        1.06229004],\n       [3.29953442, 3.62865567, 3.50445306, 3.86669444, 2.02476864,\n        1.06229011],\n       [3.29953038, 3.62864507, 3.5044381 , 3.86669527, 2.02477491,\n        1.06229225],\n       [3.29952936, 3.62865065, 3.50444618, 3.86669192, 2.02477311,\n        1.06229149]]), array([0.07363486, 0.07363486, 0.07363486, 0.07363486, 0.07363486,\n       0.07363486, 0.07363486]))", "callback": [0.7723896694019418, 0.5020646010537548, 0.2395099197434406, 0.22517121502142767, 0.16522288354088677, 0.10761203232010608, 0.09257060825983399, 0.0851408303072192, 0.07845322565282953, 0.07721360670859834, 0.07709415372999107, 0.07703459529175738, 0.07687530690704591, 0.07611671668584197, 0.07456876500601994, 0.07406220368320793, 0.07370158658040193, 0.07366800526929917, 0.07363759158731031, 0.07363716252711994, 0.07363525313926711, 0.07363493545939948, 0.07363488065026558, 0.07363486571314282, 0.07363486389833984, 0.07363486377647754, 0.0736348637432509, 0.07363486373799]}, "5": {"maxiter": 500, "fatol": 1e-05, "xatol": 1e-10, "duration": 0.18448376655578613, "fun": "0.07363486373741845", "nit": "373", "nfev": "666", "status": "0", "success": "True", "message": "Optimization terminated successfully.", "x": "[3.29953193 3.62865173 3.50444707 3.8666946  2.02477169 1.06229027]", "final_simplex": "(array([[3.29953193, 3.62865173, 3.50444707, 3.8666946 , 2.02477169,\n        1.06229027],\n       [3.29953193, 3.62865173, 3.50444707, 3.8666946 , 2.02477169,\n        1.06229027],\n       [3.29953193, 3.62865173, 3.50444707, 3.8666946 , 2.02477169,\n        1.06229027],\n       [3.29953193, 3.62865173, 3.50444707, 3.8666946 , 2.02477169,\n        1.06229027],\n       [3.29953193, 3.62865173, 3.50444707, 3.8666946 , 2.02477169,\n        1.06229027],\n       [3.29953193, 3.62865173, 3.50444707, 3.8666946 , 2.02477169,\n        1.06229027],\n       [3.29953193, 3.62865173, 3.50444707, 3.8666946 , 2.02477169,\n        1.06229027]]), array([0.07363486, 0.07363486, 0.07363486, 0.07363486, 0.07363486,\n       0.07363486, 0.07363486]))", "callback": [0.7723896694019418, 0.5020646010537548, 0.2395099197434406, 0.22517121502142767, 0.16522288354088677, 0.10761203232010608, 0.09257060825983399, 0.0851408303072192, 0.07845322565282953, 0.07721360670859834, 0.07709415372999107, 0.07703459529175738, 0.07687530690704591, 0.07611671668584197, 0.07456876500601994, 0.07406220368320793, 0.07370158658040193, 0.07366800526929917, 0.07363759158731031, 0.07363716252711994, 0.07363525313926711, 0.07363493545939948, 0.07363488065026558, 0.07363486571314282, 0.07363486389833984, 0.07363486377647754, 0.0736348637432509, 0.07363486373799, 0.07363486373758743, 0.07363486373745898, 0.07363486373742867, 0.07363486373742012, 0.0736348637374189, 0.07363486373741857, 0.07363486373741845, 0.07363486373741845, 0.07363486373741845, 0.07363486373741845]}, "6": {"maxiter": 500, "fatol": 1e-10, "xatol": 1e-05, "duration": 0.12887811660766602, "fun": "0.07363486373777528", "nit": "278", "nfev": "450", "status": "0", "success": "True", "message": "Optimization terminated successfully.", "x": "[3.29953132 3.62864999 3.50444605 3.86669461 2.02477137 1.06229116]", "final_simplex": "(array([[3.29953132, 3.62864999, 3.50444605, 3.86669461, 2.02477137,\n        1.06229116],\n       [3.29953352, 3.62865645, 3.50445196, 3.86669514, 2.02476862,\n        1.06228902],\n       [3.29953131, 3.62864611, 3.50444163, 3.86669453, 2.02477297,\n        1.06229211],\n       [3.2995318 , 3.62865272, 3.50445014, 3.86669301, 2.02477154,\n        1.06229004],\n       [3.29953442, 3.62865567, 3.50445306, 3.86669444, 2.02476864,\n        1.06229011],\n       [3.29953038, 3.62864507, 3.5044381 , 3.86669527, 2.02477491,\n        1.06229225],\n       [3.29952936, 3.62865065, 3.50444618, 3.86669192, 2.02477311,\n        1.06229149]]), array([0.07363486, 0.07363486, 0.07363486, 0.07363486, 0.07363486,\n       0.07363486, 0.07363486]))", "callback": [0.7723896694019418, 0.5020646010537548, 0.2395099197434406, 0.22517121502142767, 0.16522288354088677, 0.10761203232010608, 0.09257060825983399, 0.0851408303072192, 0.07845322565282953, 0.07721360670859834, 0.07709415372999107, 0.07703459529175738, 0.07687530690704591, 0.07611671668584197, 0.07456876500601994, 0.07406220368320793, 0.07370158658040193, 0.07366800526929917, 0.07363759158731031, 0.07363716252711994, 0.07363525313926711, 0.07363493545939948, 0.07363488065026558, 0.07363486571314282, 0.07363486389833984, 0.07363486377647754, 0.0736348637432509, 0.07363486373799]}, "7": {"maxiter": 500, "fatol": 1e-10, "xatol": 1e-10, "duration": 0.18564915657043457, "fun": "0.07363486373741845", "nit": "373", "nfev": "666", "status": "0", "success": "True", "message": "Optimization terminated successfully.", "x": "[3.29953193 3.62865173 3.50444707 3.8666946  2.02477169 1.06229027]", "final_simplex": "(array([[3.29953193, 3.62865173, 3.50444707, 3.8666946 , 2.02477169,\n        1.06229027],\n       [3.29953193, 3.62865173, 3.50444707, 3.8666946 , 2.02477169,\n        1.06229027],\n       [3.29953193, 3.62865173, 3.50444707, 3.8666946 , 2.02477169,\n        1.06229027],\n       [3.29953193, 3.62865173, 3.50444707, 3.8666946 , 2.02477169,\n        1.06229027],\n       [3.29953193, 3.62865173, 3.50444707, 3.8666946 , 2.02477169,\n        1.06229027],\n       [3.29953193, 3.62865173, 3.50444707, 3.8666946 , 2.02477169,\n        1.06229027],\n       [3.29953193, 3.62865173, 3.50444707, 3.8666946 , 2.02477169,\n        1.06229027]]), array([0.07363486, 0.07363486, 0.07363486, 0.07363486, 0.07363486,\n       0.07363486, 0.07363486]))", "callback": [0.7723896694019418, 0.5020646010537548, 0.2395099197434406, 0.22517121502142767, 0.16522288354088677, 0.10761203232010608, 0.09257060825983399, 0.0851408303072192, 0.07845322565282953, 0.07721360670859834, 0.07709415372999107, 0.07703459529175738, 0.07687530690704591, 0.07611671668584197, 0.07456876500601994, 0.07406220368320793, 0.07370158658040193, 0.07366800526929917, 0.07363759158731031, 0.07363716252711994, 0.07363525313926711, 0.07363493545939948, 0.07363488065026558, 0.07363486571314282, 0.07363486389833984, 0.07363486377647754, 0.0736348637432509, 0.07363486373799, 0.07363486373758743, 0.07363486373745898, 0.07363486373742867, 0.07363486373742012, 0.0736348637374189, 0.07363486373741857, 0.07363486373741845, 0.07363486373741845, 0.07363486373741845, 0.07363486373741845]}, "8": {"maxiter": 1000, "fatol": 1e-05, "xatol": 1e-05, "duration": 0.12635016441345215, "fun": "0.07363486373777528", "nit": "278", "nfev": "450", "status": "0", "success": "True", "message": "Optimization terminated successfully.", "x": "[3.29953132 3.62864999 3.50444605 3.86669461 2.02477137 1.06229116]", "final_simplex": "(array([[3.29953132, 3.62864999, 3.50444605, 3.86669461, 2.02477137,\n        1.06229116],\n       [3.29953352, 3.62865645, 3.50445196, 3.86669514, 2.02476862,\n        1.06228902],\n       [3.29953131, 3.62864611, 3.50444163, 3.86669453, 2.02477297,\n        1.06229211],\n       [3.2995318 , 3.62865272, 3.50445014, 3.86669301, 2.02477154,\n        1.06229004],\n       [3.29953442, 3.62865567, 3.50445306, 3.86669444, 2.02476864,\n        1.06229011],\n       [3.29953038, 3.62864507, 3.5044381 , 3.86669527, 2.02477491,\n        1.06229225],\n       [3.29952936, 3.62865065, 3.50444618, 3.86669192, 2.02477311,\n        1.06229149]]), array([0.07363486, 0.07363486, 0.07363486, 0.07363486, 0.07363486,\n       0.07363486, 0.07363486]))", "callback": [0.7723896694019418, 0.5020646010537548, 0.2395099197434406, 0.22517121502142767, 0.16522288354088677, 0.10761203232010608, 0.09257060825983399, 0.0851408303072192, 0.07845322565282953, 0.07721360670859834, 0.07709415372999107, 0.07703459529175738, 0.07687530690704591, 0.07611671668584197, 0.07456876500601994, 0.07406220368320793, 0.07370158658040193, 0.07366800526929917, 0.07363759158731031, 0.07363716252711994, 0.07363525313926711, 0.07363493545939948, 0.07363488065026558, 0.07363486571314282, 0.07363486389833984, 0.07363486377647754, 0.0736348637432509, 0.07363486373799]}, "9": {"maxiter": 1000, "fatol": 1e-05, "xatol": 1e-10, "duration": 0.18836617469787598, "fun": "0.07363486373741845", "nit": "373", "nfev": "666", "status": "0", "success": "True", "message": "Optimization terminated successfully.", "x": "[3.29953193 3.62865173 3.50444707 3.8666946  2.02477169 1.06229027]", "final_simplex": "(array([[3.29953193, 3.62865173, 3.50444707, 3.8666946 , 2.02477169,\n        1.06229027],\n       [3.29953193, 3.62865173, 3.50444707, 3.8666946 , 2.02477169,\n        1.06229027],\n       [3.29953193, 3.62865173, 3.50444707, 3.8666946 , 2.02477169,\n        1.06229027],\n       [3.29953193, 3.62865173, 3.50444707, 3.8666946 , 2.02477169,\n        1.06229027],\n       [3.29953193, 3.62865173, 3.50444707, 3.8666946 , 2.02477169,\n        1.06229027],\n       [3.29953193, 3.62865173, 3.50444707, 3.8666946 , 2.02477169,\n        1.06229027],\n       [3.29953193, 3.62865173, 3.50444707, 3.8666946 , 2.02477169,\n        1.06229027]]), array([0.07363486, 0.07363486, 0.07363486, 0.07363486, 0.07363486,\n       0.07363486, 0.07363486]))", "callback": [0.7723896694019418, 0.5020646010537548, 0.2395099197434406, 0.22517121502142767, 0.16522288354088677, 0.10761203232010608, 0.09257060825983399, 0.0851408303072192, 0.07845322565282953, 0.07721360670859834, 0.07709415372999107, 0.07703459529175738, 0.07687530690704591, 0.07611671668584197, 0.07456876500601994, 0.07406220368320793, 0.07370158658040193, 0.07366800526929917, 0.07363759158731031, 0.07363716252711994, 0.07363525313926711, 0.07363493545939948, 0.07363488065026558, 0.07363486571314282, 0.07363486389833984, 0.07363486377647754, 0.0736348637432509, 0.07363486373799, 0.07363486373758743, 0.07363486373745898, 0.07363486373742867, 0.07363486373742012, 0.0736348637374189, 0.07363486373741857, 0.07363486373741845, 0.07363486373741845, 0.07363486373741845, 0.07363486373741845]}, "10": {"maxiter": 1000, "fatol": 1e-10, "xatol": 1e-05, "duration": 0.12873220443725586, "fun": "0.07363486373777528", "nit": "278", "nfev": "450", "status": "0", "success": "True", "message": "Optimization terminated successfully.", "x": "[3.29953132 3.62864999 3.50444605 3.86669461 2.02477137 1.06229116]", "final_simplex": "(array([[3.29953132, 3.62864999, 3.50444605, 3.86669461, 2.02477137,\n        1.06229116],\n       [3.29953352, 3.62865645, 3.50445196, 3.86669514, 2.02476862,\n        1.06228902],\n       [3.29953131, 3.62864611, 3.50444163, 3.86669453, 2.02477297,\n        1.06229211],\n       [3.2995318 , 3.62865272, 3.50445014, 3.86669301, 2.02477154,\n        1.06229004],\n       [3.29953442, 3.62865567, 3.50445306, 3.86669444, 2.02476864,\n        1.06229011],\n       [3.29953038, 3.62864507, 3.5044381 , 3.86669527, 2.02477491,\n        1.06229225],\n       [3.29952936, 3.62865065, 3.50444618, 3.86669192, 2.02477311,\n        1.06229149]]), array([0.07363486, 0.07363486, 0.07363486, 0.07363486, 0.07363486,\n       0.07363486, 0.07363486]))", "callback": [0.7723896694019418, 0.5020646010537548, 0.2395099197434406, 0.22517121502142767, 0.16522288354088677, 0.10761203232010608, 0.09257060825983399, 0.0851408303072192, 0.07845322565282953, 0.07721360670859834, 0.07709415372999107, 0.07703459529175738, 0.07687530690704591, 0.07611671668584197, 0.07456876500601994, 0.07406220368320793, 0.07370158658040193, 0.07366800526929917, 0.07363759158731031, 0.07363716252711994, 0.07363525313926711, 0.07363493545939948, 0.07363488065026558, 0.07363486571314282, 0.07363486389833984, 0.07363486377647754, 0.0736348637432509, 0.07363486373799]}, "11": {"maxiter": 1000, "fatol": 1e-10, "xatol": 1e-10, "duration": 0.1880810260772705, "fun": "0.07363486373741845", "nit": "373", "nfev": "666", "status": "0", "success": "True", "message": "Optimization terminated successfully.", "x": "[3.29953193 3.62865173 3.50444707 3.8666946  2.02477169 1.06229027]", "final_simplex": "(array([[3.29953193, 3.62865173, 3.50444707, 3.8666946 , 2.02477169,\n        1.06229027],\n       [3.29953193, 3.62865173, 3.50444707, 3.8666946 , 2.02477169,\n        1.06229027],\n       [3.29953193, 3.62865173, 3.50444707, 3.8666946 , 2.02477169,\n        1.06229027],\n       [3.29953193, 3.62865173, 3.50444707, 3.8666946 , 2.02477169,\n        1.06229027],\n       [3.29953193, 3.62865173, 3.50444707, 3.8666946 , 2.02477169,\n        1.06229027],\n       [3.29953193, 3.62865173, 3.50444707, 3.8666946 , 2.02477169,\n        1.06229027],\n       [3.29953193, 3.62865173, 3.50444707, 3.8666946 , 2.02477169,\n        1.06229027]]), array([0.07363486, 0.07363486, 0.07363486, 0.07363486, 0.07363486,\n       0.07363486, 0.07363486]))", "callback": [0.7723896694019418, 0.5020646010537548, 0.2395099197434406, 0.22517121502142767, 0.16522288354088677, 0.10761203232010608, 0.09257060825983399, 0.0851408303072192, 0.07845322565282953, 0.07721360670859834, 0.07709415372999107, 0.07703459529175738, 0.07687530690704591, 0.07611671668584197, 0.07456876500601994, 0.07406220368320793, 0.07370158658040193, 0.07366800526929917, 0.07363759158731031, 0.07363716252711994, 0.07363525313926711, 0.07363493545939948, 0.07363488065026558, 0.07363486571314282, 0.07363486389833984, 0.07363486377647754, 0.0736348637432509, 0.07363486373799, 0.07363486373758743, 0.07363486373745898, 0.07363486373742867, 0.07363486373742012, 0.0736348637374189, 0.07363486373741857, 0.07363486373741845, 0.07363486373741845, 0.07363486373741845, 0.07363486373741845]}}, "bfgs": {"type": "gradient", "0": {"maxiter": 100, "gtol": 1e-05, "xrtol": 1e-05, "eps": 1e-05, "duration": 0.04629206657409668, "fun": "0.07363486411934628", "jac": "[ 2.59505750e-06 -1.38926648e-06  5.56776847e-08  2.69049227e-06\n -1.41373580e-06 -1.93673966e-06]", "hess_inv": "[[ 1.85576159 -1.49363849 -1.64806758  0.67969431 -0.82474506 -0.971268  ]\n [-1.49363849  7.15325305  4.00874359 -0.01181276  5.70933989  3.73481073]\n [-1.64806758  4.00874359  5.67284016 -2.4199488   3.15382827  1.95317427]\n [ 0.67969431 -0.01181276 -2.4199488   3.74561096  0.07181091 -0.25500783]\n [-0.82474506  5.70933989  3.15382827  0.07181091  9.34747376  6.04698266]\n [-0.971268    3.73481073  1.95317427 -0.25500783  6.04698266  6.62761252]]", "nfev": "161", "njev": "23", "status": "0", "success": "True", "message": "Optimization terminated successfully.", "x": "[3.97842947 4.43191366 4.59666907 3.87689335 1.62447455 1.52418591]", "nit": "18", "callback": [0.47025804752442035, 0.4365358243805857, 0.20601094536916742, 0.16844146520614456, 0.1289378694223018, 0.0827060204538348, 0.07882296522056409, 0.07622067616187977, 0.07440047833836672, 0.07375867406178493, 0.07368040006199039, 0.07367480795931347, 0.07366769952695351, 0.07365534379712191, 0.07363860513423659, 0.0736351501339787, 0.07363489422100111, 0.07363486411934628]}, "1": {"maxiter": 100, "gtol": 1e-05, "xrtol": 1e-05, "eps": 1e-10, "duration": 0.04605698585510254, "fun": "0.07363486424972143", "jac": "[ 3.33066880e-06 -1.11022293e-06 -4.44089173e-06  7.77156053e-06\n -1.11022293e-06 -3.33066880e-06]", "hess_inv": "[[ 1.81727083 -1.51307111 -1.59799292  0.62413516 -0.84821069 -0.95355837]\n [-1.51307111  7.18537612  4.06938917 -0.08343934  5.73911438  3.70172974]\n [-1.59799292  4.06938917  5.64441916 -2.38563807  3.20219833  1.89360391]\n [ 0.62413516 -0.08343934 -2.38563807  3.69000163  0.02010933 -0.21168474]\n [-0.84821069  5.73911438  3.20219833  0.02010933  9.37165954  6.02106928]\n [-0.95355837  3.70172974  1.89360391 -0.21168474  6.02106928  6.59265331]]", "nfev": "161", "njev": "23", "status": "0", "success": "True", "message": "Optimization terminated successfully.", "x": "[3.97848691 4.43196064 4.59668029 3.87694282 1.62451097 1.52426204]", "nit": "18", "callback": [0.47025844808727535, 0.43653657708239857, 0.20602420534495558, 0.16845819460545397, 0.1289435011772171, 0.08270342717419732, 0.0788224050839359, 0.07621910063060722, 0.07440053484183085, 0.07375855960715583, 0.07368056245719212, 0.0736749665806834, 0.07366788619726594, 0.07365550644998464, 0.07363864494857619, 0.07363514392271964, 0.07363489059698736, 0.07363486424972143]}, "2": {"maxiter": 100, "gtol": 1e-05, "xrtol": 1e-10, "eps": 1e-05, "duration": 0.04527688026428223, "fun": "0.07363486411934628", "jac": "[ 2.59505750e-06 -1.38926648e-06  5.56776847e-08  2.69049227e-06\n -1.41373580e-06 -1.93673966e-06]", "hess_inv": "[[ 1.85576159 -1.49363849 -1.64806758  0.67969431 -0.82474506 -0.971268  ]\n [-1.49363849  7.15325305  4.00874359 -0.01181276  5.70933989  3.73481073]\n [-1.64806758  4.00874359  5.67284016 -2.4199488   3.15382827  1.95317427]\n [ 0.67969431 -0.01181276 -2.4199488   3.74561096  0.07181091 -0.25500783]\n [-0.82474506  5.70933989  3.15382827  0.07181091  9.34747376  6.04698266]\n [-0.971268    3.73481073  1.95317427 -0.25500783  6.04698266  6.62761252]]", "nfev": "161", "njev": "23", "status": "0", "success": "True", "message": "Optimization terminated successfully.", "x": "[3.97842947 4.43191366 4.59666907 3.87689335 1.62447455 1.52418591]", "nit": "18", "callback": [0.47025804752442035, 0.4365358243805857, 0.20601094536916742, 0.16844146520614456, 0.1289378694223018, 0.0827060204538348, 0.07882296522056409, 0.07622067616187977, 0.07440047833836672, 0.07375867406178493, 0.07368040006199039, 0.07367480795931347, 0.07366769952695351, 0.07365534379712191, 0.07363860513423659, 0.0736351501339787, 0.07363489422100111, 0.07363486411934628]}, "3": {"maxiter": 100, "gtol": 1e-05, "xrtol": 1e-10, "eps": 1e-10, "duration": 0.04615592956542969, "fun": "0.07363486424972143", "jac": "[ 3.33066880e-06 -1.11022293e-06 -4.44089173e-06  7.77156053e-06\n -1.11022293e-06 -3.33066880e-06]", "hess_inv": "[[ 1.81727083 -1.51307111 -1.59799292  0.62413516 -0.84821069 -0.95355837]\n [-1.51307111  7.18537612  4.06938917 -0.08343934  5.73911438  3.70172974]\n [-1.59799292  4.06938917  5.64441916 -2.38563807  3.20219833  1.89360391]\n [ 0.62413516 -0.08343934 -2.38563807  3.69000163  0.02010933 -0.21168474]\n [-0.84821069  5.73911438  3.20219833  0.02010933  9.37165954  6.02106928]\n [-0.95355837  3.70172974  1.89360391 -0.21168474  6.02106928  6.59265331]]", "nfev": "161", "njev": "23", "status": "0", "success": "True", "message": "Optimization terminated successfully.", "x": "[3.97848691 4.43196064 4.59668029 3.87694282 1.62451097 1.52426204]", "nit": "18", "callback": [0.47025844808727535, 0.43653657708239857, 0.20602420534495558, 0.16845819460545397, 0.1289435011772171, 0.08270342717419732, 0.0788224050839359, 0.07621910063060722, 0.07440053484183085, 0.07375855960715583, 0.07368056245719212, 0.0736749665806834, 0.07366788619726594, 0.07365550644998464, 0.07363864494857619, 0.07363514392271964, 0.07363489059698736, 0.07363486424972143]}, "4": {"maxiter": 100, "gtol": 1e-10, "xrtol": 1e-05, "eps": 1e-05, "duration": 0.0483548641204834, "fun": "0.07363486385026252", "jac": "[ 9.53315205e-07 -2.67197375e-07  6.89603930e-07  4.49351667e-07\n -7.06446013e-07  5.96844796e-07]", "hess_inv": "[[ 1.9219425  -1.60937691 -1.7652336   0.74296001 -0.97087313 -1.11977907]\n [-1.60937691  7.1773307   4.13792653 -0.10244509  5.77941257  3.92176025]\n [-1.7652336   4.13792653  5.84811882 -2.52345825  3.33377639  2.18519838]\n [ 0.74296001 -0.10244509 -2.52345825  3.80384501 -0.0470701  -0.38881256]\n [-0.97087313  5.77941257  3.33377639 -0.0470701   9.47720935  6.29920899]\n [-1.11977907  3.92176025  2.18519838 -0.38881256  6.29920899  6.93117914]]", "nfev": "168", "njev": "24", "status": "0", "success": "True", "message": "Optimization terminated successfully.", "x": "[3.9784168  4.43194362 4.59669481 3.87688037 1.62451064 1.52421752]", "nit": "19", "callback": [0.47025804752442035, 0.4365358243805857, 0.20601094536916742, 0.16844146520614456, 0.1289378694223018, 0.0827060204538348, 0.07882296522056409, 0.07622067616187977, 0.07440047833836672, 0.07375867406178493, 0.07368040006199039, 0.07367480795931347, 0.07366769952695351, 0.07365534379712191, 0.07363860513423659, 0.0736351501339787, 0.07363489422100111, 0.07363486411934628, 0.07363486385026252]}, "5": {"maxiter": 100, "gtol": 1e-10, "xrtol": 1e-05, "eps": 1e-10, "duration": 0.050292015075683594, "fun": "0.07363486376141126", "jac": "[-6.66133760e-06 -1.11022293e-06 -4.44089173e-06 -2.22044587e-06\n -4.44089173e-06  0.00000000e+00]", "hess_inv": "[[ 1.99599347 -1.12096746 -1.83995196  1.35731612 -0.26887022 -0.75569008]\n [-1.12096746  4.82625376  2.52901005 -0.14424845  2.93328049  1.90692442]\n [-1.83995196  2.52901005  5.58780398 -3.76164345  1.19319566  1.00455092]\n [ 1.35731612 -0.14424845 -3.76164345  5.54194335  0.17139454 -0.71686238]\n [-0.26887022  2.93328049  1.19319566  0.17139454  6.04412876  3.77803569]\n [-0.75569008  1.90692442  1.00455092 -0.71686238  3.77803569  5.17907216]]", "nfev": "175", "njev": "25", "status": "0", "success": "True", "message": "Optimization terminated successfully.", "x": "[3.97845748 4.4319917  4.59674794 3.87687617 1.62453838 1.52429815]", "nit": "20", "callback": [0.47025844808727535, 0.43653657708239857, 0.20602420534495558, 0.16845819460545397, 0.1289435011772171, 0.08270342717419732, 0.0788224050839359, 0.07621910063060722, 0.07440053484183085, 0.07375855960715583, 0.07368056245719212, 0.0736749665806834, 0.07366788619726594, 0.07365550644998464, 0.07363864494857619, 0.07363514392271964, 0.07363489059698736, 0.07363486424972143, 0.07363486387889606, 0.07363486376141126]}, "6": {"maxiter": 100, "gtol": 1e-10, "xrtol": 1e-10, "eps": 1e-05, "duration": 0.10772871971130371, "fun": "0.07363486376971484", "jac": "[ 2.09872120e-06  3.34674510e-06 -8.70836736e-07 -2.49722465e-06\n  6.94366786e-07  7.32014449e-07]", "hess_inv": "[[ 274.04559528  -36.35619395   94.01021699   -9.26869158 -183.02710775\n   138.58821413]\n [ -36.35619395    7.59937486  -10.84919232    2.27188382   25.04248353\n   -17.42980788]\n [  94.01021699  -10.84919232   37.62003527   -5.271726    -63.47606126\n    48.89127753]\n [  -9.26869158    2.27188382   -5.271726      3.86100669    7.73721732\n    -4.54217542]\n [-183.02710775   25.04248353  -63.47606126    7.73721732  127.32434045\n   -90.65094874]\n [ 138.58821413  -17.42980788   48.89127753   -4.54217542  -90.65094874\n    75.51890318]]", "nfev": "362", "njev": "50", "status": "2", "success": "False", "message": "Desired error not necessarily achieved due to precision loss.", "x": "[3.97832947 4.43197247 4.59667606 3.87687884 1.62458667 1.52418816]", "nit": "24", "callback": [0.47025804752442035, 0.4365358243805857, 0.20601094536916742, 0.16844146520614456, 0.1289378694223018, 0.0827060204538348, 0.07882296522056409, 0.07622067616187977, 0.07440047833836672, 0.07375867406178493, 0.07368040006199039, 0.07367480795931347, 0.07366769952695351, 0.07365534379712191, 0.07363860513423659, 0.0736351501339787, 0.07363489422100111, 0.07363486411934628, 0.07363486385026252, 0.07363486383588214, 0.0736348638170854, 0.07363486379285367, 0.07363486377346296, 0.07363486376971484]}, "7": {"maxiter": 100, "gtol": 1e-10, "xrtol": 1e-10, "eps": 1e-10, "duration": 0.07578802108764648, "fun": "0.07363486376141115", "jac": "[-5.55111466e-06  1.11022293e-06  1.11022293e-06 -3.33066880e-06\n -3.33066880e-06  3.33066880e-06]", "hess_inv": "[[ 1.98235505 -1.38393953 -1.89126915  1.15787386 -0.63277999 -0.96592936]\n [-1.38393953  3.90341953  1.96972909 -0.3114794   1.4782501   1.20307921]\n [-1.89126915  1.96972909  5.43933385 -4.13056338  0.40078327  0.56094036]\n [ 1.15787386 -0.3114794  -4.13056338  5.88749754 -0.2178656  -0.82046288]\n [-0.63277999  1.4782501   0.40078327 -0.2178656   3.79194922  2.66028339]\n [-0.96592936  1.20307921  0.56094036 -0.82046288  2.66028339  4.64377543]]", "nfev": "259", "njev": "37", "status": "0", "success": "True", "message": "Optimization terminated successfully.", "x": "[3.97845748 4.4319917  4.59674794 3.87687617 1.62453838 1.52429815]", "nit": "21", "callback": [0.47025844808727535, 0.43653657708239857, 0.20602420534495558, 0.16845819460545397, 0.1289435011772171, 0.08270342717419732, 0.0788224050839359, 0.07621910063060722, 0.07440053484183085, 0.07375855960715583, 0.07368056245719212, 0.0736749665806834, 0.07366788619726594, 0.07365550644998464, 0.07363864494857619, 0.07363514392271964, 0.07363489059698736, 0.07363486424972143, 0.07363486387889606, 0.07363486376141126, 0.07363486376141115]}, "8": {"maxiter": 500, "gtol": 1e-05, "xrtol": 1e-05, "eps": 1e-05, "duration": 0.048278093338012695, "fun": "0.07363486411934628", "jac": "[ 2.59505750e-06 -1.38926648e-06  5.56776847e-08  2.69049227e-06\n -1.41373580e-06 -1.93673966e-06]", "hess_inv": "[[ 1.85576159 -1.49363849 -1.64806758  0.67969431 -0.82474506 -0.971268  ]\n [-1.49363849  7.15325305  4.00874359 -0.01181276  5.70933989  3.73481073]\n [-1.64806758  4.00874359  5.67284016 -2.4199488   3.15382827  1.95317427]\n [ 0.67969431 -0.01181276 -2.4199488   3.74561096  0.07181091 -0.25500783]\n [-0.82474506  5.70933989  3.15382827  0.07181091  9.34747376  6.04698266]\n [-0.971268    3.73481073  1.95317427 -0.25500783  6.04698266  6.62761252]]", "nfev": "161", "njev": "23", "status": "0", "success": "True", "message": "Optimization terminated successfully.", "x": "[3.97842947 4.43191366 4.59666907 3.87689335 1.62447455 1.52418591]", "nit": "18", "callback": [0.47025804752442035, 0.4365358243805857, 0.20601094536916742, 0.16844146520614456, 0.1289378694223018, 0.0827060204538348, 0.07882296522056409, 0.07622067616187977, 0.07440047833836672, 0.07375867406178493, 0.07368040006199039, 0.07367480795931347, 0.07366769952695351, 0.07365534379712191, 0.07363860513423659, 0.0736351501339787, 0.07363489422100111, 0.07363486411934628]}, "9": {"maxiter": 500, "gtol": 1e-05, "xrtol": 1e-05, "eps": 1e-10, "duration": 0.047070980072021484, "fun": "0.07363486424972143", "jac": "[ 3.33066880e-06 -1.11022293e-06 -4.44089173e-06  7.77156053e-06\n -1.11022293e-06 -3.33066880e-06]", "hess_inv": "[[ 1.81727083 -1.51307111 -1.59799292  0.62413516 -0.84821069 -0.95355837]\n [-1.51307111  7.18537612  4.06938917 -0.08343934  5.73911438  3.70172974]\n [-1.59799292  4.06938917  5.64441916 -2.38563807  3.20219833  1.89360391]\n [ 0.62413516 -0.08343934 -2.38563807  3.69000163  0.02010933 -0.21168474]\n [-0.84821069  5.73911438  3.20219833  0.02010933  9.37165954  6.02106928]\n [-0.95355837  3.70172974  1.89360391 -0.21168474  6.02106928  6.59265331]]", "nfev": "161", "njev": "23", "status": "0", "success": "True", "message": "Optimization terminated successfully.", "x": "[3.97848691 4.43196064 4.59668029 3.87694282 1.62451097 1.52426204]", "nit": "18", "callback": [0.47025844808727535, 0.43653657708239857, 0.20602420534495558, 0.16845819460545397, 0.1289435011772171, 0.08270342717419732, 0.0788224050839359, 0.07621910063060722, 0.07440053484183085, 0.07375855960715583, 0.07368056245719212, 0.0736749665806834, 0.07366788619726594, 0.07365550644998464, 0.07363864494857619, 0.07363514392271964, 0.07363489059698736, 0.07363486424972143]}, "10": {"maxiter": 500, "gtol": 1e-05, "xrtol": 1e-10, "eps": 1e-05, "duration": 0.045770883560180664, "fun": "0.07363486411934628", "jac": "[ 2.59505750e-06 -1.38926648e-06  5.56776847e-08  2.69049227e-06\n -1.41373580e-06 -1.93673966e-06]", "hess_inv": "[[ 1.85576159 -1.49363849 -1.64806758  0.67969431 -0.82474506 -0.971268  ]\n [-1.49363849  7.15325305  4.00874359 -0.01181276  5.70933989  3.73481073]\n [-1.64806758  4.00874359  5.67284016 -2.4199488   3.15382827  1.95317427]\n [ 0.67969431 -0.01181276 -2.4199488   3.74561096  0.07181091 -0.25500783]\n [-0.82474506  5.70933989  3.15382827  0.07181091  9.34747376  6.04698266]\n [-0.971268    3.73481073  1.95317427 -0.25500783  6.04698266  6.62761252]]", "nfev": "161", "njev": "23", "status": "0", "success": "True", "message": "Optimization terminated successfully.", "x": "[3.97842947 4.43191366 4.59666907 3.87689335 1.62447455 1.52418591]", "nit": "18", "callback": [0.47025804752442035, 0.4365358243805857, 0.20601094536916742, 0.16844146520614456, 0.1289378694223018, 0.0827060204538348, 0.07882296522056409, 0.07622067616187977, 0.07440047833836672, 0.07375867406178493, 0.07368040006199039, 0.07367480795931347, 0.07366769952695351, 0.07365534379712191, 0.07363860513423659, 0.0736351501339787, 0.07363489422100111, 0.07363486411934628]}, "11": {"maxiter": 500, "gtol": 1e-05, "xrtol": 1e-10, "eps": 1e-10, "duration": 0.04636216163635254, "fun": "0.07363486424972143", "jac": "[ 3.33066880e-06 -1.11022293e-06 -4.44089173e-06  7.77156053e-06\n -1.11022293e-06 -3.33066880e-06]", "hess_inv": "[[ 1.81727083 -1.51307111 -1.59799292  0.62413516 -0.84821069 -0.95355837]\n [-1.51307111  7.18537612  4.06938917 -0.08343934  5.73911438  3.70172974]\n [-1.59799292  4.06938917  5.64441916 -2.38563807  3.20219833  1.89360391]\n [ 0.62413516 -0.08343934 -2.38563807  3.69000163  0.02010933 -0.21168474]\n [-0.84821069  5.73911438  3.20219833  0.02010933  9.37165954  6.02106928]\n [-0.95355837  3.70172974  1.89360391 -0.21168474  6.02106928  6.59265331]]", "nfev": "161", "njev": "23", "status": "0", "success": "True", "message": "Optimization terminated successfully.", "x": "[3.97848691 4.43196064 4.59668029 3.87694282 1.62451097 1.52426204]", "nit": "18", "callback": [0.47025844808727535, 0.43653657708239857, 0.20602420534495558, 0.16845819460545397, 0.1289435011772171, 0.08270342717419732, 0.0788224050839359, 0.07621910063060722, 0.07440053484183085, 0.07375855960715583, 0.07368056245719212, 0.0736749665806834, 0.07366788619726594, 0.07365550644998464, 0.07363864494857619, 0.07363514392271964, 0.07363489059698736, 0.07363486424972143]}, "12": {"maxiter": 500, "gtol": 1e-10, "xrtol": 1e-05, "eps": 1e-05, "duration": 0.04782390594482422, "fun": "0.07363486385026252", "jac": "[ 9.53315205e-07 -2.67197375e-07  6.89603930e-07  4.49351667e-07\n -7.06446013e-07  5.96844796e-07]", "hess_inv": "[[ 1.9219425  -1.60937691 -1.7652336   0.74296001 -0.97087313 -1.11977907]\n [-1.60937691  7.1773307   4.13792653 -0.10244509  5.77941257  3.92176025]\n [-1.7652336   4.13792653  5.84811882 -2.52345825  3.33377639  2.18519838]\n [ 0.74296001 -0.10244509 -2.52345825  3.80384501 -0.0470701  -0.38881256]\n [-0.97087313  5.77941257  3.33377639 -0.0470701   9.47720935  6.29920899]\n [-1.11977907  3.92176025  2.18519838 -0.38881256  6.29920899  6.93117914]]", "nfev": "168", "njev": "24", "status": "0", "success": "True", "message": "Optimization terminated successfully.", "x": "[3.9784168  4.43194362 4.59669481 3.87688037 1.62451064 1.52421752]", "nit": "19", "callback": [0.47025804752442035, 0.4365358243805857, 0.20601094536916742, 0.16844146520614456, 0.1289378694223018, 0.0827060204538348, 0.07882296522056409, 0.07622067616187977, 0.07440047833836672, 0.07375867406178493, 0.07368040006199039, 0.07367480795931347, 0.07366769952695351, 0.07365534379712191, 0.07363860513423659, 0.0736351501339787, 0.07363489422100111, 0.07363486411934628, 0.07363486385026252]}, "13": {"maxiter": 500, "gtol": 1e-10, "xrtol": 1e-05, "eps": 1e-10, "duration": 0.050158023834228516, "fun": "0.07363486376141126", "jac": "[-6.66133760e-06 -1.11022293e-06 -4.44089173e-06 -2.22044587e-06\n -4.44089173e-06  0.00000000e+00]", "hess_inv": "[[ 1.99599347 -1.12096746 -1.83995196  1.35731612 -0.26887022 -0.75569008]\n [-1.12096746  4.82625376  2.52901005 -0.14424845  2.93328049  1.90692442]\n [-1.83995196  2.52901005  5.58780398 -3.76164345  1.19319566  1.00455092]\n [ 1.35731612 -0.14424845 -3.76164345  5.54194335  0.17139454 -0.71686238]\n [-0.26887022  2.93328049  1.19319566  0.17139454  6.04412876  3.77803569]\n [-0.75569008  1.90692442  1.00455092 -0.71686238  3.77803569  5.17907216]]", "nfev": "175", "njev": "25", "status": "0", "success": "True", "message": "Optimization terminated successfully.", "x": "[3.97845748 4.4319917  4.59674794 3.87687617 1.62453838 1.52429815]", "nit": "20", "callback": [0.47025844808727535, 0.43653657708239857, 0.20602420534495558, 0.16845819460545397, 0.1289435011772171, 0.08270342717419732, 0.0788224050839359, 0.07621910063060722, 0.07440053484183085, 0.07375855960715583, 0.07368056245719212, 0.0736749665806834, 0.07366788619726594, 0.07365550644998464, 0.07363864494857619, 0.07363514392271964, 0.07363489059698736, 0.07363486424972143, 0.07363486387889606, 0.07363486376141126]}, "14": {"maxiter": 500, "gtol": 1e-10, "xrtol": 1e-10, "eps": 1e-05, "duration": 0.1051020622253418, "fun": "0.07363486376971484", "jac": "[ 2.09872120e-06  3.34674510e-06 -8.70836736e-07 -2.49722465e-06\n  6.94366786e-07  7.32014449e-07]", "hess_inv": "[[ 274.04559528  -36.35619395   94.01021699   -9.26869158 -183.02710775\n   138.58821413]\n [ -36.35619395    7.59937486  -10.84919232    2.27188382   25.04248353\n   -17.42980788]\n [  94.01021699  -10.84919232   37.62003527   -5.271726    -63.47606126\n    48.89127753]\n [  -9.26869158    2.27188382   -5.271726      3.86100669    7.73721732\n    -4.54217542]\n [-183.02710775   25.04248353  -63.47606126    7.73721732  127.32434045\n   -90.65094874]\n [ 138.58821413  -17.42980788   48.89127753   -4.54217542  -90.65094874\n    75.51890318]]", "nfev": "362", "njev": "50", "status": "2", "success": "False", "m