{"date": "2024/10/08/, 13:14:37", "conf_id": 0, "data_type": "random\n", "num_data_points": 1, "s_rank": 0, "unitary": "[[-0.45070455-0.02711853j,0.78437395-0.06613086j,0.06358678+0.19963393j,-0.07343613+0.35668523j],[-0.01890143-0.03813363j,0.32408202+0.25557629j,0.05872864-0.68979805j,0.55466693-0.20227297j],[-0.11215405+0.64023111j,-0.13344055+0.29565494j,-0.49012687-0.19046288j,-0.04241254+0.44046348j],[0.55771659+0.24656916j,0.31851997-0.05798805j,0.28761525-0.34294258j,-0.56718418+0.03616933j]]", "databatch_0": {"databatch": "[[[0.09314128-0.12946863j,0.39382838-0.19799267j,0.05133879+0.12112185j,0.08106995-0.04021906j],[0.07622026-0.09754417j,0.31152873-0.14143589j,0.03608905+0.09551662j,0.06411194-0.02869752j],[0.11804856-0.19626647j,0.54031288-0.32976236j,0.08774511+0.16729872j,0.1112873-0.06711204j],[-0.01827577+0.10086995j,-0.17383409+0.2237231j,-0.06326177-0.05610261j,-0.03593256+0.04574145j]]]", "initial param values": "[1.80557328,3.04229109,3.13925668,3.93617736,2.06435022,4.03701978]", "nelder_mead": {"type": "gradient-free", "0": {"maxiter": 100, "fatol": 1e-05, "xatol": 1e-05, "duration": 0.08623790740966797, "fun": "0.07413181345970277", "nit": "100", "nfev": "155", "status": "2", "success": "False", "message": "Maximum number of iterations has been exceeded.", "x": "[3.2982717  2.65109989 2.53277884 3.83513952 2.03931676 0.96762231]", "final_simplex": "(array([[3.2982717 , 2.65109989, 2.53277884, 3.83513952, 2.03931676,\n        0.96762231],\n       [3.21073592, 2.66465593, 2.52045446, 3.8273619 , 2.16493289,\n        1.07121471],\n       [3.23552779, 2.66366319, 2.50316059, 3.82785158, 2.13236348,\n        0.95931884],\n       [3.25277509, 2.68119223, 2.59759435, 3.78435942, 2.11487347,\n        1.02551805],\n       [3.21576633, 2.70803263, 2.5875356 , 3.82260854, 2.06303864,\n        0.9676382 ],\n       [3.3300044 , 2.67756326, 2.53493514, 3.78997419, 2.00426074,\n        0.83078462],\n       [3.37045747, 2.66105357, 2.57018867, 3.84131053, 1.9776055 ,\n        0.84716035]]), array([0.07413181, 0.07454893, 0.07479677, 0.07481268, 0.07511897,\n       0.0751251 , 0.07518763]))", "callback": [0.6040387009974958, 0.4065436915172247, 0.34900265896441407, 0.15653673334337248, 0.1319081701399899, 0.11301449154903509, 0.08842465267814958, 0.08432728830711111, 0.07707192750031588, 0.0755133145939908]}, "1": {"maxiter": 100, "fatol": 1e-05, "xatol": 1e-10, "duration": 0.07757306098937988, "fun": "0.07413181345970277", "nit": "100", "nfev": "155", "status": "2", "success": "False", "message": "Maximum number of iterations has been exceeded.", "x": "[3.2982717  2.65109989 2.53277884 3.83513952 2.03931676 0.96762231]", "final_simplex": "(array([[3.2982717 , 2.65109989, 2.53277884, 3.83513952, 2.03931676,\n        0.96762231],\n       [3.21073592, 2.66465593, 2.52045446, 3.8273619 , 2.16493289,\n        1.07121471],\n       [3.23552779, 2.66366319, 2.50316059, 3.82785158, 2.13236348,\n        0.95931884],\n       [3.25277509, 2.68119223, 2.59759435, 3.78435942, 2.11487347,\n        1.02551805],\n       [3.21576633, 2.70803263, 2.5875356 , 3.82260854, 2.06303864,\n        0.9676382 ],\n       [3.3300044 , 2.67756326, 2.53493514, 3.78997419, 2.00426074,\n        0.83078462],\n       [3.37045747, 2.66105357, 2.57018867, 3.84131053, 1.9776055 ,\n        0.84716035]]), array([0.07413181, 0.07454893, 0.07479677, 0.07481268, 0.07511897,\n       0.0751251 , 0.07518763]))", "callback": [0.6040387009974958, 0.4065436915172247, 0.34900265896441407, 0.15653673334337248, 0.1319081701399899, 0.11301449154903509, 0.08842465267814958, 0.08432728830711111, 0.07707192750031588, 0.0755133145939908]}, "2": {"maxiter": 100, "fatol": 1e-10, "xatol": 1e-05, "duration": 0.07484889030456543, "fun": "0.07413181345970277", "nit": "100", "nfev": "155", "status": "2", "success": "False", "message": "Maximum number of iterations has been exceeded.", "x": "[3.2982717  2.65109989 2.53277884 3.83513952 2.03931676 0.96762231]", "final_simplex": "(array([[3.2982717 , 2.65109989, 2.53277884, 3.83513952, 2.03931676,\n        0.96762231],\n       [3.21073592, 2.66465593, 2.52045446, 3.8273619 , 2.16493289,\n        1.07121471],\n       [3.23552779, 2.66366319, 2.50316059, 3.82785158, 2.13236348,\n        0.95931884],\n       [3.25277509, 2.68119223, 2.59759435, 3.78435942, 2.11487347,\n        1.02551805],\n       [3.21576633, 2.70803263, 2.5875356 , 3.82260854, 2.06303864,\n        0.9676382 ],\n       [3.3300044 , 2.67756326, 2.53493514, 3.78997419, 2.00426074,\n        0.83078462],\n       [3.37045747, 2.66105357, 2.57018867, 3.84131053, 1.9776055 ,\n        0.84716035]]), array([0.07413181, 0.07454893, 0.07479677, 0.07481268, 0.07511897,\n       0.0751251 , 0.07518763]))", "callback": [0.6040387009974958, 0.4065436915172247, 0.34900265896441407, 0.15653673334337248, 0.1319081701399899, 0.11301449154903509, 0.08842465267814958, 0.08432728830711111, 0.07707192750031588, 0.0755133145939908]}, "3": {"maxiter": 100, "fatol": 1e-10, "xatol": 1e-10, "duration": 0.06879377365112305, "fun": "0.07413181345970277", "nit": "100", "nfev": "155", "status": "2", "success": "False", "message": "Maximum number of iterations has been exceeded.", "x": "[3.2982717  2.65109989 2.53277884 3.83513952 2.03931676 0.96762231]", "final_simplex": "(array([[3.2982717 , 2.65109989, 2.53277884, 3.83513952, 2.03931676,\n        0.96762231],\n       [3.21073592, 2.66465593, 2.52045446, 3.8273619 , 2.16493289,\n        1.07121471],\n       [3.23552779, 2.66366319, 2.50316059, 3.82785158, 2.13236348,\n        0.95931884],\n       [3.25277509, 2.68119223, 2.59759435, 3.78435942, 2.11487347,\n        1.02551805],\n       [3.21576633, 2.70803263, 2.5875356 , 3.82260854, 2.06303864,\n        0.9676382 ],\n       [3.3300044 , 2.67756326, 2.53493514, 3.78997419, 2.00426074,\n        0.83078462],\n       [3.37045747, 2.66105357, 2.57018867, 3.84131053, 1.9776055 ,\n        0.84716035]]), array([0.07413181, 0.07454893, 0.07479677, 0.07481268, 0.07511897,\n       0.0751251 , 0.07518763]))", "callback": [0.6040387009974958, 0.4065436915172247, 0.34900265896441407, 0.15653673334337248, 0.1319081701399899, 0.11301449154903509, 0.08842465267814958, 0.08432728830711111, 0.07707192750031588, 0.0755133145939908]}, "4": {"maxiter": 500, "fatol": 1e-05, "xatol": 1e-05, "duration": 0.16284799575805664, "fun": "0.07363486373898931", "nit": "220", "nfev": "370", "status": "0", "success": "True", "message": "Optimization terminated successfully.", "x": "[3.31027969 2.61256534 2.43003928 3.84834624 2.10961536 0.96329658]", "final_simplex": "(array([[3.31027969, 2.61256534, 2.43003928, 3.84834624, 2.10961536,\n        0.96329658],\n       [3.31028177, 2.61256583, 2.43004224, 3.84834628, 2.10961047,\n        0.96329497],\n       [3.31028364, 2.61256677, 2.43004136, 3.84834575, 2.10961314,\n        0.96328695],\n       [3.31028027, 2.6125711 , 2.43004639, 3.84834615, 2.1096071 ,\n        0.96328937],\n       [3.31028961, 2.61256095, 2.43003164, 3.84834835, 2.10961268,\n        0.96328686],\n       [3.31028087, 2.61256314, 2.43003657, 3.8483498 , 2.10961763,\n        0.9632973 ],\n       [3.31028482, 2.6125631 , 2.43003839, 3.84834572, 2.10961649,\n        0.96329589]]), array([0.07363486, 0.07363486, 0.07363486, 0.07363486, 0.07363486,\n       0.07363486, 0.07363486]))", "callback": [0.6040387009974958, 0.4065436915172247, 0.34900265896441407, 0.15653673334337248, 0.1319081701399899, 0.11301449154903509, 0.08842465267814958, 0.08432728830711111, 0.07707192750031588, 0.0755133145939908, 0.07413181345970277, 0.07372435698170143, 0.0736505936106121, 0.0736389230570601, 0.07363529329729135, 0.07363490809825357, 0.07363488168383003, 0.07363487106218236, 0.07363486554045418, 0.07363486403517772, 0.07363486375540484, 0.07363486374542183]}, "5": {"maxiter": 500, "fatol": 1e-05, "xatol": 1e-10, "duration": 0.25997281074523926, "fun": "0.07363486373741823", "nit": "315", "nfev": "585", "status": "0", "success": "True", "message": "Optimization terminated successfully.", "x": "[3.31028347 2.61256553 2.43003934 3.84834696 2.10961211 0.96329049]", "final_simplex": "(array([[3.31028347, 2.61256553, 2.43003934, 3.84834696, 2.10961211,\n        0.96329049],\n       [3.31028347, 2.61256553, 2.43003934, 3.84834696, 2.10961211,\n        0.96329049],\n       [3.31028347, 2.61256553, 2.43003934, 3.84834696, 2.10961211,\n        0.96329049],\n       [3.31028347, 2.61256553, 2.43003934, 3.84834696, 2.10961211,\n        0.96329049],\n       [3.31028347, 2.61256553, 2.43003934, 3.84834696, 2.10961211,\n        0.96329049],\n       [3.31028347, 2.61256553, 2.43003934, 3.84834696, 2.10961211,\n        0.96329049],\n       [3.31028347, 2.61256553, 2.43003934, 3.84834696, 2.10961211,\n        0.96329049]]), array([0.07363486, 0.07363486, 0.07363486, 0.07363486, 0.07363486,\n       0.07363486, 0.07363486]))", "callback": [0.6040387009974958, 0.4065436915172247, 0.34900265896441407, 0.15653673334337248, 0.1319081701399899, 0.11301449154903509, 0.08842465267814958, 0.08432728830711111, 0.07707192750031588, 0.0755133145939908, 0.07413181345970277, 0.07372435698170143, 0.0736505936106121, 0.0736389230570601, 0.07363529329729135, 0.07363490809825357, 0.07363488168383003, 0.07363487106218236, 0.07363486554045418, 0.07363486403517772, 0.07363486375540484, 0.07363486374542183, 0.07363486373854244, 0.07363486373759376, 0.07363486373745165, 0.07363486373742356, 0.07363486373741901, 0.07363486373741868, 0.07363486373741823, 0.07363486373741823, 0.07363486373741823, 0.07363486373741823]}, "6": {"maxiter": 500, "fatol": 1e-10, "xatol": 1e-05, "duration": 0.16896605491638184, "fun": "0.07363486373898931", "nit": "220", "nfev": "370", "status": "0", "success": "True", "message": "Optimization terminated successfully.", "x": "[3.31027969 2.61256534 2.43003928 3.84834624 2.10961536 0.96329658]", "final_simplex": "(array([[3.31027969, 2.61256534, 2.43003928, 3.84834624, 2.10961536,\n        0.96329658],\n       [3.31028177, 2.61256583, 2.43004224, 3.84834628, 2.10961047,\n        0.96329497],\n       [3.31028364, 2.61256677, 2.43004136, 3.84834575, 2.10961314,\n        0.96328695],\n       [3.31028027, 2.6125711 , 2.43004639, 3.84834615, 2.1096071 ,\n        0.96328937],\n       [3.31028961, 2.61256095, 2.43003164, 3.84834835, 2.10961268,\n        0.96328686],\n       [3.31028087, 2.61256314, 2.43003657, 3.8483498 , 2.10961763,\n        0.9632973 ],\n       [3.31028482, 2.6125631 , 2.43003839, 3.84834572, 2.10961649,\n        0.96329589]]), array([0.07363486, 0.07363486, 0.07363486, 0.07363486, 0.07363486,\n       0.07363486, 0.07363486]))", "callback": [0.6040387009974958, 0.4065436915172247, 0.34900265896441407, 0.15653673334337248, 0.1319081701399899, 0.11301449154903509, 0.08842465267814958, 0.08432728830711111, 0.07707192750031588, 0.0755133145939908, 0.07413181345970277, 0.07372435698170143, 0.0736505936106121, 0.0736389230570601, 0.07363529329729135, 0.07363490809825357, 0.07363488168383003, 0.07363487106218236, 0.07363486554045418, 0.07363486403517772, 0.07363486375540484, 0.07363486374542183]}, "7": {"maxiter": 500, "fatol": 1e-10, "xatol": 1e-10, "duration": 0.2699120044708252, "fun": "0.07363486373741823", "nit": "315", "nfev": "585", "status": "0", "success": "True", "message": "Optimization terminated successfully.", "x": "[3.31028347 2.61256553 2.43003934 3.84834696 2.10961211 0.96329049]", "final_simplex": "(array([[3.31028347, 2.61256553, 2.43003934, 3.84834696, 2.10961211,\n        0.96329049],\n       [3.31028347, 2.61256553, 2.43003934, 3.84834696, 2.10961211,\n        0.96329049],\n       [3.31028347, 2.61256553, 2.43003934, 3.84834696, 2.10961211,\n        0.96329049],\n       [3.31028347, 2.61256553, 2.43003934, 3.84834696, 2.10961211,\n        0.96329049],\n       [3.31028347, 2.61256553, 2.43003934, 3.84834696, 2.10961211,\n        0.96329049],\n       [3.31028347, 2.61256553, 2.43003934, 3.84834696, 2.10961211,\n        0.96329049],\n       [3.31028347, 2.61256553, 2.43003934, 3.84834696, 2.10961211,\n        0.96329049]]), array([0.07363486, 0.07363486, 0.07363486, 0.07363486, 0.07363486,\n       0.07363486, 0.07363486]))", "callback": [0.6040387009974958, 0.4065436915172247, 0.34900265896441407, 0.15653673334337248, 0.1319081701399899, 0.11301449154903509, 0.08842465267814958, 0.08432728830711111, 0.07707192750031588, 0.0755133145939908, 0.07413181345970277, 0.07372435698170143, 0.0736505936106121, 0.0736389230570601, 0.07363529329729135, 0.07363490809825357, 0.07363488168383003, 0.07363487106218236, 0.07363486554045418, 0.07363486403517772, 0.07363486375540484, 0.07363486374542183, 0.07363486373854244, 0.07363486373759376, 0.07363486373745165, 0.07363486373742356, 0.07363486373741901, 0.07363486373741868, 0.07363486373741823, 0.07363486373741823, 0.07363486373741823, 0.07363486373741823]}, "8": {"maxiter": 1000, "fatol": 1e-05, "xatol": 1e-05, "duration": 0.1813352108001709, "fun": "0.07363486373898931", "nit": "220", "nfev": "370", "status": "0", "success": "True", "message": "Optimization terminated successfully.", "x": "[3.31027969 2.61256534 2.43003928 3.84834624 2.10961536 0.96329658]", "final_simplex": "(array([[3.31027969, 2.61256534, 2.43003928, 3.84834624, 2.10961536,\n        0.96329658],\n       [3.31028177, 2.61256583, 2.43004224, 3.84834628, 2.10961047,\n        0.96329497],\n       [3.31028364, 2.61256677, 2.43004136, 3.84834575, 2.10961314,\n        0.96328695],\n       [3.31028027, 2.6125711 , 2.43004639, 3.84834615, 2.1096071 ,\n        0.96328937],\n       [3.31028961, 2.61256095, 2.43003164, 3.84834835, 2.10961268,\n        0.96328686],\n       [3.31028087, 2.61256314, 2.43003657, 3.8483498 , 2.10961763,\n        0.9632973 ],\n       [3.31028482, 2.6125631 , 2.43003839, 3.84834572, 2.10961649,\n        0.96329589]]), array([0.07363486, 0.07363486, 0.07363486, 0.07363486, 0.07363486,\n       0.07363486, 0.07363486]))", "callback": [0.6040387009974958, 0.4065436915172247, 0.34900265896441407, 0.15653673334337248, 0.1319081701399899, 0.11301449154903509, 0.08842465267814958, 0.08432728830711111, 0.07707192750031588, 0.0755133145939908, 0.07413181345970277, 0.07372435698170143, 0.0736505936106121, 0.0736389230570601, 0.07363529329729135, 0.07363490809825357, 0.07363488168383003, 0.07363487106218236, 0.07363486554045418, 0.07363486403517772, 0.07363486375540484, 0.07363486374542183]}, "9": {"maxiter": 1000, "fatol": 1e-05, "xatol": 1e-10, "duration": 0.29548001289367676, "fun": "0.07363486373741823", "nit": "315", "nfev": "585", "status": "0", "success": "True", "message": "Optimization terminated successfully.", "x": "[3.31028347 2.61256553 2.43003934 3.84834696 2.10961211 0.96329049]", "final_simplex": "(array([[3.31028347, 2.61256553, 2.43003934, 3.84834696, 2.10961211,\n        0.96329049],\n       [3.31028347, 2.61256553, 2.43003934, 3.84834696, 2.10961211,\n        0.96329049],\n       [3.31028347, 2.61256553, 2.43003934, 3.84834696, 2.10961211,\n        0.96329049],\n       [3.31028347, 2.61256553, 2.43003934, 3.84834696, 2.10961211,\n        0.96329049],\n       [3.31028347, 2.61256553, 2.43003934, 3.84834696, 2.10961211,\n        0.96329049],\n       [3.31028347, 2.61256553, 2.43003934, 3.84834696, 2.10961211,\n        0.96329049],\n       [3.31028347, 2.61256553, 2.43003934, 3.84834696, 2.10961211,\n        0.96329049]]), array([0.07363486, 0.07363486, 0.07363486, 0.07363486, 0.07363486,\n       0.07363486, 0.07363486]))", "callback": [0.6040387009974958, 0.4065436915172247, 0.34900265896441407, 0.15653673334337248, 0.1319081701399899, 0.11301449154903509, 0.08842465267814958, 0.08432728830711111, 0.07707192750031588, 0.0755133145939908, 0.07413181345970277, 0.07372435698170143, 0.0736505936106121, 0.0736389230570601, 0.07363529329729135, 0.07363490809825357, 0.07363488168383003, 0.07363487106218236, 0.07363486554045418, 0.07363486403517772, 0.07363486375540484, 0.07363486374542183, 0.07363486373854244, 0.07363486373759376, 0.07363486373745165, 0.07363486373742356, 0.07363486373741901, 0.07363486373741868, 0.07363486373741823, 0.07363486373741823, 0.07363486373741823, 0.07363486373741823]}, "10": {"maxiter": 1000, "fatol": 1e-10, "xatol": 1e-05, "duration": 0.17653489112854004, "fun": "0.07363486373898931", "nit": "220", "nfev": "370", "status": "0", "success": "True", "message": "Optimization terminated successfully.", "x": "[3.31027969 2.61256534 2.43003928 3.84834624 2.10961536 0.96329658]", "final_simplex": "(array([[3.31027969, 2.61256534, 2.43003928, 3.84834624, 2.10961536,\n        0.96329658],\n       [3.31028177, 2.61256583, 2.43004224, 3.84834628, 2.10961047,\n        0.96329497],\n       [3.31028364, 2.61256677, 2.43004136, 3.84834575, 2.10961314,\n        0.96328695],\n       [3.31028027, 2.6125711 , 2.43004639, 3.84834615, 2.1096071 ,\n        0.96328937],\n       [3.31028961, 2.61256095, 2.43003164, 3.84834835, 2.10961268,\n        0.96328686],\n       [3.31028087, 2.61256314, 2.43003657, 3.8483498 , 2.10961763,\n        0.9632973 ],\n       [3.31028482, 2.6125631 , 2.43003839, 3.84834572, 2.10961649,\n        0.96329589]]), array([0.07363486, 0.07363486, 0.07363486, 0.07363486, 0.07363486,\n       0.07363486, 0.07363486]))", "callback": [0.6040387009974958, 0.4065436915172247, 0.34900265896441407, 0.15653673334337248, 0.1319081701399899, 0.11301449154903509, 0.08842465267814958, 0.08432728830711111, 0.07707192750031588, 0.0755133145939908, 0.07413181345970277, 0.07372435698170143, 0.0736505936106121, 0.0736389230570601, 0.07363529329729135, 0.07363490809825357, 0.07363488168383003, 0.07363487106218236, 0.07363486554045418, 0.07363486403517772, 0.07363486375540484, 0.07363486374542183]}, "11": {"maxiter": 1000, "fatol": 1e-10, "xatol": 1e-10, "duration": 0.2427048683166504, "fun": "0.07363486373741823", "nit": "315", "nfev": "585", "status": "0", "success": "True", "message": "Optimization terminated successfully.", "x": "[3.31028347 2.61256553 2.43003934 3.84834696 2.10961211 0.96329049]", "final_simplex": "(array([[3.31028347, 2.61256553, 2.43003934, 3.84834696, 2.10961211,\n        0.96329049],\n       [3.31028347, 2.61256553, 2.43003934, 3.84834696, 2.10961211,\n        0.96329049],\n       [3.31028347, 2.61256553, 2.43003934, 3.84834696, 2.10961211,\n        0.96329049],\n       [3.31028347, 2.61256553, 2.43003934, 3.84834696, 2.10961211,\n        0.96329049],\n       [3.31028347, 2.61256553, 2.43003934, 3.84834696, 2.10961211,\n        0.96329049],\n       [3.31028347, 2.61256553, 2.43003934, 3.84834696, 2.10961211,\n        0.96329049],\n       [3.31028347, 2.61256553, 2.43003934, 3.84834696, 2.10961211,\n        0.96329049]]), array([0.07363486, 0.07363486, 0.07363486, 0.07363486, 0.07363486,\n       0.07363486, 0.07363486]))", "callback": [0.6040387009974958, 0.4065436915172247, 0.34900265896441407, 0.15653673334337248, 0.1319081701399899, 0.11301449154903509, 0.08842465267814958, 0.08432728830711111, 0.07707192750031588, 0.0755133145939908, 0.07413181345970277, 0.07372435698170143, 0.0736505936106121, 0.0736389230570601, 0.07363529329729135, 0.07363490809825357, 0.07363488168383003, 0.07363487106218236, 0.07363486554045418, 0.07363486403517772, 0.07363486375540484, 0.07363486374542183, 0.07363486373854244, 0.07363486373759376, 0.07363486373745165, 0.07363486373742356, 0.07363486373741901, 0.07363486373741868, 0.07363486373741823, 0.07363486373741823, 0.07363486373741823, 0.07363486373741823]}}, "bfgs": {"type": "gradient", "0": {"maxiter": 100, "gtol": 1e-05, "xrtol": 1e-05, "eps": 1e-05, "duration": 0.08782291412353516, "fun": "0.07363486381160422", "jac": "[ 1.00313091e-06  2.26088037e-06  2.75408585e-06  1.86521909e-06\n  1.10544907e-07 -1.04920517e-06]", "hess_inv": "[[123.76031503 -20.43251403 -66.12822407 -14.33514124  40.24503923\n  -99.04634838]\n [-20.43251403   5.71686791  10.73088992   3.44768696  -4.5707998\n   18.29730086]\n [-66.12822407  10.73088992  37.20466245   6.42803584 -22.82235607\n   53.08458133]\n [-14.33514124   3.44768696   6.42803584   5.03508596  -3.14188734\n   12.33597059]\n [ 40.24503923  -4.5707998  -22.82235607  -3.14188734  21.58220681\n  -27.37348621]\n [-99.04634838  18.29730086  53.08458133  12.33597059 -27.37348621\n   85.93800789]]", "nfev": "182", "njev": "26", "status": "0", "success": "True", "message": "Optimization terminated successfully.", "x": "[3.57986139 2.00287285 1.70269354 3.7962438  2.27408723 0.76789826]", "nit": "23", "callback": [0.4017617014394108, 0.13943826654982205, 0.12867901512058033, 0.12460132200993113, 0.12240306014390456, 0.1186846120559455, 0.11377578080044914, 0.10850522487045233, 0.09947573881671934, 0.08645762499254839, 0.07637859706824346, 0.07468670080204531, 0.07417887453545213, 0.07388128484978551, 0.07375623695761258, 0.07369446523569978, 0.07365532874934577, 0.07364383382785133, 0.0736404045646949, 0.07363678323675038, 0.0736350444426146, 0.07363487407072755, 0.07363486381160422]}, "1": {"maxiter": 100, "gtol": 1e-05, "xrtol": 1e-05, "eps": 1e-10, "duration": 0.08388996124267578, "fun": "0.07363486407403663", "jac": "[-3.33066880e-06 -9.99200639e-06 -1.11022293e-06  4.44089173e-06\n -3.33066880e-06 -2.22044587e-06]", "hess_inv": "[[120.24162361 -19.74817441 -64.49469001 -14.11153259  40.10151054\n  -95.31828879]\n [-19.74817441   5.583424    10.40344832   3.36587544  -4.47758998\n   17.63203945]\n [-64.49469001  10.40344832  36.43884947   6.37901684 -22.81844597\n   51.27763795]\n [-14.11153259   3.36587544   6.37901684   4.91630255  -3.22394895\n   12.04560035]\n [ 40.10151054  -4.47758998 -22.81844597  -3.22394895  21.96218142\n  -26.86134071]\n [-95.31828879  17.63203945  51.27763795  12.04560035 -26.86134071\n   82.31502841]]", "nfev": "182", "njev": "26", "status": "0", "success": "True", "message": "Optimization terminated successfully.", "x": "[3.57885011 2.0033257  1.7035414  3.79643818 2.27361071 0.76860108]", "nit": "23", "callback": [0.4017619911752581, 0.1394392907619355, 0.12867938611810614, 0.12460131340937908, 0.12240315258098244, 0.11868527232535153, 0.11377707249959912, 0.1085071174809642, 0.09947815281521077, 0.0864605150218074, 0.07637900410343268, 0.0746862684896622, 0.07417861559254924, 0.07388103585797778, 0.0737559071220748, 0.07369398543322658, 0.07365528396197485, 0.07364369350490008, 0.07364037272396684, 0.07363658271613782, 0.0736350256831726, 0.07363487393981183, 0.07363486407403663]}, "2": {"maxiter": 100, "gtol": 1e-05, "xrtol": 1e-10, "eps": 1e-05, "duration": 0.08594417572021484, "fun": "0.07363486381160422", "jac": "[ 1.00313091e-06  2.26088037e-06  2.75408585e-06  1.86521909e-06\n  1.10544907e-07 -1.04920517e-06]", "hess_inv": "[[123.76031503 -20.43251403 -66.12822407 -14.33514124  40.24503923\n  -99.04634838]\n [-20.43251403   5.71686791  10.73088992   3.44768696  -4.5707998\n   18.29730086]\n [-66.12822407  10.73088992  37.20466245   6.42803584 -22.82235607\n   53.08458133]\n [-14.33514124   3.44768696   6.42803584   5.03508596  -3.14188734\n   12.33597059]\n [ 40.24503923  -4.5707998  -22.82235607  -3.14188734  21.58220681\n  -27.37348621]\n [-99.04634838  18.29730086  53.08458133  12.33597059 -27.37348621\n   85.93800789]]", "nfev": "182", "njev": "26", "status": "0", "success": "True", "message": "Optimization terminated successfully.", "x": "[3.57986139 2.00287285 1.70269354 3.7962438  2.27408723 0.76789826]", "nit": "23", "callback": [0.4017617014394108, 0.13943826654982205, 0.12867901512058033, 0.12460132200993113, 0.12240306014390456, 0.1186846120559455, 0.11377578080044914, 0.10850522487045233, 0.09947573881671934, 0.08645762499254839, 0.07637859706824346, 0.07468670080204531, 0.07417887453545213, 0.07388128484978551, 0.07375623695761258, 0.07369446523569978, 0.07365532874934577, 0.07364383382785133, 0.0736404045646949, 0.07363678323675038, 0.0736350444426146, 0.07363487407072755, 0.07363486381160422]}, "3": {"maxiter": 100, "gtol": 1e-05, "xrtol": 1e-10, "eps": 1e-10, "duration": 0.0823507308959961, "fun": "0.07363486407403663", "jac": "[-3.33066880e-06 -9.99200639e-06 -1.11022293e-06  4.44089173e-06\n -3.33066880e-06 -2.22044587e-06]", "hess_inv": "[[120.24162361 -19.74817441 -64.49469001 -14.11153259  40.10151054\n  -95.31828879]\n [-19.74817441   5.583424    10.40344832   3.36587544  -4.47758998\n   17.63203945]\n [-64.49469001  10.40344832  36.43884947   6.37901684 -22.81844597\n   51.27763795]\n [-14.11153259   3.36587544   6.37901684   4.91630255  -3.22394895\n   12.04560035]\n [ 40.10151054  -4.47758998 -22.81844597  -3.22394895  21.96218142\n  -26.86134071]\n [-95.31828879  17.63203945  51.27763795  12.04560035 -26.86134071\n   82.31502841]]", "nfev": "182", "njev": "26", "status": "0", "success": "True", "message": "Optimization terminated successfully.", "x": "[3.57885011 2.0033257  1.7035414  3.79643818 2.27361071 0.76860108]", "nit": "23", "callback": [0.4017619911752581, 0.1394392907619355, 0.12867938611810614, 0.12460131340937908, 0.12240315258098244, 0.11868527232535153, 0.11377707249959912, 0.1085071174809642, 0.09947815281521077, 0.0864605150218074, 0.07637900410343268, 0.0746862684896622, 0.07417861559254924, 0.07388103585797778, 0.0737559071220748, 0.07369398543322658, 0.07365528396197485, 0.07364369350490008, 0.07364037272396684, 0.07363658271613782, 0.0736350256831726, 0.07363487393981183, 0.07363486407403663]}, "4": {"maxiter": 100, "gtol": 1e-10, "xrtol": 1e-05, "eps": 1e-05, "duration": 0.15088891983032227, "fun": "0.07363486381160422", "jac": "[ 1.00313091e-06  2.26088037e-06  2.75408585e-06  1.86521909e-06\n  1.10544907e-07 -1.04920517e-06]", "hess_inv": "[[123.66400388 -20.56941917 -65.96706857 -14.5565585   39.91357691\n  -99.20585606]\n [-20.56941917   5.82187526  10.78678688   3.56702095  -4.52728988\n   18.47757811]\n [-65.96706857  10.78678688  37.03510748   6.54762515 -22.56522096\n   53.11622003]\n [-14.5565585    3.56702095   6.54762515   5.1549298   -3.15825834\n   12.55893875]\n [ 39.91357691  -4.52728988 -22.56522096  -3.15825834  21.32556779\n  -27.22327492]\n [-99.20585606  18.47757811  53.11622003  12.55893875 -27.22327492\n   86.22674843]]", "nfev": "334", "njev": "46", "status": "2", "success": "False", "message": "Desired error not necessarily achieved due to precision loss.", "x": "[3.57986139 2.00287285 1.70269354 3.7962438  2.27408723 0.76789826]", "nit": "23", "callback": [0.4017617014394108, 0.13943826654982205, 0.12867901512058033, 0.12460132200993113, 0.12240306014390456, 0.1186846120559455, 0.11377578080044914, 0.10850522487045233, 0.09947573881671934, 0.08645762499254839, 0.07637859706824346, 0.07468670080204531, 0.07417887453545213, 0.07388128484978551, 0.07375623695761258, 0.07369446523569978, 0.07365532874934577, 0.07364383382785133, 0.0736404045646949, 0.07363678323675038, 0.0736350444426146, 0.07363487407072755, 0.07363486381160422]}, "5": {"maxiter": 100, "gtol": 1e-10, "xrtol": 1e-05, "eps": 1e-10, "duration": 0.11873579025268555, "fun": "0.07363486384142104", "jac": "[2.22044587e-06 2.22044587e-06 0.00000000e+00 0.00000000e+00\n 0.00000000e+00 4.44089173e-06]", "hess_inv": "[[ 62.23224384 -15.62075033 -33.40469619  -6.89224375  10.24109958\n  -58.12925177]\n [-15.62075033   6.31932375   8.35223895   2.85064109  -0.72001154\n   16.57077947]\n [-33.40469619   8.35223895  19.85461447   2.43144371  -6.59938011\n   31.57807705]\n [ -6.89224375   2.85064109   2.43144371   4.13262608   0.54799827\n    7.43819784]\n [ 10.24109958  -0.72001154  -6.59938011   0.54799827   9.211154\n   -5.19285548]\n [-58.12925177  16.57077947  31.57807705   7.43819784  -5.19285548\n   60.91771244]]", "nfev": "266", "njev": "38", "status": "0", "success": "True", "message": "Optimization terminated successfully.", "x": "[3.57896179 2.00333171 1.7034849  3.79642254 2.27368946 0.76855062]", "nit": "25", "callback": [0.4017619911752581, 0.1394392907619355, 0.12867938611810614, 0.12460131340937908, 0.12240315258098244, 0.11868527232535153, 0.11377707249959912, 0.1085071174809642, 0.09947815281521077, 0.0864605150218074, 0.07637900410343268, 0.0746862684896622, 0.07417861559254924, 0.07388103585797778, 0.0737559071220748, 0.07369398543322658, 0.07365528396197485, 0.07364369350490008, 0.07364037272396684, 0.07363658271613782, 0.0736350256831726, 0.07363487393981183, 0.07363486407403663, 0.07363486384142104, 0.07363486384142104]}, "6": {"maxiter": 100, "gtol": 1e-10, "xrtol": 1e-10, "eps": 1e-05, "duration": 0.14955925941467285, "fun": "0.07363486381160422", "jac": "[ 1.00313091e-06  2.26088037e-06  2.75408585e-06  1.86521909e-06\n  1.10544907e-07 -1.04920517e-06]", "hess_inv": "[[123.66400388 -20.56941917 -65.96706857 -14.5565585   39.91357691\n  -99.20585606]\n [-20.56941917   5.82187526  10.78678688   3.56702095  -4.52728988\n   18.47757811]\n [-65.96706857  10.78678688  37.03510748   6.54762515 -22.56522096\n   53.11622003]\n [-14.5565585    3.56702095   6.54762515   5.1549298   -3.15825834\n   12.55893875]\n [ 39.91357691  -4.52728988 -22.56522096  -3.15825834  21.32556779\n  -27.22327492]\n [-99.20585606  18.47757811  53.11622003  12.55893875 -27.22327492\n   86.22674843]]", "nfev": "334", "njev": "46", "status": "2", "success": "False", "message": "Desired error not necessarily achieved due to precision loss.", "x": "[3.57986139 2.00287285 1.70269354 3.7962438  2.27408723 0.76789826]", "nit": "23", "callback": [0.4017617014394108, 0.13943826654982205, 0.12867901512058033, 0.12460132200993113, 0.12240306014390456, 0.1186846120559455, 0.11377578080044914, 0.10850522487045233, 0.09947573881671934, 0.08645762499254839, 0.07637859706824346, 0.07468670080204531, 0.07417887453545213, 0.07388128484978551, 0.07375623695761258, 0.07369446523569978, 0.07365532874934577, 0.07364383382785133, 0.0736404045646949, 0.07363678323675038, 0.0736350444426146, 0.07363487407072755, 0.07363486381160422]}, "7": {"maxiter": 100, "gtol": 1e-10, "xrtol": 1e-10, "eps": 1e-10, "duration": 0.12127518653869629, "fun": "0.07363486384142104", "jac": "[2.22044587e-06 2.22044587e-06 0.00000000e+00 0.00000000e+00\n 0.00000000e+00 4.44089173e-06]", "hess_inv": "[[ 62.23224384 -15.62075033 -33.40469619  -6.89224375  10.24109958\n  -58.12925177]\n [-15.62075033   6.31932375   8.35223895   2.85064109  -0.72001154\n   16.57077947]\n [-33.40469619   8.35223895  19.85461447   2.43144371  -6.59938011\n   31.57807705]\n [ -6.89224375   2.85064109   2.43144371   4.13262608   0.54799827\n    7.43819784]\n [ 10.24109958  -0.72001154  -6.59938011   0.54799827   9.211154\n   -5.19285548]\n [-58.12925177  16.57077947  31.57807705   7.43819784  -5.19285548\n   60.91771244]]", "nfev": "266", "njev": "38", "status": "0", "success": "True", "message": "Optimization terminated successfully.", "x": "[3.57896179 2.00333171 1.7034849  3.79642254 2.27368946 0.76855062]", "nit": "25", "callback": [0.4017619911752581, 0.1394392907619355, 0.12867938611810614, 0.12460131340937908, 0.12240315258098244, 0.11868527232535153, 0.11377707249959912, 0.1085071174809642, 0.09947815281521077, 0.0864605150218074, 0.07637900410343268, 0.0746862684896622, 0.07417861559254924, 0.07388103585797778, 0.0737559071220748, 0.07369398543322658, 0.07365528396197485, 0.07364369350490008, 0.07364037272396684, 0.07363658271613782, 0.0736350256831726, 0.07363487393981183, 0.07363486407403663, 0.07363486384142104, 0.07363486384142104]}, "8": {"maxiter": 500, "gtol": 1e-05, "xrtol": 1e-05, "eps": 1e-05, "duration": 0.0857701301574707, "fun": "0.07363486381160422", "jac": "[ 1.00313091e-06  2.26088037e-06  2.75408585e-06  1.86521909e-06\n  1.10544907e-07 -1.04920517e-06]", "hess_inv": "[[123.76031503 -20.43251403 -66.12822407 -14.33514124  40.24503923\n  -99.04634838]\n [-20.43251403   5.71686791  10.73088992   3.44768696  -4.5707998\n   18.29730086]\n [-66.12822407  10.73088992  37.20466245   6.42803584 -22.82235607\n   53.08458133]\n [-14.33514124   3.44768696   6.42803584   5.03508596  -3.14188734\n   12.33597059]\n [ 40.24503923  -4.5707998  -22.82235607  -3.14188734  21.58220681\n  -27.37348621]\n [-99.04634838  18.29730086  53.08458133  12.33597059 -27.37348621\n   85.93800789]]", "nfev": "182", "njev": "26", "status": "0", "success": "True", "message": "Optimization terminated successfully.", "x": "[3.57986139 2.00287285 1.70269354 3.7962438  2.27408723 0.76789826]", "nit": "23", "callback": [0.4017617014394108, 0.13943826654982205, 0.12867901512058033, 0.12460132200993113, 0.12240306014390456, 0.1186846120559455, 0.11377578080044914, 0.10850522487045233, 0.09947573881671934, 0.08645762499254839, 0.07637859706824346, 0.07468670080204531, 0.07417887453545213, 0.07388128484978551, 0.07375623695761258, 0.07369446523569978, 0.07365532874934577, 0.07364383382785133, 0.0736404045646949, 0.07363678323675038, 0.0736350444426146, 0.07363487407072755, 0.07363486381160422]}, "9": {"maxiter": 500, "gtol": 1e-05, "xrtol": 1e-05, "eps": 1e-10, "duration": 0.07855796813964844, "fun": "0.07363486407403663", "jac": "[-3.33066880e-06 -9.99200639e-06 -1.11022293e-06  4.44089173e-06\n -3.33066880e-06 -2.22044587e-06]", "hess_inv": "[[120.24162361 -19.74817441 -64.49469001 -14.11153259  40.10151054\n  -95.31828879]\n [-19.74817441   5.583424    10.40344832   3.36587544  -4.47758998\n   17.63203945]\n [-64.49469001  10.40344832  36.43884947   6.37901684 -22.81844597\n   51.27763795]\n [-14.11153259   3.36587544   6.37901684   4.91630255  -3.22394895\n   12.04560035]\n [ 40.10151054  -4.47758998 -22.81844597  -3.22394895  21.96218142\n  -26.86134071]\n [-95.31828879  17.63203945  51.27763795  12.04560035 -26.86134071\n   82.31502841]]", "nfev": "182", "njev": "26", "status": "0", "success": "True", "message": "Optimization terminated successfully.", "x": "[3.57885011 2.0033257  1.7035414  3.79643818 2.27361071 0.76860108]", "nit": "23", "callback": [0.4017619911752581, 0.1394392907619355, 0.12867938611810614, 0.12460131340937908, 0.12240315258098244, 0.11868527232535153, 0.11377707249959912, 0.1085071174809642, 0.09947815281521077, 0.0864605150218074, 0.07637900410343268, 0.0746862684896622, 0.07417861559254924, 0.07388103585797778, 0.0737559071220748, 0.07369398543322658, 0.07365528396197485, 0.07364369350490008, 0.07364037272396684, 0.07363658271613782, 0.0736350256831726, 0.07363487393981183, 0.07363486407403663]}, "10": {"maxiter": 500, "gtol": 1e-05, "xrtol": 1e-10, "eps": 1e-05, "duration": 0.08335685729980469, "fun": "0.07363486381160422", "jac": "[ 1.00313091e-06  2.26088037e-06  2.75408585e-06  1.86521909e-06\n  1.10544907e-07 -1.04920517e-06]", "hess_inv": "[[123.76031503 -20.43251403 -66.12822407 -14.33514124  40.24503923\n  -99.04634838]\n [-20.43251403   5.71686791  10.73088992   3.44768696  -4.5707998\n   18.29730086]\n [-66.12822407  10.73088992  37.20466245   6.42803584 -22.82235607\n   53.08458133]\n [-14.33514124   3.44768696   6.42803584   5.03508596  -3.14188734\n   12.33597059]\n [ 40.24503923  -4.5707998  -22.82235607  -3.14188734  21.58220681\n  -27.37348621]\n [-99.04634838  18.29730086  53.08458133  12.33597059 -27.37348621\n   85.93800789]]", "nfev": "182", "njev": "26", "status": "0", "success": "True", "message": "Optimization terminated successfully.", "x": "[3.57986139 2.00287285 1.70269354 3.7962438  2.27408723 0.76789826]", "nit": "23", "callback": [0.4017617014394108, 0.13943826654982205, 0.12867901512058033, 0.12460132200993113, 0.12240306014390456, 0.1186846120559455, 0.11377578080044914, 0.10850522487045233, 0.09947573881671934, 0.08645762499254839, 0.07637859706824346, 0.07468670080204531, 0.07417887453545213, 0.07388128484978551, 0.07375623695761258, 0.07369446523569978, 0.07365532874934577, 0.07364383382785133, 0.0736404045646949, 0.07363678323675038, 0.0736350444426146, 0.07363487407072755, 0.07363486381160422]}, "11": {"maxiter": 500, "gtol": 1e-05, "xrtol": 1e-10, "eps": 1e-10, "duration": 0.07878780364990234, "fun": "0.07363486407403663", "jac": "[-3.33066880e-06 -9.99200639e-06 -1.11022293e-06  4.44089173e-06\n -3.33066880e-06 -2.22044587e-06]", "hess_inv": "[[120.24162361 -19.74817441 -64.49469001 -14.11153259  40.10151054\n  -95.31828879]\n [-19.74817441   5.583424    10.40344832   3.36587544  -4.47758998\n   17.63203945]\n [-64.49469001  10.40344832  36.43884947   6.37901684 -22.81844597\n   51.27763795]\n [-14.11153259   3.36587544   6.37901684   4.91630255  -3.22394895\n   12.04560035]\n [ 40.10151054  -4.47758998 -22.81844597  -3.22394895  21.96218142\n  -26.86134071]\n [-95.31828879  17.63203945  51.27763795  12.04560035 -26.86134071\n   82.31502841]]", "nfev": "182", "njev": "26", "status": "0", "success": "True", "message": "Optimization terminated successfully.", "x": "[3.57885011 2.0033257  1.7035414  3.79643818 2.27361071 0.76860108]", "nit": "23", "callback": [0.4017619911752581, 0.1394392907619355, 0.12867938611810614, 0.12460131340937908, 0.12240315258098244, 0.11868527232535153, 0.11377707249959912, 0.1085071174809642, 0.09947815281521077, 0.0864605150218074, 0.07637900410343268, 0.0746862684896622, 0.07417861559254924, 0.07388103585797778, 0.0737559071220748, 0.07369398543322658, 0.07365528396197485, 0.07364369350490008, 0.07364037272396684, 0.07363658271613782, 0.0736350256831726, 0.07363487393981183, 0.07363486407403663]}, "12": {"maxiter": 500, "gtol": 1e-10, "xrtol": 1e-05, "eps": 1e-05, "duration": 0.14863896369934082, "fun": "0.07363486381160422", "jac": "[ 1.00313091e-06  2.26088037e-06  2.75408585e-06  1.86521909e-06\n  1.10544907e-07 -1.04920517e-06]", "hess_inv": "[[123.66400388 -20.56941917 -65.96706857 -14.5565585   39.91357691\n  -99.20585606]\n [-20.56941917   5.82187526  10.78678688   3.56702095  -4.52728988\n   18.47757811]\n [-65.96706857  10.78678688  37.03510748   6.54762515 -22.56522096\n   53.11622003]\n [-14.5565585    3.56702095   6.54762515   5.1549298   -3.15825834\n   12.55893875]\n [ 39.91357691  -4.52728988 -22.56522096  -3.15825834  21.32556779\n  -27.22327492]\n [-99.20585606  18.47757811  53.11622003  12.55893875 -27.22327492\n   86.22674843]]", "nfev": "334", "njev": "46", "status": "2", "success": "False", "message": "Desired error not necessarily achieved due to precision loss.", "x": "[3.57986139 2.00287285 1.70269354 3.7962438  2.27408723 0.76789826]", "nit": "23", "callback": [0.4017617014394108, 0.13943826654982205, 0.12867901512058033, 0.12460132200993113, 0.12240306014390456, 0.1186846120559455, 0.11377578080044914, 0.10850522487045233, 0.09947573881671934, 0.08645762499254839, 0.07637859706824346, 0.07468670080204531, 0.07417887453545213, 0.07388128484978551, 0.07375623695761258, 0.07369446523569978, 0.07365532874934577, 0.07364383382785133, 0.0736404045646949, 0.07363678323675038, 0.0736350444426146, 0.07363487407072755, 0.07363486381160422]}, "13": {"maxiter": 500, "gtol": 1e-10, "xrtol": 1e-05, "eps": 1e-10, "duration": 0.12121176719665527, "fun": "0.07363486384142104", "jac": "[2.22044587e-06 2.22044587e-06 0.00000000e+00 0.00000000e+00\n 0.00000000e+00 4.44089173e-06]", "hess_inv": "[[ 62.23224384 -15.62075033 -33.40469619  -6.89224375  10.24109958\n  -58.12925177]\n [-15.62075033   6.31932375   8.35223895   2.85064109  -0.72001154\n   16.57077947]\n [-33.40469619   8.35223895  19.85461447   2.43144371  -6.59938011\n   31.57807705]\n [ -6.89224375   2.85064109   2.43144371   4.13262608   0.54799827\n    7.43819784]\n [ 10.24109958  -0.72001154  -6.59938011   0.54799827   9.211154\n   -5.19285548]\n [-58.12925177  16.57077947  31.57807705   7.43819784  -5.19285548\n   60.91771244]]", "nfev": "266", "njev": "38", "status": "0", "success": "True", "message": "Optimization terminated successfully.", "x": "[3.57896179 2.00333171 1.7034849  3.79642254 2.27368946 0.76855062]", "nit": "25", "callback": [0.4017619911752581, 0.1394392907619355, 0.12867938611810614, 0.12460131340937908, 0.12240315258098244, 0.11868527232535153, 0.11377707249959912, 0.1085071174809642, 0.09947815281521077, 0.0864605150218074, 0.07637900410343268, 0.0746862684896622, 0.07417861559254924, 0.07388103585797778, 0.0737559071220748, 0.07369398543322658, 0.07365528396197485, 0.07364369350490008, 0.07364037272396684, 0.07363658271613782, 0.0736350256831726, 0.07363