{"date": "2024/10/08/, 15:10:30", "conf_id": 7, "data_type": "random\n", "num_data_points": 1, "s_rank": 0, "unitary": "[[0.18663085-0.53122324j,-0.11886349-0.70040876j,0.28555095-0.02789305j,-0.12262021-0.2844587j],[-0.16702216+0.27758472j,0.27526351-0.29738586j,-0.01109314+0.22495461j,-0.77239203+0.28900673j],[0.61935415+0.12301792j,-0.31269928-0.03315917j,-0.61902762-0.19039079j,-0.27120731-0.0968989j],[0.42341754+0.0023929j,-0.05847358+0.47832119j,0.64900495-0.16218422j,-0.37182676-0.05229966j]]", "databatch_0": {"databatch": "[[[0.15886146+0.0610829j,0.07932448+0.02639176j,0.07338829+0.00374489j,-0.07714906-0.02806378j],[0.48686462+0.0135062j,0.14521341+0.04967288j,0.0622276+0.10469281j,-0.21623799-0.10218724j],[0.38315917-0.12754217j,0.16841432-0.08746805j,0.0978711-0.12289051j,-0.16188911+0.06284061j],[-0.20485272+0.24791507j,0.10587479+0.22720328j,0.39303651+0.18255967j,-0.0976712-0.03953698j]]]", "initial param values": "[0.07255067,1.04283257,4.27370112,1.35295398,5.25240738,4.3863475]", "nelder_mead": {"type": "gradient-free", "0": {"maxiter": 100, "fatol": 1e-05, "xatol": 1e-05, "duration": 0.0437319278717041, "fun": "0.2299260056158473", "nit": "100", "nfev": "155", "status": "2", "success": "False", "message": "Maximum number of iterations has been exceeded.", "x": "[0.09152162 0.74081084 3.3710798  2.88692387 4.47297696 0.44991495]", "final_simplex": "(array([[0.09152162, 0.74081084, 3.3710798 , 2.88692387, 4.47297696,\n        0.44991495],\n       [0.09190016, 0.72605878, 3.38427233, 2.91503647, 4.38423344,\n        0.44871486],\n       [0.09221547, 0.67942719, 3.47776939, 2.89446166, 4.53332321,\n        0.6066583 ],\n       [0.0919558 , 0.70279502, 3.37018173, 2.91901062, 4.46534975,\n        0.50969687],\n       [0.09375276, 0.59511099, 3.55604381, 2.92174437, 4.73507449,\n        0.74035045],\n       [0.09296337, 0.67190746, 3.43477791, 2.83826205, 4.66777832,\n        0.72189061],\n       [0.09241162, 0.59193692, 3.60265154, 2.90934913, 4.77050755,\n        0.83277431]]), array([0.22992601, 0.23055968, 0.23073216, 0.23153563, 0.2322678 ,\n       0.23228843, 0.23235552]))", "callback": [0.8431790541651011, 0.5394827768858055, 0.5234437404124173, 0.4152293435315636, 0.26269554496626357, 0.24923699183631554, 0.23836509273058826, 0.23625511555790024, 0.23333158921884167, 0.23235552434445672]}, "1": {"maxiter": 100, "fatol": 1e-05, "xatol": 1e-10, "duration": 0.04430103302001953, "fun": "0.2299260056158473", "nit": "100", "nfev": "155", "status": "2", "success": "False", "message": "Maximum number of iterations has been exceeded.", "x": "[0.09152162 0.74081084 3.3710798  2.88692387 4.47297696 0.44991495]", "final_simplex": "(array([[0.09152162, 0.74081084, 3.3710798 , 2.88692387, 4.47297696,\n        0.44991495],\n       [0.09190016, 0.72605878, 3.38427233, 2.91503647, 4.38423344,\n        0.44871486],\n       [0.09221547, 0.67942719, 3.47776939, 2.89446166, 4.53332321,\n        0.6066583 ],\n       [0.0919558 , 0.70279502, 3.37018173, 2.91901062, 4.46534975,\n        0.50969687],\n       [0.09375276, 0.59511099, 3.55604381, 2.92174437, 4.73507449,\n        0.74035045],\n       [0.09296337, 0.67190746, 3.43477791, 2.83826205, 4.66777832,\n        0.72189061],\n       [0.09241162, 0.59193692, 3.60265154, 2.90934913, 4.77050755,\n        0.83277431]]), array([0.22992601, 0.23055968, 0.23073216, 0.23153563, 0.2322678 ,\n       0.23228843, 0.23235552]))", "callback": [0.8431790541651011, 0.5394827768858055, 0.5234437404124173, 0.4152293435315636, 0.26269554496626357, 0.24923699183631554, 0.23836509273058826, 0.23625511555790024, 0.23333158921884167, 0.23235552434445672]}, "2": {"maxiter": 100, "fatol": 1e-10, "xatol": 1e-05, "duration": 0.04525017738342285, "fun": "0.2299260056158473", "nit": "100", "nfev": "155", "status": "2", "success": "False", "message": "Maximum number of iterations has been exceeded.", "x": "[0.09152162 0.74081084 3.3710798  2.88692387 4.47297696 0.44991495]", "final_simplex": "(array([[0.09152162, 0.74081084, 3.3710798 , 2.88692387, 4.47297696,\n        0.44991495],\n       [0.09190016, 0.72605878, 3.38427233, 2.91503647, 4.38423344,\n        0.44871486],\n       [0.09221547, 0.67942719, 3.47776939, 2.89446166, 4.53332321,\n        0.6066583 ],\n       [0.0919558 , 0.70279502, 3.37018173, 2.91901062, 4.46534975,\n        0.50969687],\n       [0.09375276, 0.59511099, 3.55604381, 2.92174437, 4.73507449,\n        0.74035045],\n       [0.09296337, 0.67190746, 3.43477791, 2.83826205, 4.66777832,\n        0.72189061],\n       [0.09241162, 0.59193692, 3.60265154, 2.90934913, 4.77050755,\n        0.83277431]]), array([0.22992601, 0.23055968, 0.23073216, 0.23153563, 0.2322678 ,\n       0.23228843, 0.23235552]))", "callback": [0.8431790541651011, 0.5394827768858055, 0.5234437404124173, 0.4152293435315636, 0.26269554496626357, 0.24923699183631554, 0.23836509273058826, 0.23625511555790024, 0.23333158921884167, 0.23235552434445672]}, "3": {"maxiter": 100, "fatol": 1e-10, "xatol": 1e-10, "duration": 0.05873394012451172, "fun": "0.2299260056158473", "nit": "100", "nfev": "155", "status": "2", "success": "False", "message": "Maximum number of iterations has been exceeded.", "x": "[0.09152162 0.74081084 3.3710798  2.88692387 4.47297696 0.44991495]", "final_simplex": "(array([[0.09152162, 0.74081084, 3.3710798 , 2.88692387, 4.47297696,\n        0.44991495],\n       [0.09190016, 0.72605878, 3.38427233, 2.91503647, 4.38423344,\n        0.44871486],\n       [0.09221547, 0.67942719, 3.47776939, 2.89446166, 4.53332321,\n        0.6066583 ],\n       [0.0919558 , 0.70279502, 3.37018173, 2.91901062, 4.46534975,\n        0.50969687],\n       [0.09375276, 0.59511099, 3.55604381, 2.92174437, 4.73507449,\n        0.74035045],\n       [0.09296337, 0.67190746, 3.43477791, 2.83826205, 4.66777832,\n        0.72189061],\n       [0.09241162, 0.59193692, 3.60265154, 2.90934913, 4.77050755,\n        0.83277431]]), array([0.22992601, 0.23055968, 0.23073216, 0.23153563, 0.2322678 ,\n       0.23228843, 0.23235552]))", "callback": [0.8431790541651011, 0.5394827768858055, 0.5234437404124173, 0.4152293435315636, 0.26269554496626357, 0.24923699183631554, 0.23836509273058826, 0.23625511555790024, 0.23333158921884167, 0.23235552434445672]}, "4": {"maxiter": 500, "fatol": 1e-05, "xatol": 1e-05, "duration": 0.22457385063171387, "fun": "0.12369183454362664", "nit": "500", "nfev": "753", "status": "2", "success": "False", "message": "Maximum number of iterations has been exceeded.", "x": "[0.79088427 1.91352871 2.34147737 2.54142205 5.18525241 0.88576676]", "final_simplex": "(array([[0.79088427, 1.91352871, 2.34147737, 2.54142205, 5.18525241,\n        0.88576676],\n       [0.74195194, 1.69892928, 2.51212506, 2.64490218, 5.1727338 ,\n        0.7340006 ],\n       [0.75649784, 1.72655699, 2.57937876, 2.62838878, 5.1328688 ,\n        0.81093036],\n       [0.77803984, 1.80886485, 2.56419014, 2.58111116, 5.28131658,\n        0.79466245],\n       [0.78338421, 1.75263353, 2.40535636, 2.4749264 , 5.03995541,\n        0.69873328],\n       [0.70922088, 1.87361276, 2.36116471, 2.54260801, 4.97466741,\n        0.58013578],\n       [0.6725154 , 1.71445685, 2.62150695, 2.65038445, 5.27663987,\n        0.89018331]]), array([0.12369183, 0.12431217, 0.12439512, 0.13125785, 0.1312866 ,\n       0.13164166, 0.13169158]))", "callback": [0.8431790541651011, 0.5394827768858055, 0.5234437404124173, 0.4152293435315636, 0.26269554496626357, 0.24923699183631554, 0.23836509273058826, 0.23625511555790024, 0.23333158921884167, 0.23235552434445672, 0.2299260056158473, 0.22941128499796826, 0.229217143005374, 0.22916931843523247, 0.22913114495119447, 0.22907773879412263, 0.2289570031644439, 0.2286651829657459, 0.22859889649467202, 0.2285629023410629, 0.22854425552572533, 0.22852774646197915, 0.22852621423288866, 0.22852168040241516, 0.22851699745418896, 0.22850973855021506, 0.22849049993865833, 0.22842865159687242, 0.22831341777994052, 0.22805156969272622, 0.22712910743732784, 0.22418287811318305, 0.22162312010095164, 0.22080686383193038, 0.21683545019239536, 0.20346253738246212, 0.19322911071915183, 0.19064845928819762, 0.18671240602777195, 0.18379066366598218, 0.1787324427105086, 0.17227072220623152, 0.16622543850994242, 0.16597887913376042, 0.16303008452047107, 0.1601119452304267, 0.15344209373341267, 0.14860575356349548, 0.13921590896563119, 0.1312866012685392]}, "5": {"maxiter": 500, "fatol": 1e-05, "xatol": 1e-10, "duration": 0.2138528823852539, "fun": "0.12369183454362664", "nit": "500", "nfev": "753", "status": "2", "success": "False", "message": "Maximum number of iterations has been exceeded.", "x": "[0.79088427 1.91352871 2.34147737 2.54142205 5.18525241 0.88576676]", "final_simplex": "(array([[0.79088427, 1.91352871, 2.34147737, 2.54142205, 5.18525241,\n        0.88576676],\n       [0.74195194, 1.69892928, 2.51212506, 2.64490218, 5.1727338 ,\n        0.7340006 ],\n       [0.75649784, 1.72655699, 2.57937876, 2.62838878, 5.1328688 ,\n        0.81093036],\n       [0.77803984, 1.80886485, 2.56419014, 2.58111116, 5.28131658,\n        0.79466245],\n       [0.78338421, 1.75263353, 2.40535636, 2.4749264 , 5.03995541,\n        0.69873328],\n       [0.70922088, 1.87361276, 2.36116471, 2.54260801, 4.97466741,\n        0.58013578],\n       [0.6725154 , 1.71445685, 2.62150695, 2.65038445, 5.27663987,\n        0.89018331]]), array([0.12369183, 0.12431217, 0.12439512, 0.13125785, 0.1312866 ,\n       0.13164166, 0.13169158]))", "callback": [0.8431790541651011, 0.5394827768858055, 0.5234437404124173, 0.4152293435315636, 0.26269554496626357, 0.24923699183631554, 0.23836509273058826, 0.23625511555790024, 0.23333158921884167, 0.23235552434445672, 0.2299260056158473, 0.22941128499796826, 0.229217143005374, 0.22916931843523247, 0.22913114495119447, 0.22907773879412263, 0.2289570031644439, 0.2286651829657459, 0.22859889649467202, 0.2285629023410629, 0.22854425552572533, 0.22852774646197915, 0.22852621423288866, 0.22852168040241516, 0.22851699745418896, 0.22850973855021506, 0.22849049993865833, 0.22842865159687242, 0.22831341777994052, 0.22805156969272622, 0.22712910743732784, 0.22418287811318305, 0.22162312010095164, 0.22080686383193038, 0.21683545019239536, 0.20346253738246212, 0.19322911071915183, 0.19064845928819762, 0.18671240602777195, 0.18379066366598218, 0.1787324427105086, 0.17227072220623152, 0.16622543850994242, 0.16597887913376042, 0.16303008452047107, 0.1601119452304267, 0.15344209373341267, 0.14860575356349548, 0.13921590896563119, 0.1312866012685392]}, "6": {"maxiter": 500, "fatol": 1e-10, "xatol": 1e-05, "duration": 0.19547581672668457, "fun": "0.12369183454362664", "nit": "500", "nfev": "753", "status": "2", "success": "False", "message": "Maximum number of iterations has been exceeded.", "x": "[0.79088427 1.91352871 2.34147737 2.54142205 5.18525241 0.88576676]", "final_simplex": "(array([[0.79088427, 1.91352871, 2.34147737, 2.54142205, 5.18525241,\n        0.88576676],\n       [0.74195194, 1.69892928, 2.51212506, 2.64490218, 5.1727338 ,\n        0.7340006 ],\n       [0.75649784, 1.72655699, 2.57937876, 2.62838878, 5.1328688 ,\n        0.81093036],\n       [0.77803984, 1.80886485, 2.56419014, 2.58111116, 5.28131658,\n        0.79466245],\n       [0.78338421, 1.75263353, 2.40535636, 2.4749264 , 5.03995541,\n        0.69873328],\n       [0.70922088, 1.87361276, 2.36116471, 2.54260801, 4.97466741,\n        0.58013578],\n       [0.6725154 , 1.71445685, 2.62150695, 2.65038445, 5.27663987,\n        0.89018331]]), array([0.12369183, 0.12431217, 0.12439512, 0.13125785, 0.1312866 ,\n       0.13164166, 0.13169158]))", "callback": [0.8431790541651011, 0.5394827768858055, 0.5234437404124173, 0.4152293435315636, 0.26269554496626357, 0.24923699183631554, 0.23836509273058826, 0.23625511555790024, 0.23333158921884167, 0.23235552434445672, 0.2299260056158473, 0.22941128499796826, 0.229217143005374, 0.22916931843523247, 0.22913114495119447, 0.22907773879412263, 0.2289570031644439, 0.2286651829657459, 0.22859889649467202, 0.2285629023410629, 0.22854425552572533, 0.22852774646197915, 0.22852621423288866, 0.22852168040241516, 0.22851699745418896, 0.22850973855021506, 0.22849049993865833, 0.22842865159687242, 0.22831341777994052, 0.22805156969272622, 0.22712910743732784, 0.22418287811318305, 0.22162312010095164, 0.22080686383193038, 0.21683545019239536, 0.20346253738246212, 0.19322911071915183, 0.19064845928819762, 0.18671240602777195, 0.18379066366598218, 0.1787324427105086, 0.17227072220623152, 0.16622543850994242, 0.16597887913376042, 0.16303008452047107, 0.1601119452304267, 0.15344209373341267, 0.14860575356349548, 0.13921590896563119, 0.1312866012685392]}, "7": {"maxiter": 500, "fatol": 1e-10, "xatol": 1e-10, "duration": 0.20238995552062988, "fun": "0.12369183454362664", "nit": "500", "nfev": "753", "status": "2", "success": "False", "message": "Maximum number of iterations has been exceeded.", "x": "[0.79088427 1.91352871 2.34147737 2.54142205 5.18525241 0.88576676]", "final_simplex": "(array([[0.79088427, 1.91352871, 2.34147737, 2.54142205, 5.18525241,\n        0.88576676],\n       [0.74195194, 1.69892928, 2.51212506, 2.64490218, 5.1727338 ,\n        0.7340006 ],\n       [0.75649784, 1.72655699, 2.57937876, 2.62838878, 5.1328688 ,\n        0.81093036],\n       [0.77803984, 1.80886485, 2.56419014, 2.58111116, 5.28131658,\n        0.79466245],\n       [0.78338421, 1.75263353, 2.40535636, 2.4749264 , 5.03995541,\n        0.69873328],\n       [0.70922088, 1.87361276, 2.36116471, 2.54260801, 4.97466741,\n        0.58013578],\n       [0.6725154 , 1.71445685, 2.62150695, 2.65038445, 5.27663987,\n        0.89018331]]), array([0.12369183, 0.12431217, 0.12439512, 0.13125785, 0.1312866 ,\n       0.13164166, 0.13169158]))", "callback": [0.8431790541651011, 0.5394827768858055, 0.5234437404124173, 0.4152293435315636, 0.26269554496626357, 0.24923699183631554, 0.23836509273058826, 0.23625511555790024, 0.23333158921884167, 0.23235552434445672, 0.2299260056158473, 0.22941128499796826, 0.229217143005374, 0.22916931843523247, 0.22913114495119447, 0.22907773879412263, 0.2289570031644439, 0.2286651829657459, 0.22859889649467202, 0.2285629023410629, 0.22854425552572533, 0.22852774646197915, 0.22852621423288866, 0.22852168040241516, 0.22851699745418896, 0.22850973855021506, 0.22849049993865833, 0.22842865159687242, 0.22831341777994052, 0.22805156969272622, 0.22712910743732784, 0.22418287811318305, 0.22162312010095164, 0.22080686383193038, 0.21683545019239536, 0.20346253738246212, 0.19322911071915183, 0.19064845928819762, 0.18671240602777195, 0.18379066366598218, 0.1787324427105086, 0.17227072220623152, 0.16622543850994242, 0.16597887913376042, 0.16303008452047107, 0.1601119452304267, 0.15344209373341267, 0.14860575356349548, 0.13921590896563119, 0.1312866012685392]}, "8": {"maxiter": 1000, "fatol": 1e-05, "xatol": 1e-05, "duration": 0.31838488578796387, "fun": "0.10962969440559966", "nit": "742", "nfev": "1149", "status": "0", "success": "True", "message": "Optimization terminated successfully.", "x": "[0.99522721 1.50514001 2.71808125 2.83610375 5.92120186 1.38972385]", "final_simplex": "(array([[0.99522721, 1.50514001, 2.71808125, 2.83610375, 5.92120186,\n        1.38972385],\n       [0.99522651, 1.50514129, 2.71808017, 2.83610367, 5.92119465,\n        1.38971649],\n       [0.99522695, 1.5051393 , 2.71808331, 2.83610359, 5.92120561,\n        1.38972787],\n       [0.99522765, 1.50513882, 2.71808184, 2.83610442, 5.92120563,\n        1.38972654],\n       [0.99522724, 1.50514141, 2.71808099, 2.8361034 , 5.92119837,\n        1.38972099],\n       [0.99522739, 1.50513913, 2.71808295, 2.83610357, 5.92120274,\n        1.38972478],\n       [0.99522764, 1.50513893, 2.71808345, 2.83610317, 5.92120746,\n        1.38972896]]), array([0.10962969, 0.10962969, 0.10962969, 0.10962969, 0.10962969,\n       0.10962969, 0.10962969]))", "callback": [0.8431790541651011, 0.5394827768858055, 0.5234437404124173, 0.4152293435315636, 0.26269554496626357, 0.24923699183631554, 0.23836509273058826, 0.23625511555790024, 0.23333158921884167, 0.23235552434445672, 0.2299260056158473, 0.22941128499796826, 0.229217143005374, 0.22916931843523247, 0.22913114495119447, 0.22907773879412263, 0.2289570031644439, 0.2286651829657459, 0.22859889649467202, 0.2285629023410629, 0.22854425552572533, 0.22852774646197915, 0.22852621423288866, 0.22852168040241516, 0.22851699745418896, 0.22850973855021506, 0.22849049993865833, 0.22842865159687242, 0.22831341777994052, 0.22805156969272622, 0.22712910743732784, 0.22418287811318305, 0.22162312010095164, 0.22080686383193038, 0.21683545019239536, 0.20346253738246212, 0.19322911071915183, 0.19064845928819762, 0.18671240602777195, 0.18379066366598218, 0.1787324427105086, 0.17227072220623152, 0.16622543850994242, 0.16597887913376042, 0.16303008452047107, 0.1601119452304267, 0.15344209373341267, 0.14860575356349548, 0.13921590896563119, 0.1312866012685392, 0.11983315611727952, 0.11372658902763122, 0.11139445714622831, 0.11036907419897934, 0.10982817040479809, 0.1096822182282462, 0.10965070087289708, 0.10964095950231367, 0.1096357746488007, 0.10962993037383695, 0.10962993037383695, 0.1096298526982642, 0.10962971959368928, 0.10962970990256382, 0.109629700098834, 0.10962969675330869, 0.1096296955966829, 0.10962969490201424, 0.10962969458413074, 0.10962969450276938, 0.10962969444294712, 0.1096296944142392, 0.10962969440794446, 0.1096296944064189, 0.10962969440559966]}, "9": {"maxiter": 1000, "fatol": 1e-05, "xatol": 1e-10, "duration": 0.4011352062225342, "fun": "0.10962969440526515", "nit": "859", "nfev": "1394", "status": "0", "success": "True", "message": "Optimization terminated successfully.", "x": "[0.99522671 1.50514022 2.71808133 2.83610457 5.92120117 1.38972274]", "final_simplex": "(array([[0.99522671, 1.50514022, 2.71808133, 2.83610457, 5.92120117,\n        1.38972274],\n       [0.99522671, 1.50514022, 2.71808133, 2.83610457, 5.92120117,\n        1.38972274],\n       [0.99522671, 1.50514022, 2.71808133, 2.83610457, 5.92120117,\n        1.38972274],\n       [0.99522671, 1.50514022, 2.71808133, 2.83610457, 5.92120117,\n        1.38972274],\n       [0.99522671, 1.50514022, 2.71808133, 2.83610457, 5.92120117,\n        1.38972274],\n       [0.99522671, 1.50514022, 2.71808133, 2.83610457, 5.92120117,\n        1.38972274],\n       [0.99522671, 1.50514022, 2.71808133, 2.83610457, 5.92120117,\n        1.38972274]]), array([0.10962969, 0.10962969, 0.10962969, 0.10962969, 0.10962969,\n       0.10962969, 0.10962969]))", "callback": [0.8431790541651011, 0.5394827768858055, 0.5234437404124173, 0.4152293435315636, 0.26269554496626357, 0.24923699183631554, 0.23836509273058826, 0.23625511555790024, 0.23333158921884167, 0.23235552434445672, 0.2299260056158473, 0.22941128499796826, 0.229217143005374, 0.22916931843523247, 0.22913114495119447, 0.22907773879412263, 0.2289570031644439, 0.2286651829657459, 0.22859889649467202, 0.2285629023410629, 0.22854425552572533, 0.22852774646197915, 0.22852621423288866, 0.22852168040241516, 0.22851699745418896, 0.22850973855021506, 0.22849049993865833, 0.22842865159687242, 0.22831341777994052, 0.22805156969272622, 0.22712910743732784, 0.22418287811318305, 0.22162312010095164, 0.22080686383193038, 0.21683545019239536, 0.20346253738246212, 0.19322911071915183, 0.19064845928819762, 0.18671240602777195, 0.18379066366598218, 0.1787324427105086, 0.17227072220623152, 0.16622543850994242, 0.16597887913376042, 0.16303008452047107, 0.1601119452304267, 0.15344209373341267, 0.14860575356349548, 0.13921590896563119, 0.1312866012685392, 0.11983315611727952, 0.11372658902763122, 0.11139445714622831, 0.11036907419897934, 0.10982817040479809, 0.1096822182282462, 0.10965070087289708, 0.10964095950231367, 0.1096357746488007, 0.10962993037383695, 0.10962993037383695, 0.1096298526982642, 0.10962971959368928, 0.10962970990256382, 0.109629700098834, 0.10962969675330869, 0.1096296955966829, 0.10962969490201424, 0.10962969458413074, 0.10962969450276938, 0.10962969444294712, 0.1096296944142392, 0.10962969440794446, 0.1096296944064189, 0.10962969440559966, 0.10962969440534664, 0.1096296944053129, 0.10962969440527337, 0.10962969440527337, 0.10962969440526915, 0.10962969440526649, 0.1096296944052656, 0.10962969440526515, 0.10962969440526515, 0.10962969440526515, 0.10962969440526515]}, "10": {"maxiter": 1000, "fatol": 1e-10, "xatol": 1e-05, "duration": 0.32788825035095215, "fun": "0.10962969440559966", "nit": "742", "nfev": "1149", "status": "0", "success": "True", "message": "Optimization terminated successfully.", "x": "[0.99522721 1.50514001 2.71808125 2.83610375 5.92120186 1.38972385]", "final_simplex": "(array([[0.99522721, 1.50514001, 2.71808125, 2.83610375, 5.92120186,\n        1.38972385],\n       [0.99522651, 1.50514129, 2.71808017, 2.83610367, 5.92119465,\n        1.38971649],\n       [0.99522695, 1.5051393 , 2.71808331, 2.83610359, 5.92120561,\n        1.38972787],\n       [0.99522765, 1.50513882, 2.71808184, 2.83610442, 5.92120563,\n        1.38972654],\n       [0.99522724, 1.50514141, 2.71808099, 2.8361034 , 5.92119837,\n        1.38972099],\n       [0.99522739, 1.50513913, 2.71808295, 2.83610357, 5.92120274,\n        1.38972478],\n       [0.99522764, 1.50513893, 2.71808345, 2.83610317, 5.92120746,\n        1.38972896]]), array([0.10962969, 0.10962969, 0.10962969, 0.10962969, 0.10962969,\n       0.10962969, 0.10962969]))", "callback": [0.8431790541651011, 0.5394827768858055, 0.5234437404124173, 0.4152293435315636, 0.26269554496626357, 0.24923699183631554, 0.23836509273058826, 0.23625511555790024, 0.23333158921884167, 0.23235552434445672, 0.2299260056158473, 0.22941128499796826, 0.229217143005374, 0.22916931843523247, 0.22913114495119447, 0.22907773879412263, 0.2289570031644439, 0.2286651829657459, 0.22859889649467202, 0.2285629023410629, 0.22854425552572533, 0.22852774646197915, 0.22852621423288866, 0.22852168040241516, 0.22851699745418896, 0.22850973855021506, 0.22849049993865833, 0.22842865159687242, 0.22831341777994052, 0.22805156969272622, 0.22712910743732784, 0.22418287811318305, 0.22162312010095164, 0.22080686383193038, 0.21683545019239536, 0.20346253738246212, 0.19322911071915183, 0.19064845928819762, 0.18671240602777195, 0.18379066366598218, 0.1787324427105086, 0.17227072220623152, 0.16622543850994242, 0.16597887913376042, 0.16303008452047107, 0.1601119452304267, 0.15344209373341267, 0.14860575356349548, 0.13921590896563119, 0.1312866012685392, 0.11983315611727952, 0.11372658902763122, 0.11139445714622831, 0.11036907419897934, 0.10982817040479809, 0.1096822182282462, 0.10965070087289708, 0.10964095950231367, 0.1096357746488007, 0.10962993037383695, 0.10962993037383695, 0.1096298526982642, 0.10962971959368928, 0.10962970990256382, 0.109629700098834, 0.10962969675330869, 0.1096296955966829, 0.10962969490201424, 0.10962969458413074, 0.10962969450276938, 0.10962969444294712, 0.1096296944142392, 0.10962969440794446, 0.1096296944064189, 0.10962969440559966]}, "11": {"maxiter": 1000, "fatol": 1e-10, "xatol": 1e-10, "duration": 0.39037632942199707, "fun": "0.10962969440526515", "nit": "859", "nfev": "1394", "status": "0", "success": "True", "message": "Optimization terminated successfully.", "x": "[0.99522671 1.50514022 2.71808133 2.83610457 5.92120117 1.38972274]", "final_simplex": "(array([[0.99522671, 1.50514022, 2.71808133, 2.83610457, 5.92120117,\n        1.38972274],\n       [0.99522671, 1.50514022, 2.71808133, 2.83610457, 5.92120117,\n        1.38972274],\n       [0.99522671, 1.50514022, 2.71808133, 2.83610457, 5.92120117,\n        1.38972274],\n       [0.99522671, 1.50514022, 2.71808133, 2.83610457, 5.92120117,\n        1.38972274],\n       [0.99522671, 1.50514022, 2.71808133, 2.83610457, 5.92120117,\n        1.38972274],\n       [0.99522671, 1.50514022, 2.71808133, 2.83610457, 5.92120117,\n        1.38972274],\n       [0.99522671, 1.50514022, 2.71808133, 2.83610457, 5.92120117,\n        1.38972274]]), array([0.10962969, 0.10962969, 0.10962969, 0.10962969, 0.10962969,\n       0.10962969, 0.10962969]))", "callback": [0.8431790541651011, 0.5394827768858055, 0.5234437404124173, 0.4152293435315636, 0.26269554496626357, 0.24923699183631554, 0.23836509273058826, 0.23625511555790024, 0.23333158921884167, 0.23235552434445672, 0.2299260056158473, 0.22941128499796826, 0.229217143005374, 0.22916931843523247, 0.22913114495119447, 0.22907773879412263, 0.2289570031644439, 0.2286651829657459, 0.22859889649467202, 0.2285629023410629, 0.22854425552572533, 0.22852774646197915, 0.22852621423288866, 0.22852168040241516, 0.22851699745418896, 0.22850973855021506, 0.22849049993865833, 0.22842865159687242, 0.22831341777994052, 0.22805156969272622, 0.22712910743732784, 0.22418287811318305, 0.22162312010095164, 0.22080686383193038, 0.21683545019239536, 0.20346253738246212, 0.19322911071915183, 0.19064845928819762, 0.18671240602777195, 0.18379066366598218, 0.1787324427105086, 0.17227072220623152, 0.16622543850994242, 0.16597887913376042, 0.16303008452047107, 0.1601119452304267, 0.15344209373341267, 0.14860575356349548, 0.13921590896563119, 0.1312866012685392, 0.11983315611727952, 0.11372658902763122, 0.11139445714622831, 0.11036907419897934, 0.10982817040479809, 0.1096822182282462, 0.10965070087289708, 0.10964095950231367, 0.1096357746488007, 0.10962993037383695, 0.10962993037383695, 0.1096298526982642, 0.10962971959368928, 0.10962970990256382, 0.109629700098834, 0.10962969675330869, 0.1096296955966829, 0.10962969490201424, 0.10962969458413074, 0.10962969450276938, 0.10962969444294712, 0.1096296944142392, 0.10962969440794446, 0.1096296944064189, 0.10962969440559966, 0.10962969440534664, 0.1096296944053129, 0.10962969440527337, 0.10962969440527337, 0.10962969440526915, 0.10962969440526649, 0.1096296944052656, 0.10962969440526515, 0.10962969440526515, 0.10962969440526515, 0.10962969440526515]}}, "bfgs": {"type": "gradient", "0": {"maxiter": 100, "gtol": 1e-05, "xrtol": 1e-05, "eps": 1e-05, "duration": 0.0702810287475586, "fun": "0.10962969540369683", "jac": "[ 4.43128867e-06  1.87440063e-06  1.19482202e-06 -2.70448108e-06\n -1.36478606e-06  1.08588694e-06]", "hess_inv": "[[  3.44482158  -2.05037819   2.52363619  -0.46587351  10.75750722\n    8.49613721]\n [ -2.05037819   9.15884987  -8.59398914  -1.79612667 -25.80155193\n  -23.88548373]\n [  2.52363619  -8.59398914  13.33800237  -0.3301734   33.84699304\n   32.99876079]\n [ -0.46587351  -1.79612667  -0.3301734    3.67472386   1.29353153\n    0.80455302]\n [ 10.75750722 -25.80155193  33.84699304   1.29353153 126.50393298\n  117.14888338]\n [  8.49613721 -23.88548373  32.99876079   0.80455302 117.14888338\n  112.57398954]]", "nfev": "231", "njev": "33", "status": "0", "success": "True", "message": "Optimization terminated successfully.", "x": "[0.99519243 1.5052509  2.71794147 2.83607728 5.92070689 1.38925985]", "nit": "27", "callback": [0.5956582347520601, 0.5733405896010814, 0.4137254484740964, 0.3315506581827369, 0.2127042763810506, 0.164541193048653, 0.14508240906869885, 0.1392358828541408, 0.1337072263348782, 0.12576941112119133, 0.12268960994092104, 0.12175783485966707, 0.12026783061458268, 0.11879575783339114, 0.11805172833890398, 0.11673455401940014, 0.1145469867804021, 0.11248166289880102, 0.11115138524017587, 0.11014066740536188, 0.10973820417489444, 0.10968087453151676, 0.10964295554329073, 0.10963179037708493, 0.10962978239456767, 0.10962970125945837, 0.10962969540369683]}, "1": {"maxiter": 100, "gtol": 1e-05, "xrtol": 1e-05, "eps": 1e-10, "duration": 0.0665428638458252, "fun": "0.10962969570994563", "jac": "[ 2.22044587e-06  2.22044587e-06  1.11022293e-06 -6.66133760e-06\n  0.00000000e+00 -2.22044587e-06]", "hess_inv": "[[  3.44752617  -2.0387899    2.37204854  -0.40772096  10.23525769\n    7.86810396]\n [ -2.0387899    8.78383057  -7.75947159  -1.83856439 -22.91099531\n  -20.70003953]\n [  2.37204854  -7.75947159  11.96359505  -0.3772973   29.01831803\n   27.98081675]\n [ -0.40772096  -1.83856439  -0.3772973    3.69602492   1.19081347\n    0.58517654]\n [ 10.23525769 -22.91099531  29.01831803   1.19081347 110.38941617\n  100.41585366]\n [  7.86810396 -20.70003953  27.98081675   0.58517654 100.41585366\n   95.42432593]]", "nfev": "231", "njev": "33", "status": "0", "success": "True", "message": "Optimization terminated successfully.", "x": "[0.99519356 1.50527324 2.71792166 2.83607184 5.92064923 1.38919585]", "nit": "27", "callback": [0.5956553374089847, 0.5733379419833462, 0.4137225037091471, 0.33154597267432906, 0.21269738747096156, 0.1645390085510574, 0.14508190829517387, 0.13923575606964356, 0.13370772411933118, 0.12576930723408608, 0.12268920035539421, 0.12175779264827047, 0.12026806482548336, 0.11879551291867663, 0.11805236306285671, 0.11673719043137298, 0.1145508289602607, 0.11248069136537941, 0.1111502507734543, 0.1101398930695765, 0.10973750284418071, 0.10968072982955168, 0.10964287240951598, 0.10963161632421392, 0.10962976941345592, 0.10962969720615412, 0.10962969570994563]}, "2": {"maxiter": 100, "gtol": 1e-05, "xrtol": 1e-10, "eps": 1e-05, "duration": 0.0677192211151123, "fun": "0.10962969540369683", "jac": "[ 4.43128867e-06  1.87440063e-06  1.19482202e-06 -2.70448108e-06\n -1.36478606e-06  1.08588694e-06]", "hess_inv": "[[  3.44482158  -2.05037819   2.52363619  -0.46587351  10.75750722\n    8.49613721]\n [ -2.05037819   9.15884987  -8.59398914  -1.79612667 -25.80155193\n  -23.88548373]\n [  2.52363619  -8.59398914  13.33800237  -0.3301734   33.84699304\n   32.99876079]\n [ -0.46587351  -1.79612667  -0.3301734    3.67472386   1.29353153\n    0.80455302]\n [ 10.75750722 -25.80155193  33.84699304   1.29353153 126.50393298\n  117.14888338]\n [  8.49613721 -23.88548373  32.99876079   0.80455302 117.14888338\n  112.57398954]]", "nfev": "231", "njev": "33", "status": "0", "success": "True", "message": "Optimization terminated successfully.", "x": "[0.99519243 1.5052509  2.71794147 2.83607728 5.92070689 1.38925985]", "nit": "27", "callback": [0.5956582347520601, 0.5733405896010814, 0.4137254484740964, 0.3315506581827369, 0.2127042763810506, 0.164541193048653, 0.14508240906869885, 0.1392358828541408, 0.1337072263348782, 0.12576941112119133, 0.12268960994092104, 0.12175783485966707, 0.12026783061458268, 0.11879575783339114, 0.11805172833890398, 0.11673455401940014, 0.1145469867804021, 0.11248166289880102, 0.11115138524017587, 0.11014066740536188, 0.10973820417489444, 0.10968087453151676, 0.10964295554329073, 0.10963179037708493, 0.10962978239456767, 0.10962970125945837, 0.10962969540369683]}, "3": {"maxiter": 100, "gtol": 1e-05, "xrtol": 1e-10, "eps": 1e-10, "duration": 0.06362700462341309, "fun": "0.10962969570994563", "jac": "[ 2.22044587e-06  2.22044587e-06  1.11022293e-06 -6.66133760e-06\n  0.00000000e+00 -2.22044587e-06]", "hess_inv": "[[  3.44752617  -2.0387899    2.37204854  -0.40772096  10.23525769\n    7.86810396]\n [ -2.0387899    8.78383057  -7.75947159  -1.83856439 -22.91099531\n  -20.70003953]\n [  2.37204854  -7.75947159  11.96359505  -0.3772973   29.01831803\n   27.98081675]\n [ -0.40772096  -1.83856439  -0.3772973    3.69602492   1.19081347\n    0.58517654]\n [ 10.23525769 -22.91099531  29.01831803   1.19081347 110.38941617\n  100.41585366]\n [  7.86810396 -20.70003953  27.98081675   0.58517654 100.41585366\n   95.42432593]]", "nfev": "231", "njev": "33", "status": "0", "success": "True", "message": "Optimization terminated successfully.", "x": "[0.99519356 1.50527324 2.71792166 2.83607184 5.92064923 1.38919585]", "nit": "27", "callback": [0.5956553374089847, 0.5733379419833462, 0.4137225037091471, 0.33154597267432906, 0.21269738747096156, 0.1645390085510574, 0.14508190829517387, 0.13923575606964356, 0.13370772411933118, 0.12576930723408608, 0.12268920035539421, 0.12175779264827047, 0.12026806482548336, 0.11879551291867663, 0.11805236306285671, 0.11673719043137298, 0.1145508289602607, 0.11248069136537941, 0.1111502507734543, 0.1101398930695765, 0.10973750284418071, 0.10968072982955168, 0.10964287240951598, 0.10963161632421392, 0.10962976941345592, 0.10962969720615412, 0.10962969570994563]}, "4": {"maxiter": 100, "gtol": 1e-10, "xrtol": 1e-05, "eps": 1e-05, "duration": 0.06884312629699707, "fun": "0.10962969529354838", "jac": "[ 3.64308583e-07  1.47792889e-07 -1.69919634e-07  4.33508784e-07\n -1.80888637e-07  3.08797432e-07]", "hess_inv": "[[  3.46315587  -1.81865552   2.12162959  -0.44048274   9.89396764\n    7.59201906]\n [ -1.81865552   9.70781803  -9.09529103  -2.09984834 -27.13166601\n  -25.23533618]\n [  2.12162959  -9.09529103  13.33962419   0.3151415   34.3378941\n   33.43043223]\n [ -0.44048274  -2.09984834   0.3151415    3.54593398   2.61323384\n    2.19749441]\n [  9.89396764 -27.13166601  34.3378941    2.61323384 128.57847477\n  119.1486804 ]\n [  7.59201906 -25.23533618  33.43043223   2.19749441 119.1486804\n  114.48666773]]", "nfev": "238", "njev": "34", "status": "0", "success": "True", "message": "Optimization terminated successfully.", "x": "[0.99518202 1.50523632 2.71794459 2.83609356 5.92072604 1.3892778 ]", "nit": "28", "callback": [0.5956582347520601, 0.5733405896010814, 0.4137254484740964, 0.3315506581827369, 0.2127042763810506, 0.164541193048653, 0.14508240906869885, 0.1392358828541408, 0.1337072263348782, 0.12576941112119133, 0.12268960994092104, 0.12175783485966707, 0.12026783061458268, 0.11879575783339114, 0.11805172833890398, 0.11673455401940014, 0.1145469867804021, 0.11248166289880102, 0.11115138524017587, 0.11014066740536188, 0.10973820417489444, 0.10968087453151676, 0.10964295554329073, 0.10963179037708493, 0.10962978239456767, 0.10962970125945837, 0.10962969540369683, 0.10962969529354838]}, "5": {"maxiter": 100, "gtol": 1e-10, "xrtol": 1e-05, "eps": 1e-10, "duration": 0.13845491409301758, "fun": "0.1096296949104657", "jac": "[0.00000000e+00 1.11022293e-06 4.44089173e-06 1.11022293e-06\n 0.00000000e+00 1.11022293e-06]", "hess_inv": "[[  3.37340471  -0.68034441   0.89976893  -0.90461581   5.59944157\n    3.38754919]\n [ -0.68034441   6.017587    -4.47883627  -1.18945374 -10.34440462\n   -9.08904779]\n [  0.89976893  -4.47883627   7.88457857  -1.02958156  14.34322646\n   14.3086197 ]\n [ -0.90461581  -1.18945374  -1.02958156   3.482414    -2.12473878\n   -2.37077404]\n [  5.59944157 -10.34440462  14.34322646  -2.12473878  57.19918575\n   50.71992386]\n [  3.38754919  -9.08904779  14.3086197   -2.37077404  50.71992386\n   49.04420129]]", "nfev": "509", "njev": "71", "status": "2", "success": "False", "message": "Desired error not necessarily achieved due to precision loss.", "x": "[0.99519407 1.50521363 2.71799055 2.83609091 5.92084847 1.389391  ]", "nit": "28", "callback": [0.5956553374089847, 0.5733379419833462, 0.4137225037091471, 0.33154597267432906, 0.21269738747096156, 0.1645390085510574, 0.14508190829517387, 0.13923575606964356, 0.13370772411933118, 0.12576930723408608, 0.12268920035539421, 0.12175779264827047, 0.12026806482548336, 0.11879551291867663, 0.11805236306285671, 0.11673719043137298, 0.1145508289602607, 0.11248069136537941, 0.1111502507734543, 0.1101398930695765, 0.10973750284418071, 0.10968072982955168, 0.10964287240951598, 0.10963161632421392, 0.10962976941345592, 0.10962969720615412, 0.10962969570994563, 0.1096296949104657]}, "6": {"maxiter": 100, "gtol": 1e-10, "xrtol": 1e-10, "eps": 1e-05, "duration": 0.10712289810180664, "fun": "0.10962969529354838", "jac": "[ 3.64308583e-07  1.47792889e-07 -1.69919634e-07  4.33508784e-07\n -1.80888637e-07  3.08797432e-07]", "hess_inv": "[[ 3.66076662e+00 -1.78477316e+00  2.20688703e+00 -5.14836760e-01\n   1.03979182e+01  8.08214498e+00]\n [-1.78477316e+00  9.41495329e+00 -8.90294316e+00 -1.82383914e+00\n  -2.59784964e+01 -2.41295810e+01]\n [ 2.20688703e+00 -8.90294316e+00  1.32706477e+01  1.11233269e-01\n   3.39205296e+01  3.30339073e+01]\n [-5.14836760e-01 -1.82383914e+00  1.11233269e-01  3.29473989e+00\n   1.39227010e+00  1.02528104e+00]\n [ 1.03979182e+01 -2.59784964e+01  3.39205296e+01  1.39227010e+00\n   1.26053548e+02  1.16749380e+02]\n [ 8.08214498e+00 -2.41295810e+01  3.30339073e+01  1.02528104e+00\n   1.16749380e+02  1.12207168e+02]]", "nfev": "376", "njev": "52", "status": "2", "success": "False", "message": "Desired error not necessarily achieved due to precision loss.", "x": "[0.99518202 1.50523632 2.71794459 2.83609356 5.92072604 1.3892778 ]", "nit": "28", "callback": [0.5956582347520601, 0.5733405896010814, 0.4137254484740964, 0.3315506581827369, 0.2127042763810506, 0.164541193048653, 0.14508240906869885, 0.1392358828541408, 0.1337072263348782, 0.12576941112119133, 0.12268960994092104, 0.12175783485966707, 0.12026783061458268, 0.11879575783339114, 0.11805172833890398, 0.11673455401940014, 0.1145469867804021, 0.11248166289880102, 0.11115138524017587, 0.11014066740536188, 0.10973820417489444, 0.10968087453151676, 0.10964295554329073, 0.10963179037708493, 0.10962978239456767, 0.10962970125945837, 0.10962969540369683, 0.10962969529354838]}, "7": {"maxiter": 100, "gtol": 1e-10, "xrtol": 1e-10, "eps": 1e-10, "duration": 0.1484830379486084, "fun": "0.1096296949104657", "jac": "[0.00000000e+00 1.11022293e-06 4.44089173e-06 1.11022293e-06\n 0.00000000e+00 1.11022293e-06]", "hess_inv": "[[  3.37340471  -0.68034441   0.89976893  -0.90461581   5.59944157\n    3.38754919]\n [ -0.68034441   6.017587    -4.47883627  -1.18945374 -10.34440462\n   -9.08904779]\n [  0.89976893  -4.47883627   7.88457857  -1.02958156  14.34322646\n   14.3086197 ]\n [ -0.90461581  -1.18945374  -1.02958156   3.482414    -2.12473878\n   -2.37077404]\n [  5.59944157 -10.34440462  14.34322646  -2.12473878  57.19918575\n   50.71992386]\n [  3.38754919  -9.08904779  14.3086197   -2.37077404  50.71992386\n   49.04420129]]", "nfev": "509", "njev": "71", "status": "2", "success": "False", "message": "Desired error not necessarily achieved due to precision loss.", "x": "[0.99519407 1.50521363 2.71799055 2.83609091 5.92084847 1.389391  ]", "nit": "28", "callback": [0.5956553374089847, 0.5733379419833462, 0.4137225037091471, 0.33154597267432906, 0.21269738747096156, 0.1645390085510574, 0.14508190829517387, 0.13923575606964356, 0.13370772411933118, 0.12576930723408608, 0.12268920035539421, 0.12175779264827047, 0.12026806482548336, 0.11879551291867663, 0.11805236306285671, 0.11673719043137298, 0.1145508289602607, 0.11248069136537941, 0.1111502507734543, 0.1101398930695765, 0.10973750284418071, 0.10968072982955168, 0.10964287240951598, 0.10963161632421392, 0.10962976941345592, 0.10962969720615412, 0.10962969570994563, 0.1096296949104657]}, "8": {"maxiter": 500, "gtol": 1e-05, "xrtol": 1e-05, "eps": 1e-05, "duration": 0.06606817245483398, "fun": "0.10962969540369683", "jac": "[ 4.43128867e-06  1.87440063e-06  1.19482202e-06 -2.70448108e-06\n -1.36478606e-06  1.08588694e-06]", "hess_inv": "[[  3.44482158  -2.05037819   2.52363619  -0.46587351  10.75750722\n    8.49613721]\n [ -2.05037819   9.15884987  -8.59398914  -1.79612667 -25.80155193\n  -23.88548373]\n [  2.52363619  -8.59398914  13.33800237  -0.3301734   33.84699304\n   32.99876079]\n [ -0.46587351  -1.79612667  -0.3301734    3.67472386   1.29353153\n    0.80455302]\n [ 10.75750722 -25.80155193  33.84699304   1.29353153 126.50393298\n  117.14888338]\n [  8.49613721 -23.88548373  32.99876079   0.80455302 117.14888338\n  112.57398954]]", "nfev": "231", "njev": "33", "status": "0", "success": "True", "message": "Optimization terminated successfully.", "x": "[0.99519243 1.5052509  2.71794147 2.83607728 5.92070689 1.38925985]", "nit": "27", "callback": [0.5956582347520601, 0.5733405896010814, 0.4137254484740964, 0.3315506581827369, 0.2127042763810506, 0.164541193048653, 0.14508240906869885, 0.1392358828541408, 0.1337072263348782, 0.12576941112119133, 0.12268960994092104, 0.12175783485966707, 0.12026783061458268, 0.11879575783339114, 0.11805172833890398, 0.11673455401940014, 0.1145469867804021, 0.11248166289880102, 0.11115138524017587, 0.11014066740536188, 0.10973820417489444, 0.10968087453151676, 0.10964295554329073, 0.10963179037708493, 0.10962978239456767, 0.10962970125945837, 0.10962969540369683]}, "9": {"maxiter": 500, "gtol": 1e-05, "xrtol": 1e-05, "eps