{"date": "2024/10/08/, 20:55:23", "conf_id": 29, "data_type": "random\n", "num_data_points": 2, "s_rank": 0, "unitary": "[[-0.24866696+0.58742286j,-0.44704345-0.43151574j,-0.35669027-0.20570733j,-0.10517633+0.1626036j],[0.10596805-0.19687975j,-0.30269685-0.15056416j,0.18246286+0.30440582j,-0.83484447-0.11310748j],[0.26054512-0.52548482j,0.0285017-0.50723956j,-0.43110112+0.17165838j,0.15243271+0.39915801j],[0.42978035+0.11991271j,-0.17224126-0.46030424j,0.6827807-0.15164662j,0.26483638+0.0061855j]]", "databatch_0": {"databatch": "[[[0.06621507-0.17891075j,0.01002237-0.02748951j,0.04498151-0.00305015j,-0.01166769-0.0968063j],[-0.2486384+0.67273031j,-0.01033233+0.1390138j,-0.1499171-0.02749768j,0.06387079+0.40707889j],[0.17861093+0.18060205j,-0.00914861+0.07266497j,0.03328978+0.06841132j,0.07501052+0.0783763j],[-0.02078083+0.16423466j,-0.05826693-0.17434476j,-0.18683896+0.14523209j,0.01853125-0.13923474j]],[[-0.07384579-0.03203949j,-0.24369597+0.0961282j,0.30072282+0.2981178j,0.04047496+0.09338703j],[-0.07108637+0.09320717j,-0.05219237+0.27686544j,0.38808347-0.09640143j,-0.04054691-0.0512136j],[0.03481192-0.01037106j,-0.08688432-0.06527719j,-0.0632813+0.22358243j,-0.16161798+0.13110296j],[-0.0533935+0.01801996j,-0.02305813+0.27301546j,0.46598273-0.13455987j,0.21048993+0.09852648j]]]", "initial param values": "[1.99747033,2.03152836,5.20674857,2.86621102,2.39413918,0.43848959]", "nelder_mead": {"type": "gradient-free", "0": {"maxiter": 100, "fatol": 1e-05, "xatol": 1e-05, "duration": 0.06410408020019531, "fun": "0.4183366262809567", "nit": "100", "nfev": "155", "status": "2", "success": "False", "message": "Maximum number of iterations has been exceeded.", "x": "[1.00137806 0.43307495 6.69777162 4.77300675 2.19801073 0.50066004]", "final_simplex": "(array([[1.00137806, 0.43307495, 6.69777162, 4.77300675, 2.19801073,\n        0.50066004],\n       [1.11151809, 0.36169267, 6.79575137, 4.78563653, 2.05323463,\n        0.5016306 ],\n       [0.99666506, 0.50130234, 6.80996008, 4.86640985, 2.05978126,\n        0.47977843],\n       [1.06567706, 0.45813927, 6.64589111, 4.80836106, 2.15546477,\n        0.48330557],\n       [1.0988128 , 0.40299836, 6.66511944, 4.86191824, 2.0929391 ,\n        0.49032136],\n       [1.04343929, 0.38844976, 6.74224448, 4.91142571, 2.15398313,\n        0.48166919],\n       [1.03141357, 0.56657969, 6.74678696, 4.76679207, 2.09929603,\n        0.48571887]]), array([0.41833663, 0.41985089, 0.42266672, 0.42312226, 0.42324532,\n       0.42380396, 0.42530569]))", "callback": [0.8332492245024554, 0.6383506681452896, 0.5836693341926847, 0.5671592711817779, 0.5321557720226218, 0.485219645020069, 0.44379175241018265, 0.439570655020711, 0.43217076865003246, 0.4238039643515048]}, "1": {"maxiter": 100, "fatol": 1e-05, "xatol": 1e-10, "duration": 0.04817795753479004, "fun": "0.4183366262809567", "nit": "100", "nfev": "155", "status": "2", "success": "False", "message": "Maximum number of iterations has been exceeded.", "x": "[1.00137806 0.43307495 6.69777162 4.77300675 2.19801073 0.50066004]", "final_simplex": "(array([[1.00137806, 0.43307495, 6.69777162, 4.77300675, 2.19801073,\n        0.50066004],\n       [1.11151809, 0.36169267, 6.79575137, 4.78563653, 2.05323463,\n        0.5016306 ],\n       [0.99666506, 0.50130234, 6.80996008, 4.86640985, 2.05978126,\n        0.47977843],\n       [1.06567706, 0.45813927, 6.64589111, 4.80836106, 2.15546477,\n        0.48330557],\n       [1.0988128 , 0.40299836, 6.66511944, 4.86191824, 2.0929391 ,\n        0.49032136],\n       [1.04343929, 0.38844976, 6.74224448, 4.91142571, 2.15398313,\n        0.48166919],\n       [1.03141357, 0.56657969, 6.74678696, 4.76679207, 2.09929603,\n        0.48571887]]), array([0.41833663, 0.41985089, 0.42266672, 0.42312226, 0.42324532,\n       0.42380396, 0.42530569]))", "callback": [0.8332492245024554, 0.6383506681452896, 0.5836693341926847, 0.5671592711817779, 0.5321557720226218, 0.485219645020069, 0.44379175241018265, 0.439570655020711, 0.43217076865003246, 0.4238039643515048]}, "2": {"maxiter": 100, "fatol": 1e-10, "xatol": 1e-05, "duration": 0.05006098747253418, "fun": "0.4183366262809567", "nit": "100", "nfev": "155", "status": "2", "success": "False", "message": "Maximum number of iterations has been exceeded.", "x": "[1.00137806 0.43307495 6.69777162 4.77300675 2.19801073 0.50066004]", "final_simplex": "(array([[1.00137806, 0.43307495, 6.69777162, 4.77300675, 2.19801073,\n        0.50066004],\n       [1.11151809, 0.36169267, 6.79575137, 4.78563653, 2.05323463,\n        0.5016306 ],\n       [0.99666506, 0.50130234, 6.80996008, 4.86640985, 2.05978126,\n        0.47977843],\n       [1.06567706, 0.45813927, 6.64589111, 4.80836106, 2.15546477,\n        0.48330557],\n       [1.0988128 , 0.40299836, 6.66511944, 4.86191824, 2.0929391 ,\n        0.49032136],\n       [1.04343929, 0.38844976, 6.74224448, 4.91142571, 2.15398313,\n        0.48166919],\n       [1.03141357, 0.56657969, 6.74678696, 4.76679207, 2.09929603,\n        0.48571887]]), array([0.41833663, 0.41985089, 0.42266672, 0.42312226, 0.42324532,\n       0.42380396, 0.42530569]))", "callback": [0.8332492245024554, 0.6383506681452896, 0.5836693341926847, 0.5671592711817779, 0.5321557720226218, 0.485219645020069, 0.44379175241018265, 0.439570655020711, 0.43217076865003246, 0.4238039643515048]}, "3": {"maxiter": 100, "fatol": 1e-10, "xatol": 1e-10, "duration": 0.048368215560913086, "fun": "0.4183366262809567", "nit": "100", "nfev": "155", "status": "2", "success": "False", "message": "Maximum number of iterations has been exceeded.", "x": "[1.00137806 0.43307495 6.69777162 4.77300675 2.19801073 0.50066004]", "final_simplex": "(array([[1.00137806, 0.43307495, 6.69777162, 4.77300675, 2.19801073,\n        0.50066004],\n       [1.11151809, 0.36169267, 6.79575137, 4.78563653, 2.05323463,\n        0.5016306 ],\n       [0.99666506, 0.50130234, 6.80996008, 4.86640985, 2.05978126,\n        0.47977843],\n       [1.06567706, 0.45813927, 6.64589111, 4.80836106, 2.15546477,\n        0.48330557],\n       [1.0988128 , 0.40299836, 6.66511944, 4.86191824, 2.0929391 ,\n        0.49032136],\n       [1.04343929, 0.38844976, 6.74224448, 4.91142571, 2.15398313,\n        0.48166919],\n       [1.03141357, 0.56657969, 6.74678696, 4.76679207, 2.09929603,\n        0.48571887]]), array([0.41833663, 0.41985089, 0.42266672, 0.42312226, 0.42324532,\n       0.42380396, 0.42530569]))", "callback": [0.8332492245024554, 0.6383506681452896, 0.5836693341926847, 0.5671592711817779, 0.5321557720226218, 0.485219645020069, 0.44379175241018265, 0.439570655020711, 0.43217076865003246, 0.4238039643515048]}, "4": {"maxiter": 500, "fatol": 1e-05, "xatol": 1e-05, "duration": 0.1868910789489746, "fun": "0.2663499693358429", "nit": "411", "nfev": "638", "status": "0", "success": "True", "message": "Optimization terminated successfully.", "x": "[ 0.88286079 -1.0145358   7.24365256  4.36091238  1.64266999  1.81396912]", "final_simplex": "(array([[ 0.88286079, -1.0145358 ,  7.24365256,  4.36091238,  1.64266999,\n         1.81396912],\n       [ 0.88285741, -1.01454042,  7.24365181,  4.36090805,  1.64266408,\n         1.8139703 ],\n       [ 0.88286146, -1.01453569,  7.24365415,  4.36090463,  1.64266256,\n         1.81396195],\n       [ 0.88286157, -1.0145304 ,  7.24364584,  4.36091455,  1.64266288,\n         1.81396985],\n       [ 0.8828571 , -1.01453635,  7.24365457,  4.36090759,  1.64267037,\n         1.81395935],\n       [ 0.88285786, -1.01452815,  7.24365353,  4.3609106 ,  1.64267071,\n         1.81397092],\n       [ 0.88285956, -1.01452876,  7.24364725,  4.36090564,  1.64266942,\n         1.81396917]]), array([0.26634997, 0.26634997, 0.26634997, 0.26634997, 0.26634997,\n       0.26634997, 0.26634997]))", "callback": [0.8332492245024554, 0.6383506681452896, 0.5836693341926847, 0.5671592711817779, 0.5321557720226218, 0.485219645020069, 0.44379175241018265, 0.439570655020711, 0.43217076865003246, 0.4238039643515048, 0.41804808880693667, 0.39373776688045914, 0.3612800775929601, 0.35379831906034787, 0.34254437532038473, 0.3293842916689331, 0.3255883650051177, 0.3153279043377132, 0.31060691237591254, 0.30824483298618155, 0.30031294576698986, 0.28358571309234915, 0.27000401650257744, 0.26674956098767333, 0.2666629385553383, 0.2664646435318756, 0.2663614743814945, 0.26635172867655565, 0.26635037017687335, 0.2663500847842769, 0.26635004196097756, 0.2663499900251688, 0.2663499900251688, 0.26634998274331545, 0.2663499738833398, 0.2663499738833398, 0.2663499713222729, 0.2663499707664768, 0.2663499696479592, 0.26634996943099776, 0.26634996935637023, 0.2663499693358429]}, "5": {"maxiter": 500, "fatol": 1e-05, "xatol": 1e-10, "duration": 0.23510289192199707, "fun": "0.26634996933066923", "nit": "500", "nfev": "812", "status": "2", "success": "False", "message": "Maximum number of iterations has been exceeded.", "x": "[ 0.88285726 -1.01453216  7.24365238  4.36090998  1.64266648  1.81396531]", "final_simplex": "(array([[ 0.88285726, -1.01453216,  7.24365238,  4.36090998,  1.64266648,\n         1.81396531],\n       [ 0.88285726, -1.01453216,  7.24365238,  4.36090998,  1.64266648,\n         1.81396531],\n       [ 0.88285726, -1.01453216,  7.24365238,  4.36090998,  1.64266648,\n         1.81396531],\n       [ 0.88285726, -1.01453216,  7.24365238,  4.36090998,  1.64266648,\n         1.81396531],\n       [ 0.88285726, -1.01453216,  7.24365238,  4.36090998,  1.64266648,\n         1.81396531],\n       [ 0.88285726, -1.01453216,  7.24365238,  4.36090998,  1.64266648,\n         1.81396531],\n       [ 0.88285726, -1.01453216,  7.24365238,  4.36090998,  1.64266648,\n         1.81396531]]), array([0.26634997, 0.26634997, 0.26634997, 0.26634997, 0.26634997,\n       0.26634997, 0.26634997]))", "callback": [0.8332492245024554, 0.6383506681452896, 0.5836693341926847, 0.5671592711817779, 0.5321557720226218, 0.485219645020069, 0.44379175241018265, 0.439570655020711, 0.43217076865003246, 0.4238039643515048, 0.41804808880693667, 0.39373776688045914, 0.3612800775929601, 0.35379831906034787, 0.34254437532038473, 0.3293842916689331, 0.3255883650051177, 0.3153279043377132, 0.31060691237591254, 0.30824483298618155, 0.30031294576698986, 0.28358571309234915, 0.27000401650257744, 0.26674956098767333, 0.2666629385553383, 0.2664646435318756, 0.2663614743814945, 0.26635172867655565, 0.26635037017687335, 0.2663500847842769, 0.26635004196097756, 0.2663499900251688, 0.2663499900251688, 0.26634998274331545, 0.2663499738833398, 0.2663499738833398, 0.2663499713222729, 0.2663499707664768, 0.2663499696479592, 0.26634996943099776, 0.26634996935637023, 0.2663499693345992, 0.2663499693321598, 0.2663499693311333, 0.2663499693307907, 0.26634996933069344, 0.26634996933067556, 0.2663499693306717, 0.2663499693306699, 0.26634996933066923]}, "6": {"maxiter": 500, "fatol": 1e-10, "xatol": 1e-05, "duration": 0.2612929344177246, "fun": "0.2663499693358429", "nit": "411", "nfev": "638", "status": "0", "success": "True", "message": "Optimization terminated successfully.", "x": "[ 0.88286079 -1.0145358   7.24365256  4.36091238  1.64266999  1.81396912]", "final_simplex": "(array([[ 0.88286079, -1.0145358 ,  7.24365256,  4.36091238,  1.64266999,\n         1.81396912],\n       [ 0.88285741, -1.01454042,  7.24365181,  4.36090805,  1.64266408,\n         1.8139703 ],\n       [ 0.88286146, -1.01453569,  7.24365415,  4.36090463,  1.64266256,\n         1.81396195],\n       [ 0.88286157, -1.0145304 ,  7.24364584,  4.36091455,  1.64266288,\n         1.81396985],\n       [ 0.8828571 , -1.01453635,  7.24365457,  4.36090759,  1.64267037,\n         1.81395935],\n       [ 0.88285786, -1.01452815,  7.24365353,  4.3609106 ,  1.64267071,\n         1.81397092],\n       [ 0.88285956, -1.01452876,  7.24364725,  4.36090564,  1.64266942,\n         1.81396917]]), array([0.26634997, 0.26634997, 0.26634997, 0.26634997, 0.26634997,\n       0.26634997, 0.26634997]))", "callback": [0.8332492245024554, 0.6383506681452896, 0.5836693341926847, 0.5671592711817779, 0.5321557720226218, 0.485219645020069, 0.44379175241018265, 0.439570655020711, 0.43217076865003246, 0.4238039643515048, 0.41804808880693667, 0.39373776688045914, 0.3612800775929601, 0.35379831906034787, 0.34254437532038473, 0.3293842916689331, 0.3255883650051177, 0.3153279043377132, 0.31060691237591254, 0.30824483298618155, 0.30031294576698986, 0.28358571309234915, 0.27000401650257744, 0.26674956098767333, 0.2666629385553383, 0.2664646435318756, 0.2663614743814945, 0.26635172867655565, 0.26635037017687335, 0.2663500847842769, 0.26635004196097756, 0.2663499900251688, 0.2663499900251688, 0.26634998274331545, 0.2663499738833398, 0.2663499738833398, 0.2663499713222729, 0.2663499707664768, 0.2663499696479592, 0.26634996943099776, 0.26634996935637023, 0.2663499693358429]}, "7": {"maxiter": 500, "fatol": 1e-10, "xatol": 1e-10, "duration": 0.25203704833984375, "fun": "0.26634996933066923", "nit": "500", "nfev": "812", "status": "2", "success": "False", "message": "Maximum number of iterations has been exceeded.", "x": "[ 0.88285726 -1.01453216  7.24365238  4.36090998  1.64266648  1.81396531]", "final_simplex": "(array([[ 0.88285726, -1.01453216,  7.24365238,  4.36090998,  1.64266648,\n         1.81396531],\n       [ 0.88285726, -1.01453216,  7.24365238,  4.36090998,  1.64266648,\n         1.81396531],\n       [ 0.88285726, -1.01453216,  7.24365238,  4.36090998,  1.64266648,\n         1.81396531],\n       [ 0.88285726, -1.01453216,  7.24365238,  4.36090998,  1.64266648,\n         1.81396531],\n       [ 0.88285726, -1.01453216,  7.24365238,  4.36090998,  1.64266648,\n         1.81396531],\n       [ 0.88285726, -1.01453216,  7.24365238,  4.36090998,  1.64266648,\n         1.81396531],\n       [ 0.88285726, -1.01453216,  7.24365238,  4.36090998,  1.64266648,\n         1.81396531]]), array([0.26634997, 0.26634997, 0.26634997, 0.26634997, 0.26634997,\n       0.26634997, 0.26634997]))", "callback": [0.8332492245024554, 0.6383506681452896, 0.5836693341926847, 0.5671592711817779, 0.5321557720226218, 0.485219645020069, 0.44379175241018265, 0.439570655020711, 0.43217076865003246, 0.4238039643515048, 0.41804808880693667, 0.39373776688045914, 0.3612800775929601, 0.35379831906034787, 0.34254437532038473, 0.3293842916689331, 0.3255883650051177, 0.3153279043377132, 0.31060691237591254, 0.30824483298618155, 0.30031294576698986, 0.28358571309234915, 0.27000401650257744, 0.26674956098767333, 0.2666629385553383, 0.2664646435318756, 0.2663614743814945, 0.26635172867655565, 0.26635037017687335, 0.2663500847842769, 0.26635004196097756, 0.2663499900251688, 0.2663499900251688, 0.26634998274331545, 0.2663499738833398, 0.2663499738833398, 0.2663499713222729, 0.2663499707664768, 0.2663499696479592, 0.26634996943099776, 0.26634996935637023, 0.2663499693345992, 0.2663499693321598, 0.2663499693311333, 0.2663499693307907, 0.26634996933069344, 0.26634996933067556, 0.2663499693306717, 0.2663499693306699, 0.26634996933066923]}, "8": {"maxiter": 1000, "fatol": 1e-05, "xatol": 1e-05, "duration": 0.2313249111175537, "fun": "0.2663499693358429", "nit": "411", "nfev": "638", "status": "0", "success": "True", "message": "Optimization terminated successfully.", "x": "[ 0.88286079 -1.0145358   7.24365256  4.36091238  1.64266999  1.81396912]", "final_simplex": "(array([[ 0.88286079, -1.0145358 ,  7.24365256,  4.36091238,  1.64266999,\n         1.81396912],\n       [ 0.88285741, -1.01454042,  7.24365181,  4.36090805,  1.64266408,\n         1.8139703 ],\n       [ 0.88286146, -1.01453569,  7.24365415,  4.36090463,  1.64266256,\n         1.81396195],\n       [ 0.88286157, -1.0145304 ,  7.24364584,  4.36091455,  1.64266288,\n         1.81396985],\n       [ 0.8828571 , -1.01453635,  7.24365457,  4.36090759,  1.64267037,\n         1.81395935],\n       [ 0.88285786, -1.01452815,  7.24365353,  4.3609106 ,  1.64267071,\n         1.81397092],\n       [ 0.88285956, -1.01452876,  7.24364725,  4.36090564,  1.64266942,\n         1.81396917]]), array([0.26634997, 0.26634997, 0.26634997, 0.26634997, 0.26634997,\n       0.26634997, 0.26634997]))", "callback": [0.8332492245024554, 0.6383506681452896, 0.5836693341926847, 0.5671592711817779, 0.5321557720226218, 0.485219645020069, 0.44379175241018265, 0.439570655020711, 0.43217076865003246, 0.4238039643515048, 0.41804808880693667, 0.39373776688045914, 0.3612800775929601, 0.35379831906034787, 0.34254437532038473, 0.3293842916689331, 0.3255883650051177, 0.3153279043377132, 0.31060691237591254, 0.30824483298618155, 0.30031294576698986, 0.28358571309234915, 0.27000401650257744, 0.26674956098767333, 0.2666629385553383, 0.2664646435318756, 0.2663614743814945, 0.26635172867655565, 0.26635037017687335, 0.2663500847842769, 0.26635004196097756, 0.2663499900251688, 0.2663499900251688, 0.26634998274331545, 0.2663499738833398, 0.2663499738833398, 0.2663499713222729, 0.2663499707664768, 0.2663499696479592, 0.26634996943099776, 0.26634996935637023, 0.2663499693358429]}, "9": {"maxiter": 1000, "fatol": 1e-05, "xatol": 1e-10, "duration": 0.2817690372467041, "fun": "0.26634996933066923", "nit": "514", "nfev": "870", "status": "0", "success": "True", "message": "Optimization terminated successfully.", "x": "[ 0.88285726 -1.01453216  7.24365238  4.36090998  1.64266648  1.81396531]", "final_simplex": "(array([[ 0.88285726, -1.01453216,  7.24365238,  4.36090998,  1.64266648,\n         1.81396531],\n       [ 0.88285726, -1.01453216,  7.24365238,  4.36090998,  1.64266648,\n         1.81396531],\n       [ 0.88285726, -1.01453216,  7.24365238,  4.36090998,  1.64266648,\n         1.81396531],\n       [ 0.88285726, -1.01453216,  7.24365238,  4.36090998,  1.64266648,\n         1.81396531],\n       [ 0.88285726, -1.01453216,  7.24365238,  4.36090998,  1.64266648,\n         1.81396531],\n       [ 0.88285726, -1.01453216,  7.24365238,  4.36090998,  1.64266648,\n         1.81396531],\n       [ 0.88285726, -1.01453216,  7.24365238,  4.36090998,  1.64266648,\n         1.81396531]]), array([0.26634997, 0.26634997, 0.26634997, 0.26634997, 0.26634997,\n       0.26634997, 0.26634997]))", "callback": [0.8332492245024554, 0.6383506681452896, 0.5836693341926847, 0.5671592711817779, 0.5321557720226218, 0.485219645020069, 0.44379175241018265, 0.439570655020711, 0.43217076865003246, 0.4238039643515048, 0.41804808880693667, 0.39373776688045914, 0.3612800775929601, 0.35379831906034787, 0.34254437532038473, 0.3293842916689331, 0.3255883650051177, 0.3153279043377132, 0.31060691237591254, 0.30824483298618155, 0.30031294576698986, 0.28358571309234915, 0.27000401650257744, 0.26674956098767333, 0.2666629385553383, 0.2664646435318756, 0.2663614743814945, 0.26635172867655565, 0.26635037017687335, 0.2663500847842769, 0.26635004196097756, 0.2663499900251688, 0.2663499900251688, 0.26634998274331545, 0.2663499738833398, 0.2663499738833398, 0.2663499713222729, 0.2663499707664768, 0.2663499696479592, 0.26634996943099776, 0.26634996935637023, 0.2663499693345992, 0.2663499693321598, 0.2663499693311333, 0.2663499693307907, 0.26634996933069344, 0.26634996933067556, 0.2663499693306717, 0.2663499693306699, 0.26634996933066923, 0.26634996933066923, 0.26634996933066923]}, "10": {"maxiter": 1000, "fatol": 1e-10, "xatol": 1e-05, "duration": 0.204193115234375, "fun": "0.2663499693358429", "nit": "411", "nfev": "638", "status": "0", "success": "True", "message": "Optimization terminated successfully.", "x": "[ 0.88286079 -1.0145358   7.24365256  4.36091238  1.64266999  1.81396912]", "final_simplex": "(array([[ 0.88286079, -1.0145358 ,  7.24365256,  4.36091238,  1.64266999,\n         1.81396912],\n       [ 0.88285741, -1.01454042,  7.24365181,  4.36090805,  1.64266408,\n         1.8139703 ],\n       [ 0.88286146, -1.01453569,  7.24365415,  4.36090463,  1.64266256,\n         1.81396195],\n       [ 0.88286157, -1.0145304 ,  7.24364584,  4.36091455,  1.64266288,\n         1.81396985],\n       [ 0.8828571 , -1.01453635,  7.24365457,  4.36090759,  1.64267037,\n         1.81395935],\n       [ 0.88285786, -1.01452815,  7.24365353,  4.3609106 ,  1.64267071,\n         1.81397092],\n       [ 0.88285956, -1.01452876,  7.24364725,  4.36090564,  1.64266942,\n         1.81396917]]), array([0.26634997, 0.26634997, 0.26634997, 0.26634997, 0.26634997,\n       0.26634997, 0.26634997]))", "callback": [0.8332492245024554, 0.6383506681452896, 0.5836693341926847, 0.5671592711817779, 0.5321557720226218, 0.485219645020069, 0.44379175241018265, 0.439570655020711, 0.43217076865003246, 0.4238039643515048, 0.41804808880693667, 0.39373776688045914, 0.3612800775929601, 0.35379831906034787, 0.34254437532038473, 0.3293842916689331, 0.3255883650051177, 0.3153279043377132, 0.31060691237591254, 0.30824483298618155, 0.30031294576698986, 0.28358571309234915, 0.27000401650257744, 0.26674956098767333, 0.2666629385553383, 0.2664646435318756, 0.2663614743814945, 0.26635172867655565, 0.26635037017687335, 0.2663500847842769, 0.26635004196097756, 0.2663499900251688, 0.2663499900251688, 0.26634998274331545, 0.2663499738833398, 0.2663499738833398, 0.2663499713222729, 0.2663499707664768, 0.2663499696479592, 0.26634996943099776, 0.26634996935637023, 0.2663499693358429]}, "11": {"maxiter": 1000, "fatol": 1e-10, "xatol": 1e-10, "duration": 0.27817416191101074, "fun": "0.26634996933066923", "nit": "514", "nfev": "870", "status": "0", "success": "True", "message": "Optimization terminated successfully.", "x": "[ 0.88285726 -1.01453216  7.24365238  4.36090998  1.64266648  1.81396531]", "final_simplex": "(array([[ 0.88285726, -1.01453216,  7.24365238,  4.36090998,  1.64266648,\n         1.81396531],\n       [ 0.88285726, -1.01453216,  7.24365238,  4.36090998,  1.64266648,\n         1.81396531],\n       [ 0.88285726, -1.01453216,  7.24365238,  4.36090998,  1.64266648,\n         1.81396531],\n       [ 0.88285726, -1.01453216,  7.24365238,  4.36090998,  1.64266648,\n         1.81396531],\n       [ 0.88285726, -1.01453216,  7.24365238,  4.36090998,  1.64266648,\n         1.81396531],\n       [ 0.88285726, -1.01453216,  7.24365238,  4.36090998,  1.64266648,\n         1.81396531],\n       [ 0.88285726, -1.01453216,  7.24365238,  4.36090998,  1.64266648,\n         1.81396531]]), array([0.26634997, 0.26634997, 0.26634997, 0.26634997, 0.26634997,\n       0.26634997, 0.26634997]))", "callback": [0.8332492245024554, 0.6383506681452896, 0.5836693341926847, 0.5671592711817779, 0.5321557720226218, 0.485219645020069, 0.44379175241018265, 0.439570655020711, 0.43217076865003246, 0.4238039643515048, 0.41804808880693667, 0.39373776688045914, 0.3612800775929601, 0.35379831906034787, 0.34254437532038473, 0.3293842916689331, 0.3255883650051177, 0.3153279043377132, 0.31060691237591254, 0.30824483298618155, 0.30031294576698986, 0.28358571309234915, 0.27000401650257744, 0.26674956098767333, 0.2666629385553383, 0.2664646435318756, 0.2663614743814945, 0.26635172867655565, 0.26635037017687335, 0.2663500847842769, 0.26635004196097756, 0.2663499900251688, 0.2663499900251688, 0.26634998274331545, 0.2663499738833398, 0.2663499738833398, 0.2663499713222729, 0.2663499707664768, 0.2663499696479592, 0.26634996943099776, 0.26634996935637023, 0.2663499693345992, 0.2663499693321598, 0.2663499693311333, 0.2663499693307907, 0.26634996933069344, 0.26634996933067556, 0.2663499693306717, 0.2663499693306699, 0.26634996933066923, 0.26634996933066923, 0.26634996933066923]}}, "bfgs": {"type": "gradient", "0": {"maxiter": 100, "gtol": 1e-05, "xrtol": 1e-05, "eps": 1e-05, "duration": 0.07137894630432129, "fun": "0.266349969356819", "jac": "[ 9.35707067e-07 -8.37740988e-07  6.08113560e-07  1.05815356e-06\n  1.58713043e-06 -1.96285210e-06]", "hess_inv": "[[ 4.10256532e+00  8.58590300e-01 -1.82270327e+00 -6.42514672e-01\n   4.51822392e-01 -7.50460092e-03]\n [ 8.58590300e-01  9.02608780e+00 -5.28490743e+00 -3.12714908e+00\n  -1.52815811e-01 -2.78963601e+00]\n [-1.82270327e+00 -5.28490743e+00  8.07764355e+00  2.72867680e+00\n  -1.34248383e-01 -3.37858345e-01]\n [-6.42514672e-01 -3.12714908e+00  2.72867680e+00  4.97783258e+00\n  -7.35851392e-01  7.18478271e-02]\n [ 4.51822392e-01 -1.52815811e-01 -1.34248383e-01 -7.35851392e-01\n   3.84634901e+00  1.42207627e+00]\n [-7.50460092e-03 -2.78963601e+00 -3.37858345e-01  7.18478271e-02\n   1.42207627e+00  5.88425099e+00]]", "nfev": "231", "njev": "33", "status": "0", "success": "True", "message": "Optimization terminated successfully.", "x": "[-0.88286016  2.12705374  4.10206849  1.92228092  4.7842579  -1.32764069]", "nit": "31", "callback": [0.5807908908539983, 0.5727052450250338, 0.5588516681714202, 0.5443640328103961, 0.542008765828556, 0.5375938308469239, 0.5298304105400684, 0.5195172609864348, 0.5105961209413696, 0.4968396709557501, 0.48010068031633424, 0.4509118698633626, 0.40724039201019635, 0.38890241881709275, 0.3745476614254315, 0.34650677583270006, 0.3240832410810396, 0.29545695596953225, 0.2864392432139117, 0.2792381768069332, 0.2694510249705724, 0.2678395601389003, 0.26764778587454696, 0.26729741730606715, 0.26673461134974863, 0.2663701733015085, 0.2663542800851595, 0.2663502016062427, 0.2663499823162758, 0.26634996992262305, 0.266349969356819]}, "1": {"maxiter": 100, "gtol": 1e-05, "xrtol": 1e-05, "eps": 1e-10, "duration": 0.06472015380859375, "fun": "0.2663499698627282", "jac": "[-6.66133760e-06  7.77156053e-06 -4.44089173e-06  7.77156053e-06\n  2.22044587e-06 -5.55111466e-06]", "hess_inv": "[[ 4.32932419  0.58285407 -1.85255546 -1.087926    0.63460868 -0.06182974]\n [ 0.58285407  7.92694969 -4.56309957 -3.1160962  -0.27694558 -2.35427178]\n [-1.85255546 -4.56309957  7.71683908  3.01233408 -0.17974338 -0.54104571]\n [-1.087926   -3.1160962   3.01233408  5.59009867 -0.88412521  0.1801366 ]\n [ 0.63460868 -0.27694558 -0.17974338 -0.88412521  3.91721155  1.47673721]\n [-0.06182974 -2.35427178 -0.54104571  0.1801366   1.47673721  5.67247254]]", "nfev": "224", "njev": "32", "status": "0", "success": "True", "message": "Optimization terminated successfully.", "x": "[-0.88287708  2.12711238  4.10205213  1.92230471  4.78427127 -1.32766807]", "nit": "30", "callback": [0.5807909308054885, 0.5727054661450863, 0.5588520760915572, 0.5443645002757971, 0.5420093965592139, 0.537594681857716, 0.5298315209516355, 0.5195214339106664, 0.5106032728207828, 0.49684370471734063, 0.4801206198592096, 0.4509618271993987, 0.40730143834439236, 0.3888043345025112, 0.37448207885239426, 0.34657650455123046, 0.3241128162396083, 0.29535583051608805, 0.2863134907859932, 0.279153606337187, 0.2694132690880988, 0.26783343880030286, 0.2676430424024455, 0.26729510038708604, 0.26673394437107745, 0.2663646787852506, 0.2663526896144156, 0.2663501569527189, 0.2663499814714536, 0.2663499698627282]}, "2": {"maxiter": 100, "gtol": 1e-05, "xrtol": 1e-10, "eps": 1e-05, "duration": 0.07606291770935059, "fun": "0.266349969356819", "jac": "[ 9.35707067e-07 -8.37740988e-07  6.08113560e-07  1.05815356e-06\n  1.58713043e-06 -1.96285210e-06]", "hess_inv": "[[ 4.10256532e+00  8.58590300e-01 -1.82270327e+00 -6.42514672e-01\n   4.51822392e-01 -7.50460092e-03]\n [ 8.58590300e-01  9.02608780e+00 -5.28490743e+00 -3.12714908e+00\n  -1.52815811e-01 -2.78963601e+00]\n [-1.82270327e+00 -5.28490743e+00  8.07764355e+00  2.72867680e+00\n  -1.34248383e-01 -3.37858345e-01]\n [-6.42514672e-01 -3.12714908e+00  2.72867680e+00  4.97783258e+00\n  -7.35851392e-01  7.18478271e-02]\n [ 4.51822392e-01 -1.52815811e-01 -1.34248383e-01 -7.35851392e-01\n   3.84634901e+00  1.42207627e+00]\n [-7.50460092e-03 -2.78963601e+00 -3.37858345e-01  7.18478271e-02\n   1.42207627e+00  5.88425099e+00]]", "nfev": "231", "njev": "33", "status": "0", "success": "True", "message": "Optimization terminated successfully.", "x": "[-0.88286016  2.12705374  4.10206849  1.92228092  4.7842579  -1.32764069]", "nit": "31", "callback": [0.5807908908539983, 0.5727052450250338, 0.5588516681714202, 0.5443640328103961, 0.542008765828556, 0.5375938308469239, 0.5298304105400684, 0.5195172609864348, 0.5105961209413696, 0.4968396709557501, 0.48010068031633424, 0.4509118698633626, 0.40724039201019635, 0.38890241881709275, 0.3745476614254315, 0.34650677583270006, 0.3240832410810396, 0.29545695596953225, 0.2864392432139117, 0.2792381768069332, 0.2694510249705724, 0.2678395601389003, 0.26764778587454696, 0.26729741730606715, 0.26673461134974863, 0.2663701733015085, 0.2663542800851595, 0.2663502016062427, 0.2663499823162758, 0.26634996992262305, 0.266349969356819]}, "3": {"maxiter": 100, "gtol": 1e-05, "xrtol": 1e-10, "eps": 1e-10, "duration": 0.07642388343811035, "fun": "0.2663499698627282", "jac": "[-6.66133760e-06  7.77156053e-06 -4.44089173e-06  7.77156053e-06\n  2.22044587e-06 -5.55111466e-06]", "hess_inv": "[[ 4.32932419  0.58285407 -1.85255546 -1.087926    0.63460868 -0.06182974]\n [ 0.58285407  7.92694969 -4.56309957 -3.1160962  -0.27694558 -2.35427178]\n [-1.85255546 -4.56309957  7.71683908  3.01233408 -0.17974338 -0.54104571]\n [-1.087926   -3.1160962   3.01233408  5.59009867 -0.88412521  0.1801366 ]\n [ 0.63460868 -0.27694558 -0.17974338 -0.88412521  3.91721155  1.47673721]\n [-0.06182974 -2.35427178 -0.54104571  0.1801366   1.47673721  5.67247254]]", "nfev": "224", "njev": "32", "status": "0", "success": "True", "message": "Optimization terminated successfully.", "x": "[-0.88287708  2.12711238  4.10205213  1.92230471  4.78427127 -1.32766807]", "nit": "30", "callback": [0.5807909308054885, 0.5727054661450863, 0.5588520760915572, 0.5443645002757971, 0.5420093965592139, 0.537594681857716, 0.5298315209516355, 0.5195214339106664, 0.5106032728207828, 0.49684370471734063, 0.4801206198592096, 0.4509618271993987, 0.40730143834439236, 0.3888043345025112, 0.37448207885239426, 0.34657650455123046, 0.3241128162396083, 0.29535583051608805, 0.2863134907859932, 0.279153606337187, 0.2694132690880988, 0.26783343880030286, 0.2676430424024455, 0.26729510038708604, 0.26673394437107745, 0.2663646787852506, 0.2663526896144156, 0.2663501569527189, 0.2663499814714536, 0.2663499698627282]}, "4": {"maxiter": 100, "gtol": 1e-10, "xrtol": 1e-05, "eps": 1e-05, "duration": 0.06261563301086426, "fun": "0.266349969356819", "jac": "[ 9.35707067e-07 -8.37740988e-07  6.08113560e-07  1.05815356e-06\n  1.58713043e-06 -1.96285210e-06]", "hess_inv": "[[ 4.10256532e+00  8.58590300e-01 -1.82270327e+00 -6.42514672e-01\n   4.51822392e-01 -7.50460092e-03]\n [ 8.58590300e-01  9.02608780e+00 -5.28490743e+00 -3.12714908e+00\n  -1.52815811e-01 -2.78963601e+00]\n [-1.82270327e+00 -5.28490743e+00  8.07764355e+00  2.72867680e+00\n  -1.34248383e-01 -3.37858345e-01]\n [-6.42514672e-01 -3.12714908e+00  2.72867680e+00  4.97783258e+00\n  -7.35851392e-01  7.18478271e-02]\n [ 4.51822392e-01 -1.52815811e-01 -1.34248383e-01 -7.35851392e-01\n   3.84634901e+00  1.42207627e+00]\n [-7.50460092e-03 -2.78963601e+00 -3.37858345e-01  7.18478271e-02\n   1.42207627e+00  5.88425099e+00]]", "nfev": "231", "njev": "33", "status": "0", "success": "True", "message": "Optimization terminated successfully.", "x": "[-0.88286016  2.12705374  4.10206849  1.92228092  4.7842579  -1.32764069]", "nit": "31", "callback": [0.5807908908539983, 0.5727052450250338, 0.5588516681714202, 0.5443640328103961, 0.542008765828556, 0.5375938308469239, 0.5298304105400684, 0.5195172609864348, 0.5105961209413696, 0.4968396709557501, 0.48010068031633424, 0.4509118698633626, 0.40724039201019635, 0.38890241881709275, 0.3745476614254315, 0.34650677583270006, 0.3240832410810396, 0.29545695596953225, 0.2864392432139117, 0.2792381768069332, 0.2694510249705724, 0.2678395601389003, 0.26764778587454696, 0.26729741730606715, 0.26673461134974863, 0.2663701733015085, 0.2663542800851595, 0.2663502016062427, 0.2663499823162758, 0.26634996992262305, 0.266349969356819]}, "5": {"maxiter": 100, "gtol": 1e-10, "xrtol": 1e-05, "eps": 1e-10, "duration": 0.07552504539489746, "fun": "0.26634996941121714", "jac": "[ 0.00000000e+00 -3.33066880e-06  1.11022293e-06 -1.11022293e-06\n  0.00000000e+00  1.11022293e-06]", "hess_inv": "[[ 3.97801803  0.51036454 -1.82163561 -0.89054963  0.2551786  -0.04160802]\n [ 0.51036454  9.19927196 -4.41356536 -2.72783547  0.8496568  -3.07960992]\n [-1.82163561 -4.41356536  7.12420068  2.71335047 -0.80109616 -0.67399998]\n [-0.89054963 -2.72783547  2.71335047  5.40373396 -0.76260316 -0.05463099]\n [ 0.2551786   0.8496568  -0.80109616 -0.76260316  3.60832592  0.75059752]\n [-0.04160802 -3.07960992 -0.67399998 -0.05463099  0.75059752  6.08059305]]", "nfev": "238", "njev": "34", "status": "0", "success": "True", "message": "Optimization terminated successfully.", "x": "[-0.88285651  2.12702691  4.10208288  1.92229142  4.78426489 -1.32761489]", "nit": "32", "callback": [0.5807909308054885, 0.5727054661450863, 0.5588520760915572, 0.5443645002757971, 0.5420093965592139, 0.537594681857716, 0.5298315209516355, 0.5195214339106664, 0.5106032728207828, 0.49684370471734063, 0.4801206198592096, 0.4509618271993987, 0.40730143834439236, 0.3888043345025112, 0.37448207885239426, 0.34657650455123046, 0.3241128162396083, 0.29535583051608805, 0.2863134907859932, 0.279153606337187, 0.2694132690880988, 0.26783343880030286, 0.2676430424024455, 0.26729510038708604, 0.26673394437107745, 0.2663646787852506, 0.2663526896144156, 0.2663501569527189, 0.2663499814714536, 0.2663499698627282, 0.2663499695161258, 0.26634996941121714]}, "6": {"maxiter": 100, "gtol": 1e-10, "xrtol": 1e-10, "eps": 1e-05, "duration": 0.1617131233215332, "fun": "0.2663499693432281", "jac": "[ 6.43485265e-08 -6.24056362e-08  1.50046642e-07  6.90225654e-08\n  5.01620967e-07 -4.86477525e-07]", "hess_inv": "[[ 4.0361892   1.08939481 -2.03205081 -0.76661952  0.42060167  0.0726486 ]\n [ 1.08939481  8.27184802 -4.78100295 -2.89362229 -0.14089845 -2.84250774]\n [-2.03205081 -4.78100295  8.34576069  3.20260526  0.13887948 -0.99386686]\n [-0.76661952 -2.89362229  3.20260526  5.53202719 -0.43474845 -0.63765611]\n [ 0.42060167 -0.14089845  0.13887948 -0.43474845  3.97195114  1.10392363]\n [ 0.0726486  -2.84250774 -0.99386686 -0.63765611  1.10392363  6.66970292]]", "nfev": "501", "njev": "70", "status": "2", "success": "False", "message": "Desired error not necessarily achieved due to precision loss.", "x": "[-0.88286149  2.12706021  4.10205795  1.92227193  4.78425511 -1.32763322]", "nit": "32", "callback": [0.5807908908539983, 0.5727052450250338, 0.5588516681714202, 0.5443640328103961, 0.542008765828556, 0.5375938308469239, 0.5298304105400684, 0.5195172609864348, 0.5105961209413696, 0.4968396709557501, 0.48010068031633424, 0.4509118698633626, 0.40724039201019635, 0.38890241881709275, 0.3745476614254315, 0.34650677583270006, 0.3240832410810396, 0.29545695596953225, 0.2864392432139117, 0.2792381768069332, 0.2694510249705724, 0.2678395601389003, 0.26764778587454696, 0.26729741730606715, 0.26673461134974863, 0.2663701733015085, 0.2663542800851595, 0.2663502016062427, 0.2663499823162758, 0.26634996992262305, 0.266349969356819, 0.2663499693432281]}, "7": {"maxiter": 100, "gtol": 1e-10, "xrtol": 1e-10, "eps": 1e-10, "duration": 0.11959195137023926, "fun": "0.2663499693409759", "jac": "[2.22044587e-06 0.00000000e+00 2.22044587e-06 4.44089173e-06\n 2.22044587e-06 4.44089173e-06]", "hess_inv": "[[ 3.71076136  2.91307669 -4.14738968  3.42322876 -1.57254792 -0.98879755]\n [ 2.91307669  2.48024891 -3.42951969  2.61410514 -1.10795135 -0.7349805 ]\n [-4.14738968 -3.42951969  5.47015045 -4.21903471  1.83040484  0.97187931]\n [ 3.42322876  2.61410514 -4.21903471  3.99918675 -1.95017409 -1.04575076]\n [-1.57254792 -1.10795135  1.83040484 -1.95017409  1.30182705  0.51216514]\n [-0.98879755 -0.7349805   0.97187931 -1.04575076  0.51216514  0.41083846]]", "nfev": "357", "njev": "51", "status": "0", "success": "True", "message": "Optimization terminated successfully.", "x": "[-0.88285564  2.12705171  4.10206247  1.92227739  4.7842629  -1.32761799]", "nit": "41", "callback": [0.5807909308054885, 0.5727054661450863, 0.5588520760915572, 0.5443645002757971, 0.5420093965592139, 0.537594681857716, 0.5298315209516355, 0.5195214339106664, 0.5106032728207828, 0.49684370471734063, 0.4801206198592096, 0.4509618271993987, 0.40730143834439236, 0.3888043345025112, 0.37448207885239426, 0.34657650455123046, 0.3241128162396083, 0.29535583051608805, 0.2863134907859932, 0.279153606337187, 0.2694132690880988, 0.26783343880030286, 0.2676430424024455, 0.26729510038708604, 0.26673394437107745, 0.2663646787852506, 0.2663526896144156, 0.2663501569527189, 0.2663499814714536, 0.2663499698627282, 0.2663499695161258, 0.26634996941121714, 0.2663499693583651, 0.2663499693472101, 0.26634996934434974, 0.26634996934284527, 0.26634996934147726, 0.26634996934118216, 0.26634996934105315, 0.2663499693409762, 0.2663499693409759]}, "8": {"maxiter": 500, "gtol": 1e-05, "xrtol": 1e-05, "eps": 1e-05, "duration": 0.08065319061279297, "fun": "0.266349969356819", "jac": "[ 9.35707067e-07 -8.37740988e-07  6.08113560e-07  1.05815356e-06\n  1.58713043e-06 -1.96285210e-06]", "hess_inv": "[[ 4.10256532e+00  8.58590300e-01 -1.82270327e+00 -6.42514672e-01\n   4.51822392e-01 -7.50460092e-03]\n [ 8.58590300e-01  9.02608780e+00 -5.28490743e+00 -3.12714908e+00\n  -1.52815811e-01 -2.78963601e+00]\n [-1.82270327e+00 -5.28490743e+00  8.07764355e+00  2.72867680e+00\n  -1.34248383e-01 -3.37858345e-01]\n [-6.42514672e-01 -3.12714908e+00  2.72867680e+00  4.97783258e+00\n  -7.35851392e-01  7.18478271e-02]\n [ 4.51822392e-01 -1.52815811e-01 -1.34248383e-01 -7.35851392e-01\n   3.84634901e+00  1.42207627e+00]\n [-7.50460092e-03 -2.78963601e+00 -3.37858345e-01  7.18478271e-02\n   1.42207627e+00  5.88425099e+00]]", "nfev": "231", "njev": "33", "status": "0", "success": "True", "message": "Optimization terminated successfully.", "x": "[-0.88286016  2.12705374  4.10206849  1.92228092  4.7842579  -1.32764069]", "nit": "31", "callback": [0.5807908908539983, 0.5727052450250338, 0.5588516681714202, 0.5443640328103961, 0.542008765828556, 0.5375938308469239, 0.5298304105400684, 0.5195172609864348, 0.5105961209413696, 0.4968396709557501, 0.48010068031633424, 0.4509118698633626, 0.40724039201019635, 0.38890241881709275, 0.3745476614254315, 0.34650677583270006, 0.3240832410810396, 0.29545695596953225, 0.2864392432139117, 0.2792381768069332, 0.2694510249705724, 0.2678395601389003, 0.26764778587454696, 0.26729741730606715, 0.26673461134974863, 0.2663701733015085, 0.2663542800851595, 0.2663502016062427, 0.2663499823162758, 0.26634996992262305, 0.266349969356819]}, "9": {"maxiter": 500, "gtol": 1e-05, "xrtol": 1e-05, "eps": 1e-10, "duration": 0.06534385681152344, "fun": "0.2663499698627282", "jac": "[-6.66133760e-06  7.77156053e-06 -4.44089173e-06  7.77156053e-06\n  2.22044587e-06 -5.55111466e-06]", "hess_inv": "[[ 4.32932419  0.58285407 -1.85255546 -1.087926    0.63460868 -0.06182974]\n [ 0.58285407  7.92694969 -4.56309957 -3.1160962  -0.27694558 -2.35427178]\n [-1.85255546 -4.56309957  7.71683908  3.01233408 -0.17974338 -0.54104571]\n [-1.087926   -3.1160962   3.01233408  5.59009867 -0.88412521  0.1801366 ]\n [ 0.63460868 -0.27694558 -0.17974338 -0.88412521  3.91721155  1.47673721]\n [-0.06182974 -2.35427178 -0.54104571  0.1801366   1.47673721  5.67247254]]", "nfev": "224", "njev": "32", "status": "0", "success": "True", "message": "Optimization terminated successfully.", "x": "[-0.88287708  2.12711238  4.10205213  1.92230471  4.78427127 -1.32766807]", "nit": "30", "callback": [0.5807909308054885, 0.5727054661450863, 0.5588520760915572, 0.5443645002757971, 0.5420093965592139, 0.537594681857716, 0.5298315209516355, 0.5195214339106664, 0.5106032728207828, 0.49684370471734063, 0.4801206198592096, 0.4509618271993987, 0.40730143834439236, 0.3888043345025112, 0.37448207885239426, 0.34657650455123046, 0.3241128162396083, 0.29535583051608805, 0.2863134907859932, 0.279153606337187, 0.2694132690880988, 0.26783343880030286, 0.2676430424024455, 0.26729510038708604, 0.26673394437107745, 0.2663646787852506, 0.2663526896144156, 0.2663501569527189, 0.2663499814714536, 0.2663499698627282]}, "10": {"maxiter": 500, "gtol": 1e-05, "xrtol": 1e-10, "eps": 1e-05, "duration": 0.0750279426574707, "fun": "0.266349969356819", "jac": "[ 9.35707067e-07 -8.37740988e-07  6.08113560e-07  1.05815356e-06\n  1.58713043e-06 -1.96285210e-06]", "hess