{"conf_id": 21, "data_type": "random\n", "num_data_points": 2, "s_rank": 0, "unitary": "[[-0.56303964-0.00798273j,-0.21670212-0.15784972j,-0.06047197-0.73952673j,-0.01438004+0.24552571j],[-0.06976756+0.23474685j,-0.01275565-0.5435098j,-0.02703657-0.08917885j,-0.08210486-0.79311774j],[-0.38559961+0.10714929j,0.5933431-0.2687392j,-0.24060861+0.29149289j,-0.45147719+0.26241743j],[-0.50180421+0.45931857j,-0.11617175+0.44134496j,0.49642745+0.22684508j,-0.08544628-0.15407063j]]", "databatch_0": {"databatch": "[[[0.04644028-0.0075379j,0.22763736+0.02772346j,-0.3707297-0.01731561j,-0.24462243+0.10169797j],[0.01740592-0.02658942j,0.1175632-0.100861j,-0.17758532+0.17694709j,-0.06077688+0.16831045j],[0.02492437-0.00933241j,0.12934574-0.00987117j,-0.20756477+0.03151613j,-0.12441203+0.08354534j],[-0.00537016+0.06681791j,-0.11580157+0.30552078j,0.1500828-0.5070401j,-0.05748376-0.37305113j]],[[-0.00992931-0.36644835j,-0.09492799+0.39570282j,0.08671627-0.0798808j,0.27302784-0.06345052j],[-0.14794628-0.23541555j,0.09077989+0.29499442j,0.0257786-0.08562889j,0.15376138-0.14682545j],[-0.04038463-0.32899402j,-0.05148863+0.36432486j,0.07119968-0.07934364j,0.24031173-0.08054297j],[-0.00840766-0.14420137j,-0.03253068+0.15700986j,0.03317232-0.0325247j,0.10675152-0.02834016j]]]", "nelder_mead": {"0": {"maxiter": 100, "fatol": 1e-05, "xatol": 1e-05, "duration": 0.0418400764465332, "fun": "0.1988753378391266", "nit": "100", "nfev": "153", "status": "2", "success": "False", "message": "Maximum number of iterations has been exceeded.", "x": "[0.36257601 2.76623189 4.01439651 6.05660186 3.91443905 0.77264062]", "final_simplex": "(array([[0.36257601, 2.76623189, 4.01439651, 6.05660186, 3.91443905,\n        0.77264062],\n       [0.29941623, 2.81001619, 3.997988  , 6.04496657, 3.76119166,\n        0.76539385],\n       [0.43822992, 2.71566787, 4.06524988, 6.08197074, 3.92513395,\n        0.70498541],\n       [0.37740717, 2.73207931, 4.02020298, 6.03078677, 3.9181401 ,\n        0.82981456],\n       [0.48948471, 2.69050968, 3.97332596, 6.24831869, 3.86846567,\n        0.85511373],\n       [0.71745863, 2.58075574, 3.99161706, 6.2405995 , 3.95345955,\n        0.86068814],\n       [0.66973118, 2.60065973, 3.94752556, 6.29314569, 3.85324069,\n        0.82512529]]), array([0.19887534, 0.19929008, 0.19977196, 0.19978891, 0.20116006,\n       0.20583783, 0.20584644]))"}, "1": {"maxiter": 100, "fatol": 1e-05, "xatol": 1e-10, "duration": 0.03973817825317383, "fun": "0.1988753378391266", "nit": "100", "nfev": "153", "status": "2", "success": "False", "message": "Maximum number of iterations has been exceeded.", "x": "[0.36257601 2.76623189 4.01439651 6.05660186 3.91443905 0.77264062]", "final_simplex": "(array([[0.36257601, 2.76623189, 4.01439651, 6.05660186, 3.91443905,\n        0.77264062],\n       [0.29941623, 2.81001619, 3.997988  , 6.04496657, 3.76119166,\n        0.76539385],\n       [0.43822992, 2.71566787, 4.06524988, 6.08197074, 3.92513395,\n        0.70498541],\n       [0.37740717, 2.73207931, 4.02020298, 6.03078677, 3.9181401 ,\n        0.82981456],\n       [0.48948471, 2.69050968, 3.97332596, 6.24831869, 3.86846567,\n        0.85511373],\n       [0.71745863, 2.58075574, 3.99161706, 6.2405995 , 3.95345955,\n        0.86068814],\n       [0.66973118, 2.60065973, 3.94752556, 6.29314569, 3.85324069,\n        0.82512529]]), array([0.19887534, 0.19929008, 0.19977196, 0.19978891, 0.20116006,\n       0.20583783, 0.20584644]))"}, "2": {"maxiter": 100, "fatol": 1e-10, "xatol": 1e-05, "duration": 0.04085993766784668, "fun": "0.1988753378391266", "nit": "100", "nfev": "153", "status": "2", "success": "False", "message": "Maximum number of iterations has been exceeded.", "x": "[0.36257601 2.76623189 4.01439651 6.05660186 3.91443905 0.77264062]", "final_simplex": "(array([[0.36257601, 2.76623189, 4.01439651, 6.05660186, 3.91443905,\n        0.77264062],\n       [0.29941623, 2.81001619, 3.997988  , 6.04496657, 3.76119166,\n        0.76539385],\n       [0.43822992, 2.71566787, 4.06524988, 6.08197074, 3.92513395,\n        0.70498541],\n       [0.37740717, 2.73207931, 4.02020298, 6.03078677, 3.9181401 ,\n        0.82981456],\n       [0.48948471, 2.69050968, 3.97332596, 6.24831869, 3.86846567,\n        0.85511373],\n       [0.71745863, 2.58075574, 3.99161706, 6.2405995 , 3.95345955,\n        0.86068814],\n       [0.66973118, 2.60065973, 3.94752556, 6.29314569, 3.85324069,\n        0.82512529]]), array([0.19887534, 0.19929008, 0.19977196, 0.19978891, 0.20116006,\n       0.20583783, 0.20584644]))"}, "3": {"maxiter": 100, "fatol": 1e-10, "xatol": 1e-10, "duration": 0.03975701332092285, "fun": "0.1988753378391266", "nit": "100", "nfev": "153", "status": "2", "success": "False", "message": "Maximum number of iterations has been exceeded.", "x": "[0.36257601 2.76623189 4.01439651 6.05660186 3.91443905 0.77264062]", "final_simplex": "(array([[0.36257601, 2.76623189, 4.01439651, 6.05660186, 3.91443905,\n        0.77264062],\n       [0.29941623, 2.81001619, 3.997988  , 6.04496657, 3.76119166,\n        0.76539385],\n       [0.43822992, 2.71566787, 4.06524988, 6.08197074, 3.92513395,\n        0.70498541],\n       [0.37740717, 2.73207931, 4.02020298, 6.03078677, 3.9181401 ,\n        0.82981456],\n       [0.48948471, 2.69050968, 3.97332596, 6.24831869, 3.86846567,\n        0.85511373],\n       [0.71745863, 2.58075574, 3.99161706, 6.2405995 , 3.95345955,\n        0.86068814],\n       [0.66973118, 2.60065973, 3.94752556, 6.29314569, 3.85324069,\n        0.82512529]]), array([0.19887534, 0.19929008, 0.19977196, 0.19978891, 0.20116006,\n       0.20583783, 0.20584644]))"}, "4": {"maxiter": 500, "fatol": 1e-05, "xatol": 1e-05, "duration": 0.18385672569274902, "fun": "0.17462991178035736", "nit": "426", "nfev": "713", "status": "0", "success": "True", "message": "Optimization terminated successfully.", "x": "[0.26456902 3.4349916  3.47327272 5.59223195 2.88047926 1.57641069]", "final_simplex": "(array([[0.26456902, 3.4349916 , 3.47327272, 5.59223195, 2.88047926,\n        1.57641069],\n       [0.26456974, 3.43499596, 3.47327222, 5.59223069, 2.88047578,\n        1.57641314],\n       [0.26456873, 3.43499509, 3.47327217, 5.59223144, 2.88047666,\n        1.57641188],\n       [0.26457028, 3.43498515, 3.47328187, 5.5922319 , 2.88047669,\n        1.5764137 ],\n       [0.26457063, 3.43499164, 3.47327519, 5.59223245, 2.88047658,\n        1.57641186],\n       [0.26457031, 3.43498993, 3.47327587, 5.59223381, 2.88047778,\n        1.57641256],\n       [0.26457163, 3.4349889 , 3.47327722, 5.59223351, 2.88047552,\n        1.57641412]]), array([0.17462991, 0.17462991, 0.17462991, 0.17462991, 0.17462991,\n       0.17462991, 0.17462991]))"}, "5": {"maxiter": 500, "fatol": 1e-05, "xatol": 1e-10, "duration": 0.2196030616760254, "fun": "0.17462991178035736", "nit": "443", "nfev": "849", "status": "0", "success": "True", "message": "Optimization terminated successfully.", "x": "[0.26456902 3.4349916  3.47327272 5.59223195 2.88047926 1.57641069]", "final_simplex": "(array([[0.26456902, 3.4349916 , 3.47327272, 5.59223195, 2.88047926,\n        1.57641069],\n       [0.26456902, 3.4349916 , 3.47327272, 5.59223195, 2.88047926,\n        1.57641069],\n       [0.26456902, 3.4349916 , 3.47327272, 5.59223195, 2.88047926,\n        1.57641069],\n       [0.26456902, 3.4349916 , 3.47327272, 5.59223195, 2.88047926,\n        1.57641069],\n       [0.26456902, 3.4349916 , 3.47327272, 5.59223195, 2.88047926,\n        1.57641069],\n       [0.26456902, 3.4349916 , 3.47327272, 5.59223195, 2.88047926,\n        1.57641069],\n       [0.26456902, 3.4349916 , 3.47327272, 5.59223195, 2.88047926,\n        1.57641069]]), array([0.17462991, 0.17462991, 0.17462991, 0.17462991, 0.17462991,\n       0.17462991, 0.17462991]))"}, "6": {"maxiter": 500, "fatol": 1e-10, "xatol": 1e-05, "duration": 0.18097615242004395, "fun": "0.17462991178035736", "nit": "426", "nfev": "713", "status": "0", "success": "True", "message": "Optimization terminated successfully.", "x": "[0.26456902 3.4349916  3.47327272 5.59223195 2.88047926 1.57641069]", "final_simplex": "(array([[0.26456902, 3.4349916 , 3.47327272, 5.59223195, 2.88047926,\n        1.57641069],\n       [0.26456974, 3.43499596, 3.47327222, 5.59223069, 2.88047578,\n        1.57641314],\n       [0.26456873, 3.43499509, 3.47327217, 5.59223144, 2.88047666,\n        1.57641188],\n       [0.26457028, 3.43498515, 3.47328187, 5.5922319 , 2.88047669,\n        1.5764137 ],\n       [0.26457063, 3.43499164, 3.47327519, 5.59223245, 2.88047658,\n        1.57641186],\n       [0.26457031, 3.43498993, 3.47327587, 5.59223381, 2.88047778,\n        1.57641256],\n       [0.26457163, 3.4349889 , 3.47327722, 5.59223351, 2.88047552,\n        1.57641412]]), array([0.17462991, 0.17462991, 0.17462991, 0.17462991, 0.17462991,\n       0.17462991, 0.17462991]))"}, "7": {"maxiter": 500, "fatol": 1e-10, "xatol": 1e-10, "duration": 0.21726012229919434, "fun": "0.17462991178035736", "nit": "443", "nfev": "849", "status": "0", "success": "True", "message": "Optimization terminated successfully.", "x": "[0.26456902 3.4349916  3.47327272 5.59223195 2.88047926 1.57641069]", "final_simplex": "(array([[0.26456902, 3.4349916 , 3.47327272, 5.59223195, 2.88047926,\n        1.57641069],\n       [0.26456902, 3.4349916 , 3.47327272, 5.59223195, 2.88047926,\n        1.57641069],\n       [0.26456902, 3.4349916 , 3.47327272, 5.59223195, 2.88047926,\n        1.57641069],\n       [0.26456902, 3.4349916 , 3.47327272, 5.59223195, 2.88047926,\n        1.57641069],\n       [0.26456902, 3.4349916 , 3.47327272, 5.59223195, 2.88047926,\n        1.57641069],\n       [0.26456902, 3.4349916 , 3.47327272, 5.59223195, 2.88047926,\n        1.57641069],\n       [0.26456902, 3.4349916 , 3.47327272, 5.59223195, 2.88047926,\n        1.57641069]]), array([0.17462991, 0.17462991, 0.17462991, 0.17462991, 0.17462991,\n       0.17462991, 0.17462991]))"}, "8": {"maxiter": 1000, "fatol": 1e-05, "xatol": 1e-05, "duration": 0.18774080276489258, "fun": "0.17462991178035736", "nit": "426", "nfev": "713", "status": "0", "success": "True", "message": "Optimization terminated successfully.", "x": "[0.26456902 3.4349916  3.47327272 5.59223195 2.88047926 1.57641069]", "final_simplex": "(array([[0.26456902, 3.4349916 , 3.47327272, 5.59223195, 2.88047926,\n        1.57641069],\n       [0.26456974, 3.43499596, 3.47327222, 5.59223069, 2.88047578,\n        1.57641314],\n       [0.26456873, 3.43499509, 3.47327217, 5.59223144, 2.88047666,\n        1.57641188],\n       [0.26457028, 3.43498515, 3.47328187, 5.5922319 , 2.88047669,\n        1.5764137 ],\n       [0.26457063, 3.43499164, 3.47327519, 5.59223245, 2.88047658,\n        1.57641186],\n       [0.26457031, 3.43498993, 3.47327587, 5.59223381, 2.88047778,\n        1.57641256],\n       [0.26457163, 3.4349889 , 3.47327722, 5.59223351, 2.88047552,\n        1.57641412]]), array([0.17462991, 0.17462991, 0.17462991, 0.17462991, 0.17462991,\n       0.17462991, 0.17462991]))"}, "9": {"maxiter": 1000, "fatol": 1e-05, "xatol": 1e-10, "duration": 0.2249011993408203, "fun": "0.17462991178035736", "nit": "443", "nfev": "849", "status": "0", "success": "True", "message": "Optimization terminated successfully.", "x": "[0.26456902 3.4349916  3.47327272 5.59223195 2.88047926 1.57641069]", "final_simplex": "(array([[0.26456902, 3.4349916 , 3.47327272, 5.59223195, 2.88047926,\n        1.57641069],\n       [0.26456902, 3.4349916 , 3.47327272, 5.59223195, 2.88047926,\n        1.57641069],\n       [0.26456902, 3.4349916 , 3.47327272, 5.59223195, 2.88047926,\n        1.57641069],\n       [0.26456902, 3.4349916 , 3.47327272, 5.59223195, 2.88047926,\n        1.57641069],\n       [0.26456902, 3.4349916 , 3.47327272, 5.59223195, 2.88047926,\n        1.57641069],\n       [0.26456902, 3.4349916 , 3.47327272, 5.59223195, 2.88047926,\n        1.57641069],\n       [0.26456902, 3.4349916 , 3.47327272, 5.59223195, 2.88047926,\n        1.57641069]]), array([0.17462991, 0.17462991, 0.17462991, 0.17462991, 0.17462991,\n       0.17462991, 0.17462991]))"}, "10": {"maxiter": 1000, "fatol": 1e-10, "xatol": 1e-05, "duration": 0.18970084190368652, "fun": "0.17462991178035736", "nit": "426", "nfev": "713", "status": "0", "success": "True", "message": "Optimization terminated successfully.", "x": "[0.26456902 3.4349916  3.47327272 5.59223195 2.88047926 1.57641069]", "final_simplex": "(array([[0.26456902, 3.4349916 , 3.47327272, 5.59223195, 2.88047926,\n        1.57641069],\n       [0.26456974, 3.43499596, 3.47327222, 5.59223069, 2.88047578,\n        1.57641314],\n       [0.26456873, 3.43499509, 3.47327217, 5.59223144, 2.88047666,\n        1.57641188],\n       [0.26457028, 3.43498515, 3.47328187, 5.5922319 , 2.88047669,\n        1.5764137 ],\n       [0.26457063, 3.43499164, 3.47327519, 5.59223245, 2.88047658,\n        1.57641186],\n       [0.26457031, 3.43498993, 3.47327587, 5.59223381, 2.88047778,\n        1.57641256],\n       [0.26457163, 3.4349889 , 3.47327722, 5.59223351, 2.88047552,\n        1.57641412]]), array([0.17462991, 0.17462991, 0.17462991, 0.17462991, 0.17462991,\n       0.17462991, 0.17462991]))"}, "11": {"maxiter": 1000, "fatol": 1e-10, "xatol": 1e-10, "duration": 0.2198793888092041, "fun": "0.17462991178035736", "nit": "443", "nfev": "849", "status": "0", "success": "True", "message": "Optimization terminated successfully.", "x": "[0.26456902 3.4349916  3.47327272 5.59223195 2.88047926 1.57641069]", "final_simplex": "(array([[0.26456902, 3.4349916 , 3.47327272, 5.59223195, 2.88047926,\n        1.57641069],\n       [0.26456902, 3.4349916 , 3.47327272, 5.59223195, 2.88047926,\n        1.57641069],\n       [0.26456902, 3.4349916 , 3.47327272, 5.59223195, 2.88047926,\n        1.57641069],\n       [0.26456902, 3.4349916 , 3.47327272, 5.59223195, 2.88047926,\n        1.57641069],\n       [0.26456902, 3.4349916 , 3.47327272, 5.59223195, 2.88047926,\n        1.57641069],\n       [0.26456902, 3.4349916 , 3.47327272, 5.59223195, 2.88047926,\n        1.57641069],\n       [0.26456902, 3.4349916 , 3.47327272, 5.59223195, 2.88047926,\n        1.57641069]]), array([0.17462991, 0.17462991, 0.17462991, 0.17462991, 0.17462991,\n       0.17462991, 0.17462991]))"}}, "bfgs": {"0": {"maxiter": 100, "gtol": 1e-05, "xrtol": 1e-05, "eps": 1e-05, "duration": 0.07997584342956543, "fun": "0.17464128136634827", "jac": "[0. 0. 0. 0. 0. 0.]", "hess_inv": "[[  4.46544384  -4.54374405   4.619603    -2.43919471  -1.88777202\n    1.73966209]\n [ -4.54374405  61.79962102 -57.70560422   5.99618757   3.19919606\n  -10.33138525]\n [  4.619603   -57.70560422  56.43055144  -5.2338474   -5.44986734\n   11.05762872]\n [ -2.43919471   5.99618757  -5.2338474    4.98292307  -1.68864307\n    0.45976899]\n [ -1.88777202   3.19919606  -5.44986734  -1.68864307   7.20141363\n   -5.59790643]\n [  1.73966209 -10.33138525  11.05762872   0.45976899  -5.59790643\n    7.93712265]]", "nfev": "308", "njev": "44", "status": "0", "success": "True", "message": "Optimization terminated successfully.", "x": "[ 0.26026856  9.76073058  3.43581728 13.26614226 -0.2556574  -7.85916011]", "nit": "30"}, "1": {"maxiter": 100, "gtol": 1e-05, "xrtol": 1e-05, "eps": 1e-10, "duration": 0.001851797103881836, "fun": "0.8814831972122192", "jac": "[0. 0. 0. 0. 0. 0.]", "hess_inv": "[[1 0 0 0 0 0]\n [0 1 0 0 0 0]\n [0 0 1 0 0 0]\n [0 0 0 1 0 0]\n [0 0 0 0 1 0]\n [0 0 0 0 0 1]]", "nfev": "7", "njev": "1", "status": "0", "success": "True", "message": "Optimization terminated successfully.", "x": "[3.6209525  1.27478571 2.87120712 6.08504288 5.77628484 2.28286481]", "nit": "0"}, "2": {"maxiter": 100, "gtol": 1e-05, "xrtol": 1e-10, "eps": 1e-05, "duration": 0.0802309513092041, "fun": "0.17464128136634827", "jac": "[0. 0. 0. 0. 0. 0.]", "hess_inv": "[[  4.46544384  -4.54374405   4.619603    -2.43919471  -1.88777202\n    1.73966209]\n [ -4.54374405  61.79962102 -57.70560422   5.99618757   3.19919606\n  -10.33138525]\n [  4.619603   -57.70560422  56.43055144  -5.2338474   -5.44986734\n   11.05762872]\n [ -2.43919471   5.99618757  -5.2338474    4.98292307  -1.68864307\n    0.45976899]\n [ -1.88777202   3.19919606  -5.44986734  -1.68864307   7.20141363\n   -5.59790643]\n [  1.73966209 -10.33138525  11.05762872   0.45976899  -5.59790643\n    7.93712265]]", "nfev": "308", "njev": "44", "status": "0", "success": "True", "message": "Optimization terminated successfully.", "x": "[ 0.26026856  9.76073058  3.43581728 13.26614226 -0.2556574  -7.85916011]", "nit": "30"}, "3": {"maxiter": 100, "gtol": 1e-05, "xrtol": 1e-10, "eps": 1e-10, "duration": 0.0018968582153320312, "fun": "0.8814831972122192", "jac": "[0. 0. 0. 0. 0. 0.]", "hess_inv": "[[1 0 0 0 0 0]\n [0 1 0 0 0 0]\n [0 0 1 0 0 0]\n [0 0 0 1 0 0]\n [0 0 0 0 1 0]\n [0 0 0 0 0 1]]", "nfev": "7", "njev": "1", "status": "0", "success": "True", "message": "Optimization terminated successfully.", "x": "[3.6209525  1.27478571 2.87120712 6.08504288 5.77628484 2.28286481]", "nit": "0"}, "4": {"maxiter": 100, "gtol": 1e-10, "xrtol": 1e-05, "eps": 1e-05, "duration": 0.08030486106872559, "fun": "0.17464128136634827", "jac": "[0. 0. 0. 0. 0. 0.]", "hess_inv": "[[  4.46544384  -4.54374405   4.619603    -2.43919471  -1.88777202\n    1.73966209]\n [ -4.54374405  61.79962102 -57.70560422   5.99618757   3.19919606\n  -10.33138525]\n [  4.619603   -57.70560422  56.43055144  -5.2338474   -5.44986734\n   11.05762872]\n [ -2.43919471   5.99618757  -5.2338474    4.98292307  -1.68864307\n    0.45976899]\n [ -1.88777202   3.19919606  -5.44986734  -1.68864307   7.20141363\n   -5.59790643]\n [  1.73966209 -10.33138525  11.05762872   0.45976899  -5.59790643\n    7.93712265]]", "nfev": "308", "njev": "44", "status": "0", "success": "True", "message": "Optimization terminated successfully.", "x": "[ 0.26026856  9.76073058  3.43581728 13.26614226 -0.2556574  -7.85916011]", "nit": "30"}, "5": {"maxiter": 100, "gtol": 1e-10, "xrtol": 1e-05, "eps": 1e-10, "duration": 0.001901865005493164, "fun": "0.8814831972122192", "jac": "[0. 0. 0. 0. 0. 0.]", "hess_inv": "[[1 0 0 0 0 0]\n [0 1 0 0 0 0]\n [0 0 1 0 0 0]\n [0 0 0 1 0 0]\n [0 0 0 0 1 0]\n [0 0 0 0 0 1]]", "nfev": "7", "njev": "1", "status": "0", "success": "True", "message": "Optimization terminated successfully.", "x": "[3.6209525  1.27478571 2.87120712 6.08504288 5.77628484 2.28286481]", "nit": "0"}, "6": {"maxiter": 100, "gtol": 1e-10, "xrtol": 1e-10, "eps": 1e-05, "duration": 0.07973885536193848, "fun": "0.17464128136634827", "jac": "[0. 0. 0. 0. 0. 0.]", "hess_inv": "[[  4.46544384  -4.54374405   4.619603    -2.43919471  -1.88777202\n    1.73966209]\n [ -4.54374405  61.79962102 -57.70560422   5.99618757   3.19919606\n  -10.33138525]\n [  4.619603   -57.70560422  56.43055144  -5.2338474   -5.44986734\n   11.05762872]\n [ -2.43919471   5.99618757  -5.2338474    4.98292307  -1.68864307\n    0.45976899]\n [ -1.88777202   3.19919606  -5.44986734  -1.68864307   7.20141363\n   -5.59790643]\n [  1.73966209 -10.33138525  11.05762872   0.45976899  -5.59790643\n    7.93712265]]", "nfev": "308", "njev": "44", "status": "0", "success": "True", "message": "Optimization terminated successfully.", "x": "[ 0.26026856  9.76073058  3.43581728 13.26614226 -0.2556574  -7.85916011]", "nit": "30"}, "7": {"maxiter": 100, "gtol": 1e-10, "xrtol": 1e-10, "eps": 1e-10, "duration": 0.0023050308227539062, "fun": "0.8814831972122192", "jac": "[0. 0. 0. 0. 0. 0.]", "hess_inv": "[[1 0 0 0 0 0]\n [0 1 0 0 0 0]\n [0 0 1 0 0 0]\n [0 0 0 1 0 0]\n [0 0 0 0 1 0]\n [0 0 0 0 0 1]]", "nfev": "7", "njev": "1", "status": "0", "success": "True", "message": "Optimization terminated successfully.", "x": "[3.6209525  1.27478571 2.87120712 6.08504288 5.77628484 2.28286481]", "nit": "0"}, "8": {"maxiter": 500, "gtol": 1e-05, "xrtol": 1e-05, "eps": 1e-05, "duration": 0.08350896835327148, "fun": "0.17464128136634827", "jac": "[0. 0. 0. 0. 0. 0.]", "hess_inv": "[[  4.46544384  -4.54374405   4.619603    -2.43919471  -1.88777202\n    1.73966209]\n [ -4.54374405  61.79962102 -57.70560422   5.99618757   3.19919606\n  -10.33138525]\n [  4.619603   -57.70560422  56.43055144  -5.2338474   -5.44986734\n   11.05762872]\n [ -2.43919471   5.99618757  -5.2338474    4.98292307  -1.68864307\n    0.45976899]\n [ -1.88777202   3.19919606  -5.44986734  -1.68864307   7.20141363\n   -5.59790643]\n [  1.73966209 -10.33138525  11.05762872   0.45976899  -5.59790643\n    7.93712265]]", "nfev": "308", "njev": "44", "status": "0", "success": "True", "message": "Optimization terminated successfully.", "x": "[ 0.26026856  9.76073058  3.43581728 13.26614226 -0.2556574  -7.85916011]", "nit": "30"}, "9": {"maxiter": 500, "gtol": 1e-05, "xrtol": 1e-05, "eps": 1e-10, "duration": 0.0018041133880615234, "fun": "0.8814831972122192", "jac": "[0. 0. 0. 0. 0. 0.]", "hess_inv": "[[1 0 0 0 0 0]\n [0 1 0 0 0 0]\n [0 0 1 0 0 0]\n [0 0 0 1 0 0]\n [0 0 0 0 1 0]\n [0 0 0 0 0 1]]", "nfev": "7", "njev": "1", "status": "0", "success": "True", "message": "Optimization terminated successfully.", "x": "[3.6209525  1.27478571 2.87120712 6.08504288 5.77628484 2.28286481]", "nit": "0"}, "10": {"maxiter": 500, "gtol": 1e-05, "xrtol": 1e-10, "eps": 1e-05, "duration": 0.08485698699951172, "fun": "0.17464128136634827", "jac": "[0. 0. 0. 0. 0. 0.]", "hess_inv": "[[  4.46544384  -4.54374405   4.619603    -2.43919471  -1.88777202\n    1.73966209]\n [ -4.54374405  61.79962102 -57.70560422   5.99618757   3.19919606\n  -10.33138525]\n [  4.619603   -57.70560422  56.43055144  -5.2338474   -5.44986734\n   11.05762872]\n [ -2.43919471   5.99618757  -5.2338474    4.98292307  -1.68864307\n    0.45976899]\n [ -1.88777202   3.19919606  -5.44986734  -1.68864307   7.20141363\n   -5.59790643]\n [  1.73966209 -10.33138525  11.05762872   0.45976899  -5.59790643\n    7.93712265]]", "nfev": "308", "njev": "44", "status": "0", "success": "True", "message": "Optimization terminated successfully.", "x": "[ 0.26026856  9.76073058  3.43581728 13.26614226 -0.2556574  -7.85916011]", "nit": "30"}, "11": {"maxiter": 500, "gtol": 1e-05, "xrtol": 1e-10, "eps": 1e-10, "duration": 0.0019102096557617188, "fun": "0.8814831972122192", "jac": "[0. 0. 0. 0. 0. 0.]", "hess_inv": "[[1 0 0 0 0 0]\n [0 1 0 0 0 0]\n [0 0 1 0 0 0]\n [0 0 0 1 0 0]\n [0 0 0 0 1 0]\n [0 0 0 0 0 1]]", "nfev": "7", "njev": "1", "status": "0", "success": "True", "message": "Optimization terminated successfully.", "x": "[3.6209525  1.27478571 2.87120712 6.08504288 5.77628484 2.28286481]", "nit": "0"}, "12": {"maxiter": 500, "gtol": 1e-10, "xrtol": 1e-05, "eps": 1e-05, "duration": 0.08148670196533203, "fun": "0.17464128136634827", "jac": "[0. 0. 0. 0. 0. 0.]", "hess_inv": "[[  4.46544384  -4.54374405   4.619603    -2.43919471  -1.88777202\n    1.73966209]\n [ -4.54374405  61.79962102 -57.70560422   5.99618757   3.19919606\n  -10.33138525]\n [  4.619603   -57.70560422  56.43055144  -5.2338474   -5.44986734\n   11.05762872]\n [ -2.43919471   5.99618757  -5.2338474    4.98292307  -1.68864307\n    0.45976899]\n [ -1.88777202   3.19919606  -5.44986734  -1.68864307   7.20141363\n   -5.59790643]\n [  1.73966209 -10.33138525  11.05762872   0.45976899  -5.59790643\n    7.93712265]]", "nfev": "308", "njev": "44", "status": "0", "success": "True", "message": "Optimization terminated successfully.", "x": "[ 0.26026856  9.76073058  3.43581728 13.26614226 -0.2556574  -7.85916011]", "nit": "30"}, "13": {"maxiter": 500, "gtol": 1e-10, "xrtol": 1e-05, "eps": 1e-10, "duration": 0.0018320083618164062, "fun": "0.8814831972122192", "jac": "[0. 0. 0. 0. 0. 0.]", "hess_inv": "[[1 0 0 0 0 0]\n [0 1 0 0 0 0]\n [0 0 1 0 0 0]\n [0 0 0 1 0 0]\n [0 0 0 0 1 0]\n [0 0 0 0 0 1]]", "nfev": "7", "njev": "1", "status": "0", "success": "True", "message": "Optimization terminated successfully.", "x": "[3.6209525  1.27478571 2.87120712 6.08504288 5.77628484 2.28286481]", "nit": "0"}, "14": {"maxiter": 500, "gtol": 1e-10, "xrtol": 1e-10, "eps": 1e-05, "duration": 0.08281111717224121, "fun": "0.17464128136634827", "jac": "[0. 0. 0. 0. 0. 0.]", "hess_inv": "[[  4.46544384  -4.54374405   4.619603    -2.43919471  -1.88777202\n    1.73966209]\n [ -4.54374405  61.79962102 -57.70560422   5.99618757   3.19919606\n  -10.33138525]\n [  4.619603   -57.70560422  56.43055144  -5.2338474   -5.44986734\n   11.05762872]\n [ -2.43919471   5.99618757  -5.2338474    4.98292307  -1.68864307\n    0.45976899]\n [ -1.88777202   3.19919606  -5.44986734  -1.68864307   7.20141363\n   -5.59790643]\n [  1.73966209 -10.33138525  11.05762872   0.45976899  -5.59790643\n    7.93712265]]", "nfev": "308", "njev": "44", "status": "0", "success": "True", "message": "Optimization terminated successfully.", "x": "[ 0.26026856  9.76073058  3.43581728 13.26614226 -0.2556574  -7.85916011]", "nit": "30"}, "15": {"maxiter": 500, "gtol": 1e-10, "xrtol": 1e-10, "eps": 1e-10, "duration": 0.001924276351928711, "fun": "0.8814831972122192", "jac": "[0. 0. 0. 0. 0. 0.]", "hess_inv": "[[1 0 0 0 0 0]\n [0 1 0 0 0 0]\n [0 0 1 0 0 0]\n [0 0 0 1 0 0]\n [0 0 0 0 1 0]\n [0 0 0 0 0 1]]", "nfev": "7", "njev": "1", "status": "0", "success": "True", "message": "Optimization terminated successfully.", "x": "[3.6209525  1.27478571 2.87120712 6.08504288 5.77628484 2.28286481]", "nit": "0"}, "16": {"maxiter": 1000, "gtol": 1e-05, "xrtol": 1e-05, "eps": 1e-05, "duration": 0.08161115646362305, "fun": "0.17464128136634827", "jac": "[0. 0. 0. 0. 0. 0.]", "hess_inv": "[[  4.46544384  -4.54374405   4.619603    -2.43919471  -1.88777202\n    1.73966209]\n [ -4.54374405  61.79962102 -57.70560422   5.99618757   3.19919606\n  -10.33138525]\n [  4.619603   -57.70560422  56.43055144  -5.2338474   -5.44986734\n   11.05762872]\n [ -2.43919471   5.99618757  -5.2338474    4.98292307  -1.68864307\n    0.45976899]\n [ -1.88777202   3.19919606  -5.44986734  -1.68864307   7.20141363\n   -5.59790643]\n [  1.73966209 -10.33138525  11.05762872   0.45976899  -5.59790643\n    7.93712265]]", "nfev": "308", "njev": "44", "status": "0", "success": "True", "message": "Optimization terminated successfully.", "x": "[ 0.26026856  9.76073058  3.43581728 13.26614226 -0.2556574  -7.85916011]", "nit": "30"}, "17": {"maxiter": 1000, "gtol": 1e-05, "xrtol": 1e-05, "eps": 1e-10, "duration": 0.0020530223846435547, "fun": "0.8814831972122192", "jac": "[0. 0. 0. 0. 0. 0.]", "hess_inv": "[[1 0 0 0 0 0]\n [0 1 0 0 0 0]\n [0 0 1 0 0 0]\n [0 0 0 1 0 0]\n [0 0 0 0 1 0]\n [0 0 0 0 0 1]]", "nfev": "7", "njev": "1", "status": "0", "success": "True", "message": "Optimization terminated successfully.", "x": "[3.6209525  1.27478571 2.87120712 6.08504288 5.77628484 2.28286481]", "nit": "0"}, "18": {"maxiter": 1000, "gtol": 1e-05, "xrtol": 1e-10, "eps": 1e-05, "duration": 0.08105087280273438, "fun": "0.17464128136634827", "jac": "[0. 0. 0. 0. 0. 0.]", "hess_inv": "[[  4.46544384  -4.54374405   4.619603    -2.43919471  -1.88777202\n    1.73966209]\n [ -4.54374405  61.79962102 -57.70560422   5.99618757   3.19919606\n  -10.33138525]\n [  4.619603   -57.70560422  56.43055144  -5.2338474   -5.44986734\n   11.05762872]\n [ -2.43919471   5.99618757  -5.2338474    4.98292307  -1.68864307\n    0.45976899]\n [ -1.88777202   3.19919606  -5.44986734  -1.68864307   7.20141363\n   -5.59790643]\n [  1.73966209 -10.33138525  11.05762872   0.45976899  -5.59790643\n    7.93712265]]", "nfev": "308", "njev": "44", "status": "0", "success": "True", "message": "Optimization terminated successfully.", "x": "[ 0.26026856  9.76073058  3.43581728 13.26614226 -0.2556574  -7.85916011]", "nit": "30"}, "19": {"maxiter": 1000, "gtol": 1e-05, "xrtol": 1e-10, "eps": 1e-10, "duration": 0.0018928050994873047, "fun": "0.8814831972122192", "jac": "[0. 0. 0. 0. 0. 0.]", "hess_inv": "[[1 0 0 0 0 0]\n [0 1 0 0 0 0]\n [0 0 1 0 0 0]\n [0 0 0 1 0 0]\n [0 0 0 0 1 0]\n [0 0 0 0 0 1]]", "nfev": "7", "njev": "1", "status": "0", "success": "True", "message": "Optimization terminated successfully.", "x": "[3.6209525  1.27478571 2.87120712 6.08504288 5.77628484 2.28286481]", "nit": "0"}, "20": {"maxiter": 1000, "gtol": 1e-10, "xrtol": 1e-05, "eps": 1e-05, "duration": 0.08002161979675293, "fun": "0.17464128136634827", "jac": "[0. 0. 0. 0. 0. 0.]", "hess_inv": "[[  4.46544384  -4.54374405   4.619603    -2.43919471  -1.88777202\n    1.73966209]\n [ -4.54374405  61.79962102 -57.70560422   5.99618757   3.19919606\n  -10.33138525]\n [  4.619603   -57.70560422  56.43055144  -5.2338474   -5.44986734\n   11.05762872]\n [ -2.43919471   5.99618757  -5.2338474    4.98292307  -1.68864307\n    0.45976899]\n [ -1.88777202   3.19919606  -5.44986734  -1.68864307   7.20141363\n   -5.59790643]\n [  1.73966209 -10.33138525  11.05762872   0.45976899  -5.59790643\n    7.93712265]]", "nfev": "308", "njev": "44", "status": "0", "success": "True", "message": "Optimization terminated successfully.", "x": "[ 0.26026856  9.76073058  3.43581728 13.26614226 -0.2556574  -7.85916011]", "nit": "30"}, "21": {"maxiter": 1000, "gtol": 1e-10, "xrtol": 1e-05, "eps": 1e-10, "duration": 0.001961946487426758, "fun": "0.8814831972122192", "jac": "[0. 0. 0. 0. 0. 0.]", "hess_inv": "[[1 0 0 0 0 0]\n [0 1 0 0 0 0]\n [0 0 1 0 0 0]\n [0 0 0 1 0 0]\n [0 0 0 0 1 0]\n [0 0 0 0 0 1]]", "nfev": "7", "njev": "1", "status": "0", "success": "True", "message": "Optimization terminated successfully.", "x": "[3.6209525  1.27478571 2.87120712 6.08504288 5.77628484 2.28286481]", "nit": "0"}, "22": {"maxiter": 1000, "gtol": 1e-10, "xrtol": 1e-10, "eps": 1e-05, "duration": 0.08028984069824219, "fun": "0.17464128136634827", "jac": "[0. 0. 0. 0. 0. 0.]", "hess_inv": "[[  4.46544384  -4.54374405   4.619603    -2.43919471  -1.88777202\n    1.73966209]\n [ -4.54374405  61.79962102 -57.70560422   5.99618757   3.19919606\n  -10.33138525]\n [  4.619603   -57.70560422  56.43055144  -5.2338474   -5.44986734\n   11.05762872]\n [ -2.43919471   5.99618757  -5.2338474    4.98292307  -1.68864307\n    0.45976899]\n [ -1.88777202   3.19919606  -5.44986734  -1.68864307   7.20141363\n   -5.59790643]\n [  1.73966209 -10.33138525  11.05762872   0.45976899  -5.59790643\n    7.93712265]]", "nfev": "308", "njev": "44", "status": "0", "success": "True", "message": "Optimization terminated successfully.", "x": "[ 0.26026856  9.76073058  3.43581728 13.26614226 -0.2556574  -7.85916011]", "nit": "30"}, "23": {"maxiter": 1000, "gtol": 1e-10, "xrtol": 1e-10, "eps": 1e-10, "duration": 0.0017380714416503906, "fun": "0.8814831972122192", "jac": "[0. 0. 0. 0. 0. 0.]", "hess_inv": "[[1 0 0 0 0 0]\n [0 1 0 0 0 0]\n [0 0 1 0 0 0]\n [0 0 0 1 0 0]\n [0 0 0 0 1 0]\n [0 0 0 0 0 1]]", "nfev": "7", "njev": "1", "status": "0", "success": "True", "message": "Optimization terminated successfully.", "x": "[3.6209525  1.27478571 2.87120712 6.08504288 5.77628484 2.28286481]", "nit": "0"}}, "cobyla": {"0": {"maxiter": 100, "tol": 1e-05, "catol": 1e-05, "duration": 0.024892807006835938, "x": "[6.73620194 3.98121717 2.83260434 6.04771811 4.10590465 0.36506455]", "status": "2", "success": "False", "message": "Maximum number of function evaluations has been exceeded.", "nfev": "100", "fun": "0.19710412621498108", "maxcv": "0.0"}, "1": {"maxiter": 100, "tol": 1e-05, "catol": 1e-10, "duration": 0.025255918502807617, "x": "[6.73620194 3.98121717 2.83260434 6.04771811 4.10590465 0.36506455]", "status": "2", "success": "False", "message": "Maximum number of function evaluations has been exceeded.", "nfev": "100", "fun": "0.19710412621498108", "maxcv": "0.0"}, "2": {"maxiter": 100, "tol": 1e-10, "catol": 1e-05, "duration": 0.02597808837890625, "x": "[6.73620194 3.98121717 2.83260434 6.04771811 4.10590465 0.36506455]", "status": "2", "success": "False", "message": "Maximum number of function evaluations has been exceeded.", "nfev": "100", "fun": "0.19710412621498108", "maxcv": "0.0"}, "3": {"maxiter": 100, "tol": 1e-10, "catol": 1e-10, "duration": 0.024364948272705078, "x": "[6.73620194 3.98121717 2.83260434 6.04771811 4.10590465 0.36506455]", "status": "2", "success": "False", "message": "Maximum number of function evaluations has been exceeded.", "nfev": "100", "fun": "0.19710412621498108", "maxcv": "0.0"}, "4": {"maxiter": 500, "tol": 1e-05, "catol": 1e-05, "duration": 0.1250922679901123, "x": "[6.53310015 3.69237645 3.23071055 5.57411569 2.89816801 1.53504243]", "status": "2", "success": "False", "message": "Maximum number of function evaluations has been exceeded.", "nfev": "500", "fun": "0.1748722791671753", "maxcv": "0.0"}, "5": {"maxiter": 500, "tol": 1e-05, "catol": 1e-10, "duration": 0.12328505516052246, "x": "[6.53310015 3.69237645 3.23071055 5.57411569 2.89816801 1.53504243]", "status": "2", "success": "False", "message": "Maximum number of function evaluations has been exceeded.", "nfev": "500", "fun": "0.1748722791671753", "maxcv": "0.0"}, "6": {"maxiter": 500, "tol": 1e-10, "catol": 1e-05, "duration": 0.12372994422912598, "x": "[6.53310015 3.69237645 3.23071055 5.57411569 2.89816801 1.53504243]", "status": "2", "success": "False", "message": "Maximum number of function evaluations has been exceeded.", "nfev": "500", "fun": "0.1748722791671753", "maxcv": "0.0"}, "7": {"maxiter": 500, "tol": 1e-10, "catol": 1e-10, "duration": 0.13161110877990723, "x": "[6.53310015 3.69237645 3.23071055 5.57411569 2.89816801 1.53504243]", "status": "2", "success": "False", "message": "Maximum number of function evaluations has been exceeded.", "nfev": "500", "fun": "0.1748722791671753", "maxcv": "0.0"}, "8": {"maxiter": 1000, "tol": 1e-05, "catol": 1e-05, "duration": 0.2599329948425293, "x": "[6.54295311 3.51970356 3.39345109 5.58768703 2.88644343 1.56225445]", "status": "2", "success": "False", "message": "Maximum number of function evaluations has been exceeded.", "nfev": "1000", "fun": "0.1746578961610794", "maxcv": "0.0"}, "9": {"maxiter": 1000, "tol": 1e-05, "catol": 1e-10, "duration": 0.2474370002746582, "x": "[6.54295311 3.51970356 3.39345109 5.58768703 2.88644343 1.56225445]", "status": "2", "success": "False", "message": "Maximum number of function evaluations has been exceeded.", "nfev": "1000", "fun": "0.1746578961610794", "maxcv": "0.0"}, "10": {"maxiter": 1000, "tol": 1e-10, "catol": 1e-05, "duration": 0.25473785400390625, "x": "[6.54295311 3.51970356 3.39345109 5.58768703 2.88644343 1.56225445]", "status": "2", "success": "False", "message": "Maximum number of function evaluations has been exceeded.", "nfev": "1000", "fun": "0.1746578961610794", "maxcv": "0.0"}, "11": {"maxiter": 1000, "tol": 1e-10, "catol": 1e-10, "duration": 0.25062990188598633, "x": "[6.54295311 3.51970356 3.39345109 5.58768703 2.88644343 1.56225445]", "status": "2", "success": "False", "message": "Maximum number of function evaluations has been exceeded.", "nfev": "1000", "fun": "0.1746578961610794", "maxcv": "0.0"}}, "powell": {"0": {"maxiter": 100, "ftol": 1e-05, "xtol": 1e-05, "duration": 0.27640390396118164, "fun": "0.1746300756931305", "direc": "[[ 0.00747275 -0.02957367  0.01330761  0.01194884  0.01341291  0.01393926]\n [ 0.          1.          0.          0.          0.          0.        ]\n [ 0.          0.          1.          0.          0.          0.        ]\n [ 0.          0.          0.          1.          0.          0.        ]\n [-0.17762088 -0.0573665   0.0322957  -0.06921311  0.07235496 -0.01312999]\n [ 0.00129174 -0.02141851  0.01427351  0.0086372   0.01507549 -0.01353351]]", "nit": "12", "nfev": "1093", "status": "0", "success": "True", "message": "Optimization terminated successfully.", "x": "[ 6.54855893 -2.8536262   3.47844926  5.5927156   9.16234369  1.57795644]"}, "1": {"maxiter": 100, "ftol": 1e-05, "xtol": 1e-10, "duration": 0.6135499477386475, "fun": "0.1746300756931305", "direc": "[[ 0.00756552 -0.02915566  0.01286816  0.01192892  0.01313385  0.01400943]\n [ 0.          1.          0.          0.          0.          0.        ]\n [ 0.          0.          1.          0.          0.          0.        ]\n [ 0.          0.          0.          1.          0.          0.        ]\n [-0.17709268 -0.05720414  0.03244458 -0.06905013  0.07208199 -0.01326351]\n [ 0.00142072 -0.02173039  0.01448452  0.00900136  0.01528415 -0.0137113 ]]", "nit": "12", "nfev": "2421", "status": "0", "success": "True", "message": "Optimization terminated successfully.", "x": "[ 6.54853839 -2.85344805  3.47844101  5.59260058  9.16211247  1.57817452]"}, "2": {"maxiter": 100, "ftol": 1e-10, "xtol": 1e-05, "duration": 0.38022494316101074, "fun": "0.1746300458908081", "direc": "[[ 0.00747275 -0.02957367  0.01330761  0.01194884  0.01341291  0.01393926]\n [ 0.          1.          0.          0.          0.          0.        ]\n [ 0.          0.          1.          0.          0.          0.        ]\n [ 0.          0.          0.          1.          0.          0.        ]\n [-0.17762088 -0.0573665   0.0322957  -0.06921311  0.07235496 -0.01312999]\n [ 0.00129174 -0.02141851  0.01427351  0.0086372   0.01507549 -0.01353351]]", "nit": "14", "nfev": "1511", "status": "0", "success": "True", "message": "Optimization terminated successfully.", "x": "[ 6.54854528 -2.85327791  3.47838648  5.59226227  9.16231919  1.57793098]"}, "3": {"maxiter": 100, "ftol": 1e-10, "xtol": 1e-10, "duration": 0.7077569961547852, "fun": "0.1746300756931305", "direc": "[[ 0.00756552 -0.02915566  0.01286816  0.01192892  0.01313385  0.01400943]\n [ 0.          1.          0.          0.          0.          0.        ]\n [ 0.          0.          1.          0.          0.          0.        ]\n [ 0.          0.          0.          1.          0.          0.        ]\n [-0.17709268 -0.05720414  0.03244458 -0.06905013  0.07208199 -0.01326351]\n [ 0.00142072 -0.02173039  0.01448452  0.00900136  0.01528415 -0.0137113 ]]", "nit": "13", "nfev": "2678", "status": "0", "success": "True", "message": "Optimization terminated successfully.", "x": "[ 6.54852992 -2.8534154   3.4784266   5.59240287  9.16209776  1.57815883]"}, "4": {"maxiter": 500, "ftol": 1e-05, "xtol": 1e-05, "duration": 0.31952810287475586, "fun": "0.1746300756931305", "direc": "[[ 0.00747275 -0.02957367  0.01330761  0.01194884  0.01341291  0.01393926]\n [ 0.          1.          0.          0.          0.          0.        ]\n [ 0.          0.          1.          0.          0.          0.        ]\n [ 0.          0.          0.          1.          0.          0.        ]\n [-0.17762088 -0.0573665   0.0322957  -0.06921311  0.07235496 -0.01312999]\n [ 0.00129174 -0.02141851  0.01427351  0.0086372   0.01507549 -0.01353351]]", "nit": "12", "nfev": "1093", "status": "0", "success": "True", "message": "Optimization terminated successfully.", "x": "[ 6.54855893 -2.8536262   3.47844926  5.5927156   9.16234369  1.57795644]"}, "5": {"maxiter": 500, "ftol": 1e-05, "xtol": 1e-10, "duration": 0.655480146408081, "fun": "0.1746300756931305", "direc": "[[ 0.00756552 -0.02915566  0.01286816  0.01192892  0.01313385  0.01400943]\n [ 0.          1.          0.          0.          0.          0.        ]\n [ 0.          0.          1.          0.          0.          0.        ]\n [ 0.          0.          0.          1.          0.          0.        ]\n [-0.17709268 -0.05720414  0.03244458 -0.06905013  0.07208199 -0.01326351]\n [ 0.00142072 -0.02173039  0.01448452  0.00900136  0.01528415 -0.0137113 ]]", "nit": "12", "nfev": "2421", "status": "0", "success": "True", "message": "Optimization terminated successfully.", "x": "[ 6.54853839 -2.85344805  3.47844101  5.59260058  9.16211247  1.57817452]"}, "6": {"maxiter": 500, "ftol": 1e-10, "xtol": 1e-05, "duration": 0.41715097427368164, "fun": "0.1746300458908081", "direc": "[[ 0.00747275 -0.02957367  0.01330761  0.01194884  0.01341291  0.01393926]\n [ 0.          1.          0.          0.          0.          0.        ]\n [ 0.          0.          1.          0.          0.          0.        ]\n [ 0.          0.          0.          1.          0.          0.        ]\n [-0.17762088 -0.0573665   0.0322957  -0.06921311  0.07235496 -0.01312999]\n [ 0.00129174 -0.02141851  0.01427351  0.0086372   0.01507549 -0.01353351]]", "nit": "14", "nfev": "1511", "status": "0", "success": "True", "message": "Optimization terminated successfully.", "x": "[ 6.54854528 -2.853