{"date": "2024/10/08/, 19:51:07", "conf_id": 25, "data_type": "random\n", "num_data_points": 2, "s_rank": 0, "unitary": "[[-0.45070455-0.02711853j,0.78437395-0.06613086j,0.06358678+0.19963393j,-0.07343613+0.35668523j],[-0.01890143-0.03813363j,0.32408202+0.25557629j,0.05872864-0.68979805j,0.55466693-0.20227297j],[-0.11215405+0.64023111j,-0.13344055+0.29565494j,-0.49012687-0.19046288j,-0.04241254+0.44046348j],[0.55771659+0.24656916j,0.31851997-0.05798805j,0.28761525-0.34294258j,-0.56718418+0.03616933j]]", "databatch_0": {"databatch": "[[[-0.12778013-0.43886437j,-0.08094243-0.23253382j,0.15326139-0.16396138j,-0.07043013+0.0266035j],[0.17638663+0.00410025j,0.04793947+0.05065442j,-0.07075337+0.00193461j,-0.04839257-0.06368894j],[-0.32482096+0.06899533j,-0.06007311-0.03644456j,0.07580858+0.06894052j,0.09073027+0.13867266j],[0.19067832-0.12476006j,-0.19319213-0.14024552j,0.1467408-0.51843189j,0.01202126-0.27289738j]],[[0.04132262+0.04107102j,0.05508871-0.05433065j,-0.01387878+0.07497709j,0.07132992+0.04414447j],[0.01112669+0.02504513j,0.01750795+0.0015736j,-0.01702596+0.01411888j,0.01149121+0.0223104j],[0.02736504-0.2267915j,-0.25284014-0.02612563j,0.2318194-0.12362916j,-0.03986633-0.29346972j],[0.38238345+0.01969608j,0.05293426-0.39166783j,0.19593269+0.37129883j,0.46679111-0.07141285j]]]", "initial param values": "[0.04812,6.25919781,0.21481913,6.25426137,5.24464641,2.66138087]", "nelder_mead": {"type": "gradient-free", "0": {"maxiter": 100, "fatol": 1e-05, "xatol": 1e-05, "duration": 0.03600001335144043, "fun": "0.3739270725697359", "nit": "100", "nfev": "160", "status": "2", "success": "False", "message": "Maximum number of iterations has been exceeded.", "x": "[0.042654   8.26430158 0.18211577 5.0042295  8.17858918 1.16687284]", "final_simplex": "(array([[0.042654  , 8.26430158, 0.18211577, 5.0042295 , 8.17858918,\n        1.16687284],\n       [0.04260401, 8.22518776, 0.1837417 , 4.99769881, 8.18103984,\n        1.16240222],\n       [0.04220108, 8.2745082 , 0.18189954, 4.99897062, 8.19877888,\n        1.13896082],\n       [0.04210168, 8.24399705, 0.18346755, 5.00165185, 8.21266455,\n        1.15500837],\n       [0.0421293 , 8.26728536, 0.18262037, 4.97759396, 8.22430354,\n        1.14073416],\n       [0.0421132 , 8.2554284 , 0.1816682 , 4.98106516, 8.22981948,\n        1.1454688 ],\n       [0.04211882, 8.26487362, 0.18210563, 4.98322057, 8.1820869 ,\n        1.15353262]]), array([0.37392707, 0.37396658, 0.37397671, 0.37401159, 0.37402079,\n       0.37403728, 0.37405004]))", "callback": [0.6724648639875865, 0.6527047672130912, 0.6451692527142101, 0.5805362163601818, 0.4780398076185699, 0.40795834064672554, 0.3813021841292207, 0.3754887267644501, 0.3744438653664002, 0.37410380148351274]}, "1": {"maxiter": 100, "fatol": 1e-05, "xatol": 1e-10, "duration": 0.0424189567565918, "fun": "0.3739270725697359", "nit": "100", "nfev": "160", "status": "2", "success": "False", "message": "Maximum number of iterations has been exceeded.", "x": "[0.042654   8.26430158 0.18211577 5.0042295  8.17858918 1.16687284]", "final_simplex": "(array([[0.042654  , 8.26430158, 0.18211577, 5.0042295 , 8.17858918,\n        1.16687284],\n       [0.04260401, 8.22518776, 0.1837417 , 4.99769881, 8.18103984,\n        1.16240222],\n       [0.04220108, 8.2745082 , 0.18189954, 4.99897062, 8.19877888,\n        1.13896082],\n       [0.04210168, 8.24399705, 0.18346755, 5.00165185, 8.21266455,\n        1.15500837],\n       [0.0421293 , 8.26728536, 0.18262037, 4.97759396, 8.22430354,\n        1.14073416],\n       [0.0421132 , 8.2554284 , 0.1816682 , 4.98106516, 8.22981948,\n        1.1454688 ],\n       [0.04211882, 8.26487362, 0.18210563, 4.98322057, 8.1820869 ,\n        1.15353262]]), array([0.37392707, 0.37396658, 0.37397671, 0.37401159, 0.37402079,\n       0.37403728, 0.37405004]))", "callback": [0.6724648639875865, 0.6527047672130912, 0.6451692527142101, 0.5805362163601818, 0.4780398076185699, 0.40795834064672554, 0.3813021841292207, 0.3754887267644501, 0.3744438653664002, 0.37410380148351274]}, "2": {"maxiter": 100, "fatol": 1e-10, "xatol": 1e-05, "duration": 0.04325604438781738, "fun": "0.3739270725697359", "nit": "100", "nfev": "160", "status": "2", "success": "False", "message": "Maximum number of iterations has been exceeded.", "x": "[0.042654   8.26430158 0.18211577 5.0042295  8.17858918 1.16687284]", "final_simplex": "(array([[0.042654  , 8.26430158, 0.18211577, 5.0042295 , 8.17858918,\n        1.16687284],\n       [0.04260401, 8.22518776, 0.1837417 , 4.99769881, 8.18103984,\n        1.16240222],\n       [0.04220108, 8.2745082 , 0.18189954, 4.99897062, 8.19877888,\n        1.13896082],\n       [0.04210168, 8.24399705, 0.18346755, 5.00165185, 8.21266455,\n        1.15500837],\n       [0.0421293 , 8.26728536, 0.18262037, 4.97759396, 8.22430354,\n        1.14073416],\n       [0.0421132 , 8.2554284 , 0.1816682 , 4.98106516, 8.22981948,\n        1.1454688 ],\n       [0.04211882, 8.26487362, 0.18210563, 4.98322057, 8.1820869 ,\n        1.15353262]]), array([0.37392707, 0.37396658, 0.37397671, 0.37401159, 0.37402079,\n       0.37403728, 0.37405004]))", "callback": [0.6724648639875865, 0.6527047672130912, 0.6451692527142101, 0.5805362163601818, 0.4780398076185699, 0.40795834064672554, 0.3813021841292207, 0.3754887267644501, 0.3744438653664002, 0.37410380148351274]}, "3": {"maxiter": 100, "fatol": 1e-10, "xatol": 1e-10, "duration": 0.034336090087890625, "fun": "0.3739270725697359", "nit": "100", "nfev": "160", "status": "2", "success": "False", "message": "Maximum number of iterations has been exceeded.", "x": "[0.042654   8.26430158 0.18211577 5.0042295  8.17858918 1.16687284]", "final_simplex": "(array([[0.042654  , 8.26430158, 0.18211577, 5.0042295 , 8.17858918,\n        1.16687284],\n       [0.04260401, 8.22518776, 0.1837417 , 4.99769881, 8.18103984,\n        1.16240222],\n       [0.04220108, 8.2745082 , 0.18189954, 4.99897062, 8.19877888,\n        1.13896082],\n       [0.04210168, 8.24399705, 0.18346755, 5.00165185, 8.21266455,\n        1.15500837],\n       [0.0421293 , 8.26728536, 0.18262037, 4.97759396, 8.22430354,\n        1.14073416],\n       [0.0421132 , 8.2554284 , 0.1816682 , 4.98106516, 8.22981948,\n        1.1454688 ],\n       [0.04211882, 8.26487362, 0.18210563, 4.98322057, 8.1820869 ,\n        1.15353262]]), array([0.37392707, 0.37396658, 0.37397671, 0.37401159, 0.37402079,\n       0.37403728, 0.37405004]))", "callback": [0.6724648639875865, 0.6527047672130912, 0.6451692527142101, 0.5805362163601818, 0.4780398076185699, 0.40795834064672554, 0.3813021841292207, 0.3754887267644501, 0.3744438653664002, 0.37410380148351274]}, "4": {"maxiter": 500, "fatol": 1e-05, "xatol": 1e-05, "duration": 0.19669604301452637, "fun": "0.11256486452075232", "nit": "500", "nfev": "774", "status": "2", "success": "False", "message": "Maximum number of iterations has been exceeded.", "x": "[1.28398129 7.74714951 1.21042497 4.82613844 7.8532018  1.17943305]", "final_simplex": "(array([[1.28398129, 7.74714951, 1.21042497, 4.82613844, 7.8532018 ,\n        1.17943305],\n       [1.28402758, 7.74710911, 1.21046804, 4.82609541, 7.85321336,\n        1.1794754 ],\n       [1.283996  , 7.7470813 , 1.2104736 , 4.82612173, 7.85307189,\n        1.17946489],\n       [1.28394947, 7.74713507, 1.21037056, 4.82611794, 7.85321819,\n        1.17955409],\n       [1.28389974, 7.74712731, 1.2104675 , 4.8260957 , 7.85315895,\n        1.17950188],\n       [1.28394125, 7.74710376, 1.21047899, 4.82623376, 7.8532289 ,\n        1.17942312],\n       [1.28398476, 7.74706652, 1.21039856, 4.82603442, 7.85327375,\n        1.1794305 ]]), array([0.11256486, 0.11256486, 0.11256487, 0.11256487, 0.11256487,\n       0.11256487, 0.11256487]))", "callback": [0.6724648639875865, 0.6527047672130912, 0.6451692527142101, 0.5805362163601818, 0.4780398076185699, 0.40795834064672554, 0.3813021841292207, 0.3754887267644501, 0.3744438653664002, 0.37410380148351274, 0.3739270725697359, 0.3737350180850565, 0.3733942659574181, 0.37195737855816136, 0.3681060106811058, 0.36318774461520265, 0.3512576001582819, 0.331245258520523, 0.3250348521096966, 0.31856098201362815, 0.30323289525363206, 0.2990238045572706, 0.29884508573140134, 0.29813895351832675, 0.2976464206966397, 0.297170971672434, 0.2940988774449418, 0.2881655216651232, 0.28437461281923826, 0.28116958511262147, 0.2716315446861357, 0.24203905292373473, 0.19085761443250382, 0.1603204006953609, 0.1398468065959324, 0.12853362961960368, 0.1173614483785923, 0.11473646319811648, 0.11320012697247717, 0.11287881103922581, 0.11275082128188141, 0.1126196489633986, 0.11259214420058039, 0.11257351024512685, 0.11256759630259339, 0.11256615808408899, 0.11256527317645315, 0.11256493037876558, 0.11256488284814659, 0.11256486728625581]}, "5": {"maxiter": 500, "fatol": 1e-05, "xatol": 1e-10, "duration": 0.2007899284362793, "fun": "0.11256486452075232", "nit": "500", "nfev": "774", "status": "2", "success": "False", "message": "Maximum number of iterations has been exceeded.", "x": "[1.28398129 7.74714951 1.21042497 4.82613844 7.8532018  1.17943305]", "final_simplex": "(array([[1.28398129, 7.74714951, 1.21042497, 4.82613844, 7.8532018 ,\n        1.17943305],\n       [1.28402758, 7.74710911, 1.21046804, 4.82609541, 7.85321336,\n        1.1794754 ],\n       [1.283996  , 7.7470813 , 1.2104736 , 4.82612173, 7.85307189,\n        1.17946489],\n       [1.28394947, 7.74713507, 1.21037056, 4.82611794, 7.85321819,\n        1.17955409],\n       [1.28389974, 7.74712731, 1.2104675 , 4.8260957 , 7.85315895,\n        1.17950188],\n       [1.28394125, 7.74710376, 1.21047899, 4.82623376, 7.8532289 ,\n        1.17942312],\n       [1.28398476, 7.74706652, 1.21039856, 4.82603442, 7.85327375,\n        1.1794305 ]]), array([0.11256486, 0.11256486, 0.11256487, 0.11256487, 0.11256487,\n       0.11256487, 0.11256487]))", "callback": [0.6724648639875865, 0.6527047672130912, 0.6451692527142101, 0.5805362163601818, 0.4780398076185699, 0.40795834064672554, 0.3813021841292207, 0.3754887267644501, 0.3744438653664002, 0.37410380148351274, 0.3739270725697359, 0.3737350180850565, 0.3733942659574181, 0.37195737855816136, 0.3681060106811058, 0.36318774461520265, 0.3512576001582819, 0.331245258520523, 0.3250348521096966, 0.31856098201362815, 0.30323289525363206, 0.2990238045572706, 0.29884508573140134, 0.29813895351832675, 0.2976464206966397, 0.297170971672434, 0.2940988774449418, 0.2881655216651232, 0.28437461281923826, 0.28116958511262147, 0.2716315446861357, 0.24203905292373473, 0.19085761443250382, 0.1603204006953609, 0.1398468065959324, 0.12853362961960368, 0.1173614483785923, 0.11473646319811648, 0.11320012697247717, 0.11287881103922581, 0.11275082128188141, 0.1126196489633986, 0.11259214420058039, 0.11257351024512685, 0.11256759630259339, 0.11256615808408899, 0.11256527317645315, 0.11256493037876558, 0.11256488284814659, 0.11256486728625581]}, "6": {"maxiter": 500, "fatol": 1e-10, "xatol": 1e-05, "duration": 0.1940300464630127, "fun": "0.11256486452075232", "nit": "500", "nfev": "774", "status": "2", "success": "False", "message": "Maximum number of iterations has been exceeded.", "x": "[1.28398129 7.74714951 1.21042497 4.82613844 7.8532018  1.17943305]", "final_simplex": "(array([[1.28398129, 7.74714951, 1.21042497, 4.82613844, 7.8532018 ,\n        1.17943305],\n       [1.28402758, 7.74710911, 1.21046804, 4.82609541, 7.85321336,\n        1.1794754 ],\n       [1.283996  , 7.7470813 , 1.2104736 , 4.82612173, 7.85307189,\n        1.17946489],\n       [1.28394947, 7.74713507, 1.21037056, 4.82611794, 7.85321819,\n        1.17955409],\n       [1.28389974, 7.74712731, 1.2104675 , 4.8260957 , 7.85315895,\n        1.17950188],\n       [1.28394125, 7.74710376, 1.21047899, 4.82623376, 7.8532289 ,\n        1.17942312],\n       [1.28398476, 7.74706652, 1.21039856, 4.82603442, 7.85327375,\n        1.1794305 ]]), array([0.11256486, 0.11256486, 0.11256487, 0.11256487, 0.11256487,\n       0.11256487, 0.11256487]))", "callback": [0.6724648639875865, 0.6527047672130912, 0.6451692527142101, 0.5805362163601818, 0.4780398076185699, 0.40795834064672554, 0.3813021841292207, 0.3754887267644501, 0.3744438653664002, 0.37410380148351274, 0.3739270725697359, 0.3737350180850565, 0.3733942659574181, 0.37195737855816136, 0.3681060106811058, 0.36318774461520265, 0.3512576001582819, 0.331245258520523, 0.3250348521096966, 0.31856098201362815, 0.30323289525363206, 0.2990238045572706, 0.29884508573140134, 0.29813895351832675, 0.2976464206966397, 0.297170971672434, 0.2940988774449418, 0.2881655216651232, 0.28437461281923826, 0.28116958511262147, 0.2716315446861357, 0.24203905292373473, 0.19085761443250382, 0.1603204006953609, 0.1398468065959324, 0.12853362961960368, 0.1173614483785923, 0.11473646319811648, 0.11320012697247717, 0.11287881103922581, 0.11275082128188141, 0.1126196489633986, 0.11259214420058039, 0.11257351024512685, 0.11256759630259339, 0.11256615808408899, 0.11256527317645315, 0.11256493037876558, 0.11256488284814659, 0.11256486728625581]}, "7": {"maxiter": 500, "fatol": 1e-10, "xatol": 1e-10, "duration": 0.20244193077087402, "fun": "0.11256486452075232", "nit": "500", "nfev": "774", "status": "2", "success": "False", "message": "Maximum number of iterations has been exceeded.", "x": "[1.28398129 7.74714951 1.21042497 4.82613844 7.8532018  1.17943305]", "final_simplex": "(array([[1.28398129, 7.74714951, 1.21042497, 4.82613844, 7.8532018 ,\n        1.17943305],\n       [1.28402758, 7.74710911, 1.21046804, 4.82609541, 7.85321336,\n        1.1794754 ],\n       [1.283996  , 7.7470813 , 1.2104736 , 4.82612173, 7.85307189,\n        1.17946489],\n       [1.28394947, 7.74713507, 1.21037056, 4.82611794, 7.85321819,\n        1.17955409],\n       [1.28389974, 7.74712731, 1.2104675 , 4.8260957 , 7.85315895,\n        1.17950188],\n       [1.28394125, 7.74710376, 1.21047899, 4.82623376, 7.8532289 ,\n        1.17942312],\n       [1.28398476, 7.74706652, 1.21039856, 4.82603442, 7.85327375,\n        1.1794305 ]]), array([0.11256486, 0.11256486, 0.11256487, 0.11256487, 0.11256487,\n       0.11256487, 0.11256487]))", "callback": [0.6724648639875865, 0.6527047672130912, 0.6451692527142101, 0.5805362163601818, 0.4780398076185699, 0.40795834064672554, 0.3813021841292207, 0.3754887267644501, 0.3744438653664002, 0.37410380148351274, 0.3739270725697359, 0.3737350180850565, 0.3733942659574181, 0.37195737855816136, 0.3681060106811058, 0.36318774461520265, 0.3512576001582819, 0.331245258520523, 0.3250348521096966, 0.31856098201362815, 0.30323289525363206, 0.2990238045572706, 0.29884508573140134, 0.29813895351832675, 0.2976464206966397, 0.297170971672434, 0.2940988774449418, 0.2881655216651232, 0.28437461281923826, 0.28116958511262147, 0.2716315446861357, 0.24203905292373473, 0.19085761443250382, 0.1603204006953609, 0.1398468065959324, 0.12853362961960368, 0.1173614483785923, 0.11473646319811648, 0.11320012697247717, 0.11287881103922581, 0.11275082128188141, 0.1126196489633986, 0.11259214420058039, 0.11257351024512685, 0.11256759630259339, 0.11256615808408899, 0.11256527317645315, 0.11256493037876558, 0.11256488284814659, 0.11256486728625581]}, "8": {"maxiter": 1000, "fatol": 1e-05, "xatol": 1e-05, "duration": 0.21192097663879395, "fun": "0.11256486358305873", "nit": "532", "nfev": "830", "status": "0", "success": "True", "message": "Optimization terminated successfully.", "x": "[1.28397075 7.7470943  1.21048928 4.82611899 7.85317192 1.17942337]", "final_simplex": "(array([[1.28397075, 7.7470943 , 1.21048928, 4.82611899, 7.85317192,\n        1.17942337],\n       [1.28396841, 7.74709592, 1.2104804 , 4.82611759, 7.85317519,\n        1.17942424],\n       [1.28396951, 7.74709598, 1.21048006, 4.82612097, 7.85317984,\n        1.17942834],\n       [1.28396594, 7.74709762, 1.21048967, 4.8261277 , 7.85317107,\n        1.17941984],\n       [1.2839713 , 7.74709176, 1.2104967 , 4.82611863, 7.85317705,\n        1.17941573],\n       [1.28396254, 7.74709726, 1.21048146, 4.82611945, 7.85317957,\n        1.17943328],\n       [1.28396091, 7.74709416, 1.21048385, 4.82612591, 7.85317741,\n        1.17942374]]), array([0.11256486, 0.11256486, 0.11256486, 0.11256486, 0.11256486,\n       0.11256486, 0.11256486]))", "callback": [0.6724648639875865, 0.6527047672130912, 0.6451692527142101, 0.5805362163601818, 0.4780398076185699, 0.40795834064672554, 0.3813021841292207, 0.3754887267644501, 0.3744438653664002, 0.37410380148351274, 0.3739270725697359, 0.3737350180850565, 0.3733942659574181, 0.37195737855816136, 0.3681060106811058, 0.36318774461520265, 0.3512576001582819, 0.331245258520523, 0.3250348521096966, 0.31856098201362815, 0.30323289525363206, 0.2990238045572706, 0.29884508573140134, 0.29813895351832675, 0.2976464206966397, 0.297170971672434, 0.2940988774449418, 0.2881655216651232, 0.28437461281923826, 0.28116958511262147, 0.2716315446861357, 0.24203905292373473, 0.19085761443250382, 0.1603204006953609, 0.1398468065959324, 0.12853362961960368, 0.1173614483785923, 0.11473646319811648, 0.11320012697247717, 0.11287881103922581, 0.11275082128188141, 0.1126196489633986, 0.11259214420058039, 0.11257351024512685, 0.11256759630259339, 0.11256615808408899, 0.11256527317645315, 0.11256493037876558, 0.11256488284814659, 0.11256486728625581, 0.11256486431229584, 0.11256486370516394, 0.11256486360446938, 0.11256486358305873]}, "9": {"maxiter": 1000, "fatol": 1e-05, "xatol": 1e-10, "duration": 0.30908727645874023, "fun": "0.11256486357777518", "nit": "671", "nfev": "1109", "status": "0", "success": "True", "message": "Optimization terminated successfully.", "x": "[1.283968   7.74709768 1.21048781 4.8261196  7.85317588 1.17942478]", "final_simplex": "(array([[1.283968  , 7.74709768, 1.21048781, 4.8261196 , 7.85317588,\n        1.17942478],\n       [1.283968  , 7.74709768, 1.21048781, 4.8261196 , 7.85317588,\n        1.17942478],\n       [1.283968  , 7.74709768, 1.21048781, 4.8261196 , 7.85317588,\n        1.17942478],\n       [1.283968  , 7.74709768, 1.21048781, 4.8261196 , 7.85317588,\n        1.17942478],\n       [1.283968  , 7.74709768, 1.21048781, 4.8261196 , 7.85317588,\n        1.17942478],\n       [1.283968  , 7.74709768, 1.21048781, 4.8261196 , 7.85317588,\n        1.17942478],\n       [1.283968  , 7.74709768, 1.21048781, 4.8261196 , 7.85317588,\n        1.17942478]]), array([0.11256486, 0.11256486, 0.11256486, 0.11256486, 0.11256486,\n       0.11256486, 0.11256486]))", "callback": [0.6724648639875865, 0.6527047672130912, 0.6451692527142101, 0.5805362163601818, 0.4780398076185699, 0.40795834064672554, 0.3813021841292207, 0.3754887267644501, 0.3744438653664002, 0.37410380148351274, 0.3739270725697359, 0.3737350180850565, 0.3733942659574181, 0.37195737855816136, 0.3681060106811058, 0.36318774461520265, 0.3512576001582819, 0.331245258520523, 0.3250348521096966, 0.31856098201362815, 0.30323289525363206, 0.2990238045572706, 0.29884508573140134, 0.29813895351832675, 0.2976464206966397, 0.297170971672434, 0.2940988774449418, 0.2881655216651232, 0.28437461281923826, 0.28116958511262147, 0.2716315446861357, 0.24203905292373473, 0.19085761443250382, 0.1603204006953609, 0.1398468065959324, 0.12853362961960368, 0.1173614483785923, 0.11473646319811648, 0.11320012697247717, 0.11287881103922581, 0.11275082128188141, 0.1126196489633986, 0.11259214420058039, 0.11257351024512685, 0.11256759630259339, 0.11256615808408899, 0.11256527317645315, 0.11256493037876558, 0.11256488284814659, 0.11256486728625581, 0.11256486431229584, 0.11256486370516394, 0.11256486360446938, 0.11256486358305873, 0.1125648635803318, 0.11256486357826079, 0.11256486357800466, 0.11256486357795814, 0.11256486357781814, 0.11256486357779905, 0.11256486357778495, 0.1125648635777804, 0.11256486357777706, 0.11256486357777562, 0.1125648635777754, 0.11256486357777518, 0.11256486357777518, 0.11256486357777518]}, "10": {"maxiter": 1000, "fatol": 1e-10, "xatol": 1e-05, "duration": 0.21953606605529785, "fun": "0.11256486358305873", "nit": "532", "nfev": "830", "status": "0", "success": "True", "message": "Optimization terminated successfully.", "x": "[1.28397075 7.7470943  1.21048928 4.82611899 7.85317192 1.17942337]", "final_simplex": "(array([[1.28397075, 7.7470943 , 1.21048928, 4.82611899, 7.85317192,\n        1.17942337],\n       [1.28396841, 7.74709592, 1.2104804 , 4.82611759, 7.85317519,\n        1.17942424],\n       [1.28396951, 7.74709598, 1.21048006, 4.82612097, 7.85317984,\n        1.17942834],\n       [1.28396594, 7.74709762, 1.21048967, 4.8261277 , 7.85317107,\n        1.17941984],\n       [1.2839713 , 7.74709176, 1.2104967 , 4.82611863, 7.85317705,\n        1.17941573],\n       [1.28396254, 7.74709726, 1.21048146, 4.82611945, 7.85317957,\n        1.17943328],\n       [1.28396091, 7.74709416, 1.21048385, 4.82612591, 7.85317741,\n        1.17942374]]), array([0.11256486, 0.11256486, 0.11256486, 0.11256486, 0.11256486,\n       0.11256486, 0.11256486]))", "callback": [0.6724648639875865, 0.6527047672130912, 0.6451692527142101, 0.5805362163601818, 0.4780398076185699, 0.40795834064672554, 0.3813021841292207, 0.3754887267644501, 0.3744438653664002, 0.37410380148351274, 0.3739270725697359, 0.3737350180850565, 0.3733942659574181, 0.37195737855816136, 0.3681060106811058, 0.36318774461520265, 0.3512576001582819, 0.331245258520523, 0.3250348521096966, 0.31856098201362815, 0.30323289525363206, 0.2990238045572706, 0.29884508573140134, 0.29813895351832675, 0.2976464206966397, 0.297170971672434, 0.2940988774449418, 0.2881655216651232, 0.28437461281923826, 0.28116958511262147, 0.2716315446861357, 0.24203905292373473, 0.19085761443250382, 0.1603204006953609, 0.1398468065959324, 0.12853362961960368, 0.1173614483785923, 0.11473646319811648, 0.11320012697247717, 0.11287881103922581, 0.11275082128188141, 0.1126196489633986, 0.11259214420058039, 0.11257351024512685, 0.11256759630259339, 0.11256615808408899, 0.11256527317645315, 0.11256493037876558, 0.11256488284814659, 0.11256486728625581, 0.11256486431229584, 0.11256486370516394, 0.11256486360446938, 0.11256486358305873]}, "11": {"maxiter": 1000, "fatol": 1e-10, "xatol": 1e-10, "duration": 0.27243494987487793, "fun": "0.11256486357777518", "nit": "671", "nfev": "1109", "status": "0", "success": "True", "message": "Optimization terminated successfully.", "x": "[1.283968   7.74709768 1.21048781 4.8261196  7.85317588 1.17942478]", "final_simplex": "(array([[1.283968  , 7.74709768, 1.21048781, 4.8261196 , 7.85317588,\n        1.17942478],\n       [1.283968  , 7.74709768, 1.21048781, 4.8261196 , 7.85317588,\n        1.17942478],\n       [1.283968  , 7.74709768, 1.21048781, 4.8261196 , 7.85317588,\n        1.17942478],\n       [1.283968  , 7.74709768, 1.21048781, 4.8261196 , 7.85317588,\n        1.17942478],\n       [1.283968  , 7.74709768, 1.21048781, 4.8261196 , 7.85317588,\n        1.17942478],\n       [1.283968  , 7.74709768, 1.21048781, 4.8261196 , 7.85317588,\n        1.17942478],\n       [1.283968  , 7.74709768, 1.21048781, 4.8261196 , 7.85317588,\n        1.17942478]]), array([0.11256486, 0.11256486, 0.11256486, 0.11256486, 0.11256486,\n       0.11256486, 0.11256486]))", "callback": [0.6724648639875865, 0.6527047672130912, 0.6451692527142101, 0.5805362163601818, 0.4780398076185699, 0.40795834064672554, 0.3813021841292207, 0.3754887267644501, 0.3744438653664002, 0.37410380148351274, 0.3739270725697359, 0.3737350180850565, 0.3733942659574181, 0.37195737855816136, 0.3681060106811058, 0.36318774461520265, 0.3512576001582819, 0.331245258520523, 0.3250348521096966, 0.31856098201362815, 0.30323289525363206, 0.2990238045572706, 0.29884508573140134, 0.29813895351832675, 0.2976464206966397, 0.297170971672434, 0.2940988774449418, 0.2881655216651232, 0.28437461281923826, 0.28116958511262147, 0.2716315446861357, 0.24203905292373473, 0.19085761443250382, 0.1603204006953609, 0.1398468065959324, 0.12853362961960368, 0.1173614483785923, 0.11473646319811648, 0.11320012697247717, 0.11287881103922581, 0.11275082128188141, 0.1126196489633986, 0.11259214420058039, 0.11257351024512685, 0.11256759630259339, 0.11256615808408899, 0.11256527317645315, 0.11256493037876558, 0.11256488284814659, 0.11256486728625581, 0.11256486431229584, 0.11256486370516394, 0.11256486360446938, 0.11256486358305873, 0.1125648635803318, 0.11256486357826079, 0.11256486357800466, 0.11256486357795814, 0.11256486357781814, 0.11256486357779905, 0.11256486357778495, 0.1125648635777804, 0.11256486357777706, 0.11256486357777562, 0.1125648635777754, 0.11256486357777518, 0.11256486357777518, 0.11256486357777518]}}, "bfgs": {"type": "gradient", "0": {"maxiter": 100, "gtol": 1e-05, "xrtol": 1e-05, "eps": 1e-05, "duration": 0.07824492454528809, "fun": "0.11256486363404272", "jac": "[-3.75888209e-07  1.02039488e-06 -1.25764954e-06  1.37445610e-08\n -1.22144517e-06 -2.61948241e-06]", "hess_inv": "[[ 2.60544207 -0.04884362 -0.46893334  0.47753472  0.57540469 -0.1498101 ]\n [-0.04884362  3.07537724 -1.08275839  0.74589041 -0.62003251  0.59065811]\n [-0.46893334 -1.08275839  7.95908587 -0.66001894  0.40199455 -3.26239135]\n [ 0.47753472  0.74589041 -0.66001894  2.79365242 -0.79348772 -0.06724893]\n [ 0.57540469 -0.62003251  0.40199455 -0.79348772  4.36582601  0.35395123]\n [-0.1498101   0.59065811 -3.26239135 -0.06724893  0.35395123  4.17198208]]", "nfev": "280", "njev": "40", "status": "0", "success": "True", "message": "Optimization terminated successfully.", "x": "[-1.28397494  4.60550148  4.35208097  4.82611514  1.56997883  1.17941291]", "nit": "37", "callback": [0.6771922499502485, 0.6630659077616183, 0.6584252282446745, 0.6519204383829638, 0.6410230840121728, 0.6270561527403007, 0.6126699476498907, 0.5912163335977451, 0.5574757737759772, 0.5064503691050606, 0.4814445520165037, 0.47360811284683035, 0.4659841853133939, 0.4641804794792108, 0.4631302429938545, 0.4617713911701804, 0.46005783817932855, 0.4568350242863025, 0.45119562267063085, 0.44714117124382136, 0.440757100700771, 0.42975446990857513, 0.4098248045048656, 0.37513548565751986, 0.3216028689475444, 0.2423832414298479, 0.19668427734551686, 0.17966496180716907, 0.15558066222553968, 0.13230699684737268, 0.11675205860048354, 0.11381519392863382, 0.11268153499401423, 0.11256616831899136, 0.11256489685979565, 0.1125648648087525, 0.11256486363404272]}, "1": {"maxiter": 100, "gtol": 1e-05, "xrtol": 1e-05, "eps": 1e-10, "duration": 0.06531214714050293, "fun": "0.11256486364096108", "jac": "[-2.22044587e-06 -3.33066880e-06 -4.44089173e-06 -4.44089173e-06\n  0.00000000e+00 -4.44089173e-06]", "hess_inv": "[[ 2.57876616 -0.06240023 -0.42767288  0.39792685  0.58383824 -0.16691665]\n [-0.06240023  3.14082842 -1.07140481  0.84182292 -0.65643445  0.61809403]\n [-0.42767288 -1.07140481  7.89780905 -0.58834714  0.42578151 -3.21884316]\n [ 0.39792685  0.84182292 -0.58834714  2.79832319 -0.83918387 -0.03586479]\n [ 0.58383824 -0.65643445  0.42578151 -0.83918387  4.38743599  0.33251665]\n [-0.16691665  0.61809403 -3.21884316 -0.03586479  0.33251665  4.17100449]]", "nfev": "280", "njev": "40", "status": "0", "success": "True", "message": "Optimization terminated successfully.", "x": "[-1.28397064  4.60550221  4.35206909  4.82611057  1.56998641  1.17941751]", "nit": "37", "callback": [0.677191722405871, 0.663062722395788, 0.6584230522453207, 0.6519148358393974, 0.6410114706622305, 0.6270354807295635, 0.6126428580517517, 0.5911731824646378, 0.5574056245903165, 0.5063654526736121, 0.48142646994843985, 0.47359678908240777, 0.46597454660878224, 0.46417965470092537, 0.4631277958026633, 0.4617697781923278, 0.46005302606570464, 0.45682503857581924, 0.451179942321814, 0.4471296663379123, 0.4407384786450075, 0.429738428770555, 0.4098181492606603, 0.37512128221034347, 0.32155945346464454, 0.24236034331316725, 0.19685877571528576, 0.17982845982602047, 0.15567865085093513, 0.13228999325175028, 0.11676221830909084, 0.11381524578247082, 0.11268939524357124, 0.11256621657013444, 0.1125648977853998, 0.11256486503030172, 0.11256486364096108]}, "2": {"maxiter": 100, "gtol": 1e-05, "xrtol": 1e-10, "eps": 1e-05, "duration": 0.07802414894104004, "fun": "0.11256486363404272", "jac": "[-3.75888209e-07  1.02039488e-06 -1.25764954e-06  1.37445610e-08\n -1.22144517e-06 -2.61948241e-06]", "hess_inv": "[[ 2.60544207 -0.04884362 -0.46893334  0.47753472  0.57540469 -0.1498101 ]\n [-0.04884362  3.07537724 -1.08275839  0.74589041 -0.62003251  0.59065811]\n [-0.46893334 -1.08275839  7.95908587 -0.66001894  0.40199455 -3.26239135]\n [ 0.47753472  0.74589041 -0.66001894  2.79365242 -0.79348772 -0.06724893]\n [ 0.57540469 -0.62003251  0.40199455 -0.79348772  4.36582601  0.35395123]\n [-0.1498101   0.59065811 -3.26239135 -0.06724893  0.35395123  4.17198208]]", "nfev": "280", "njev": "40", "status": "0", "success": "True", "message": "Optimization terminated successfully.", "x": "[-1.28397494  4.60550148  4.35208097  4.82611514  1.56997883  1.17941291]", "nit": "37", "callback": [0.6771922499502485, 0.6630659077616183, 0.6584252282446745, 0.6519204383829638, 0.6410230840121728, 0.6270561527403007, 0.6126699476498907, 0.5912163335977451, 0.5574757737759772, 0.5064503691050606, 0.4814445520165037, 0.47360811284683035, 0.4659841853133939, 0.4641804794792108, 0.4631302429938545, 0.4617713911701804, 0.46005783817932855, 0.4568350242863025, 0.45119562267063085, 0.44714117124382136, 0.440757100700771, 0.42975446990857513, 0.4098248045048656, 0.37513548565751986, 0.3216028689475444, 0.2423832414298479, 0.19668427734551686, 0.17966496180716907, 0.15558066222553968, 0.13230699684737268, 0.11675205860048354, 0.11381519392863382, 0.11268153499401423, 0.11256616831899136, 0.11256489685979565, 0.1125648648087525, 0.11256486363404272]}, "3": {"maxiter": 100, "gtol": 1e-05, "xrtol": 1e-10, "eps": 1e-10, "duration": 0.08107590675354004, "fun": "0.11256486364096108", "jac": "[-2.22044587e-06 -3.33066880e-06 -4.44089173e-06 -4.44089173e-06\n  0.00000000e+00 -4.44089173e-06]", "hess_inv": "[[ 2.57876616 -0.06240023 -0.42767288  0.39792685  0.58383824 -0.16691665]\n [-0.06240023  3.14082842 -1.07140481  0.84182292 -0.65643445  0.61809403]\n [-0.42767288 -1.07140481  7.89780905 -0.58834714  0.42578151 -3.21884316]\n [ 0.39792685  0.84182292 -0.58834714  2.79832319 -0.83918387 -0.03586479]\n [ 0.58383824 -0.65643445  0.42578151 -0.83918387  4.38743599  0.33251665]\n [-0.16691665  0.61809403 -3.21884316 -0.03586479  0.33251665  4.17100449]]", "nfev": "280", "njev": "40", "status": "0", "success": "True", "message": "Optimization terminated successfully.", "x": "[-1.28397064  4.60550221  4.35206909  4.82611057  1.56998641  1.17941751]", "nit": "37", "callback": [0.677191722405871, 0.663062722395788, 0.6584230522453207, 0.6519148358393974, 0.6410114706622305, 0.6270354807295635, 0.6126428580517517, 0.5911731824646378, 0.5574056245903165, 0.5063654526736121, 0.48142646994843985, 0.47359678908240777, 0.46597454660878224, 0.46417965470092537, 0.4631277958026633, 0.4617697781923278, 0.46005302606570464, 0.45682503857581924, 0.451179942321814, 0.4471296663379123, 0.4407384786450075, 0.429738428770555, 0.4098181492606603, 0.37512128221034347, 0.32155945346464454, 0.24236034331316725, 0.19685877571528576, 0.17982845982602047, 0.15567865085093513, 0.13228999325175028, 0.11676221830909084, 0.11381524578247082, 0.11268939524357124, 0.11256621657013444, 0.1125648977853998, 0.11256486503030172, 0.11256486364096108]}, "4": {"maxiter": 100, "gtol": 1e-10, "xrtol": 1e-05, "eps": 1e-05, "duration": 0.07010197639465332, "fun": "0.11256486360547124", "jac": "[ 7.97140132e-09 -9.78883641e-08 -7.92699240e-09  3.19411164e-08\n  2.60458322e-08  3.77031739e-08]", "hess_inv": "[[ 2.60628824 -0.05857791 -0.47662063  0.48214091  0.56206358 -0.16177682]\n [-0.05857791  3.16246727 -1.04421841  0.72725748 -0.56662377  0.63980599]\n [-0.47662063 -1.04421841  7.92891697 -0.63300225  0.32262549 -3.3310959 ]\n [ 0.48214091  0.72725748 -0.63300225  2.77130844 -0.72800107 -0.01022184]\n [ 0.56206358 -0.56662377  0.32262549 -0.72800107  4.17390913  0.18679528]\n [-0.16177682  0.63980599 -3.3310959  -0.01022184  0.18679528  4.02646026]]", "nfev": "287", "njev": "41", "status": "0", "success": "True", "message": "Optimization terminated successfully.", "x": "[-1.28397424  4.60549789  4.35208351  4.82611283  1.56998562  1.17941878]", "nit": "38", "callback": [0.6771922499502485, 0.6630659077616183, 0.6584252282446745, 0.6519204383829638, 0.6410230840121728, 0.6270561527403007, 0.6126699476498907, 0.5912163335977451, 0.5574757737759772, 0.5064503691050606, 0.4814445520165037, 0.47360811284683035, 0.4659841853133939, 0.4641804794792108, 0.4631302429938545, 0.4617713911701804, 0.46005783817932855, 0.4568350242863025, 0.45119562267063085, 0.44714117124382136, 0.440757100700771, 0.42975446990857513, 0.4098248045048656, 0.37513548565751986, 0.3216028689475444, 0.2423832414298479, 0.19668427734551686, 0.17966496180716907, 0.15558066222553968, 0.13230699684737268, 0.11675205860048354, 0.11381519392863382, 0.11268153499401423, 0.11256616831899136, 0.11256489685979565, 0.1125648648087525, 0.11256486363404272, 0.11256486360547124]}, "5": {"maxiter": 100, "gtol": 1e-10, "xrtol": 1e-05, "eps": 1e-10, "duration": 0.07561779022216797, "fun": "0.11256486359292839", "jac": "[ 4.44089173e-06  2.22044587e-06 -2.22044587e-06  0.00000000e+00\n  0.00000000e+00 -2.22044587e-06]", "hess_inv": "[[ 2.57915158 -0.10794186 -0.4629374   0.40014702  0.51324364 -0.24161103]\n [-0.10794186  2.97667992 -1.24121031  0.71210361 -0.71388993  0.48731313]\n [-0.4629374  -1.24121031  7.73293005 -0.68777232  0.31661967 -3.38907825]\n [ 0.40014702  0.71210361 -0.68777232  2.80794066 -1.04497428 -0.25193273]\n [ 0.51324364 -0.71388993  0.31661967 -1.04497428  4.59673655  0.4479684 ]\n [-0.24161103  0.48731313 -3.38907825 -0.25193273  0.4479684   4.18011763]]", "nfev": "287", "njev": "41", "status": "0", "success": "True", "message": "Optimization terminated successfully.", "x": "[-1.28396662  4.6055117   4.35208016  4.82612212  1.56998393  1.17942099]", "nit": "38", "callback": [0.677191722405871, 0.663062722395788, 0.6584230522453207, 0.6519148358393974, 0.6410114706622305, 0.6270354807295635, 0.6126428580517517, 0.5911731824646378, 0.5574056245903165, 0.5063654526736121, 0.48142646994843985, 0.47359678908240777, 0.46597454660878224, 0.46417965470092537, 0.4631277958026633, 0.4617697781923278, 0.46005302606570464, 0.45682503857581924, 0.451179942321814, 0.4471296663379123, 0.4407384786450075, 0.429738428770555, 0.4098181492606603, 0.37512128221034347, 0.32155945346464454, 0.24236034331316725, 0.19685877571528576, 0.17982845982602047, 0.15567865085093513, 0.13228999325175028, 0.11676221830909084, 0.11381524578247082, 0.11268939524357124, 0.11256621657013444, 0.1125648977853998, 0.11256486503030172, 0.11256486364096108, 0.11256486359292839]}, "6": {"maxiter": 100, "gtol": 1e-10, "xrtol": 1e-10, "eps": 1e-05, "duration": 0.1524672508239746, "fun": "0.1125648636054064", "jac": "[-1.04360964e-09  2.44249065e-09  1.11022302e-10  1.42108547e-09\n  1.26565425e-09  5.99520433e-10]", "hess_inv": "[[ 2.60051533e+00 -2.92504679e-02 -4.80314185e-01  4.90838548e-01\n   5.50531066e-01 -1.68420311e-01]\n [-2.92504679e-02  3.01357111e+00 -1.02755193e+00  6.84422918e-01\n  -5.07990503e-01  6.73840606e-01]\n [-4.80314185e-01 -1.02755193e+00  7.97452927e+00 -6.58291351e-01\n   3.17380192e-01 -3.33872340e+00]\n [ 4.90838548e-01  6.84422918e-01 -6.58291351e-01  2.77805148e+00\n  -7.11710221e-01  2.24187431e-03]\n [ 5.50531066e-01 -5.07990503e-01  3.17380192e-01 -7.11710221e-01\n   4.16963200e+00  1.91721383e-01]\n [-1.68420311e-01  6.73840606e-01 -3.33872340e+00  2.24187431e-03\n   1.91721383e-01  4.03708744e+00]]", "nfev": "572", "njev": "80", "status": "2", "success": "False", "message": "Desired error not necessarily achieved due to precision loss.", "x": "[-1.2839743   4.60549815  4.35208361  4.82611282  1.56998548  1.17941867]", "nit": "39", "callback": [0.6771922499502485, 0.6630659077616183, 0.6584252282446745, 0.6519204383829638, 0.6410230840121728, 0.6270561527403007, 0.6126699476498907, 0.5912163335977451, 0.5574757737759772, 0.5064503691050606, 0.4814445520165037, 0.47360811284683035, 0.4659841853133939, 0.4641804794792108, 0.4631302429938545, 0.4617713911701804, 0.46005783817932855, 0.4568350242863025, 0.45119562267063085, 0.44714117124382136, 0.440757100700771, 0.42975446990857513, 0.4098248045048656, 0.37513548565751986, 0.3216028689475444, 0.2423832414298479, 0.19668427734551686, 0.17966496180716907, 0.15558066222553968, 0.13230699684737268, 0.11675205860048354, 0.11381519392863382, 0.11268153499401423, 0.11256616831899136, 0.11256489685979565, 0.1125648648087525, 0.11256486363404272, 0.11256486360547124, 0.1125648636054064]}, "7": {"maxiter": 100, "gtol": 1e-10, "xrtol": 1e-10, "eps": 1e-10, "duration": 0.19300079345703125, "fun": "0.11256486358551954", "jac": "[3.33066880e-06 1.11022293e-06 2.22044587e-06 0.00000000e+00\n 3.33066880e-06 1.11022293e-06]", "hess_inv": "[[ 0.90227312  3.03657482 -0.82814937 -0.37128263 -0.41980585  2.02950797]\n [ 3.03657482 11.12722797 -2.69379819 -0.78584846 -1.78069154  7.2451954 ]\n [-0.82814937 -2.69379819  0.91308101  0.53351392  0.33156807 -1.81269872]\n [-0.37128263 -0.78584846  0.53351392  0.79526701 -0.04448652 -0.65864301]\n [-0.41980585 -1.78069154  0.33156807 -0.04448652  0.36528564 -1.11402324]\n [ 2.02950797  7.2451954  -1.81269872 -0.65864301 -1.11402324  4.82647704]]", "nfev": "677", "njev": "95", "status": "2", "success": "False", "message": "Desired error not necessarily achieved due to precision loss.", "x": "[-1.28396935  4.60550667  4.35208495  4.8261215   1.56998452  1.17942007]", "nit": "45", "callback": [0.677191722405871, 0.663062722395788, 0.6584230522453207, 0.6519148358393974, 0.6410114706622305, 0.6270354807295635, 0.6126428580517517, 0.5911731824646378, 0.5574056245903165, 0.5063654526736121, 0.48142646994843985, 0.47359678908240777, 0.46597454660878224, 0.46417965470092537, 0.4631277958026633, 0.4617697781923278, 0.46005302606570464, 0.45682503857581924, 0.451179942321814, 0.4471296663379123, 0.4407384786450075, 0.429738428770555, 0.4098181492606603, 0.37512128221034347, 0.32155945346464454, 0.24236034331316725, 0.19685877571528576, 0.17982845982602047, 0.15567865085093513, 0.13228999325175028, 0.11676221830909084, 0.11381524578247082, 0.11268939524357124, 0.11256621657013444, 0.1125648977853998, 0.11256486503030172, 0.11256486364096108, 0.11256486359292839, 0.11256486359176132, 0.11256486359043816, 0.11256486358925066, 0.11256486358883966, 0.11256486358843931, 0.11256486358793649, 0.11256486358551954]}, "8": {"maxiter": 500, "gtol": 1e-05, "xrtol": 1e-05, "eps": 1e-05, "duration": 0.07260799407958984, "fun": "0.11256486363404272", "jac": "[-3.75888209e-07  1.02039488e-06 -1.25764954e-06  1.37445610e-08\n -1.22144517e-06 -2.61948241e-06]", "hess_inv": "[[ 2.60544207 -0.04884362 -0.46893334  0.47753472  0.57540469 -0.1498101 ]\n [-0.04884362  3.07537724 -1.08275839  0.74589041 -0.62003251  0.59065811]\n [-0.46893334 -1.08275839  7.95908587 -0.66001894  0.40199455 -3.26239135]\n [ 0.47753472  0.74589041 -0.66001894  2.79365242 -0.79348772 -0.06724893]\n [ 0.57540469 -0.62003251  0.40199455 -0.79348772  4.36582601  0.35395123]\n [-0.1498101   0.59065811 -3.26239135 -0.06724893  0.35395123  4.17198208]]", "nfev": "280", "njev": "40", "status": "0", "success": "True", "message": "Optimization terminated successfully.", "x": "[-1.28397494  4.60550148  4.35208097  4.82611514  1.56997883  1.17941291]", "nit": "37", "callback": [0.6771922499502485, 0.6630659077616183, 0.6584252282446745, 0.6519204383829638, 0.6410230840121728, 0.6270561527403007, 0.6126699476498907, 0.5912163335977451, 0.5574757737759772, 0.5064503691050606, 0.4814445520165037, 0.47360811284683035, 0.4659841853133939, 0.4641804794792108, 0.4631302429938545, 0.4617713911701804, 0.46005783817932855, 0.4568350242863025, 0.45119562267063085, 0.44714117124382136, 0.440757100700771, 0.42975446990857513, 0.4098248045048656, 0.37513548565751986, 0.3216028689475444, 0.2423832414298479, 0.19668427734551686, 0.17966496180716907, 0.15558066222553968, 0.13230699684737268, 0.11675205