{"date": "2024/09/25/, 08:28:36", "conf_id": 182, "data_type": "non_lin_ind\n", "num_data_points": 2, "s_rank": 0, "unitary": "[[0.18663085-0.53122324j,-0.11886349-0.70040876j,0.28555095-0.02789305j,-0.12262021-0.2844587j],[-0.16702216+0.27758472j,0.27526351-0.29738586j,-0.01109314+0.22495461j,-0.77239203+0.28900673j],[0.61935415+0.12301792j,-0.31269928-0.03315917j,-0.61902762-0.19039079j,-0.27120731-0.0968989j],[0.42341754+0.0023929j,-0.05847358+0.47832119j,0.64900495-0.16218422j,-0.37182676-0.05229966j]]", "databatch_0": {"databatch": "[[[-0.16375647-0.05295405j,0.06700172+0.08254411j,0.06515301-0.13295075j,0.12151158+0.01389751j],[0.22783902+0.00388989j,-0.11670902-0.07869724j,-0.03122604+0.19352807j,-0.15926439+0.02927905j],[0.22291191-0.28425939j,-0.21113739+0.07221934j,0.21473637+0.22463539j,-0.11537558+0.22931913j],[0.102021-0.39782674j,-0.18673981+0.1717335j,0.32624982+0.13561068j,-0.01521504+0.29145971j]],[[-0.08249201-0.10664789j,0.09432259-0.01026057j,0.03877648-0.03782037j,-0.04467774-0.21375515j],[0.14562813+0.10324987j,-0.11550714+0.04938691j,-0.03452127+0.06286262j,0.13905759+0.25349771j],[0.2698408-0.08528034j,-0.04809318+0.19325047j,0.04642656+0.10378042j,0.45346259+0.06678099j],[0.24186967-0.21217593j,0.03832218+0.22314554j,0.09578755+0.08679018j,0.50254184-0.13787616j]]]", "initial param values": "[3.15964073,1.57002976,1.19445548,0.45068175,2.63742694,1.37608216]", "nelder_mead": {"type": "gradient-free", "0": {"maxiter": 100, "fatol": 1e-05, "xatol": 1e-05, "duration": 0.037509918212890625, "fun": "0.18966607017224169", "nit": "100", "nfev": "156", "status": "2", "success": "False", "message": "Maximum number of iterations has been exceeded.", "x": "[5.7769354  1.92754288 0.04809503 0.53920812 2.32262089 0.49114989]", "final_simplex": "(array([[ 5.7769354 ,  1.92754288,  0.04809503,  0.53920812,  2.32262089,\n         0.49114989],\n       [ 5.85210705,  1.95935267,  0.09835051,  0.53333535,  2.29640814,\n         0.39680684],\n       [ 5.04619744,  1.71903923, -0.10285828,  0.56361616,  2.31035592,\n         1.26461987],\n       [ 5.14318827,  1.72286055,  0.04132168,  0.54655931,  2.4699606 ,\n         1.04778614],\n       [ 4.89563357,  1.66141021, -0.07546857,  0.57016836,  2.39741434,\n         1.34851687],\n       [ 4.51938319,  1.59280937, -0.10923044,  0.58935233,  2.46218064,\n         1.59583131],\n       [ 4.43595026,  1.56271924, -0.10525422,  0.57894598,  2.53898094,\n         1.68755629]]), array([0.18966607, 0.19113152, 0.27123961, 0.28601261, 0.30847127,\n       0.37265035, 0.39809148]))", "callback": [0.8136605092372726, 0.6180362982892218, 0.579397811877866, 0.5482371718884935, 0.5355418364851708, 0.5021369561713358, 0.5021369561713358, 0.501811977428774, 0.49975247029672065, 0.4333016058308883]}, "1": {"maxiter": 100, "fatol": 1e-05, "xatol": 1e-10, "duration": 0.03582906723022461, "fun": "0.18966607017224169", "nit": "100", "nfev": "156", "status": "2", "success": "False", "message": "Maximum number of iterations has been exceeded.", "x": "[5.7769354  1.92754288 0.04809503 0.53920812 2.32262089 0.49114989]", "final_simplex": "(array([[ 5.7769354 ,  1.92754288,  0.04809503,  0.53920812,  2.32262089,\n         0.49114989],\n       [ 5.85210705,  1.95935267,  0.09835051,  0.53333535,  2.29640814,\n         0.39680684],\n       [ 5.04619744,  1.71903923, -0.10285828,  0.56361616,  2.31035592,\n         1.26461987],\n       [ 5.14318827,  1.72286055,  0.04132168,  0.54655931,  2.4699606 ,\n         1.04778614],\n       [ 4.89563357,  1.66141021, -0.07546857,  0.57016836,  2.39741434,\n         1.34851687],\n       [ 4.51938319,  1.59280937, -0.10923044,  0.58935233,  2.46218064,\n         1.59583131],\n       [ 4.43595026,  1.56271924, -0.10525422,  0.57894598,  2.53898094,\n         1.68755629]]), array([0.18966607, 0.19113152, 0.27123961, 0.28601261, 0.30847127,\n       0.37265035, 0.39809148]))", "callback": [0.8136605092372726, 0.6180362982892218, 0.579397811877866, 0.5482371718884935, 0.5355418364851708, 0.5021369561713358, 0.5021369561713358, 0.501811977428774, 0.49975247029672065, 0.4333016058308883]}, "2": {"maxiter": 100, "fatol": 1e-10, "xatol": 1e-05, "duration": 0.03598475456237793, "fun": "0.18966607017224169", "nit": "100", "nfev": "156", "status": "2", "success": "False", "message": "Maximum number of iterations has been exceeded.", "x": "[5.7769354  1.92754288 0.04809503 0.53920812 2.32262089 0.49114989]", "final_simplex": "(array([[ 5.7769354 ,  1.92754288,  0.04809503,  0.53920812,  2.32262089,\n         0.49114989],\n       [ 5.85210705,  1.95935267,  0.09835051,  0.53333535,  2.29640814,\n         0.39680684],\n       [ 5.04619744,  1.71903923, -0.10285828,  0.56361616,  2.31035592,\n         1.26461987],\n       [ 5.14318827,  1.72286055,  0.04132168,  0.54655931,  2.4699606 ,\n         1.04778614],\n       [ 4.89563357,  1.66141021, -0.07546857,  0.57016836,  2.39741434,\n         1.34851687],\n       [ 4.51938319,  1.59280937, -0.10923044,  0.58935233,  2.46218064,\n         1.59583131],\n       [ 4.43595026,  1.56271924, -0.10525422,  0.57894598,  2.53898094,\n         1.68755629]]), array([0.18966607, 0.19113152, 0.27123961, 0.28601261, 0.30847127,\n       0.37265035, 0.39809148]))", "callback": [0.8136605092372726, 0.6180362982892218, 0.579397811877866, 0.5482371718884935, 0.5355418364851708, 0.5021369561713358, 0.5021369561713358, 0.501811977428774, 0.49975247029672065, 0.4333016058308883]}, "3": {"maxiter": 100, "fatol": 1e-10, "xatol": 1e-10, "duration": 0.03470277786254883, "fun": "0.18966607017224169", "nit": "100", "nfev": "156", "status": "2", "success": "False", "message": "Maximum number of iterations has been exceeded.", "x": "[5.7769354  1.92754288 0.04809503 0.53920812 2.32262089 0.49114989]", "final_simplex": "(array([[ 5.7769354 ,  1.92754288,  0.04809503,  0.53920812,  2.32262089,\n         0.49114989],\n       [ 5.85210705,  1.95935267,  0.09835051,  0.53333535,  2.29640814,\n         0.39680684],\n       [ 5.04619744,  1.71903923, -0.10285828,  0.56361616,  2.31035592,\n         1.26461987],\n       [ 5.14318827,  1.72286055,  0.04132168,  0.54655931,  2.4699606 ,\n         1.04778614],\n       [ 4.89563357,  1.66141021, -0.07546857,  0.57016836,  2.39741434,\n         1.34851687],\n       [ 4.51938319,  1.59280937, -0.10923044,  0.58935233,  2.46218064,\n         1.59583131],\n       [ 4.43595026,  1.56271924, -0.10525422,  0.57894598,  2.53898094,\n         1.68755629]]), array([0.18966607, 0.19113152, 0.27123961, 0.28601261, 0.30847127,\n       0.37265035, 0.39809148]))", "callback": [0.8136605092372726, 0.6180362982892218, 0.579397811877866, 0.5482371718884935, 0.5355418364851708, 0.5021369561713358, 0.5021369561713358, 0.501811977428774, 0.49975247029672065, 0.4333016058308883]}, "4": {"maxiter": 500, "fatol": 1e-05, "xatol": 1e-05, "duration": 0.15743780136108398, "fun": "0.021659204608681315", "nit": "440", "nfev": "701", "status": "0", "success": "True", "message": "Optimization terminated successfully.", "x": "[ 5.6114016   3.46685349 -1.56137272  0.50893281 -0.1002852   2.23711513]", "final_simplex": "(array([[ 5.6114016 ,  3.46685349, -1.56137272,  0.50893281, -0.1002852 ,\n         2.23711513],\n       [ 5.61140383,  3.46685285, -1.56137144,  0.50893307, -0.10027667,\n         2.23710627],\n       [ 5.61140102,  3.46685215, -1.56136888,  0.50893231, -0.1002826 ,\n         2.23711569],\n       [ 5.61140141,  3.46685564, -1.56137451,  0.50893292, -0.10028047,\n         2.23711094],\n       [ 5.61140376,  3.46685256, -1.56136727,  0.50893216, -0.10027976,\n         2.23711067],\n       [ 5.61140156,  3.46684928, -1.56136875,  0.50893242, -0.10028349,\n         2.2371172 ],\n       [ 5.6113987 ,  3.46685163, -1.56136973,  0.50893284, -0.10028465,\n         2.23711664]]), array([0.0216592, 0.0216592, 0.0216592, 0.0216592, 0.0216592, 0.0216592,\n       0.0216592]))", "callback": [0.8136605092372726, 0.6180362982892218, 0.579397811877866, 0.5482371718884935, 0.5355418364851708, 0.5021369561713358, 0.5021369561713358, 0.501811977428774, 0.49975247029672065, 0.4333016058308883, 0.1703264852051688, 0.14702611708398472, 0.09997592839353608, 0.08741995157593974, 0.08375464844629987, 0.08209146177623927, 0.08172805796336746, 0.0816441960165466, 0.08120743744407921, 0.07880645058282998, 0.07165036199650221, 0.06673744538531079, 0.05791948449452833, 0.0481512889828426, 0.04589009057009363, 0.03882137689872389, 0.028004713873935994, 0.02725479512279816, 0.02573382135398472, 0.023257030141975332, 0.02185179966159123, 0.021758609990029543, 0.021682716022736526, 0.021663620765073777, 0.0216605621824284, 0.021659431447170308, 0.021659262070893304, 0.021659228293028354, 0.021659207867245622, 0.021659206383756735, 0.02165920488421169, 0.021659204666025333, 0.02165920461986326, 0.021659204609219884]}, "5": {"maxiter": 500, "fatol": 1e-05, "xatol": 1e-10, "duration": 0.19182395935058594, "fun": "0.021659204607829774", "nit": "500", "nfev": "820", "status": "2", "success": "False", "message": "Maximum number of iterations has been exceeded.", "x": "[ 5.61140222  3.46685374 -1.56137098  0.50893269 -0.10028129  2.23711154]", "final_simplex": "(array([[ 5.61140222,  3.46685374, -1.56137098,  0.50893269, -0.10028129,\n         2.23711154],\n       [ 5.61140222,  3.46685374, -1.56137098,  0.50893269, -0.1002813 ,\n         2.23711155],\n       [ 5.61140223,  3.46685373, -1.56137097,  0.50893269, -0.10028128,\n         2.23711153],\n       [ 5.61140223,  3.46685375, -1.56137098,  0.50893269, -0.10028128,\n         2.23711153],\n       [ 5.61140223,  3.46685373, -1.56137098,  0.50893269, -0.10028129,\n         2.23711154],\n       [ 5.61140223,  3.46685374, -1.56137098,  0.50893269, -0.10028129,\n         2.23711154],\n       [ 5.61140223,  3.46685374, -1.56137098,  0.50893269, -0.1002813 ,\n         2.23711155]]), array([0.0216592, 0.0216592, 0.0216592, 0.0216592, 0.0216592, 0.0216592,\n       0.0216592]))", "callback": [0.8136605092372726, 0.6180362982892218, 0.579397811877866, 0.5482371718884935, 0.5355418364851708, 0.5021369561713358, 0.5021369561713358, 0.501811977428774, 0.49975247029672065, 0.4333016058308883, 0.1703264852051688, 0.14702611708398472, 0.09997592839353608, 0.08741995157593974, 0.08375464844629987, 0.08209146177623927, 0.08172805796336746, 0.0816441960165466, 0.08120743744407921, 0.07880645058282998, 0.07165036199650221, 0.06673744538531079, 0.05791948449452833, 0.0481512889828426, 0.04589009057009363, 0.03882137689872389, 0.028004713873935994, 0.02725479512279816, 0.02573382135398472, 0.023257030141975332, 0.02185179966159123, 0.021758609990029543, 0.021682716022736526, 0.021663620765073777, 0.0216605621824284, 0.021659431447170308, 0.021659262070893304, 0.021659228293028354, 0.021659207867245622, 0.021659206383756735, 0.02165920488421169, 0.021659204666025333, 0.02165920461986326, 0.021659204609219884, 0.02165920460837112, 0.021659204607920368, 0.021659204607860194, 0.021659204607831772, 0.021659204607830773, 0.021659204607829885]}, "6": {"maxiter": 500, "fatol": 1e-10, "xatol": 1e-05, "duration": 0.1750490665435791, "fun": "0.021659204608681315", "nit": "440", "nfev": "701", "status": "0", "success": "True", "message": "Optimization terminated successfully.", "x": "[ 5.6114016   3.46685349 -1.56137272  0.50893281 -0.1002852   2.23711513]", "final_simplex": "(array([[ 5.6114016 ,  3.46685349, -1.56137272,  0.50893281, -0.1002852 ,\n         2.23711513],\n       [ 5.61140383,  3.46685285, -1.56137144,  0.50893307, -0.10027667,\n         2.23710627],\n       [ 5.61140102,  3.46685215, -1.56136888,  0.50893231, -0.1002826 ,\n         2.23711569],\n       [ 5.61140141,  3.46685564, -1.56137451,  0.50893292, -0.10028047,\n         2.23711094],\n       [ 5.61140376,  3.46685256, -1.56136727,  0.50893216, -0.10027976,\n         2.23711067],\n       [ 5.61140156,  3.46684928, -1.56136875,  0.50893242, -0.10028349,\n         2.2371172 ],\n       [ 5.6113987 ,  3.46685163, -1.56136973,  0.50893284, -0.10028465,\n         2.23711664]]), array([0.0216592, 0.0216592, 0.0216592, 0.0216592, 0.0216592, 0.0216592,\n       0.0216592]))", "callback": [0.8136605092372726, 0.6180362982892218, 0.579397811877866, 0.5482371718884935, 0.5355418364851708, 0.5021369561713358, 0.5021369561713358, 0.501811977428774, 0.49975247029672065, 0.4333016058308883, 0.1703264852051688, 0.14702611708398472, 0.09997592839353608, 0.08741995157593974, 0.08375464844629987, 0.08209146177623927, 0.08172805796336746, 0.0816441960165466, 0.08120743744407921, 0.07880645058282998, 0.07165036199650221, 0.06673744538531079, 0.05791948449452833, 0.0481512889828426, 0.04589009057009363, 0.03882137689872389, 0.028004713873935994, 0.02725479512279816, 0.02573382135398472, 0.023257030141975332, 0.02185179966159123, 0.021758609990029543, 0.021682716022736526, 0.021663620765073777, 0.0216605621824284, 0.021659431447170308, 0.021659262070893304, 0.021659228293028354, 0.021659207867245622, 0.021659206383756735, 0.02165920488421169, 0.021659204666025333, 0.02165920461986326, 0.021659204609219884]}, "7": {"maxiter": 500, "fatol": 1e-10, "xatol": 1e-10, "duration": 0.1943349838256836, "fun": "0.021659204607829774", "nit": "500", "nfev": "820", "status": "2", "success": "False", "message": "Maximum number of iterations has been exceeded.", "x": "[ 5.61140222  3.46685374 -1.56137098  0.50893269 -0.10028129  2.23711154]", "final_simplex": "(array([[ 5.61140222,  3.46685374, -1.56137098,  0.50893269, -0.10028129,\n         2.23711154],\n       [ 5.61140222,  3.46685374, -1.56137098,  0.50893269, -0.1002813 ,\n         2.23711155],\n       [ 5.61140223,  3.46685373, -1.56137097,  0.50893269, -0.10028128,\n         2.23711153],\n       [ 5.61140223,  3.46685375, -1.56137098,  0.50893269, -0.10028128,\n         2.23711153],\n       [ 5.61140223,  3.46685373, -1.56137098,  0.50893269, -0.10028129,\n         2.23711154],\n       [ 5.61140223,  3.46685374, -1.56137098,  0.50893269, -0.10028129,\n         2.23711154],\n       [ 5.61140223,  3.46685374, -1.56137098,  0.50893269, -0.1002813 ,\n         2.23711155]]), array([0.0216592, 0.0216592, 0.0216592, 0.0216592, 0.0216592, 0.0216592,\n       0.0216592]))", "callback": [0.8136605092372726, 0.6180362982892218, 0.579397811877866, 0.5482371718884935, 0.5355418364851708, 0.5021369561713358, 0.5021369561713358, 0.501811977428774, 0.49975247029672065, 0.4333016058308883, 0.1703264852051688, 0.14702611708398472, 0.09997592839353608, 0.08741995157593974, 0.08375464844629987, 0.08209146177623927, 0.08172805796336746, 0.0816441960165466, 0.08120743744407921, 0.07880645058282998, 0.07165036199650221, 0.06673744538531079, 0.05791948449452833, 0.0481512889828426, 0.04589009057009363, 0.03882137689872389, 0.028004713873935994, 0.02725479512279816, 0.02573382135398472, 0.023257030141975332, 0.02185179966159123, 0.021758609990029543, 0.021682716022736526, 0.021663620765073777, 0.0216605621824284, 0.021659431447170308, 0.021659262070893304, 0.021659228293028354, 0.021659207867245622, 0.021659206383756735, 0.02165920488421169, 0.021659204666025333, 0.02165920461986326, 0.021659204609219884, 0.02165920460837112, 0.021659204607920368, 0.021659204607860194, 0.021659204607831772, 0.021659204607830773, 0.021659204607829885]}, "8": {"maxiter": 1000, "fatol": 1e-05, "xatol": 1e-05, "duration": 0.17004799842834473, "fun": "0.021659204608681315", "nit": "440", "nfev": "701", "status": "0", "success": "True", "message": "Optimization terminated successfully.", "x": "[ 5.6114016   3.46685349 -1.56137272  0.50893281 -0.1002852   2.23711513]", "final_simplex": "(array([[ 5.6114016 ,  3.46685349, -1.56137272,  0.50893281, -0.1002852 ,\n         2.23711513],\n       [ 5.61140383,  3.46685285, -1.56137144,  0.50893307, -0.10027667,\n         2.23710627],\n       [ 5.61140102,  3.46685215, -1.56136888,  0.50893231, -0.1002826 ,\n         2.23711569],\n       [ 5.61140141,  3.46685564, -1.56137451,  0.50893292, -0.10028047,\n         2.23711094],\n       [ 5.61140376,  3.46685256, -1.56136727,  0.50893216, -0.10027976,\n         2.23711067],\n       [ 5.61140156,  3.46684928, -1.56136875,  0.50893242, -0.10028349,\n         2.2371172 ],\n       [ 5.6113987 ,  3.46685163, -1.56136973,  0.50893284, -0.10028465,\n         2.23711664]]), array([0.0216592, 0.0216592, 0.0216592, 0.0216592, 0.0216592, 0.0216592,\n       0.0216592]))", "callback": [0.8136605092372726, 0.6180362982892218, 0.579397811877866, 0.5482371718884935, 0.5355418364851708, 0.5021369561713358, 0.5021369561713358, 0.501811977428774, 0.49975247029672065, 0.4333016058308883, 0.1703264852051688, 0.14702611708398472, 0.09997592839353608, 0.08741995157593974, 0.08375464844629987, 0.08209146177623927, 0.08172805796336746, 0.0816441960165466, 0.08120743744407921, 0.07880645058282998, 0.07165036199650221, 0.06673744538531079, 0.05791948449452833, 0.0481512889828426, 0.04589009057009363, 0.03882137689872389, 0.028004713873935994, 0.02725479512279816, 0.02573382135398472, 0.023257030141975332, 0.02185179966159123, 0.021758609990029543, 0.021682716022736526, 0.021663620765073777, 0.0216605621824284, 0.021659431447170308, 0.021659262070893304, 0.021659228293028354, 0.021659207867245622, 0.021659206383756735, 0.02165920488421169, 0.021659204666025333, 0.02165920461986326, 0.021659204609219884]}, "9": {"maxiter": 1000, "fatol": 1e-05, "xatol": 1e-10, "duration": 0.2120039463043213, "fun": "0.021659204607829774", "nit": "520", "nfev": "900", "status": "0", "success": "True", "message": "Optimization terminated successfully.", "x": "[ 5.61140222  3.46685374 -1.56137098  0.50893269 -0.10028129  2.23711154]", "final_simplex": "(array([[ 5.61140222,  3.46685374, -1.56137098,  0.50893269, -0.10028129,\n         2.23711154],\n       [ 5.61140222,  3.46685374, -1.56137098,  0.50893269, -0.10028129,\n         2.23711154],\n       [ 5.61140222,  3.46685374, -1.56137098,  0.50893269, -0.10028129,\n         2.23711154],\n       [ 5.61140222,  3.46685374, -1.56137098,  0.50893269, -0.10028129,\n         2.23711154],\n       [ 5.61140222,  3.46685374, -1.56137098,  0.50893269, -0.10028129,\n         2.23711154],\n       [ 5.61140222,  3.46685374, -1.56137098,  0.50893269, -0.10028129,\n         2.23711154],\n       [ 5.61140222,  3.46685374, -1.56137098,  0.50893269, -0.10028129,\n         2.23711154]]), array([0.0216592, 0.0216592, 0.0216592, 0.0216592, 0.0216592, 0.0216592,\n       0.0216592]))", "callback": [0.8136605092372726, 0.6180362982892218, 0.579397811877866, 0.5482371718884935, 0.5355418364851708, 0.5021369561713358, 0.5021369561713358, 0.501811977428774, 0.49975247029672065, 0.4333016058308883, 0.1703264852051688, 0.14702611708398472, 0.09997592839353608, 0.08741995157593974, 0.08375464844629987, 0.08209146177623927, 0.08172805796336746, 0.0816441960165466, 0.08120743744407921, 0.07880645058282998, 0.07165036199650221, 0.06673744538531079, 0.05791948449452833, 0.0481512889828426, 0.04589009057009363, 0.03882137689872389, 0.028004713873935994, 0.02725479512279816, 0.02573382135398472, 0.023257030141975332, 0.02185179966159123, 0.021758609990029543, 0.021682716022736526, 0.021663620765073777, 0.0216605621824284, 0.021659431447170308, 0.021659262070893304, 0.021659228293028354, 0.021659207867245622, 0.021659206383756735, 0.02165920488421169, 0.021659204666025333, 0.02165920461986326, 0.021659204609219884, 0.02165920460837112, 0.021659204607920368, 0.021659204607860194, 0.021659204607831772, 0.021659204607830773, 0.021659204607829885, 0.021659204607829774, 0.021659204607829774]}, "10": {"maxiter": 1000, "fatol": 1e-10, "xatol": 1e-05, "duration": 0.16394996643066406, "fun": "0.021659204608681315", "nit": "440", "nfev": "701", "status": "0", "success": "True", "message": "Optimization terminated successfully.", "x": "[ 5.6114016   3.46685349 -1.56137272  0.50893281 -0.1002852   2.23711513]", "final_simplex": "(array([[ 5.6114016 ,  3.46685349, -1.56137272,  0.50893281, -0.1002852 ,\n         2.23711513],\n       [ 5.61140383,  3.46685285, -1.56137144,  0.50893307, -0.10027667,\n         2.23710627],\n       [ 5.61140102,  3.46685215, -1.56136888,  0.50893231, -0.1002826 ,\n         2.23711569],\n       [ 5.61140141,  3.46685564, -1.56137451,  0.50893292, -0.10028047,\n         2.23711094],\n       [ 5.61140376,  3.46685256, -1.56136727,  0.50893216, -0.10027976,\n         2.23711067],\n       [ 5.61140156,  3.46684928, -1.56136875,  0.50893242, -0.10028349,\n         2.2371172 ],\n       [ 5.6113987 ,  3.46685163, -1.56136973,  0.50893284, -0.10028465,\n         2.23711664]]), array([0.0216592, 0.0216592, 0.0216592, 0.0216592, 0.0216592, 0.0216592,\n       0.0216592]))", "callback": [0.8136605092372726, 0.6180362982892218, 0.579397811877866, 0.5482371718884935, 0.5355418364851708, 0.5021369561713358, 0.5021369561713358, 0.501811977428774, 0.49975247029672065, 0.4333016058308883, 0.1703264852051688, 0.14702611708398472, 0.09997592839353608, 0.08741995157593974, 0.08375464844629987, 0.08209146177623927, 0.08172805796336746, 0.0816441960165466, 0.08120743744407921, 0.07880645058282998, 0.07165036199650221, 0.06673744538531079, 0.05791948449452833, 0.0481512889828426, 0.04589009057009363, 0.03882137689872389, 0.028004713873935994, 0.02725479512279816, 0.02573382135398472, 0.023257030141975332, 0.02185179966159123, 0.021758609990029543, 0.021682716022736526, 0.021663620765073777, 0.0216605621824284, 0.021659431447170308, 0.021659262070893304, 0.021659228293028354, 0.021659207867245622, 0.021659206383756735, 0.02165920488421169, 0.021659204666025333, 0.02165920461986326, 0.021659204609219884]}, "11": {"maxiter": 1000, "fatol": 1e-10, "xatol": 1e-10, "duration": 0.207183837890625, "fun": "0.021659204607829774", "nit": "520", "nfev": "900", "status": "0", "success": "True", "message": "Optimization terminated successfully.", "x": "[ 5.61140222  3.46685374 -1.56137098  0.50893269 -0.10028129  2.23711154]", "final_simplex": "(array([[ 5.61140222,  3.46685374, -1.56137098,  0.50893269, -0.10028129,\n         2.23711154],\n       [ 5.61140222,  3.46685374, -1.56137098,  0.50893269, -0.10028129,\n         2.23711154],\n       [ 5.61140222,  3.46685374, -1.56137098,  0.50893269, -0.10028129,\n         2.23711154],\n       [ 5.61140222,  3.46685374, -1.56137098,  0.50893269, -0.10028129,\n         2.23711154],\n       [ 5.61140222,  3.46685374, -1.56137098,  0.50893269, -0.10028129,\n         2.23711154],\n       [ 5.61140222,  3.46685374, -1.56137098,  0.50893269, -0.10028129,\n         2.23711154],\n       [ 5.61140222,  3.46685374, -1.56137098,  0.50893269, -0.10028129,\n         2.23711154]]), array([0.0216592, 0.0216592, 0.0216592, 0.0216592, 0.0216592, 0.0216592,\n       0.0216592]))", "callback": [0.8136605092372726, 0.6180362982892218, 0.579397811877866, 0.5482371718884935, 0.5355418364851708, 0.5021369561713358, 0.5021369561713358, 0.501811977428774, 0.49975247029672065, 0.4333016058308883, 0.1703264852051688, 0.14702611708398472, 0.09997592839353608, 0.08741995157593974, 0.08375464844629987, 0.08209146177623927, 0.08172805796336746, 0.0816441960165466, 0.08120743744407921, 0.07880645058282998, 0.07165036199650221, 0.06673744538531079, 0.05791948449452833, 0.0481512889828426, 0.04589009057009363, 0.03882137689872389, 0.028004713873935994, 0.02725479512279816, 0.02573382135398472, 0.023257030141975332, 0.02185179966159123, 0.021758609990029543, 0.021682716022736526, 0.021663620765073777, 0.0216605621824284, 0.021659431447170308, 0.021659262070893304, 0.021659228293028354, 0.021659207867245622, 0.021659206383756735, 0.02165920488421169, 0.021659204666025333, 0.02165920461986326, 0.021659204609219884, 0.02165920460837112, 0.021659204607920368, 0.021659204607860194, 0.021659204607831772, 0.021659204607830773, 0.021659204607829885, 0.021659204607829774, 0.021659204607829774]}}, "bfgs": {"type": "gradient", "0": {"maxiter": 100, "gtol": 1e-05, "xrtol": 1e-05, "eps": 1e-05, "duration": 0.09738993644714355, "fun": "0.021659205587675423", "jac": "[ 8.64708305e-07  1.07430731e-06 -1.26906263e-06 -5.70654635e-09\n  5.88729066e-07 -4.44977388e-08]", "hess_inv": "[[  5.30413478   3.36643074   3.22826903  -6.90714669  -6.79446386\n   -7.34863725]\n [  3.36643074  33.51972559   1.9571662  -23.24441919 -56.46323477\n  -50.1268942 ]\n [  3.22826903   1.9571662    3.17995711  -4.06949126  -2.64595882\n   -2.97999356]\n [ -6.90714669 -23.24441919  -4.06949126  22.78235411  40.21900427\n   37.17909905]\n [ -6.79446386 -56.46323477  -2.64595882  40.21900427 101.34323532\n   90.59005961]\n [ -7.34863725 -50.1268942   -2.97999356  37.17909905  90.59005961\n   83.58394707]]", "nfev": "413", "njev": "59", "status": "0", "success": "True", "message": "Optimization terminated successfully.", "x": "[-0.10255441  3.9186411   0.94713397  2.63180242  4.27067793 -0.21988127]", "nit": "46", "callback": [0.554157000143076, 0.5404621617797047, 0.5172523864883296, 0.4981078168184798, 0.4975012065335296, 0.49282828388605626, 0.42200053481648125, 0.42027019284252765, 0.35230965657418745, 0.2369559845744642, 0.15870050193341012, 0.11051925051015699, 0.08381961455584552, 0.07498142255867746, 0.0719917043309325, 0.06856499013719253, 0.06764812773760254, 0.06731218228282021, 0.06671222336678695, 0.0655833045521993, 0.06344158866229732, 0.05974873477659659, 0.05617311331891983, 0.05187044337016844, 0.0443653671135853, 0.03550883235854374, 0.033783401021874715, 0.032851709709637245, 0.03230171875059207, 0.03133234763705006, 0.029628188482453077, 0.02688322791066522, 0.024000620057376798, 0.023584785983730594, 0.022898989527611713, 0.0220384490980029, 0.02177993310382298, 0.02174256019542753, 0.02169725119340793, 0.021681014068586357, 0.02166397859794489, 0.021659877903079883, 0.021659262991094774, 0.021659208102274174, 0.02165920583121017, 0.021659205587675423]}, "1": {"maxiter": 100, "gtol": 1e-05, "xrtol": 1e-05, "eps": 1e-10, "duration": 0.09504389762878418, "fun": "0.02165920552205236", "jac": "[-8.88178469e-06  1.11022293e-06 -2.22044587e-06 -2.22044587e-06\n -2.22044587e-06 -2.22044587e-06]", "hess_inv": "[[  5.59313682   3.41916583   3.35322407  -7.04964802  -7.03048527\n   -7.8569179 ]\n [  3.41916583  26.81224945   1.597632   -18.14932997 -46.09876156\n  -41.52058168]\n [  3.35322407   1.597632     3.24033056  -3.92254998  -2.07039244\n   -2.64399663]\n [ -7.04964802 -18.14932997  -3.92254998  18.91762114  32.28567868\n   30.62924501]\n [ -7.03048527 -46.09876156  -2.07039244  32.28567868  85.58430376\n   77.65082816]\n [ -7.8569179  -41.52058168  -2.64399663  30.62924501  77.65082816\n   72.94994445]]", "nfev": "406", "njev": "58", "status": "0", "success": "True", "message": "Optimization terminated successfully.", "x": "[-0.10341364  3.93011314  0.93087806  2.63484471  4.27853058 -0.21167005]", "nit": "45", "callback": [0.554156911819901, 0.5404625993363709, 0.5172533917400723, 0.4981079842903888, 0.4975013673431268, 0.49283207125552164, 0.4220110317276351, 0.4202815525711695, 0.35235532043778994, 0.23705758282250122, 0.15876258943954846, 0.110654180621797, 0.0838774661085282, 0.07502636263762863, 0.07201120464581257, 0.06855723613175102, 0.06763283079301763, 0.06729544126562348, 0.06669293050354708, 0.06555899222744399, 0.06340905487875437, 0.05971167965660784, 0.056178867267355215, 0.05183753536654945, 0.044285762952495755, 0.035521710466325684, 0.03372645914460648, 0.0328016525108783, 0.03224065227830475, 0.03126585149388683, 0.029550221011651945, 0.026782181404717553, 0.023954806418286623, 0.023537739158175808, 0.02284931616340935, 0.022032707074200797, 0.02179993502197497, 0.021732834427028003, 0.021706842814388283, 0.021682743901232038, 0.0216614054892037, 0.021659413677365125, 0.021659264938966638, 0.02165920813382316, 0.02165920552205236]}, "2": {"maxiter": 100, "gtol": 1e-05, "xrtol": 1e-10, "eps": 1e-05, "duration": 0.09733295440673828, "fun": "0.021659205587675423", "jac": "[ 8.64708305e-07  1.07430731e-06 -1.26906263e-06 -5.70654635e-09\n  5.88729066e-07 -4.44977388e-08]", "hess_inv": "[[  5.30413478   3.36643074   3.22826903  -6.90714669  -6.79446386\n   -7.34863725]\n [  3.36643074  33.51972559   1.9571662  -23.24441919 -56.46323477\n  -50.1268942 ]\n [  3.22826903   1.9571662    3.17995711  -4.06949126  -2.64595882\n   -2.97999356]\n [ -6.90714669 -23.24441919  -4.06949126  22.78235411  40.21900427\n   37.17909905]\n [ -6.79446386 -56.46323477  -2.64595882  40.21900427 101.34323532\n   90.59005961]\n [ -7.34863725 -50.1268942   -2.97999356  37.17909905  90.59005961\n   83.58394707]]", "nfev": "413", "njev": "59", "status": "0", "success": "True", "message": "Optimization terminated successfully.", "x": "[-0.10255441  3.9186411   0.94713397  2.63180242  4.27067793 -0.21988127]", "nit": "46", "callback": [0.554157000143076, 0.5404621617797047, 0.5172523864883296, 0.4981078168184798, 0.4975012065335296, 0.49282828388605626, 0.42200053481648125, 0.42027019284252765, 0.35230965657418745, 0.2369559845744642, 0.15870050193341012, 0.11051925051015699, 0.08381961455584552, 0.07498142255867746, 0.0719917043309325, 0.06856499013719253, 0.06764812773760254, 0.06731218228282021, 0.06671222336678695, 0.0655833045521993, 0.06344158866229732, 0.05974873477659659, 0.05617311331891983, 0.05187044337016844, 0.0443653671135853, 0.03550883235854374, 0.033783401021874715, 0.032851709709637245, 0.03230171875059207, 0.03133234763705006, 0.029628188482453077, 0.02688322791066522, 0.024000620057376798, 0.023584785983730594, 0.022898989527611713, 0.0220384490980029, 0.02177993310382298, 0.02174256019542753, 0.02169725119340793, 0.021681014068586357, 0.02166397859794489, 0.021659877903079883, 0.021659262991094774, 0.021659208102274174, 0.02165920583121017, 0.021659205587675423]}, "3": {"maxiter": 100, "gtol": 1e-05, "xrtol": 1e-10, "eps": 1e-10, "duration": 0.09586501121520996, "fun": "0.02165920552205236", "jac": "[-8.88178469e-06  1.11022293e-06 -2.22044587e-06 -2.22044587e-06\n -2.22044587e-06 -2.22044587e-06]", "hess_inv": "[[  5.59313682   3.41916583   3.35322407  -7.04964802  -7.03048527\n   -7.8569179 ]\n [  3.41916583  26.81224945   1.597632   -18.14932997 -46.09876156\n  -41.52058168]\n [  3.35322407   1.597632     3.24033056  -3.92254998  -2.07039244\n   -2.64399663]\n [ -7.04964802 -18.14932997  -3.92254998  18.91762114  32.28567868\n   30.62924501]\n [ -7.03048527 -46.09876156  -2.07039244  32.28567868  85.58430376\n   77.65082816]\n [ -7.8569179  -41.52058168  -2.64399663  30.62924501  77.65082816\n   72.94994445]]", "nfev": "406", "njev": "58", "status": "0", "success": "True", "message": "Optimization terminated successfully.", "x": "[-0.10341364  3.93011314  0.93087806  2.63484471  4.27853058 -0.21167005]", "nit": "45", "callback": [0.554156911819901, 0.5404625993363709, 0.5172533917400723, 0.4981079842903888, 0.4975013673431268, 0.49283207125552164, 0.4220110317276351, 0.4202815525711695, 0.35235532043778994, 0.23705758282250122, 0.15876258943954846, 0.110654180621797, 0.0838774661085282, 0.07502636263762863, 0.07201120464581257, 0.06855723613175102, 0.06763283079301763, 0.06729544126562348, 0.06669293050354708, 0.06555899222744399, 0.06340905487875437, 0.05971167965660784, 0.056178867267355215, 0.05183753536654945, 0.044285762952495755, 0.035521710466325684, 0.03372645914460648, 0.0328016525108783, 0.03224065227830475, 0.03126585149388683, 0.029550221011651945, 0.026782181404717553, 0.023954806418286623, 0.023537739158175808, 0.02284931616340935, 0.022032707074200797, 0.02179993502197497, 0.021732834427028003, 0.021706842814388283, 0.021682743901232038, 0.0216614054892037, 0.021659413677365125, 0.021659264938966638, 0.02165920813382316, 0.02165920552205236]}, "4": {"maxiter": 100, "gtol": 1e-10, "xrtol": 1e-05, "eps": 1e-05, "duration": 0.09568095207214355, "fun": "0.021659205587675423", "jac": "[ 8.64708305e-07  1.07430731e-06 -1.26906263e-06 -5.70654635e-09\n  5.88729066e-07 -4.44977388e-08]", "hess_inv": "[[  5.30413478   3.36643074   3.22826903  -6.90714669  -6.79446386\n   -7.34863725]\n [  3.36643074  33.51972559   1.9571662  -23.24441919 -56.46323477\n  -50.1268942 ]\n [  3.22826903   1.9571662    3.17995711  -4.06949126  -2.64595882\n   -2.97999356]\n [ -6.90714669 -23.24441919  -4.06949126  22.78235411  40.21900427\n   37.17909905]\n [ -6.79446386 -56.46323477  -2.64595882  40.21900427 101.34323532\n   90.59005961]\n [ -7.34863725 -50.1268942   -2.97999356  37.17909905  90.59005961\n   83.58394707]]", "nfev": "413", "njev": "59", "status": "0", "success": "True", "message": "Optimization terminated successfully.", "x": "[-0.10255441  3.9186411   0.94713397  2.63180242  4.27067793 -0.21988127]", "nit": "46", "callback": [0.554157000143076, 0.5404621617797047, 0.5172523864883296, 0.4981078168184798, 0.4975012065335296, 0.49282828388605626, 0.42200053481648125, 0.42027019284252765, 0.35230965657418745, 0.2369559845744642, 0.15870050193341012, 0.11051925051015699, 0.08381961455584552, 0.07498142255867746, 0.0719917043309325, 0.06856499013719253, 0.06764812773760254, 0.06731218228282021, 0.06671222336678695, 0.0655833045521993, 0.06344158866229732, 0.05974873477659659, 0.05617311331891983, 0.05187044337016844, 0.0443653671135853, 0.03550883235854374, 0.033783401021874715, 0.032851709709637245, 0.03230171875059207, 0.03133234763705006, 0.029628188482453077, 0.02688322791066522, 0.024000620057376798, 0.023584785983730594, 0.022898989527611713, 0.0220384490980029, 0.02177993310382298, 0.02174256019542753, 0.02169725119340793, 0.021681014068586357, 0.02166397859794489, 0.021659877903079883, 0.021659262991094774, 0.021659208102274174, 0.02165920583121017, 0.021659205587675423]}, "5": {"maxiter": 100, "gtol": 1e-10, "xrtol": 1e-05, "eps": 1e-10, "duration": 0.1015779972076416, "fun": "0.021659204690106626", "jac": "[ 6.66133852e-06  1.11022293e-06 -2.22044587e-06  1.11022293e-06\n -1.11022293e-06 -1.11022293e-06]", "hess_inv": "[[  5.59459592   4.48752374   3.28354661  -7.67254496  -8.95036568\n   -9.55064215]\n [  4.48752374  20.38428405   2.63046898 -15.96808459 -33.85202244\n  -30.50024322]\n [  3.28354661   2.63046898   3.10005095  -4.38851662  -4.08706544\n   -4.46511196]\n [ -7.67254496 -15.96808459  -4.38851662  18.52127155  28.06975414\n   26.80717397]\n [ -8.95036568 -33.85202244  -4.08706544  28.06975414  61.8771547\n   56.22224762]\n [ -9.55064215 -30.50024322  -4.46511196  26.80717397  56.22224762\n   53.55111556]]", "nfev": "441", "njev": "63", "status": "0", "success": "True", "message": "Optimization terminated successfully.", "x": "[-0.10342526  3.92983242  0.93088026  2.6350393   4.27901816 -0.21123483]", "nit": "48", "callback": [0.554156911819901, 0.5404625993363709, 0.5172533917400723, 0.4981079842903888, 0.4975013673431268, 0.49283207125552164, 0.4220110317276351, 0.4202815525711695, 0.35235532043778994, 0.23705758282250122, 0.15876258943954846, 0.110654180621797, 0.0838774661085282, 0.07502636263762863, 0.07201120464581257, 0.06855723613175102, 0.06763283079301763, 0.06729544126562348, 0.06669293050354708, 0.06555899222744399, 0.06340905487875437, 0.05971167965660784, 0.056178867267355215, 0.05183753536654945, 0.044285762952495755, 0.035521710466325684, 0.03372645914460648, 0.0328016525108783, 0.03224065227830475, 0.03126585149388683, 0.029550221011651945, 0.026782181404717553, 0.023954806418286623, 0.023537739158175808, 0.02284931616340935, 0.022032707074200797, 0.02179993502197497, 0.021732834427028003, 0.021706842814388283, 0.021682743901232038, 0.0216614054892037, 0.021659413677365125, 0.021659264938966638, 0.02165920813382316, 0.02165920552205236, 0.0216592048375448, 0.021659204736988236, 0.021659204690106626]}, "6": {"maxiter": 100, "gtol": 1e-10, "xrtol": 1e-10, "eps": 1e-05, "duration": 0.15427923202514648, "fun": "0.02165920476266958", "jac": "[ 8.90720830e-06 -4.99478237e-07 -1.12764242e-06  8.82447448e-06\n -2.20070628e-06  2.67030842e-06]", "hess_inv": "[[    7.65304003   -57.22418794    73.60216126   -11.74927965\n    -23.35262595   -26.89399545]\n [  -57.22418794  1280.37591271 -1544.77098353   148.36676463\n    441.26989508   501.33704123]\n [   73.60216126 -1544.77098353  1883.19615935  -188.6996635\n   -558.24303765  -628.28972644]\n [  -11.74927965   148.36676463  -188.6996635     25.77706879\n     63.57484291    70.16333912]\n [  -23.35262595   441.26989508  -558.24303765    63.57484291\n    201.26395627   216.85454007]\n [  -26.89399545   501.33704123  -628.28972644    70.16333912\n    216.85454007   238.26448365]]", "nfev": "691", "njev": "97", "status": "2", "success": "False", "message": "Desired error not necessarily achieved due to precision loss.", "x": "[-0.10254325  3.9179289   0.94784378  2.63183116  4.2706696  -0.21993315]", "nit": "53", "callback": [0.554157000143076, 0.5404621617797047, 0.5172523864883296, 0.4981078168184798, 0.4975012065335296, 0.49282828388605626, 0.42200053481648125, 0.42027019284252765, 0.35230965657418745, 0.2369559845744642, 0.15870050193341012, 0.11051925051015699, 0.08381961455584552, 0.07498142255867746, 0.0719917043309325, 0.06856499013719253, 0.06764812773760254, 0.06731218228282021, 0.06671222336678695, 0.0655833045521993, 0.06344158866229732, 0.05974873477659659, 0.05617311331891983, 0.05187044337016844, 0.0443653671135853, 0.03550883235854374, 0.033783401021874715, 0.032851709709637245, 0.03230171875059207, 0.03133234763705006, 0.029628188482453077, 0.02688322791066522, 0.024000620057376798, 0.023584785983730594, 0.022898989527611713, 0.0220384490980029, 0.02177993310382298, 0.02174256019542753, 0.02169725119340793, 0.021681014068586357, 0.02166397859794489, 0.021659877903079883, 0.021659262991094774, 0.021659208102274174, 0.02165920583121017, 0.021659205587675423, 0.02165920555086598, 0.021659205468591347, 0.021659205354912947, 0.02165920518657749, 0.021659204975531976, 0.02165920479880934, 0.02165920476266958]}, "7": {"maxiter": 100, "gtol": 1e-10, "xrtol": 1e-10, "eps": 1e-10, "duration": 0.13951897621154785, "fun": "0.02165920464156046", "jac": "[ 0.00000000e+00  0.00000000e+00 -1.11022293e-06  0.00000000e+00\n -1.11022293e-06  2.22044587e-06]", "hess_inv": "[[2.33382718 1.64509534 2.28873781 1.29581631 0.4464347  1.27349199]\n [1.64509534 3.69283423 2.05850168 2.3279675  0.18978827 1.02127756]\n [2.28873781 2.05850168 2.71999359 1.64782659 0.52986262 1.64468578]\n [1.29581631 2.3279675  1.64782659 1.64607799 0.1140928  0.94863003]\n [0.4464347  0.18978827 0.52986262 0.1140928  0.39703176 0.40575414]\n [1.27349199 1.02127756 1.64468578 0.94863003 0.40575414 1.25284688]]", "nfev": "630", "njev": "90", "status": "0", "success": "True", "message": "Optimization terminated successfully.", "x": "[-0.10344281  3.92982634  0.93086985  2.63504392  4.27902798 -0.21122245]", "nit": "55", "callback": [0.554156911819901, 0.5404625993363709, 0.5172533917400723, 0.4981079842903888, 0.4975013673431268, 0.49283207125552164, 0.4220110317276351, 0.4202815525711695, 0.35235532043778994, 0.23705758282250122, 0.15876258943954846, 0.110654180621797, 0.0838774661085282, 0.07502636263762863, 0.07201120464581257, 0.06855723613175102, 0.06763283079301763, 0.06729544126562348, 0.06669293050354708, 0.06555899222744399, 0.06340905487875437, 0.05971167965660784, 0.056178867267355215, 0.05183753536654945, 0.044285762952495755, 0.035521710466325684, 0.03372645914460648, 0.0328016525108783, 0.03224065227830475, 0.03126585149388683, 0.029550221011651945, 0.026782181404717553, 0.023954806418286623, 0.023537739158175808, 0.02284931616340935, 0.022032707074200797, 0.02179993502197497, 0.021732834427028003, 0.021706842814388283, 0.021682743901232038, 0.0216614054892037, 0.021659413677365125, 0.021659264938966638, 0.02165920813382316, 0.02165920552205236, 0.0216592048375448, 0.021659204736988236, 0.021659204690106626, 0.02165920465875537, 0.021659204658614706, 0.021659204658269315, 0.021659204644867813, 0.021659204641788055, 0.02165920464156057, 0.02165920464156046]}, "8": {"maxiter": 500, "gtol": 1e-05, "xrtol": 1e-05, "eps": 1e-05, "duration": 0.09238719940185547, "fun": "0.021659205587675423", "jac": "[ 8.64708305e-07  1.07430731e-06 -1.2