{"conf_id": 7, "data_type": "random\n", "num_data_points": 1, "s_rank": 0, "unitary": "[[0.18663085-0.53122324j,-0.11886349-0.70040876j,0.28555095-0.02789305j,-0.12262021-0.2844587j],[-0.16702216+0.27758472j,0.27526351-0.29738586j,-0.01109314+0.22495461j,-0.77239203+0.28900673j],[0.61935415+0.12301792j,-0.31269928-0.03315917j,-0.61902762-0.19039079j,-0.27120731-0.0968989j],[0.42341754+0.0023929j,-0.05847358+0.47832119j,0.64900495-0.16218422j,-0.37182676-0.05229966j]]", "databatch_0": {"databatch": "[[[-0.30724944-0.07226345j,-0.11422927-0.18457684j,-0.00526877+0.09258005j,-0.08816574+0.14934976j],[-0.22998399+0.11541557j,-0.05537925+0.02697124j,-0.09957715-0.00771425j,0.08783137+0.082594j],[0.22874941-0.14020613j,-0.33481867-0.01711515j,0.53917983-0.10386151j,-0.14092349+0.15939892j],[-0.32998405-0.05798879j,-0.09749169-0.17596307j,-0.04182294+0.09171548j,-0.07208904+0.14434312j]]]", "nelder_mead": {"0": {"maxiter": 100, "fatol": 1e-05, "xatol": 1e-05, "duration": 0.03738212585449219, "fun": "0.3236924409866333", "nit": "100", "nfev": "155", "status": "2", "success": "False", "message": "Maximum number of iterations has been exceeded.", "x": "[3.88493803 4.58166028 0.8004192  3.5313212  2.24394318 3.83618227]", "final_simplex": "(array([[3.88493803, 4.58166028, 0.8004192 , 3.5313212 , 2.24394318,\n        3.83618227],\n       [3.7327166 , 4.63569134, 0.81674263, 3.86502947, 2.23948205,\n        3.62576886],\n       [3.35384202, 4.79753196, 0.82996674, 3.85697521, 1.84513136,\n        3.21055798],\n       [3.42146155, 4.64091536, 0.79600568, 3.79977645, 2.16713548,\n        3.59291696],\n       [3.41914186, 4.88729655, 0.83980987, 3.85130326, 1.96885683,\n        3.08492022],\n       [3.23610663, 4.75413019, 0.81751695, 3.77940974, 2.09598655,\n        3.13291247],\n       [3.15532755, 4.89231877, 0.82000678, 4.03257617, 1.808627  ,\n        2.9081142 ]]), array([0.32369244, 0.34934443, 0.36091116, 0.36187711, 0.36209452,\n       0.36770064, 0.36907056]))"}, "1": {"maxiter": 100, "fatol": 1e-05, "xatol": 1e-10, "duration": 0.036582231521606445, "fun": "0.3236924409866333", "nit": "100", "nfev": "155", "status": "2", "success": "False", "message": "Maximum number of iterations has been exceeded.", "x": "[3.88493803 4.58166028 0.8004192  3.5313212  2.24394318 3.83618227]", "final_simplex": "(array([[3.88493803, 4.58166028, 0.8004192 , 3.5313212 , 2.24394318,\n        3.83618227],\n       [3.7327166 , 4.63569134, 0.81674263, 3.86502947, 2.23948205,\n        3.62576886],\n       [3.35384202, 4.79753196, 0.82996674, 3.85697521, 1.84513136,\n        3.21055798],\n       [3.42146155, 4.64091536, 0.79600568, 3.79977645, 2.16713548,\n        3.59291696],\n       [3.41914186, 4.88729655, 0.83980987, 3.85130326, 1.96885683,\n        3.08492022],\n       [3.23610663, 4.75413019, 0.81751695, 3.77940974, 2.09598655,\n        3.13291247],\n       [3.15532755, 4.89231877, 0.82000678, 4.03257617, 1.808627  ,\n        2.9081142 ]]), array([0.32369244, 0.34934443, 0.36091116, 0.36187711, 0.36209452,\n       0.36770064, 0.36907056]))"}, "2": {"maxiter": 100, "fatol": 1e-10, "xatol": 1e-05, "duration": 0.035629987716674805, "fun": "0.3236924409866333", "nit": "100", "nfev": "155", "status": "2", "success": "False", "message": "Maximum number of iterations has been exceeded.", "x": "[3.88493803 4.58166028 0.8004192  3.5313212  2.24394318 3.83618227]", "final_simplex": "(array([[3.88493803, 4.58166028, 0.8004192 , 3.5313212 , 2.24394318,\n        3.83618227],\n       [3.7327166 , 4.63569134, 0.81674263, 3.86502947, 2.23948205,\n        3.62576886],\n       [3.35384202, 4.79753196, 0.82996674, 3.85697521, 1.84513136,\n        3.21055798],\n       [3.42146155, 4.64091536, 0.79600568, 3.79977645, 2.16713548,\n        3.59291696],\n       [3.41914186, 4.88729655, 0.83980987, 3.85130326, 1.96885683,\n        3.08492022],\n       [3.23610663, 4.75413019, 0.81751695, 3.77940974, 2.09598655,\n        3.13291247],\n       [3.15532755, 4.89231877, 0.82000678, 4.03257617, 1.808627  ,\n        2.9081142 ]]), array([0.32369244, 0.34934443, 0.36091116, 0.36187711, 0.36209452,\n       0.36770064, 0.36907056]))"}, "3": {"maxiter": 100, "fatol": 1e-10, "xatol": 1e-10, "duration": 0.03689002990722656, "fun": "0.3236924409866333", "nit": "100", "nfev": "155", "status": "2", "success": "False", "message": "Maximum number of iterations has been exceeded.", "x": "[3.88493803 4.58166028 0.8004192  3.5313212  2.24394318 3.83618227]", "final_simplex": "(array([[3.88493803, 4.58166028, 0.8004192 , 3.5313212 , 2.24394318,\n        3.83618227],\n       [3.7327166 , 4.63569134, 0.81674263, 3.86502947, 2.23948205,\n        3.62576886],\n       [3.35384202, 4.79753196, 0.82996674, 3.85697521, 1.84513136,\n        3.21055798],\n       [3.42146155, 4.64091536, 0.79600568, 3.79977645, 2.16713548,\n        3.59291696],\n       [3.41914186, 4.88729655, 0.83980987, 3.85130326, 1.96885683,\n        3.08492022],\n       [3.23610663, 4.75413019, 0.81751695, 3.77940974, 2.09598655,\n        3.13291247],\n       [3.15532755, 4.89231877, 0.82000678, 4.03257617, 1.808627  ,\n        2.9081142 ]]), array([0.32369244, 0.34934443, 0.36091116, 0.36187711, 0.36209452,\n       0.36770064, 0.36907056]))"}, "4": {"maxiter": 500, "fatol": 1e-05, "xatol": 1e-05, "duration": 0.16479992866516113, "fun": "0.18500688672065735", "nit": "424", "nfev": "688", "status": "0", "success": "True", "message": "Optimization terminated successfully.", "x": "[4.67964608 3.63656334 0.51617982 3.57656274 4.16978393 5.99024355]", "final_simplex": "(array([[4.67964608, 3.63656334, 0.51617982, 3.57656274, 4.16978393,\n        5.99024355],\n       [4.67964852, 3.63656118, 0.51618006, 3.57656508, 4.16978328,\n        5.99024294],\n       [4.67964481, 3.63656192, 0.51618133, 3.57656234, 4.16977771,\n        5.99023734],\n       [4.67964851, 3.63656173, 0.51618116, 3.57656391, 4.16978149,\n        5.99024328],\n       [4.67964516, 3.63656446, 0.51617522, 3.57656012, 4.16977866,\n        5.99023911],\n       [4.67964747, 3.63656511, 0.5161789 , 3.57656083, 4.16977779,\n        5.99023891],\n       [4.67964631, 3.63656265, 0.5161798 , 3.57656201, 4.16978218,\n        5.99024174]]), array([0.18500689, 0.18500689, 0.18500689, 0.18500689, 0.18500689,\n       0.18500689, 0.18500689]))"}, "5": {"maxiter": 500, "fatol": 1e-05, "xatol": 1e-10, "duration": 0.21315288543701172, "fun": "0.18500688672065735", "nit": "440", "nfev": "816", "status": "0", "success": "True", "message": "Optimization terminated successfully.", "x": "[4.67964608 3.63656334 0.51617982 3.57656274 4.16978393 5.99024355]", "final_simplex": "(array([[4.67964608, 3.63656334, 0.51617982, 3.57656274, 4.16978393,\n        5.99024355],\n       [4.67964608, 3.63656334, 0.51617982, 3.57656274, 4.16978393,\n        5.99024355],\n       [4.67964608, 3.63656334, 0.51617982, 3.57656274, 4.16978393,\n        5.99024355],\n       [4.67964608, 3.63656334, 0.51617982, 3.57656274, 4.16978393,\n        5.99024355],\n       [4.67964608, 3.63656334, 0.51617982, 3.57656274, 4.16978393,\n        5.99024355],\n       [4.67964608, 3.63656334, 0.51617982, 3.57656274, 4.16978393,\n        5.99024355],\n       [4.67964608, 3.63656334, 0.51617982, 3.57656274, 4.16978393,\n        5.99024355]]), array([0.18500689, 0.18500689, 0.18500689, 0.18500689, 0.18500689,\n       0.18500689, 0.18500689]))"}, "6": {"maxiter": 500, "fatol": 1e-10, "xatol": 1e-05, "duration": 0.18812322616577148, "fun": "0.18500688672065735", "nit": "424", "nfev": "688", "status": "0", "success": "True", "message": "Optimization terminated successfully.", "x": "[4.67964608 3.63656334 0.51617982 3.57656274 4.16978393 5.99024355]", "final_simplex": "(array([[4.67964608, 3.63656334, 0.51617982, 3.57656274, 4.16978393,\n        5.99024355],\n       [4.67964852, 3.63656118, 0.51618006, 3.57656508, 4.16978328,\n        5.99024294],\n       [4.67964481, 3.63656192, 0.51618133, 3.57656234, 4.16977771,\n        5.99023734],\n       [4.67964851, 3.63656173, 0.51618116, 3.57656391, 4.16978149,\n        5.99024328],\n       [4.67964516, 3.63656446, 0.51617522, 3.57656012, 4.16977866,\n        5.99023911],\n       [4.67964747, 3.63656511, 0.5161789 , 3.57656083, 4.16977779,\n        5.99023891],\n       [4.67964631, 3.63656265, 0.5161798 , 3.57656201, 4.16978218,\n        5.99024174]]), array([0.18500689, 0.18500689, 0.18500689, 0.18500689, 0.18500689,\n       0.18500689, 0.18500689]))"}, "7": {"maxiter": 500, "fatol": 1e-10, "xatol": 1e-10, "duration": 0.19574403762817383, "fun": "0.18500688672065735", "nit": "440", "nfev": "816", "status": "0", "success": "True", "message": "Optimization terminated successfully.", "x": "[4.67964608 3.63656334 0.51617982 3.57656274 4.16978393 5.99024355]", "final_simplex": "(array([[4.67964608, 3.63656334, 0.51617982, 3.57656274, 4.16978393,\n        5.99024355],\n       [4.67964608, 3.63656334, 0.51617982, 3.57656274, 4.16978393,\n        5.99024355],\n       [4.67964608, 3.63656334, 0.51617982, 3.57656274, 4.16978393,\n        5.99024355],\n       [4.67964608, 3.63656334, 0.51617982, 3.57656274, 4.16978393,\n        5.99024355],\n       [4.67964608, 3.63656334, 0.51617982, 3.57656274, 4.16978393,\n        5.99024355],\n       [4.67964608, 3.63656334, 0.51617982, 3.57656274, 4.16978393,\n        5.99024355],\n       [4.67964608, 3.63656334, 0.51617982, 3.57656274, 4.16978393,\n        5.99024355]]), array([0.18500689, 0.18500689, 0.18500689, 0.18500689, 0.18500689,\n       0.18500689, 0.18500689]))"}, "8": {"maxiter": 1000, "fatol": 1e-05, "xatol": 1e-05, "duration": 0.1631460189819336, "fun": "0.18500688672065735", "nit": "424", "nfev": "688", "status": "0", "success": "True", "message": "Optimization terminated successfully.", "x": "[4.67964608 3.63656334 0.51617982 3.57656274 4.16978393 5.99024355]", "final_simplex": "(array([[4.67964608, 3.63656334, 0.51617982, 3.57656274, 4.16978393,\n        5.99024355],\n       [4.67964852, 3.63656118, 0.51618006, 3.57656508, 4.16978328,\n        5.99024294],\n       [4.67964481, 3.63656192, 0.51618133, 3.57656234, 4.16977771,\n        5.99023734],\n       [4.67964851, 3.63656173, 0.51618116, 3.57656391, 4.16978149,\n        5.99024328],\n       [4.67964516, 3.63656446, 0.51617522, 3.57656012, 4.16977866,\n        5.99023911],\n       [4.67964747, 3.63656511, 0.5161789 , 3.57656083, 4.16977779,\n        5.99023891],\n       [4.67964631, 3.63656265, 0.5161798 , 3.57656201, 4.16978218,\n        5.99024174]]), array([0.18500689, 0.18500689, 0.18500689, 0.18500689, 0.18500689,\n       0.18500689, 0.18500689]))"}, "9": {"maxiter": 1000, "fatol": 1e-05, "xatol": 1e-10, "duration": 0.23060989379882812, "fun": "0.18500688672065735", "nit": "440", "nfev": "816", "status": "0", "success": "True", "message": "Optimization terminated successfully.", "x": "[4.67964608 3.63656334 0.51617982 3.57656274 4.16978393 5.99024355]", "final_simplex": "(array([[4.67964608, 3.63656334, 0.51617982, 3.57656274, 4.16978393,\n        5.99024355],\n       [4.67964608, 3.63656334, 0.51617982, 3.57656274, 4.16978393,\n        5.99024355],\n       [4.67964608, 3.63656334, 0.51617982, 3.57656274, 4.16978393,\n        5.99024355],\n       [4.67964608, 3.63656334, 0.51617982, 3.57656274, 4.16978393,\n        5.99024355],\n       [4.67964608, 3.63656334, 0.51617982, 3.57656274, 4.16978393,\n        5.99024355],\n       [4.67964608, 3.63656334, 0.51617982, 3.57656274, 4.16978393,\n        5.99024355],\n       [4.67964608, 3.63656334, 0.51617982, 3.57656274, 4.16978393,\n        5.99024355]]), array([0.18500689, 0.18500689, 0.18500689, 0.18500689, 0.18500689,\n       0.18500689, 0.18500689]))"}, "10": {"maxiter": 1000, "fatol": 1e-10, "xatol": 1e-05, "duration": 0.17270183563232422, "fun": "0.18500688672065735", "nit": "424", "nfev": "688", "status": "0", "success": "True", "message": "Optimization terminated successfully.", "x": "[4.67964608 3.63656334 0.51617982 3.57656274 4.16978393 5.99024355]", "final_simplex": "(array([[4.67964608, 3.63656334, 0.51617982, 3.57656274, 4.16978393,\n        5.99024355],\n       [4.67964852, 3.63656118, 0.51618006, 3.57656508, 4.16978328,\n        5.99024294],\n       [4.67964481, 3.63656192, 0.51618133, 3.57656234, 4.16977771,\n        5.99023734],\n       [4.67964851, 3.63656173, 0.51618116, 3.57656391, 4.16978149,\n        5.99024328],\n       [4.67964516, 3.63656446, 0.51617522, 3.57656012, 4.16977866,\n        5.99023911],\n       [4.67964747, 3.63656511, 0.5161789 , 3.57656083, 4.16977779,\n        5.99023891],\n       [4.67964631, 3.63656265, 0.5161798 , 3.57656201, 4.16978218,\n        5.99024174]]), array([0.18500689, 0.18500689, 0.18500689, 0.18500689, 0.18500689,\n       0.18500689, 0.18500689]))"}, "11": {"maxiter": 1000, "fatol": 1e-10, "xatol": 1e-10, "duration": 0.19146990776062012, "fun": "0.18500688672065735", "nit": "440", "nfev": "816", "status": "0", "success": "True", "message": "Optimization terminated successfully.", "x": "[4.67964608 3.63656334 0.51617982 3.57656274 4.16978393 5.99024355]", "final_simplex": "(array([[4.67964608, 3.63656334, 0.51617982, 3.57656274, 4.16978393,\n        5.99024355],\n       [4.67964608, 3.63656334, 0.51617982, 3.57656274, 4.16978393,\n        5.99024355],\n       [4.67964608, 3.63656334, 0.51617982, 3.57656274, 4.16978393,\n        5.99024355],\n       [4.67964608, 3.63656334, 0.51617982, 3.57656274, 4.16978393,\n        5.99024355],\n       [4.67964608, 3.63656334, 0.51617982, 3.57656274, 4.16978393,\n        5.99024355],\n       [4.67964608, 3.63656334, 0.51617982, 3.57656274, 4.16978393,\n        5.99024355],\n       [4.67964608, 3.63656334, 0.51617982, 3.57656274, 4.16978393,\n        5.99024355]]), array([0.18500689, 0.18500689, 0.18500689, 0.18500689, 0.18500689,\n       0.18500689, 0.18500689]))"}}, "bfgs": {"0": {"maxiter": 100, "gtol": 1e-05, "xrtol": 1e-05, "eps": 1e-05, "duration": 0.07326316833496094, "fun": "0.18501338362693787", "jac": "[0. 0. 0. 0. 0. 0.]", "hess_inv": "[[ 4.53874051 -2.15002321 -5.65025099 -1.44879065 -2.01154776 -3.60417826]\n [-2.15002321  2.1735565   2.85434242  0.5978685  -0.13128744  0.90734146]\n [-5.65025099  2.85434242 11.00107048  2.11743382  2.27838273  4.97563331]\n [-1.44879065  0.5978685   2.11743382  1.11916505  0.57492102  1.00413824]\n [-2.01154776 -0.13128744  2.27838273  0.57492102  2.12366768  2.52420753]\n [-3.60417826  0.90734146  4.97563331  1.00413824  2.52420753  5.28170978]]", "nfev": "273", "njev": "39", "status": "0", "success": "True", "message": "Optimization terminated successfully.", "x": "[ 1.6086637   6.77988297 -2.63161314  3.57036407  4.16204748 -0.30375119]", "nit": "30"}, "1": {"maxiter": 100, "gtol": 1e-05, "xrtol": 1e-05, "eps": 1e-10, "duration": 0.0021462440490722656, "fun": "0.9801376461982727", "jac": "[0. 0. 0. 0. 0. 0.]", "hess_inv": "[[1 0 0 0 0 0]\n [0 1 0 0 0 0]\n [0 0 1 0 0 0]\n [0 0 0 1 0 0]\n [0 0 0 0 1 0]\n [0 0 0 0 0 1]]", "nfev": "7", "njev": "1", "status": "0", "success": "True", "message": "Optimization terminated successfully.", "x": "[1.74670948 5.23831289 0.77790039 5.40865462 5.33702003 1.13889124]", "nit": "0"}, "2": {"maxiter": 100, "gtol": 1e-05, "xrtol": 1e-10, "eps": 1e-05, "duration": 0.0692739486694336, "fun": "0.18501338362693787", "jac": "[0. 0. 0. 0. 0. 0.]", "hess_inv": "[[ 4.53874051 -2.15002321 -5.65025099 -1.44879065 -2.01154776 -3.60417826]\n [-2.15002321  2.1735565   2.85434242  0.5978685  -0.13128744  0.90734146]\n [-5.65025099  2.85434242 11.00107048  2.11743382  2.27838273  4.97563331]\n [-1.44879065  0.5978685   2.11743382  1.11916505  0.57492102  1.00413824]\n [-2.01154776 -0.13128744  2.27838273  0.57492102  2.12366768  2.52420753]\n [-3.60417826  0.90734146  4.97563331  1.00413824  2.52420753  5.28170978]]", "nfev": "273", "njev": "39", "status": "0", "success": "True", "message": "Optimization terminated successfully.", "x": "[ 1.6086637   6.77988297 -2.63161314  3.57036407  4.16204748 -0.30375119]", "nit": "30"}, "3": {"maxiter": 100, "gtol": 1e-05, "xrtol": 1e-10, "eps": 1e-10, "duration": 0.0021932125091552734, "fun": "0.9801376461982727", "jac": "[0. 0. 0. 0. 0. 0.]", "hess_inv": "[[1 0 0 0 0 0]\n [0 1 0 0 0 0]\n [0 0 1 0 0 0]\n [0 0 0 1 0 0]\n [0 0 0 0 1 0]\n [0 0 0 0 0 1]]", "nfev": "7", "njev": "1", "status": "0", "success": "True", "message": "Optimization terminated successfully.", "x": "[1.74670948 5.23831289 0.77790039 5.40865462 5.33702003 1.13889124]", "nit": "0"}, "4": {"maxiter": 100, "gtol": 1e-10, "xrtol": 1e-05, "eps": 1e-05, "duration": 0.07466793060302734, "fun": "0.18501338362693787", "jac": "[0. 0. 0. 0. 0. 0.]", "hess_inv": "[[ 4.53874051 -2.15002321 -5.65025099 -1.44879065 -2.01154776 -3.60417826]\n [-2.15002321  2.1735565   2.85434242  0.5978685  -0.13128744  0.90734146]\n [-5.65025099  2.85434242 11.00107048  2.11743382  2.27838273  4.97563331]\n [-1.44879065  0.5978685   2.11743382  1.11916505  0.57492102  1.00413824]\n [-2.01154776 -0.13128744  2.27838273  0.57492102  2.12366768  2.52420753]\n [-3.60417826  0.90734146  4.97563331  1.00413824  2.52420753  5.28170978]]", "nfev": "273", "njev": "39", "status": "0", "success": "True", "message": "Optimization terminated successfully.", "x": "[ 1.6086637   6.77988297 -2.63161314  3.57036407  4.16204748 -0.30375119]", "nit": "30"}, "5": {"maxiter": 100, "gtol": 1e-10, "xrtol": 1e-05, "eps": 1e-10, "duration": 0.001935720443725586, "fun": "0.9801376461982727", "jac": "[0. 0. 0. 0. 0. 0.]", "hess_inv": "[[1 0 0 0 0 0]\n [0 1 0 0 0 0]\n [0 0 1 0 0 0]\n [0 0 0 1 0 0]\n [0 0 0 0 1 0]\n [0 0 0 0 0 1]]", "nfev": "7", "njev": "1", "status": "0", "success": "True", "message": "Optimization terminated successfully.", "x": "[1.74670948 5.23831289 0.77790039 5.40865462 5.33702003 1.13889124]", "nit": "0"}, "6": {"maxiter": 100, "gtol": 1e-10, "xrtol": 1e-10, "eps": 1e-05, "duration": 0.07281088829040527, "fun": "0.18501338362693787", "jac": "[0. 0. 0. 0. 0. 0.]", "hess_inv": "[[ 4.53874051 -2.15002321 -5.65025099 -1.44879065 -2.01154776 -3.60417826]\n [-2.15002321  2.1735565   2.85434242  0.5978685  -0.13128744  0.90734146]\n [-5.65025099  2.85434242 11.00107048  2.11743382  2.27838273  4.97563331]\n [-1.44879065  0.5978685   2.11743382  1.11916505  0.57492102  1.00413824]\n [-2.01154776 -0.13128744  2.27838273  0.57492102  2.12366768  2.52420753]\n [-3.60417826  0.90734146  4.97563331  1.00413824  2.52420753  5.28170978]]", "nfev": "273", "njev": "39", "status": "0", "success": "True", "message": "Optimization terminated successfully.", "x": "[ 1.6086637   6.77988297 -2.63161314  3.57036407  4.16204748 -0.30375119]", "nit": "30"}, "7": {"maxiter": 100, "gtol": 1e-10, "xrtol": 1e-10, "eps": 1e-10, "duration": 0.0017910003662109375, "fun": "0.9801376461982727", "jac": "[0. 0. 0. 0. 0. 0.]", "hess_inv": "[[1 0 0 0 0 0]\n [0 1 0 0 0 0]\n [0 0 1 0 0 0]\n [0 0 0 1 0 0]\n [0 0 0 0 1 0]\n [0 0 0 0 0 1]]", "nfev": "7", "njev": "1", "status": "0", "success": "True", "message": "Optimization terminated successfully.", "x": "[1.74670948 5.23831289 0.77790039 5.40865462 5.33702003 1.13889124]", "nit": "0"}, "8": {"maxiter": 500, "gtol": 1e-05, "xrtol": 1e-05, "eps": 1e-05, "duration": 0.07477402687072754, "fun": "0.18501338362693787", "jac": "[0. 0. 0. 0. 0. 0.]", "hess_inv": "[[ 4.53874051 -2.15002321 -5.65025099 -1.44879065 -2.01154776 -3.60417826]\n [-2.15002321  2.1735565   2.85434242  0.5978685  -0.13128744  0.90734146]\n [-5.65025099  2.85434242 11.00107048  2.11743382  2.27838273  4.97563331]\n [-1.44879065  0.5978685   2.11743382  1.11916505  0.57492102  1.00413824]\n [-2.01154776 -0.13128744  2.27838273  0.57492102  2.12366768  2.52420753]\n [-3.60417826  0.90734146  4.97563331  1.00413824  2.52420753  5.28170978]]", "nfev": "273", "njev": "39", "status": "0", "success": "True", "message": "Optimization terminated successfully.", "x": "[ 1.6086637   6.77988297 -2.63161314  3.57036407  4.16204748 -0.30375119]", "nit": "30"}, "9": {"maxiter": 500, "gtol": 1e-05, "xrtol": 1e-05, "eps": 1e-10, "duration": 0.0017631053924560547, "fun": "0.9801376461982727", "jac": "[0. 0. 0. 0. 0. 0.]", "hess_inv": "[[1 0 0 0 0 0]\n [0 1 0 0 0 0]\n [0 0 1 0 0 0]\n [0 0 0 1 0 0]\n [0 0 0 0 1 0]\n [0 0 0 0 0 1]]", "nfev": "7", "njev": "1", "status": "0", "success": "True", "message": "Optimization terminated successfully.", "x": "[1.74670948 5.23831289 0.77790039 5.40865462 5.33702003 1.13889124]", "nit": "0"}, "10": {"maxiter": 500, "gtol": 1e-05, "xrtol": 1e-10, "eps": 1e-05, "duration": 0.0667119026184082, "fun": "0.18501338362693787", "jac": "[0. 0. 0. 0. 0. 0.]", "hess_inv": "[[ 4.53874051 -2.15002321 -5.65025099 -1.44879065 -2.01154776 -3.60417826]\n [-2.15002321  2.1735565   2.85434242  0.5978685  -0.13128744  0.90734146]\n [-5.65025099  2.85434242 11.00107048  2.11743382  2.27838273  4.97563331]\n [-1.44879065  0.5978685   2.11743382  1.11916505  0.57492102  1.00413824]\n [-2.01154776 -0.13128744  2.27838273  0.57492102  2.12366768  2.52420753]\n [-3.60417826  0.90734146  4.97563331  1.00413824  2.52420753  5.28170978]]", "nfev": "273", "njev": "39", "status": "0", "success": "True", "message": "Optimization terminated successfully.", "x": "[ 1.6086637   6.77988297 -2.63161314  3.57036407  4.16204748 -0.30375119]", "nit": "30"}, "11": {"maxiter": 500, "gtol": 1e-05, "xrtol": 1e-10, "eps": 1e-10, "duration": 0.0016818046569824219, "fun": "0.9801376461982727", "jac": "[0. 0. 0. 0. 0. 0.]", "hess_inv": "[[1 0 0 0 0 0]\n [0 1 0 0 0 0]\n [0 0 1 0 0 0]\n [0 0 0 1 0 0]\n [0 0 0 0 1 0]\n [0 0 0 0 0 1]]", "nfev": "7", "njev": "1", "status": "0", "success": "True", "message": "Optimization terminated successfully.", "x": "[1.74670948 5.23831289 0.77790039 5.40865462 5.33702003 1.13889124]", "nit": "0"}, "12": {"maxiter": 500, "gtol": 1e-10, "xrtol": 1e-05, "eps": 1e-05, "duration": 0.06624293327331543, "fun": "0.18501338362693787", "jac": "[0. 0. 0. 0. 0. 0.]", "hess_inv": "[[ 4.53874051 -2.15002321 -5.65025099 -1.44879065 -2.01154776 -3.60417826]\n [-2.15002321  2.1735565   2.85434242  0.5978685  -0.13128744  0.90734146]\n [-5.65025099  2.85434242 11.00107048  2.11743382  2.27838273  4.97563331]\n [-1.44879065  0.5978685   2.11743382  1.11916505  0.57492102  1.00413824]\n [-2.01154776 -0.13128744  2.27838273  0.57492102  2.12366768  2.52420753]\n [-3.60417826  0.90734146  4.97563331  1.00413824  2.52420753  5.28170978]]", "nfev": "273", "njev": "39", "status": "0", "success": "True", "message": "Optimization terminated successfully.", "x": "[ 1.6086637   6.77988297 -2.63161314  3.57036407  4.16204748 -0.30375119]", "nit": "30"}, "13": {"maxiter": 500, "gtol": 1e-10, "xrtol": 1e-05, "eps": 1e-10, "duration": 0.001827239990234375, "fun": "0.9801376461982727", "jac": "[0. 0. 0. 0. 0. 0.]", "hess_inv": "[[1 0 0 0 0 0]\n [0 1 0 0 0 0]\n [0 0 1 0 0 0]\n [0 0 0 1 0 0]\n [0 0 0 0 1 0]\n [0 0 0 0 0 1]]", "nfev": "7", "njev": "1", "status": "0", "success": "True", "message": "Optimization terminated successfully.", "x": "[1.74670948 5.23831289 0.77790039 5.40865462 5.33702003 1.13889124]", "nit": "0"}, "14": {"maxiter": 500, "gtol": 1e-10, "xrtol": 1e-10, "eps": 1e-05, "duration": 0.0659031867980957, "fun": "0.18501338362693787", "jac": "[0. 0. 0. 0. 0. 0.]", "hess_inv": "[[ 4.53874051 -2.15002321 -5.65025099 -1.44879065 -2.01154776 -3.60417826]\n [-2.15002321  2.1735565   2.85434242  0.5978685  -0.13128744  0.90734146]\n [-5.65025099  2.85434242 11.00107048  2.11743382  2.27838273  4.97563331]\n [-1.44879065  0.5978685   2.11743382  1.11916505  0.57492102  1.00413824]\n [-2.01154776 -0.13128744  2.27838273  0.57492102  2.12366768  2.52420753]\n [-3.60417826  0.90734146  4.97563331  1.00413824  2.52420753  5.28170978]]", "nfev": "273", "njev": "39", "status": "0", "success": "True", "message": "Optimization terminated successfully.", "x": "[ 1.6086637   6.77988297 -2.63161314  3.57036407  4.16204748 -0.30375119]", "nit": "30"}, "15": {"maxiter": 500, "gtol": 1e-10, "xrtol": 1e-10, "eps": 1e-10, "duration": 0.0015652179718017578, "fun": "0.9801376461982727", "jac": "[0. 0. 0. 0. 0. 0.]", "hess_inv": "[[1 0 0 0 0 0]\n [0 1 0 0 0 0]\n [0 0 1 0 0 0]\n [0 0 0 1 0 0]\n [0 0 0 0 1 0]\n [0 0 0 0 0 1]]", "nfev": "7", "njev": "1", "status": "0", "success": "True", "message": "Optimization terminated successfully.", "x": "[1.74670948 5.23831289 0.77790039 5.40865462 5.33702003 1.13889124]", "nit": "0"}, "16": {"maxiter": 1000, "gtol": 1e-05, "xrtol": 1e-05, "eps": 1e-05, "duration": 0.06590008735656738, "fun": "0.18501338362693787", "jac": "[0. 0. 0. 0. 0. 0.]", "hess_inv": "[[ 4.53874051 -2.15002321 -5.65025099 -1.44879065 -2.01154776 -3.60417826]\n [-2.15002321  2.1735565   2.85434242  0.5978685  -0.13128744  0.90734146]\n [-5.65025099  2.85434242 11.00107048  2.11743382  2.27838273  4.97563331]\n [-1.44879065  0.5978685   2.11743382  1.11916505  0.57492102  1.00413824]\n [-2.01154776 -0.13128744  2.27838273  0.57492102  2.12366768  2.52420753]\n [-3.60417826  0.90734146  4.97563331  1.00413824  2.52420753  5.28170978]]", "nfev": "273", "njev": "39", "status": "0", "success": "True", "message": "Optimization terminated successfully.", "x": "[ 1.6086637   6.77988297 -2.63161314  3.57036407  4.16204748 -0.30375119]", "nit": "30"}, "17": {"maxiter": 1000, "gtol": 1e-05, "xrtol": 1e-05, "eps": 1e-10, "duration": 0.0017037391662597656, "fun": "0.9801376461982727", "jac": "[0. 0. 0. 0. 0. 0.]", "hess_inv": "[[1 0 0 0 0 0]\n [0 1 0 0 0 0]\n [0 0 1 0 0 0]\n [0 0 0 1 0 0]\n [0 0 0 0 1 0]\n [0 0 0 0 0 1]]", "nfev": "7", "njev": "1", "status": "0", "success": "True", "message": "Optimization terminated successfully.", "x": "[1.74670948 5.23831289 0.77790039 5.40865462 5.33702003 1.13889124]", "nit": "0"}, "18": {"maxiter": 1000, "gtol": 1e-05, "xrtol": 1e-10, "eps": 1e-05, "duration": 0.06633281707763672, "fun": "0.18501338362693787", "jac": "[0. 0. 0. 0. 0. 0.]", "hess_inv": "[[ 4.53874051 -2.15002321 -5.65025099 -1.44879065 -2.01154776 -3.60417826]\n [-2.15002321  2.1735565   2.85434242  0.5978685  -0.13128744  0.90734146]\n [-5.65025099  2.85434242 11.00107048  2.11743382  2.27838273  4.97563331]\n [-1.44879065  0.5978685   2.11743382  1.11916505  0.57492102  1.00413824]\n [-2.01154776 -0.13128744  2.27838273  0.57492102  2.12366768  2.52420753]\n [-3.60417826  0.90734146  4.97563331  1.00413824  2.52420753  5.28170978]]", "nfev": "273", "njev": "39", "status": "0", "success": "True", "message": "Optimization terminated successfully.", "x": "[ 1.6086637   6.77988297 -2.63161314  3.57036407  4.16204748 -0.30375119]", "nit": "30"}, "19": {"maxiter": 1000, "gtol": 1e-05, "xrtol": 1e-10, "eps": 1e-10, "duration": 0.0017850399017333984, "fun": "0.9801376461982727", "jac": "[0. 0. 0. 0. 0. 0.]", "hess_inv": "[[1 0 0 0 0 0]\n [0 1 0 0 0 0]\n [0 0 1 0 0 0]\n [0 0 0 1 0 0]\n [0 0 0 0 1 0]\n [0 0 0 0 0 1]]", "nfev": "7", "njev": "1", "status": "0", "success": "True", "message": "Optimization terminated successfully.", "x": "[1.74670948 5.23831289 0.77790039 5.40865462 5.33702003 1.13889124]", "nit": "0"}, "20": {"maxiter": 1000, "gtol": 1e-10, "xrtol": 1e-05, "eps": 1e-05, "duration": 0.0664210319519043, "fun": "0.18501338362693787", "jac": "[0. 0. 0. 0. 0. 0.]", "hess_inv": "[[ 4.53874051 -2.15002321 -5.65025099 -1.44879065 -2.01154776 -3.60417826]\n [-2.15002321  2.1735565   2.85434242  0.5978685  -0.13128744  0.90734146]\n [-5.65025099  2.85434242 11.00107048  2.11743382  2.27838273  4.97563331]\n [-1.44879065  0.5978685   2.11743382  1.11916505  0.57492102  1.00413824]\n [-2.01154776 -0.13128744  2.27838273  0.57492102  2.12366768  2.52420753]\n [-3.60417826  0.90734146  4.97563331  1.00413824  2.52420753  5.28170978]]", "nfev": "273", "njev": "39", "status": "0", "success": "True", "message": "Optimization terminated successfully.", "x": "[ 1.6086637   6.77988297 -2.63161314  3.57036407  4.16204748 -0.30375119]", "nit": "30"}, "21": {"maxiter": 1000, "gtol": 1e-10, "xrtol": 1e-05, "eps": 1e-10, "duration": 0.0020570755004882812, "fun": "0.9801376461982727", "jac": "[0. 0. 0. 0. 0. 0.]", "hess_inv": "[[1 0 0 0 0 0]\n [0 1 0 0 0 0]\n [0 0 1 0 0 0]\n [0 0 0 1 0 0]\n [0 0 0 0 1 0]\n [0 0 0 0 0 1]]", "nfev": "7", "njev": "1", "status": "0", "success": "True", "message": "Optimization terminated successfully.", "x": "[1.74670948 5.23831289 0.77790039 5.40865462 5.33702003 1.13889124]", "nit": "0"}, "22": {"maxiter": 1000, "gtol": 1e-10, "xrtol": 1e-10, "eps": 1e-05, "duration": 0.08197307586669922, "fun": "0.18501338362693787", "jac": "[0. 0. 0. 0. 0. 0.]", "hess_inv": "[[ 4.53874051 -2.15002321 -5.65025099 -1.44879065 -2.01154776 -3.60417826]\n [-2.15002321  2.1735565   2.85434242  0.5978685  -0.13128744  0.90734146]\n [-5.65025099  2.85434242 11.00107048  2.11743382  2.27838273  4.97563331]\n [-1.44879065  0.5978685   2.11743382  1.11916505  0.57492102  1.00413824]\n [-2.01154776 -0.13128744  2.27838273  0.57492102  2.12366768  2.52420753]\n [-3.60417826  0.90734146  4.97563331  1.00413824  2.52420753  5.28170978]]", "nfev": "273", "njev": "39", "status": "0", "success": "True", "message": "Optimization terminated successfully.", "x": "[ 1.6086637   6.77988297 -2.63161314  3.57036407  4.16204748 -0.30375119]", "nit": "30"}, "23": {"maxiter": 1000, "gtol": 1e-10, "xrtol": 1e-10, "eps": 1e-10, "duration": 0.0031859874725341797, "fun": "0.9801376461982727", "jac": "[0. 0. 0. 0. 0. 0.]", "hess_inv": "[[1 0 0 0 0 0]\n [0 1 0 0 0 0]\n [0 0 1 0 0 0]\n [0 0 0 1 0 0]\n [0 0 0 0 1 0]\n [0 0 0 0 0 1]]", "nfev": "7", "njev": "1", "status": "0", "success": "True", "message": "Optimization terminated successfully.", "x": "[1.74670948 5.23831289 0.77790039 5.40865462 5.33702003 1.13889124]", "nit": "0"}}, "cobyla": {"0": {"maxiter": 100, "tol": 1e-05, "catol": 1e-05, "duration": 0.02774977684020996, "x": "[4.60518619 3.65347115 0.44582931 9.74425927 4.55554761 0.0612496 ]", "status": "2", "success": "False", "message": "Maximum number of function evaluations has been exceeded.", "nfev": "100", "fun": "0.1901574432849884", "maxcv": "0.0"}, "1": {"maxiter": 100, "tol": 1e-05, "catol": 1e-10, "duration": 0.029518842697143555, "x": "[4.60518619 3.65347115 0.44582931 9.74425927 4.55554761 0.0612496 ]", "status": "2", "success": "False", "message": "Maximum number of function evaluations has been exceeded.", "nfev": "100", "fun": "0.1901574432849884", "maxcv": "0.0"}, "2": {"maxiter": 100, "tol": 1e-10, "catol": 1e-05, "duration": 0.02718186378479004, "x": "[4.60518619 3.65347115 0.44582931 9.74425927 4.55554761 0.0612496 ]", "status": "2", "success": "False", "message": "Maximum number of function evaluations has been exceeded.", "nfev": "100", "fun": "0.1901574432849884", "maxcv": "0.0"}, "3": {"maxiter": 100, "tol": 1e-10, "catol": 1e-10, "duration": 0.027005910873413086, "x": "[4.60518619 3.65347115 0.44582931 9.74425927 4.55554761 0.0612496 ]", "status": "2", "success": "False", "message": "Maximum number of function evaluations has been exceeded.", "nfev": "100", "fun": "0.1901574432849884", "maxcv": "0.0"}, "4": {"maxiter": 500, "tol": 1e-05, "catol": 1e-05, "duration": 0.11264896392822266, "x": "[ 4.68049612  3.63633702  0.5165244   9.86034487  4.17217565 -0.29015579]", "status": "1", "success": "True", "message": "Optimization terminated successfully.", "nfev": "394", "fun": "0.18500712513923645", "maxcv": "0.0"}, "5": {"maxiter": 500, "tol": 1e-05, "catol": 1e-10, "duration": 0.10542011260986328, "x": "[ 4.68049612  3.63633702  0.5165244   9.86034487  4.17217565 -0.29015579]", "status": "1", "success": "True", "message": "Optimization terminated successfully.", "nfev": "394", "fun": "0.18500712513923645", "maxcv": "0.0"}, "6": {"maxiter": 500, "tol": 1e-10, "catol": 1e-05, "duration": 0.11709213256835938, "x": "[ 4.68049783  3.63633468  0.51652567  9.86034225  4.17217011 -0.29014855]", "status": "1", "success": "True", "message": "Optimization terminated successfully.", "nfev": "433", "fun": "0.18500712513923645", "maxcv": "0.0"}, "7": {"maxiter": 500, "tol": 1e-10, "catol": 1e-10, "duration": 0.10384297370910645, "x": "[ 4.68049783  3.63633468  0.51652567  9.86034225  4.17217011 -0.29014855]", "status": "1", "success": "True", "message": "Optimization terminated successfully.", "nfev": "433", "fun": "0.18500712513923645", "maxcv": "0.0"}, "8": {"maxiter": 1000, "tol": 1e-05, "catol": 1e-05, "duration": 0.09086894989013672, "x": "[ 4.68049612  3.63633702  0.5165244   9.86034487  4.17217565 -0.29015579]", "status": "1", "success": "True", "message": "Optimization terminated successfully.", "nfev": "394", "fun": "0.18500712513923645", "maxcv": "0.0"}, "9": {"maxiter": 1000, "tol": 1e-05, "catol": 1e-10, "duration": 0.09187602996826172, "x": "[ 4.68049612  3.63633702  0.5165244   9.86034487  4.17217565 -0.29015579]", "status": "1", "success": "True", "message": "Optimization terminated successfully.", "nfev": "394", "fun": "0.18500712513923645", "maxcv": "0.0"}, "10": {"maxiter": 1000, "tol": 1e-10, "catol": 1e-05, "duration": 0.10044288635253906, "x": "[ 4.68049783  3.63633468  0.51652567  9.86034225  4.17217011 -0.29014855]", "status": "1", "success": "True", "message": "Optimization terminated successfully.", "nfev": "433", "fun": "0.18500712513923645", "maxcv": "0.0"}, "11": {"maxiter": 1000, "tol": 1e-10, "catol": 1e-10, "duration": 0.09916877746582031, "x": "[ 4.68049783  3.63633468  0.51652567  9.86034225  4.17217011 -0.29014855]", "status": "1", "success": "True", "message": "Optimization terminated successfully.", "nfev": "433", "fun": "0.18500712513923645", "maxcv": "0.0"}}, "powell": {"0": {"maxiter": 100, "ftol": 1e-05, "xtol": 1e-05, "duration": 0.2666342258453369, "fun": "0.18500708043575287", "direc": "[[ 1.01054392e-01  2.09185112e-04  7.68331189e-02  1.38525565e-01\n  -3.07146024e-01 -2.39217424e-01]\n [-7.73729424e-03 -2.24324048e-03 -3.68192203e-03 -7.56718771e-03\n  -9.96808808e-03 -1.76041161e-02]\n [ 0.00000000e+00  0.00000000e+00  1.00000000e+00  0.00000000e+00\n   0.00000000e+00  0.00000000e+00]\n [ 0.00000000e+00  0.00000000e+00  0.00000000e+00  1.00000000e+00\n   0.00000000e+00  0.00000000e+00]\n [ 0.00000000e+00  0.00000000e+00  0.00000000e+00  0.00000000e+00\n   1.00000000e+00  0.00000000e+00]\n [-4.11131068e-04  1.17462222e-03 -9.76312261e-04 -6.30201012e-04\n  -6.34543583e-04 -9.35417320e-04]]", "nit": "12", "nfev": "1063", "status": "0", "success": "True", "message": "Optimization terminated successfully.", "x": "[-1.60223835  3.63631195  0.51556113  3.57688936  4.17002998 -0.29247935]"}, "1": {"maxiter": 100, "ftol": 1e-05, "xtol": 1e-10, "duration": 0.6855401992797852, "fun": "0.1850070357322693", "direc": "[[ 1.03842865e-01  1.05906688e-04  7.82319657e-02  1.41254382e-01\n  -3.09978245e-01 -2.39405591e-01]\n [-8.28473272e-03 -2.22600239e-03 -3.89182123e-03 -7.92243055e-03\n  -1.08189937e-02 -1.88947904e-02]\n [ 0.00000000e+00  0.00000000e+00  1.00000000e+00  0.00000000e+00\n   0.00000000e+00  0.00000000e+00]\n [ 0.00000000e+00  0.00000000e+00  0.00000000e+00  1.00000000e+00\n   0.00000000e+00  0.00000000e+00]\n [ 0.00000000e+00  0.00000000e+00  0.00000000e+00  0.00000000e+00\n   1.00000000e+00  0.00000000e+00]\n [-6.16697127e-04  1.41590608e-03 -1.30211637e-03 -8.92545027e-04\n  -8.22709112e-04 -1.28668831e-03]]", "nit": "12", "nfev": "2455", "status": "0", "success": "True", "message": "Optimization terminated successfully.", "x": "[-1.60249566  3.63646821  0.51544362  3.57668714  4.16998654 -0.29273466]"}, "2": {"maxiter": 100, "ftol": 1e-10, "xtol": 1e-05, "duration": 0.44104504585266113, "fun": "0.18500687181949615", "direc": "[[ 1.01054392e-01  2.09185112e-04  7.68331189e-02  1.38525565e-01\n  -3.07146024e-01 -2.39217424e-01]\n [-7.73729424e-03 -2.24324048e-03 -3.68192203e-03 -7.56718771e-03\n  -9.96808808e-03 -1.76041161e-02]\n [-4.11131068e-04  1.17462222e-03 -9.76312261e-04 -6.30201012e-04\n  -6.34543583e-04 -9.35417320e-04]\n [ 0.00000000e+00  0.00000000e+00  0.00000000e+00  1.00000000e+00\n   0.00000000e+00  0.00000000e+00]\n [ 0.00000000e+00  0.00000000e+00  0.00000000e+00  0.00000000e+00\n   1.00000000e+00  0.00000000e+00]\n [-7.79648777e-04  2.58754752e-04  3.01245243e-04 -3.27219623e-04\n  -2.38868806e-04 -4.40984345e-04]]", "nit": "15", "nfev": "1591", "status": "0", "success": "True", "message": "Optimization terminated successfully.", "x": "[-1.60339203  3.6364531   0.51616344  3.57643342  4.17000422 -0.29277526]"}, "3": {"maxiter": 100, "ftol": 1e-10, "xtol": 1e-10, "duration": 0.8631958961486816, "fun": "0.18500690162181854", "direc": "[[ 1.03842865e-01  1.05906688e-04  7.82319657e-02  1.41254382e-01\n  -3.09978245e-01 -2.39405591e-01]\n [-8.28473272e-03 -2.22600239e-03 -3.89182123e-03 -7.92243055e-03\n  -1.08189937e-02 -1.88947904e-02]\n [ 0.00000000e+00  0.00000000e+00  1.00000000e+00  0.00000000e+00\n   0.00000000e+00  0.00000000e+00]\n [ 0.00000000e+00  0.00000000e+00  0.00000000e+00  1.00000000e+00\n   0.00000000e+00  0.00000000e+00]\n [ 0.00000000e+00  0.00000000e+00  0.00000000e+00  0.00000000e+00\n   1.00000000e+00  0.00000000e+00]\n [-6.16697127e-04  1.41590608e-03 -1.30211637e-03 -8.92545027e-04\n  -8.22709112e-04 -1.28668831e-03]]", "nit": "15", "nfev": "3204", "status": "0", "success": "True", "message": "Optimization terminated successfully.", "x": "[-1.60307615  3.63651032  0.51580183  3.57646119  4.17013424 -0.29264887]"}, "4": {"maxiter": 500, "ftol": 1e-05, "xtol": 1e-05, "duration": 0.32363176345825195, "fun": "0.18500708043575287", "direc": "[[ 1.01054392e-01  2.09185112e-04  7.68331189e-02  1.38525565e-01\n  -3.07146024e-01 -2.39217424e-01]\n [-7.73729424e-03 -2.24324048e-03 -3.68192203e-03 -7.56718771e-03\n  -9.96808808e-03 -1.76041161e-02]\n [ 0.00000000e+00  0.00000000e+00  1.00000000e+00  0.00000000e+00\n   0.00000000e+00  0.00000000e+00]\n [ 0.00000000e+00  0.00000000e+00  0.00000000e+00  1.00000000e+00\n   0.00000000e+00  0.00000000e+00]\n [ 0.00000000e+00  0.00000000e+00  0.00000000e+00  0.00000000e+00\n   1.00000000e+00  0.00000000e+00]\n [-4.11131068e-04  1.17462222e-03 -9.76312261e-04 -6.30201012e-04\n  -6.34543583e-04 -9.35417320e-04]]", "nit": "12", "nfev": "1063", "status": "0", "success": "True", "message": "Optimization terminated successfully.", "x": "[-1.60223835  3.63631195  0.51556113  3.57688936  4.17002998 -0.29247935]"}, "5": {"maxiter": 500, "ftol": 1e-05, "xtol": 1e-10, "duration": 0.6215097904205322, "fun": "0.1850070357322693", "direc": "[[ 1.03842865e-01  1.05906688e-04  7.82319657e-02  1.41254382e-01\n  -3.09978245e-01 -2.39405591e-01]\n [-8.28473272e-03 -2.22600239e-03 -3.89182123e-03 -7.92243055e-03\n  -1.08189937e-02 -1.88947904e-02]\n [ 0.00000000e+00  0.00000000e+00  1.00000000e+00  0.00000000e+00\n   0.00000000e+00  0.00000000e+00]\n [ 0.00000000e+00  0.00000000e+00  0.00000000e+00  1.00000000e+00\n   0.00000000e+00  0.00000000e+00]\n [ 0.00000000e+00  0.00000000e+00  0.00000000e+00  0.00000000e+00\n   1.00000000e+00  0.00000000e+00]\n [-6.16697127e-04  1.41590608e-03 -1.30211637e-03 -8.92545027e-04\n  -8.22709112e-04 -1.28668831e-03]]", "nit": "12", "nfev": "2455", "status": "0", "success": "True", "message": "Optimization terminated successfully.", "x": "[-1.60249566  3.63646821  0.51544362  3.57668714  4.16998654 -0.29273466]"}, "6": {"maxiter": 500, "ftol": 1e-10, "xtol": 1e-05, "duration": 0.3683340549468994, "fun": "0.18500687181949615", "direc": "[[ 1.01054392e-01  2.09185112e-04  7.68331189e-02  1.38525565e-01\n  -3.07146024e-01 -2.39217424e-01]\n [-7.73729424e-03 -2.24324048e-03 -3.68192203e-03 -7.56718771e-03\n  -9.96808808e-03 -1.76041161e-02]\n [-4.11131068e-04  1.17462222e-03 -9.76312261e-04 -6.30201012e-04\n  -6.34543583e-04 -9.35417320e-04]\n [ 0.00000000e+00  0.00000000e+00  0.00000000e+00  1.00000000e+00\n   0.00000000e+00  0.00000000e+00]\n [ 0.00000000e+00  0.00000000e+00  0.00000000e+00  0.00000000e+00\n   1.00000000e+00  0.00000000e+00]\n [-7.79648777e-04  2.58754752e-04  3.01245243e-04 -3.27219623e-04\n  -2.38868806e-04 -4.40984345e-04]]", "nit": "15", "nfev": "1591", "status": "0", "success": "True", "message": "Optimization terminated successfully.", "x": "[-1.60339203  3.63645