{"date": "2024/10/08/, 18:15:34", "conf_id": 19, "data_type": "random\n", "num_data_points": 1, "s_rank": 0, "unitary": "[[-0.24866696+0.58742286j,-0.44704345-0.43151574j,-0.35669027-0.20570733j,-0.10517633+0.1626036j],[0.10596805-0.19687975j,-0.30269685-0.15056416j,0.18246286+0.30440582j,-0.83484447-0.11310748j],[0.26054512-0.52548482j,0.0285017-0.50723956j,-0.43110112+0.17165838j,0.15243271+0.39915801j],[0.42978035+0.11991271j,-0.17224126-0.46030424j,0.6827807-0.15164662j,0.26483638+0.0061855j]]", "databatch_0": {"databatch": "[[[-0.21908533-0.13624612j,0.12982317-0.16818675j,0.15854887+0.06305537j,0.23718657+0.14174072j],[-0.20776521-0.04618502j,-0.24118812+0.17600298j,0.0644187+0.25471753j,-0.07564452-0.13817242j],[-0.21115346+0.20523562j,0.25172726-0.20764155j,-0.22845126+0.20843514j,-0.03001425-0.06405185j],[-0.12695665-0.11070172j,-0.0177713-0.25243822j,0.15832437-0.13589838j,-0.27884589+0.21682239j]]]", "initial param values": "[0.30066302,0.17753967,4.59040806,4.5363858,0.08789481,0.5203091]", "nelder_mead": {"type": "gradient-free", "0": {"maxiter": 100, "fatol": 1e-05, "xatol": 1e-05, "duration": 0.05663919448852539, "fun": "0.5362237852632681", "nit": "100", "nfev": "150", "status": "2", "success": "False", "message": "Maximum number of iterations has been exceeded.", "x": "[ 0.51561048  0.29263661  4.29964948  4.47138729 -0.14944246  2.04496999]", "final_simplex": "(array([[ 0.51561048,  0.29263661,  4.29964948,  4.47138729, -0.14944246,\n         2.04496999],\n       [ 0.50385802,  0.28018549,  4.27535798,  4.42892215, -0.15295874,\n         2.19312051],\n       [ 0.45864715,  0.2608488 ,  4.38527254,  4.49064658, -0.12058905,\n         2.08124644],\n       [ 0.49825304,  0.24320373,  4.19206939,  4.35208789, -0.14130149,\n         2.09499771],\n       [ 0.41750562,  0.27405886,  4.28083798,  4.57145494, -0.10383563,\n         2.05754702],\n       [ 0.44185274,  0.2552584 ,  4.31004277,  4.38906633, -0.11152927,\n         2.07105834],\n       [ 0.42076428,  0.26095775,  4.3492082 ,  4.40253675, -0.10707115,\n         2.11553247]]), array([0.53622379, 0.54168835, 0.54311988, 0.54882331, 0.55054445,\n       0.5505486 , 0.55252394]))", "callback": [0.772963057574227, 0.7360941398594594, 0.7125405838712264, 0.6530872803693687, 0.580677468953188, 0.5681916236980014, 0.564223701822616, 0.5632574193905542, 0.5598431848797694, 0.5505444470865576]}, "1": {"maxiter": 100, "fatol": 1e-05, "xatol": 1e-10, "duration": 0.04323387145996094, "fun": "0.5362237852632681", "nit": "100", "nfev": "150", "status": "2", "success": "False", "message": "Maximum number of iterations has been exceeded.", "x": "[ 0.51561048  0.29263661  4.29964948  4.47138729 -0.14944246  2.04496999]", "final_simplex": "(array([[ 0.51561048,  0.29263661,  4.29964948,  4.47138729, -0.14944246,\n         2.04496999],\n       [ 0.50385802,  0.28018549,  4.27535798,  4.42892215, -0.15295874,\n         2.19312051],\n       [ 0.45864715,  0.2608488 ,  4.38527254,  4.49064658, -0.12058905,\n         2.08124644],\n       [ 0.49825304,  0.24320373,  4.19206939,  4.35208789, -0.14130149,\n         2.09499771],\n       [ 0.41750562,  0.27405886,  4.28083798,  4.57145494, -0.10383563,\n         2.05754702],\n       [ 0.44185274,  0.2552584 ,  4.31004277,  4.38906633, -0.11152927,\n         2.07105834],\n       [ 0.42076428,  0.26095775,  4.3492082 ,  4.40253675, -0.10707115,\n         2.11553247]]), array([0.53622379, 0.54168835, 0.54311988, 0.54882331, 0.55054445,\n       0.5505486 , 0.55252394]))", "callback": [0.772963057574227, 0.7360941398594594, 0.7125405838712264, 0.6530872803693687, 0.580677468953188, 0.5681916236980014, 0.564223701822616, 0.5632574193905542, 0.5598431848797694, 0.5505444470865576]}, "2": {"maxiter": 100, "fatol": 1e-10, "xatol": 1e-05, "duration": 0.04631233215332031, "fun": "0.5362237852632681", "nit": "100", "nfev": "150", "status": "2", "success": "False", "message": "Maximum number of iterations has been exceeded.", "x": "[ 0.51561048  0.29263661  4.29964948  4.47138729 -0.14944246  2.04496999]", "final_simplex": "(array([[ 0.51561048,  0.29263661,  4.29964948,  4.47138729, -0.14944246,\n         2.04496999],\n       [ 0.50385802,  0.28018549,  4.27535798,  4.42892215, -0.15295874,\n         2.19312051],\n       [ 0.45864715,  0.2608488 ,  4.38527254,  4.49064658, -0.12058905,\n         2.08124644],\n       [ 0.49825304,  0.24320373,  4.19206939,  4.35208789, -0.14130149,\n         2.09499771],\n       [ 0.41750562,  0.27405886,  4.28083798,  4.57145494, -0.10383563,\n         2.05754702],\n       [ 0.44185274,  0.2552584 ,  4.31004277,  4.38906633, -0.11152927,\n         2.07105834],\n       [ 0.42076428,  0.26095775,  4.3492082 ,  4.40253675, -0.10707115,\n         2.11553247]]), array([0.53622379, 0.54168835, 0.54311988, 0.54882331, 0.55054445,\n       0.5505486 , 0.55252394]))", "callback": [0.772963057574227, 0.7360941398594594, 0.7125405838712264, 0.6530872803693687, 0.580677468953188, 0.5681916236980014, 0.564223701822616, 0.5632574193905542, 0.5598431848797694, 0.5505444470865576]}, "3": {"maxiter": 100, "fatol": 1e-10, "xatol": 1e-10, "duration": 0.044899940490722656, "fun": "0.5362237852632681", "nit": "100", "nfev": "150", "status": "2", "success": "False", "message": "Maximum number of iterations has been exceeded.", "x": "[ 0.51561048  0.29263661  4.29964948  4.47138729 -0.14944246  2.04496999]", "final_simplex": "(array([[ 0.51561048,  0.29263661,  4.29964948,  4.47138729, -0.14944246,\n         2.04496999],\n       [ 0.50385802,  0.28018549,  4.27535798,  4.42892215, -0.15295874,\n         2.19312051],\n       [ 0.45864715,  0.2608488 ,  4.38527254,  4.49064658, -0.12058905,\n         2.08124644],\n       [ 0.49825304,  0.24320373,  4.19206939,  4.35208789, -0.14130149,\n         2.09499771],\n       [ 0.41750562,  0.27405886,  4.28083798,  4.57145494, -0.10383563,\n         2.05754702],\n       [ 0.44185274,  0.2552584 ,  4.31004277,  4.38906633, -0.11152927,\n         2.07105834],\n       [ 0.42076428,  0.26095775,  4.3492082 ,  4.40253675, -0.10707115,\n         2.11553247]]), array([0.53622379, 0.54168835, 0.54311988, 0.54882331, 0.55054445,\n       0.5505486 , 0.55252394]))", "callback": [0.772963057574227, 0.7360941398594594, 0.7125405838712264, 0.6530872803693687, 0.580677468953188, 0.5681916236980014, 0.564223701822616, 0.5632574193905542, 0.5598431848797694, 0.5505444470865576]}, "4": {"maxiter": 500, "fatol": 1e-05, "xatol": 1e-05, "duration": 0.22322893142700195, "fun": "0.4903019133155144", "nit": "474", "nfev": "748", "status": "0", "success": "True", "message": "Optimization terminated successfully.", "x": "[ 1.08969891  0.13616773  4.52146809  4.63459119 -0.35707074  2.2579349 ]", "final_simplex": "(array([[ 1.08969891,  0.13616773,  4.52146809,  4.63459119, -0.35707074,\n         2.2579349 ],\n       [ 1.08969277,  0.13616804,  4.52146355,  4.63459153, -0.35707587,\n         2.25793038],\n       [ 1.08969614,  0.13617414,  4.52145939,  4.63459111, -0.35707465,\n         2.25792788],\n       [ 1.08969593,  0.13616606,  4.52146008,  4.63458682, -0.35707135,\n         2.25792911],\n       [ 1.08969576,  0.13616983,  4.52146193,  4.63459442, -0.35707411,\n         2.2579251 ],\n       [ 1.08969659,  0.13616757,  4.52146279,  4.63458516, -0.35707681,\n         2.25793034],\n       [ 1.08970307,  0.13616631,  4.52145881,  4.63459698, -0.3570762 ,\n         2.25792979]]), array([0.49030191, 0.49030191, 0.49030191, 0.49030191, 0.49030191,\n       0.49030191, 0.49030191]))", "callback": [0.772963057574227, 0.7360941398594594, 0.7125405838712264, 0.6530872803693687, 0.580677468953188, 0.5681916236980014, 0.564223701822616, 0.5632574193905542, 0.5598431848797694, 0.5505444470865576, 0.5292247365715221, 0.5067370320255556, 0.501220223447825, 0.49908934105067915, 0.49851059924653474, 0.49776769917051045, 0.4962366960981396, 0.49326589182738734, 0.4913848885840325, 0.4905285485509002, 0.49045306342644535, 0.4904380070393648, 0.490435153702642, 0.4904345394175692, 0.49043396556165275, 0.4904337309171486, 0.49043351791800505, 0.49043334847372644, 0.49043293690840883, 0.4904308595884215, 0.4904246586772508, 0.49041395063524473, 0.4903787934653384, 0.49032821537693916, 0.49031629485507167, 0.4903105910924327, 0.4903044968213063, 0.49030280789883895, 0.49030214704163655, 0.4903019862849861, 0.49030192636928216, 0.4903019174190768, 0.49030191455478767, 0.49030191437375037, 0.49030191370447074, 0.49030191340751217, 0.49030191333030826, 0.4903019133186999]}, "5": {"maxiter": 500, "fatol": 1e-05, "xatol": 1e-10, "duration": 0.235335111618042, "fun": "0.4903019133134112", "nit": "500", "nfev": "793", "status": "2", "success": "False", "message": "Maximum number of iterations has been exceeded.", "x": "[ 1.08969782  0.136169    4.52146365  4.63459127 -0.35707073  2.25793218]", "final_simplex": "(array([[ 1.08969782,  0.136169  ,  4.52146365,  4.63459127, -0.35707073,\n         2.25793218],\n       [ 1.08969758,  0.13616877,  4.52146354,  4.63459201, -0.35707094,\n         2.25793185],\n       [ 1.08969779,  0.13616815,  4.52146419,  4.63459119, -0.35707042,\n         2.25793288],\n       [ 1.08969751,  0.13616841,  4.52146333,  4.63459114, -0.35707103,\n         2.25793175],\n       [ 1.08969731,  0.13616869,  4.52146345,  4.63459104, -0.35707112,\n         2.25793242],\n       [ 1.0896981 ,  0.13616831,  4.5214648 ,  4.63459149, -0.35707063,\n         2.25793269],\n       [ 1.08969694,  0.13616911,  4.52146411,  4.63459151, -0.35707097,\n         2.25793152]]), array([0.49030191, 0.49030191, 0.49030191, 0.49030191, 0.49030191,\n       0.49030191, 0.49030191]))", "callback": [0.772963057574227, 0.7360941398594594, 0.7125405838712264, 0.6530872803693687, 0.580677468953188, 0.5681916236980014, 0.564223701822616, 0.5632574193905542, 0.5598431848797694, 0.5505444470865576, 0.5292247365715221, 0.5067370320255556, 0.501220223447825, 0.49908934105067915, 0.49851059924653474, 0.49776769917051045, 0.4962366960981396, 0.49326589182738734, 0.4913848885840325, 0.4905285485509002, 0.49045306342644535, 0.4904380070393648, 0.490435153702642, 0.4904345394175692, 0.49043396556165275, 0.4904337309171486, 0.49043351791800505, 0.49043334847372644, 0.49043293690840883, 0.4904308595884215, 0.4904246586772508, 0.49041395063524473, 0.4903787934653384, 0.49032821537693916, 0.49031629485507167, 0.4903105910924327, 0.4903044968213063, 0.49030280789883895, 0.49030214704163655, 0.4903019862849861, 0.49030192636928216, 0.4903019174190768, 0.49030191455478767, 0.49030191437375037, 0.49030191370447074, 0.49030191340751217, 0.49030191333030826, 0.4903019133186999, 0.49030191331489215, 0.4903019133135009]}, "6": {"maxiter": 500, "fatol": 1e-10, "xatol": 1e-05, "duration": 0.24865412712097168, "fun": "0.4903019133155144", "nit": "474", "nfev": "748", "status": "0", "success": "True", "message": "Optimization terminated successfully.", "x": "[ 1.08969891  0.13616773  4.52146809  4.63459119 -0.35707074  2.2579349 ]", "final_simplex": "(array([[ 1.08969891,  0.13616773,  4.52146809,  4.63459119, -0.35707074,\n         2.2579349 ],\n       [ 1.08969277,  0.13616804,  4.52146355,  4.63459153, -0.35707587,\n         2.25793038],\n       [ 1.08969614,  0.13617414,  4.52145939,  4.63459111, -0.35707465,\n         2.25792788],\n       [ 1.08969593,  0.13616606,  4.52146008,  4.63458682, -0.35707135,\n         2.25792911],\n       [ 1.08969576,  0.13616983,  4.52146193,  4.63459442, -0.35707411,\n         2.2579251 ],\n       [ 1.08969659,  0.13616757,  4.52146279,  4.63458516, -0.35707681,\n         2.25793034],\n       [ 1.08970307,  0.13616631,  4.52145881,  4.63459698, -0.3570762 ,\n         2.25792979]]), array([0.49030191, 0.49030191, 0.49030191, 0.49030191, 0.49030191,\n       0.49030191, 0.49030191]))", "callback": [0.772963057574227, 0.7360941398594594, 0.7125405838712264, 0.6530872803693687, 0.580677468953188, 0.5681916236980014, 0.564223701822616, 0.5632574193905542, 0.5598431848797694, 0.5505444470865576, 0.5292247365715221, 0.5067370320255556, 0.501220223447825, 0.49908934105067915, 0.49851059924653474, 0.49776769917051045, 0.4962366960981396, 0.49326589182738734, 0.4913848885840325, 0.4905285485509002, 0.49045306342644535, 0.4904380070393648, 0.490435153702642, 0.4904345394175692, 0.49043396556165275, 0.4904337309171486, 0.49043351791800505, 0.49043334847372644, 0.49043293690840883, 0.4904308595884215, 0.4904246586772508, 0.49041395063524473, 0.4903787934653384, 0.49032821537693916, 0.49031629485507167, 0.4903105910924327, 0.4903044968213063, 0.49030280789883895, 0.49030214704163655, 0.4903019862849861, 0.49030192636928216, 0.4903019174190768, 0.49030191455478767, 0.49030191437375037, 0.49030191370447074, 0.49030191340751217, 0.49030191333030826, 0.4903019133186999]}, "7": {"maxiter": 500, "fatol": 1e-10, "xatol": 1e-10, "duration": 0.2540750503540039, "fun": "0.4903019133134112", "nit": "500", "nfev": "793", "status": "2", "success": "False", "message": "Maximum number of iterations has been exceeded.", "x": "[ 1.08969782  0.136169    4.52146365  4.63459127 -0.35707073  2.25793218]", "final_simplex": "(array([[ 1.08969782,  0.136169  ,  4.52146365,  4.63459127, -0.35707073,\n         2.25793218],\n       [ 1.08969758,  0.13616877,  4.52146354,  4.63459201, -0.35707094,\n         2.25793185],\n       [ 1.08969779,  0.13616815,  4.52146419,  4.63459119, -0.35707042,\n         2.25793288],\n       [ 1.08969751,  0.13616841,  4.52146333,  4.63459114, -0.35707103,\n         2.25793175],\n       [ 1.08969731,  0.13616869,  4.52146345,  4.63459104, -0.35707112,\n         2.25793242],\n       [ 1.0896981 ,  0.13616831,  4.5214648 ,  4.63459149, -0.35707063,\n         2.25793269],\n       [ 1.08969694,  0.13616911,  4.52146411,  4.63459151, -0.35707097,\n         2.25793152]]), array([0.49030191, 0.49030191, 0.49030191, 0.49030191, 0.49030191,\n       0.49030191, 0.49030191]))", "callback": [0.772963057574227, 0.7360941398594594, 0.7125405838712264, 0.6530872803693687, 0.580677468953188, 0.5681916236980014, 0.564223701822616, 0.5632574193905542, 0.5598431848797694, 0.5505444470865576, 0.5292247365715221, 0.5067370320255556, 0.501220223447825, 0.49908934105067915, 0.49851059924653474, 0.49776769917051045, 0.4962366960981396, 0.49326589182738734, 0.4913848885840325, 0.4905285485509002, 0.49045306342644535, 0.4904380070393648, 0.490435153702642, 0.4904345394175692, 0.49043396556165275, 0.4904337309171486, 0.49043351791800505, 0.49043334847372644, 0.49043293690840883, 0.4904308595884215, 0.4904246586772508, 0.49041395063524473, 0.4903787934653384, 0.49032821537693916, 0.49031629485507167, 0.4903105910924327, 0.4903044968213063, 0.49030280789883895, 0.49030214704163655, 0.4903019862849861, 0.49030192636928216, 0.4903019174190768, 0.49030191455478767, 0.49030191437375037, 0.49030191370447074, 0.49030191340751217, 0.49030191333030826, 0.4903019133186999, 0.49030191331489215, 0.4903019133135009]}, "8": {"maxiter": 1000, "fatol": 1e-05, "xatol": 1e-05, "duration": 0.2547304630279541, "fun": "0.4903019133155144", "nit": "474", "nfev": "748", "status": "0", "success": "True", "message": "Optimization terminated successfully.", "x": "[ 1.08969891  0.13616773  4.52146809  4.63459119 -0.35707074  2.2579349 ]", "final_simplex": "(array([[ 1.08969891,  0.13616773,  4.52146809,  4.63459119, -0.35707074,\n         2.2579349 ],\n       [ 1.08969277,  0.13616804,  4.52146355,  4.63459153, -0.35707587,\n         2.25793038],\n       [ 1.08969614,  0.13617414,  4.52145939,  4.63459111, -0.35707465,\n         2.25792788],\n       [ 1.08969593,  0.13616606,  4.52146008,  4.63458682, -0.35707135,\n         2.25792911],\n       [ 1.08969576,  0.13616983,  4.52146193,  4.63459442, -0.35707411,\n         2.2579251 ],\n       [ 1.08969659,  0.13616757,  4.52146279,  4.63458516, -0.35707681,\n         2.25793034],\n       [ 1.08970307,  0.13616631,  4.52145881,  4.63459698, -0.3570762 ,\n         2.25792979]]), array([0.49030191, 0.49030191, 0.49030191, 0.49030191, 0.49030191,\n       0.49030191, 0.49030191]))", "callback": [0.772963057574227, 0.7360941398594594, 0.7125405838712264, 0.6530872803693687, 0.580677468953188, 0.5681916236980014, 0.564223701822616, 0.5632574193905542, 0.5598431848797694, 0.5505444470865576, 0.5292247365715221, 0.5067370320255556, 0.501220223447825, 0.49908934105067915, 0.49851059924653474, 0.49776769917051045, 0.4962366960981396, 0.49326589182738734, 0.4913848885840325, 0.4905285485509002, 0.49045306342644535, 0.4904380070393648, 0.490435153702642, 0.4904345394175692, 0.49043396556165275, 0.4904337309171486, 0.49043351791800505, 0.49043334847372644, 0.49043293690840883, 0.4904308595884215, 0.4904246586772508, 0.49041395063524473, 0.4903787934653384, 0.49032821537693916, 0.49031629485507167, 0.4903105910924327, 0.4903044968213063, 0.49030280789883895, 0.49030214704163655, 0.4903019862849861, 0.49030192636928216, 0.4903019174190768, 0.49030191455478767, 0.49030191437375037, 0.49030191370447074, 0.49030191340751217, 0.49030191333030826, 0.4903019133186999]}, "9": {"maxiter": 1000, "fatol": 1e-05, "xatol": 1e-10, "duration": 0.35088515281677246, "fun": "0.4903019133133757", "nit": "579", "nfev": "976", "status": "0", "success": "True", "message": "Optimization terminated successfully.", "x": "[ 1.08969755  0.1361687   4.52146382  4.6345916  -0.35707071  2.25793217]", "final_simplex": "(array([[ 1.08969755,  0.1361687 ,  4.52146382,  4.6345916 , -0.35707071,\n         2.25793217],\n       [ 1.08969755,  0.1361687 ,  4.52146382,  4.6345916 , -0.35707071,\n         2.25793217],\n       [ 1.08969755,  0.1361687 ,  4.52146382,  4.6345916 , -0.35707071,\n         2.25793217],\n       [ 1.08969755,  0.1361687 ,  4.52146382,  4.6345916 , -0.35707071,\n         2.25793217],\n       [ 1.08969755,  0.1361687 ,  4.52146382,  4.6345916 , -0.35707071,\n         2.25793217],\n       [ 1.08969755,  0.1361687 ,  4.52146382,  4.6345916 , -0.35707071,\n         2.25793217],\n       [ 1.08969755,  0.1361687 ,  4.52146382,  4.6345916 , -0.35707071,\n         2.25793217]]), array([0.49030191, 0.49030191, 0.49030191, 0.49030191, 0.49030191,\n       0.49030191, 0.49030191]))", "callback": [0.772963057574227, 0.7360941398594594, 0.7125405838712264, 0.6530872803693687, 0.580677468953188, 0.5681916236980014, 0.564223701822616, 0.5632574193905542, 0.5598431848797694, 0.5505444470865576, 0.5292247365715221, 0.5067370320255556, 0.501220223447825, 0.49908934105067915, 0.49851059924653474, 0.49776769917051045, 0.4962366960981396, 0.49326589182738734, 0.4913848885840325, 0.4905285485509002, 0.49045306342644535, 0.4904380070393648, 0.490435153702642, 0.4904345394175692, 0.49043396556165275, 0.4904337309171486, 0.49043351791800505, 0.49043334847372644, 0.49043293690840883, 0.4904308595884215, 0.4904246586772508, 0.49041395063524473, 0.4903787934653384, 0.49032821537693916, 0.49031629485507167, 0.4903105910924327, 0.4903044968213063, 0.49030280789883895, 0.49030214704163655, 0.4903019862849861, 0.49030192636928216, 0.4903019174190768, 0.49030191455478767, 0.49030191437375037, 0.49030191370447074, 0.49030191340751217, 0.49030191333030826, 0.4903019133186999, 0.49030191331489215, 0.4903019133135009, 0.49030191331340345, 0.4903019133133827, 0.4903019133133777, 0.4903019133133766, 0.4903019133133759, 0.4903019133133757, 0.4903019133133757, 0.4903019133133757]}, "10": {"maxiter": 1000, "fatol": 1e-10, "xatol": 1e-05, "duration": 0.23346304893493652, "fun": "0.4903019133155144", "nit": "474", "nfev": "748", "status": "0", "success": "True", "message": "Optimization terminated successfully.", "x": "[ 1.08969891  0.13616773  4.52146809  4.63459119 -0.35707074  2.2579349 ]", "final_simplex": "(array([[ 1.08969891,  0.13616773,  4.52146809,  4.63459119, -0.35707074,\n         2.2579349 ],\n       [ 1.08969277,  0.13616804,  4.52146355,  4.63459153, -0.35707587,\n         2.25793038],\n       [ 1.08969614,  0.13617414,  4.52145939,  4.63459111, -0.35707465,\n         2.25792788],\n       [ 1.08969593,  0.13616606,  4.52146008,  4.63458682, -0.35707135,\n         2.25792911],\n       [ 1.08969576,  0.13616983,  4.52146193,  4.63459442, -0.35707411,\n         2.2579251 ],\n       [ 1.08969659,  0.13616757,  4.52146279,  4.63458516, -0.35707681,\n         2.25793034],\n       [ 1.08970307,  0.13616631,  4.52145881,  4.63459698, -0.3570762 ,\n         2.25792979]]), array([0.49030191, 0.49030191, 0.49030191, 0.49030191, 0.49030191,\n       0.49030191, 0.49030191]))", "callback": [0.772963057574227, 0.7360941398594594, 0.7125405838712264, 0.6530872803693687, 0.580677468953188, 0.5681916236980014, 0.564223701822616, 0.5632574193905542, 0.5598431848797694, 0.5505444470865576, 0.5292247365715221, 0.5067370320255556, 0.501220223447825, 0.49908934105067915, 0.49851059924653474, 0.49776769917051045, 0.4962366960981396, 0.49326589182738734, 0.4913848885840325, 0.4905285485509002, 0.49045306342644535, 0.4904380070393648, 0.490435153702642, 0.4904345394175692, 0.49043396556165275, 0.4904337309171486, 0.49043351791800505, 0.49043334847372644, 0.49043293690840883, 0.4904308595884215, 0.4904246586772508, 0.49041395063524473, 0.4903787934653384, 0.49032821537693916, 0.49031629485507167, 0.4903105910924327, 0.4903044968213063, 0.49030280789883895, 0.49030214704163655, 0.4903019862849861, 0.49030192636928216, 0.4903019174190768, 0.49030191455478767, 0.49030191437375037, 0.49030191370447074, 0.49030191340751217, 0.49030191333030826, 0.4903019133186999]}, "11": {"maxiter": 1000, "fatol": 1e-10, "xatol": 1e-10, "duration": 0.30648088455200195, "fun": "0.4903019133133757", "nit": "579", "nfev": "976", "status": "0", "success": "True", "message": "Optimization terminated successfully.", "x": "[ 1.08969755  0.1361687   4.52146382  4.6345916  -0.35707071  2.25793217]", "final_simplex": "(array([[ 1.08969755,  0.1361687 ,  4.52146382,  4.6345916 , -0.35707071,\n         2.25793217],\n       [ 1.08969755,  0.1361687 ,  4.52146382,  4.6345916 , -0.35707071,\n         2.25793217],\n       [ 1.08969755,  0.1361687 ,  4.52146382,  4.6345916 , -0.35707071,\n         2.25793217],\n       [ 1.08969755,  0.1361687 ,  4.52146382,  4.6345916 , -0.35707071,\n         2.25793217],\n       [ 1.08969755,  0.1361687 ,  4.52146382,  4.6345916 , -0.35707071,\n         2.25793217],\n       [ 1.08969755,  0.1361687 ,  4.52146382,  4.6345916 , -0.35707071,\n         2.25793217],\n       [ 1.08969755,  0.1361687 ,  4.52146382,  4.6345916 , -0.35707071,\n         2.25793217]]), array([0.49030191, 0.49030191, 0.49030191, 0.49030191, 0.49030191,\n       0.49030191, 0.49030191]))", "callback": [0.772963057574227, 0.7360941398594594, 0.7125405838712264, 0.6530872803693687, 0.580677468953188, 0.5681916236980014, 0.564223701822616, 0.5632574193905542, 0.5598431848797694, 0.5505444470865576, 0.5292247365715221, 0.5067370320255556, 0.501220223447825, 0.49908934105067915, 0.49851059924653474, 0.49776769917051045, 0.4962366960981396, 0.49326589182738734, 0.4913848885840325, 0.4905285485509002, 0.49045306342644535, 0.4904380070393648, 0.490435153702642, 0.4904345394175692, 0.49043396556165275, 0.4904337309171486, 0.49043351791800505, 0.49043334847372644, 0.49043293690840883, 0.4904308595884215, 0.4904246586772508, 0.49041395063524473, 0.4903787934653384, 0.49032821537693916, 0.49031629485507167, 0.4903105910924327, 0.4903044968213063, 0.49030280789883895, 0.49030214704163655, 0.4903019862849861, 0.49030192636928216, 0.4903019174190768, 0.49030191455478767, 0.49030191437375037, 0.49030191370447074, 0.49030191340751217, 0.49030191333030826, 0.4903019133186999, 0.49030191331489215, 0.4903019133135009, 0.49030191331340345, 0.4903019133133827, 0.4903019133133777, 0.4903019133133766, 0.4903019133133759, 0.4903019133133757, 0.4903019133133757, 0.4903019133133757]}}, "bfgs": {"type": "gradient", "0": {"maxiter": 100, "gtol": 1e-05, "xrtol": 1e-05, "eps": 1e-05, "duration": 0.039285898208618164, "fun": "0.4903019135376415", "jac": "[-2.89831492e-06 -2.41463516e-06  2.64851474e-06  2.51546561e-06\n  4.17749169e-06 -5.89224225e-06]", "hess_inv": "[[ 4.25740541 -0.47241225  0.62615157  0.27167821  0.64893357  1.12316152]\n [-0.47241225  4.95929969 -2.46292032  0.60892083  0.18044392 -1.35973921]\n [ 0.62615157 -2.46292032  5.0491718  -0.50965117  0.42110467  1.78916773]\n [ 0.27167821  0.60892083 -0.50965117  3.81783167 -0.093013    0.1640843 ]\n [ 0.64893357  0.18044392  0.42110467 -0.093013    3.58930714  0.72466207]\n [ 1.12316152 -1.35973921  1.78916773  0.1640843   0.72466207  4.14647208]]", "nfev": "147", "njev": "21", "status": "0", "success": "True", "message": "Optimization terminated successfully.", "x": "[ 1.08966879  0.13615597  4.52146896  4.6345934  -0.35706385  2.2578969 ]", "nit": "19", "callback": [0.5773283836012101, 0.5510214998092531, 0.5243272571061995, 0.4999518383580722, 0.49324030364089877, 0.49175507573347943, 0.4911315379431497, 0.4905528567567533, 0.4904411688736834, 0.49037170145506104, 0.49032976811112206, 0.49030955238516705, 0.49030420045277834, 0.4903025580659528, 0.4903020541424167, 0.49030194583812703, 0.49030192362671543, 0.49030191550423585, 0.4903019135376415]}, "1": {"maxiter": 100, "gtol": 1e-05, "xrtol": 1e-05, "eps": 1e-10, "duration": 0.04886293411254883, "fun": "0.49030191336605566", "jac": "[-1.11022293e-06  1.11022293e-06  1.11022293e-06  0.00000000e+00\n  0.00000000e+00 -3.33066880e-06]", "hess_inv": "[[ 3.69916044  0.00966224  0.27891947 -0.13160459  0.01547879  1.13758545]\n [ 0.00966224  4.97364365 -2.40345532  0.50367209  0.13203898 -1.06242448]\n [ 0.27891947 -2.40345532  4.6351659  -0.34487725  0.15758997  1.51135769]\n [-0.13160459  0.50367209 -0.34487725  3.98410528  0.19380637 -0.07729744]\n [ 0.01547879  0.13203898  0.15758997  0.19380637  3.55224419  0.27393763]\n [ 1.13758545 -1.06242448  1.51135769 -0.07729744  0.27393763  4.33518594]]", "nfev": "154", "njev": "22", "status": "0", "success": "True", "message": "Optimization terminated successfully.", "x": "[ 1.08968562  0.13616569  4.52146653  4.63458273 -0.35707741  2.25791479]", "nit": "20", "callback": [0.5773285677352912, 0.5510233198354813, 0.5243273269625657, 0.4999526354647873, 0.49324006820483635, 0.49175492893110617, 0.49113154406339543, 0.4905526934592507, 0.49044112408724994, 0.4903716945788108, 0.4903297278277927, 0.49030957292581834, 0.4903042061415366, 0.4903025656224673, 0.4903020554045787, 0.4903019466615336, 0.4903019235084125, 0.4903019155517847, 0.49030191377352506, 0.49030191336605566]}, "2": {"maxiter": 100, "gtol": 1e-05, "xrtol": 1e-10, "eps": 1e-05, "duration": 0.04189610481262207, "fun": "0.4903019135376415", "jac": "[-2.89831492e-06 -2.41463516e-06  2.64851474e-06  2.51546561e-06\n  4.17749169e-06 -5.89224225e-06]", "hess_inv": "[[ 4.25740541 -0.47241225  0.62615157  0.27167821  0.64893357  1.12316152]\n [-0.47241225  4.95929969 -2.46292032  0.60892083  0.18044392 -1.35973921]\n [ 0.62615157 -2.46292032  5.0491718  -0.50965117  0.42110467  1.78916773]\n [ 0.27167821  0.60892083 -0.50965117  3.81783167 -0.093013    0.1640843 ]\n [ 0.64893357  0.18044392  0.42110467 -0.093013    3.58930714  0.72466207]\n [ 1.12316152 -1.35973921  1.78916773  0.1640843   0.72466207  4.14647208]]", "nfev": "147", "njev": "21", "status": "0", "success": "True", "message": "Optimization terminated successfully.", "x": "[ 1.08966879  0.13615597  4.52146896  4.6345934  -0.35706385  2.2578969 ]", "nit": "19", "callback": [0.5773283836012101, 0.5510214998092531, 0.5243272571061995, 0.4999518383580722, 0.49324030364089877, 0.49175507573347943, 0.4911315379431497, 0.4905528567567533, 0.4904411688736834, 0.49037170145506104, 0.49032976811112206, 0.49030955238516705, 0.49030420045277834, 0.4903025580659528, 0.4903020541424167, 0.49030194583812703, 0.49030192362671543, 0.49030191550423585, 0.4903019135376415]}, "3": {"maxiter": 100, "gtol": 1e-05, "xrtol": 1e-10, "eps": 1e-10, "duration": 0.04584193229675293, "fun": "0.49030191336605566", "jac": "[-1.11022293e-06  1.11022293e-06  1.11022293e-06  0.00000000e+00\n  0.00000000e+00 -3.33066880e-06]", "hess_inv": "[[ 3.69916044  0.00966224  0.27891947 -0.13160459  0.01547879  1.13758545]\n [ 0.00966224  4.97364365 -2.40345532  0.50367209  0.13203898 -1.06242448]\n [ 0.27891947 -2.40345532  4.6351659  -0.34487725  0.15758997  1.51135769]\n [-0.13160459  0.50367209 -0.34487725  3.98410528  0.19380637 -0.07729744]\n [ 0.01547879  0.13203898  0.15758997  0.19380637  3.55224419  0.27393763]\n [ 1.13758545 -1.06242448  1.51135769 -0.07729744  0.27393763  4.33518594]]", "nfev": "154", "njev": "22", "status": "0", "success": "True", "message": "Optimization terminated successfully.", "x": "[ 1.08968562  0.13616569  4.52146653  4.63458273 -0.35707741  2.25791479]", "nit": "20", "callback": [0.5773285677352912, 0.5510233198354813, 0.5243273269625657, 0.4999526354647873, 0.49324006820483635, 0.49175492893110617, 0.49113154406339543, 0.4905526934592507, 0.49044112408724994, 0.4903716945788108, 0.4903297278277927, 0.49030957292581834, 0.4903042061415366, 0.4903025656224673, 0.4903020554045787, 0.4903019466615336, 0.4903019235084125, 0.4903019155517847, 0.49030191377352506, 0.49030191336605566]}, "4": {"maxiter": 100, "gtol": 1e-10, "xrtol": 1e-05, "eps": 1e-05, "duration": 0.06384396553039551, "fun": "0.49030191334802353", "jac": "[-6.17517149e-07  3.03257419e-07  1.02828857e-06 -2.53719268e-07\n  3.10551584e-07 -7.07345293e-07]", "hess_inv": "[[ 4.32239198 -0.28872178  0.67999084 -0.02333178  0.48861096  1.35883645]\n [-0.28872178  5.07282017 -2.56062604  0.51441941  0.03521543 -1.11060075]\n [ 0.67999084 -2.56062604  4.93985901 -0.29864529  0.47795549  1.72755643]\n [-0.02333178  0.51441941 -0.29864529  3.80956349  0.07357232 -0.14577145]\n [ 0.48861096  0.03521543  0.47795549  0.07357232  3.75108954  0.45978023]\n [ 1.35883645 -1.11060075  1.72755643 -0.14577145  0.45978023  4.57249634]]", "nfev": "154", "njev": "22", "status": "0", "success": "True", "message": "Optimization terminated successfully.", "x": "[ 1.08968484  0.13616618  4.5214606   4.63458462 -0.35707676  2.25791897]", "nit": "20", "callback": [0.5773283836012101, 0.5510214998092531, 0.5243272571061995, 0.4999518383580722, 0.49324030364089877, 0.49175507573347943, 0.4911315379431497, 0.4905528567567533, 0.4904411688736834, 0.49037170145506104, 0.49032976811112206, 0.49030955238516705, 0.49030420045277834, 0.4903025580659528, 0.4903020541424167, 0.49030194583812703, 0.49030192362671543, 0.49030191550423585, 0.4903019135376415, 0.49030191334802353]}, "5": {"maxiter": 100, "gtol": 1e-10, "xrtol": 1e-05, "eps": 1e-10, "duration": 0.052102088928222656, "fun": "0.49030191336605566", "jac": "[-1.11022293e-06  1.11022293e-06  1.11022293e-06  0.00000000e+00\n  0.00000000e+00 -3.33066880e-06]", "hess_inv": "[[ 3.69916044  0.00966224  0.27891947 -0.13160459  0.01547879  1.13758545]\n [ 0.00966224  4.97364365 -2.40345532  0.50367209  0.13203898 -1.06242448]\n [ 0.27891947 -2.40345532  4.6351659  -0.34487725  0.15758997  1.51135769]\n [-0.13160459  0.50367209 -0.34487725  3.98410528  0.19380637 -0.07729744]\n [ 0.01547879  0.13203898  0.15758997  0.19380637  3.55224419  0.27393763]\n [ 1.13758545 -1.06242448  1.51135769 -0.07729744  0.27393763  4.33518594]]", "nfev": "154", "njev": "22", "status": "0", "success": "True", "message": "Optimization terminated successfully.", "x": "[ 1.08968562  0.13616569  4.52146653  4.63458273 -0.35707741  2.25791479]", "nit": "20", "callback": [0.5773285677352912, 0.5510233198354813, 0.5243273269625657, 0.4999526354647873, 0.49324006820483635, 0.49175492893110617, 0.49113154406339543, 0.4905526934592507, 0.49044112408724994, 0.4903716945788108, 0.4903297278277927, 0.49030957292581834, 0.4903042061415366, 0.4903025656224673, 0.4903020554045787, 0.4903019466615336, 0.4903019235084125, 0.4903019155517847, 0.49030191377352506, 0.49030191336605566]}, "6": {"maxiter": 100, "gtol": 1e-10, "xrtol": 1e-10, "eps": 1e-05, "duration": 0.09433817863464355, "fun": "0.4903019133394071", "jac": "[ 1.21014310e-09  4.64073224e-09  5.02931030e-09 -1.14352972e-09\n -5.08482145e-09  1.68753900e-09]", "hess_inv": "[[ 4.5655025  -0.26766997  0.3765535   0.03983261  0.42649797  1.57565098]\n [-0.26766997  5.05881902 -2.57155921  0.55494394  0.02978166 -1.11070635]\n [ 0.3765535  -2.57155921  5.37864853 -0.38623995  0.52333245  1.46464169]\n [ 0.03983261  0.55494394 -0.38623995  3.75670457  0.04664204 -0.05114036]\n [ 0.42649797  0.02978166  0.52333245  0.04664204  3.78075264  0.40890579]\n [ 1.57565098 -1.11070635  1.46464169 -0.05114036  0.40890579  4.74481516]]", "nfev": "326", "njev": "45", "status": "2", "success": "False", "message": "Desired error not necessarily achieved due to precision loss.", "x": "[ 1.08968845  0.13616651  4.52145688  4.6345858  -0.35707803  2.25792209]", "nit": "22", "callback": [0.5773283836012101, 0.5510214998092531, 0.5243272571061995, 0.4999518383580722, 0.49324030364089877, 0.49175507573347943, 0.4911315379431497, 0.4905528567567533, 0.4904411688736834, 0.49037170145506104, 0.49032976811112206, 0.49030955238516705, 0.49030420045277834, 0.4903025580659528, 0.4903020541424167, 0.49030194583812703, 0.49030192362671543, 0.49030191550423585, 0.4903019135376415, 0.49030191334802353, 0.49030191333949635, 0.4903019133394071]}, "7": {"maxiter": 100, "gtol": 1e-10, "xrtol": 1e-10, "eps": 1e-10, "duration": 0.08918499946594238, "fun": "0.4903019133146833", "jac": "[1.11022293e-06 1.11022293e-06 2.22044587e-06 0.00000000e+00\n 0.00000000e+00 2.22044587e-06]", "hess_inv": "[[  3.52664489   4.50082999  -5.55079634   3.59089735  -3.47155758\n    0.92807178]\n [  4.50082999  16.40933101 -13.4857841   11.07412737  -4.57105891\n    2.71572441]\n [ -5.55079634 -13.4857841   14.33325917  -9.57969769   5.62945012\n   -3.19304684]\n [  3.59089735  11.07412737  -9.57969769   9.79797247  -4.08245917\n    1.54418048]\n [ -3.47155758  -4.57105891   5.62945012  -4.08245917   6.30986075\n   -2.66508763]\n [  0.92807178   2.71572441  -3.19304684   1.54418048  -2.66508763\n    3.16879961]]", "nfev": "301", "njev": "43", "status": "0", "success": "True", "message": "Optimization terminated successfully.", "x": "[ 1.08969798  0.13616646  4.521467    4.63458979 -0.35707055  2.25793384]", "nit": "26", "callback": [0.5773285677352912, 0.5510233198354813, 0.5243273269625657, 0.4999526354647873, 0.49324006820483635, 0.49175492893110617, 0.49113154406339543, 0.4905526934592507, 0.49044112408724994, 0.4903716945788108, 0.4903297278277927, 0.49030957292581834, 0.4903042061415366, 0.4903025656224673, 0.4903020554045787, 0.4903019466615336, 0.4903019235084125, 0.4903019155517847, 0.49030191377352506, 0.49030191336605566, 0.49030191333924966, 0.4903019133264125, 0.4903019133179032, 0.49030191331705864, 0.4903019133146833, 0.4903019133146833]}, "8": {"maxiter": 500, "gtol": 1e-05, "xrtol": 1e-05, "eps": 1e-05, "duration": 0.04688096046447754, "fun": "0.4903019135376415", "jac": "[-2.89831492e-06 -2.41463516e-06  2.64851474e-06  2.51546561e-06\n  4.17749169e-06 -5.89224225e-06]", "hess_inv": "[[ 4.25740541 -0.47241225  0.62615157  0.27167821  0.64893357  1.12316152]\n [-0.47241225  4.95929969 -2.46292032  0.60892083  0.18044392 -1.35973921]\n [ 0.62615157 -2.46292032  5.0491718  -0.50965117  0.42110467  1.78916773]\n [ 0.27167821  0.60892083 -0.50965117  3.81783167 -0.093013    0.1640843 ]\n [ 0.64893357  0.18044392  0.42110467 -0.093013    3.58930714  0.72466207]\n [ 1.12316152 -1.35973921  1.78916773  0.1640843   0.72466207  4.14647208]]", "nfev": "147", "njev": "21", "status": "0", "success": "True", "message": "Optimization terminated successfully.", "x": "[ 1.08966879  0.13615597  4.52146896  4.6345934  -0.35706385  2.2578969 ]", "nit": "19", "callback": [0.5773283836012101, 0.5510214998092531, 0.5243272571061995, 0.4999518383580722, 0.49324030364089877, 0.49175507573347943, 0.4911315379431497, 0.4905528567567533, 0.4904411688736834, 0.49037170145506104, 0.49032976811112206, 0.49030955238516705, 0.49030420045277834, 0.4903025580659528, 0.4903020541424167, 0.49030194583812703, 0.49030192362671543, 0.49030191550423585, 0.4903019135376415]}, "9": {"maxiter": 500, "gtol": 1e-05, "xrtol": 1e-05, "eps": 1e-10, "duration": 0.045766353607177734, "fun": "0.49030191336605566", "jac": "[-1.11022293e-06  1.11022293e-06  1.11022293e-06  0.00000000e+00\n  0.00000000e+00 -3.33066880e-06]", "hess_inv": "[[ 3.69916044  0.00966224  0.27891947 -0.13160459  0.01547879  1.13758545]\n [ 0.00966224  4.97364365 -2.40345532  0.50367209  0.13203898 -1.06242448]\n [ 0.27891947 -2.40345532  4.6351659  -0.34487725  0.15758997  1.51135769]\n [-0.13160459  0.50367209 -0.34487725  3.98410528  0.19380637 -0.07729744]\n [ 0.01547879  0.13203898  0.15758997  0.19380637  3.55224419  0.27393763]\n [ 1.13758545 -1.06242448  1.51135769 -0.07729744  0.27393763  4.33518594]]", "nfev": "154", "njev": "22", "status": "0", "success": "True", "message": "Optimization terminated successfully.", "x": "[ 1.08968562  0.13616569  4.52146653  4.63458273 -0.35707741  2.25791479]", "nit": "20", "callback": [0.5773285677352912, 0.5510233198354813, 0.5243273269625657, 0.4999526354647873, 0.49324006820483635, 0.49175492893110617, 0.49113154406339543, 0.4905526934592507, 0.49044112408724994, 0.4903716945788108, 0.4903297278277927, 0.49030957292581834, 0.4903042061415366, 0.4903025656224673, 0.4903020554045787, 0.4903019466615336, 0.4903019235084125, 0.4903019155517847, 0.49030191377352506, 0.49030191336605566]}, "10": {"maxiter": 500, "gtol": 1e-05, "xrtol": 1e-10, "eps": 1e-05, "duration": 0.0448758602142334, "fun": "0.4903019135376415", "jac": "[-2.89831492e-06 -2.41463516e-06  2.64851474e-06  2.51546561e-06\n  4.17749169e-06 -5.89224225e-06]", "hess_inv": "[[ 4.25740541 -0.47241225  0.62615157  0.27167821  0.64893357  1.12316152]\n [-0.47241225  4.95929969 -2.46292032  0.60892083  0.18044392 -1.35973921]\n [ 0.62615157 -2.46292032  5.0491718  -0.50965117  0.42110467  1.78916773]\n [ 0.27167821  0.60892083 -0.50965117  3.81783167 -0.093013    0.1640843 ]\n [ 0.64893357  0.18044392  0.42110467 -0.093013    3.58930714  0.72466207]\n [ 1.12316152 -1.35973921  1.78916773  0.1640843   0.72466207  4.14647208]]", "nfev": "147", "njev": "21", "status": "0", "success": "True", "message": "Optimization terminated successfully.", "x": "[ 1.08966879  0.13615597  4.52146896  4.6345934  -0.35706385  2.2578969 ]", "nit": "19", "callback": [0.5773283836012101, 0.5510214998092531, 0.5243272571061995, 0.4999518383580722, 0.49324030364089877, 0.49175507573347943, 0.4911315379431497, 0.4905528567567533, 0.4904411688736834, 0.49037170145506104, 0.49032976811112206, 0.49030955238516705, 0.49030420045277834, 0.4903025580659528, 0.4903020541424167, 0.49030194583812703, 0.49030192362671543, 0.49030191550423585, 0.4903019135376415]}, "11": {"maxiter": 500, "gtol": 1e-05, "xrtol": 1e-10, "eps": 1e-10, "duration": 0.04199385643005371, "fun": "0.49030191336605566", "jac": "[-1.11022293e-06  1.11022293e-06  1.11022293e-06  0.00000000e+00\n  0.00000000e+00 -3.33066880e-06]", "hess_inv": "[[ 3.69916044  0.00966224  0.27891947 -0.13160459  0.01547879  1.13758545]\n [ 0.00966224  4.97364365 -2.40345532  0.50367209  0.13203898 -1.06242448]\n [ 0.27891947 -2.40345532  4.6351659  -0.34487725  0.15758997  1.51135769]\n [-0.13160459  0.50367209 -0.34487725  3.98410528  0.19380637 -0.07729744]\n [ 0.01547879  0.13203898  0.15758997  0.19380637  3.55224419  0.27393763]\n [ 1.13758545 -1.06242448  1.51135769 -0.07729744  0.27393763  4.33518594]]", "nfev": "154", "njev": "22", "status": "0", "success": "True", "message": "Optimization terminated successfully.", "x": "[ 1.08968562  0.13616569  4.52146653  4.63458273 -0.35707741  2.25791479]", "nit": "20", "callback": [0.5773285677352912, 0.5510233198354813, 0.5243273269625657, 0.4999526354647873, 0.49324006820483635, 0.49175492893110617, 0.49113154406339543, 0.4905526934592507, 0.49044112408724994, 0.4903716945788108, 0.4903297278277927, 0.49030957292581834, 0.4903042061415366, 0.4903025656224673, 0.4903020554045787, 0.4903019466615336, 0.490301