{"date": "2024/10/08/, 19:17:26", "conf_id": 23, "data_type": "random\n", "num_data_points": 2, "s_rank": 0, "unitary": "[[-0.53618537-0.34368723j,-0.12107031-0.46226139j,-0.07699282-0.46603512j,0.36022595-0.11472301j],[0.26026499-0.63450712j,-0.56616638+0.37832564j,-0.14988651+0.08458591j,0.10363514-0.16008501j],[-0.32580188-0.11070003j,-0.36476308-0.23593218j,0.02559343+0.41761608j,-0.25598305+0.6725303j],[0.07406738-0.0126433j,0.28513701+0.19483972j,-0.74939717-0.10299659j,0.29798249+0.46269921j]]", "databatch_0": {"databatch": "[[[-0.28604775+0.05366445j,0.08347066-0.12062127j,-0.17962117+0.18971649j,0.28679751+0.04425749j],[-0.21966528+0.38703982j,-0.05848338-0.21654165j,0.04427476+0.39703389j,0.33476697-0.29126304j],[0.16507617-0.02211605j,-0.0513085+0.06643749j,0.10832281-0.10304958j,-0.16257696-0.03386719j],[0.1186124-0.053574j,-0.02350962+0.06123944j,0.05797882-0.10143185j,-0.12929584+0.01110588j]],[[-0.08743311-0.10669002j,-0.35090993-0.00787388j,-0.08023911-0.01943367j,-0.07050058+0.05487746j],[0.15501397+0.04392438j,0.34163819-0.2266341j,0.08988668-0.03491891j,0.03095928-0.09965475j],[0.25452536+0.00653973j,0.43428543-0.48076713j,0.12393958-0.08866222j,0.00837057-0.16469398j],[-0.07487098-0.07586981j,-0.27057167+0.01892079j,-0.06312417-0.00924163j,-0.05034094+0.04724457j]]]", "initial param values": "[3.01073788,5.01245095,3.88902085,1.65080843,5.69617094,4.68219257]", "nelder_mead": {"type": "gradient-free", "0": {"maxiter": 100, "fatol": 1e-05, "xatol": 1e-05, "duration": 0.047640085220336914, "fun": "0.1373151364771137", "nit": "100", "nfev": "152", "status": "2", "success": "False", "message": "Maximum number of iterations has been exceeded.", "x": "[6.05378831 7.03585366 0.48546772 1.9074295  3.89838465 5.26535795]", "final_simplex": "(array([[6.05378831, 7.03585366, 0.48546772, 1.9074295 , 3.89838465,\n        5.26535795],\n       [6.08372121, 7.08283567, 0.4540491 , 1.8881553 , 3.93509118,\n        5.37472104],\n       [6.03686586, 7.02071183, 0.51837617, 1.91000209, 3.95100309,\n        5.33473233],\n       [6.09960563, 7.14353094, 0.45559856, 1.89290782, 3.92396546,\n        5.33742864],\n       [6.14789234, 7.20795557, 0.28142982, 1.89720761, 3.90316633,\n        5.33195388],\n       [6.02238315, 7.03025185, 0.56606254, 1.88742022, 3.89497407,\n        5.34632183],\n       [6.04571241, 6.95803882, 0.5705883 , 1.91096265, 3.88076682,\n        5.35003178]]), array([0.13731514, 0.13755906, 0.13756894, 0.1376127 , 0.13768677,\n       0.13849044, 0.13877896]))", "callback": [0.9112369351286762, 0.8506834310718974, 0.8088202973875723, 0.5671646918836227, 0.22832511157344426, 0.198543030906298, 0.17186124667422642, 0.15632354404851, 0.14671624128944893, 0.13755905772010857]}, "1": {"maxiter": 100, "fatol": 1e-05, "xatol": 1e-10, "duration": 0.04548811912536621, "fun": "0.1373151364771137", "nit": "100", "nfev": "152", "status": "2", "success": "False", "message": "Maximum number of iterations has been exceeded.", "x": "[6.05378831 7.03585366 0.48546772 1.9074295  3.89838465 5.26535795]", "final_simplex": "(array([[6.05378831, 7.03585366, 0.48546772, 1.9074295 , 3.89838465,\n        5.26535795],\n       [6.08372121, 7.08283567, 0.4540491 , 1.8881553 , 3.93509118,\n        5.37472104],\n       [6.03686586, 7.02071183, 0.51837617, 1.91000209, 3.95100309,\n        5.33473233],\n       [6.09960563, 7.14353094, 0.45559856, 1.89290782, 3.92396546,\n        5.33742864],\n       [6.14789234, 7.20795557, 0.28142982, 1.89720761, 3.90316633,\n        5.33195388],\n       [6.02238315, 7.03025185, 0.56606254, 1.88742022, 3.89497407,\n        5.34632183],\n       [6.04571241, 6.95803882, 0.5705883 , 1.91096265, 3.88076682,\n        5.35003178]]), array([0.13731514, 0.13755906, 0.13756894, 0.1376127 , 0.13768677,\n       0.13849044, 0.13877896]))", "callback": [0.9112369351286762, 0.8506834310718974, 0.8088202973875723, 0.5671646918836227, 0.22832511157344426, 0.198543030906298, 0.17186124667422642, 0.15632354404851, 0.14671624128944893, 0.13755905772010857]}, "2": {"maxiter": 100, "fatol": 1e-10, "xatol": 1e-05, "duration": 0.040442705154418945, "fun": "0.1373151364771137", "nit": "100", "nfev": "152", "status": "2", "success": "False", "message": "Maximum number of iterations has been exceeded.", "x": "[6.05378831 7.03585366 0.48546772 1.9074295  3.89838465 5.26535795]", "final_simplex": "(array([[6.05378831, 7.03585366, 0.48546772, 1.9074295 , 3.89838465,\n        5.26535795],\n       [6.08372121, 7.08283567, 0.4540491 , 1.8881553 , 3.93509118,\n        5.37472104],\n       [6.03686586, 7.02071183, 0.51837617, 1.91000209, 3.95100309,\n        5.33473233],\n       [6.09960563, 7.14353094, 0.45559856, 1.89290782, 3.92396546,\n        5.33742864],\n       [6.14789234, 7.20795557, 0.28142982, 1.89720761, 3.90316633,\n        5.33195388],\n       [6.02238315, 7.03025185, 0.56606254, 1.88742022, 3.89497407,\n        5.34632183],\n       [6.04571241, 6.95803882, 0.5705883 , 1.91096265, 3.88076682,\n        5.35003178]]), array([0.13731514, 0.13755906, 0.13756894, 0.1376127 , 0.13768677,\n       0.13849044, 0.13877896]))", "callback": [0.9112369351286762, 0.8506834310718974, 0.8088202973875723, 0.5671646918836227, 0.22832511157344426, 0.198543030906298, 0.17186124667422642, 0.15632354404851, 0.14671624128944893, 0.13755905772010857]}, "3": {"maxiter": 100, "fatol": 1e-10, "xatol": 1e-10, "duration": 0.049514055252075195, "fun": "0.1373151364771137", "nit": "100", "nfev": "152", "status": "2", "success": "False", "message": "Maximum number of iterations has been exceeded.", "x": "[6.05378831 7.03585366 0.48546772 1.9074295  3.89838465 5.26535795]", "final_simplex": "(array([[6.05378831, 7.03585366, 0.48546772, 1.9074295 , 3.89838465,\n        5.26535795],\n       [6.08372121, 7.08283567, 0.4540491 , 1.8881553 , 3.93509118,\n        5.37472104],\n       [6.03686586, 7.02071183, 0.51837617, 1.91000209, 3.95100309,\n        5.33473233],\n       [6.09960563, 7.14353094, 0.45559856, 1.89290782, 3.92396546,\n        5.33742864],\n       [6.14789234, 7.20795557, 0.28142982, 1.89720761, 3.90316633,\n        5.33195388],\n       [6.02238315, 7.03025185, 0.56606254, 1.88742022, 3.89497407,\n        5.34632183],\n       [6.04571241, 6.95803882, 0.5705883 , 1.91096265, 3.88076682,\n        5.35003178]]), array([0.13731514, 0.13755906, 0.13756894, 0.1376127 , 0.13768677,\n       0.13849044, 0.13877896]))", "callback": [0.9112369351286762, 0.8506834310718974, 0.8088202973875723, 0.5671646918836227, 0.22832511157344426, 0.198543030906298, 0.17186124667422642, 0.15632354404851, 0.14671624128944893, 0.13755905772010857]}, "4": {"maxiter": 500, "fatol": 1e-05, "xatol": 1e-05, "duration": 0.24382305145263672, "fun": "0.13241477164717308", "nit": "437", "nfev": "683", "status": "0", "success": "True", "message": "Optimization terminated successfully.", "x": "[ 5.98680863  8.02149177 -0.53682657  1.94313449  3.89326051  5.33303526]", "final_simplex": "(array([[ 5.98680863,  8.02149177, -0.53682657,  1.94313449,  3.89326051,\n         5.33303526],\n       [ 5.98680855,  8.02149597, -0.53683005,  1.9431316 ,  3.89325993,\n         5.33303455],\n       [ 5.98681088,  8.02149659, -0.53683109,  1.94313185,  3.89325981,\n         5.33303322],\n       [ 5.98681007,  8.02149274, -0.53682552,  1.94313284,  3.89325941,\n         5.33303466],\n       [ 5.98681032,  8.0214891 , -0.53682501,  1.9431314 ,  3.89325824,\n         5.33303129],\n       [ 5.98681217,  8.02148333, -0.53681849,  1.94313084,  3.89326027,\n         5.33303347],\n       [ 5.98680937,  8.02149112, -0.53682378,  1.94313191,  3.89326177,\n         5.33303317]]), array([0.13241477, 0.13241477, 0.13241477, 0.13241477, 0.13241477,\n       0.13241477, 0.13241477]))", "callback": [0.9112369351286762, 0.8506834310718974, 0.8088202973875723, 0.5671646918836227, 0.22832511157344426, 0.198543030906298, 0.17186124667422642, 0.15632354404851, 0.14671624128944893, 0.13755905772010857, 0.13637450353441571, 0.13611403801976674, 0.13561820660104273, 0.13526207712530525, 0.13478938028332932, 0.13477354508799722, 0.13474792471073782, 0.1347283785588803, 0.13468142444588804, 0.13458836024643062, 0.13423174649346614, 0.1339198523022782, 0.1334828966317705, 0.13257653984825402, 0.13252461483582179, 0.13245561081833412, 0.13243527154975432, 0.13242698689628585, 0.13241728840563205, 0.13241728840563205, 0.13241642266578602, 0.132415399760889, 0.13241506723322827, 0.1324149574978699, 0.13241487905074667, 0.13241479314009585, 0.13241477911895572, 0.1324147726453222, 0.1324147726453222, 0.1324147717664279, 0.13241477175307204, 0.13241477166191173, 0.1324147716523364, 0.13241477164833804]}, "5": {"maxiter": 500, "fatol": 1e-05, "xatol": 1e-10, "duration": 0.3031909465789795, "fun": "0.13241477164688953", "nit": "500", "nfev": "787", "status": "2", "success": "False", "message": "Maximum number of iterations has been exceeded.", "x": "[ 5.98680889  8.02149349 -0.53682843  1.94313322  3.89326     5.33303413]", "final_simplex": "(array([[ 5.98680889,  8.02149349, -0.53682843,  1.94313322,  3.89326   ,\n         5.33303413],\n       [ 5.9868089 ,  8.02149351, -0.53682845,  1.94313322,  3.89325997,\n         5.33303413],\n       [ 5.98680889,  8.02149345, -0.53682837,  1.94313326,  3.89325999,\n         5.33303413],\n       [ 5.98680888,  8.02149343, -0.53682836,  1.94313326,  3.89326   ,\n         5.33303416],\n       [ 5.98680889,  8.02149349, -0.53682842,  1.94313326,  3.89326001,\n         5.33303416],\n       [ 5.98680889,  8.02149343, -0.53682839,  1.94313327,  3.89325999,\n         5.33303413],\n       [ 5.98680885,  8.02149357, -0.5368285 ,  1.94313328,  3.89326   ,\n         5.33303417]]), array([0.13241477, 0.13241477, 0.13241477, 0.13241477, 0.13241477,\n       0.13241477, 0.13241477]))", "callback": [0.9112369351286762, 0.8506834310718974, 0.8088202973875723, 0.5671646918836227, 0.22832511157344426, 0.198543030906298, 0.17186124667422642, 0.15632354404851, 0.14671624128944893, 0.13755905772010857, 0.13637450353441571, 0.13611403801976674, 0.13561820660104273, 0.13526207712530525, 0.13478938028332932, 0.13477354508799722, 0.13474792471073782, 0.1347283785588803, 0.13468142444588804, 0.13458836024643062, 0.13423174649346614, 0.1339198523022782, 0.1334828966317705, 0.13257653984825402, 0.13252461483582179, 0.13245561081833412, 0.13243527154975432, 0.13242698689628585, 0.13241728840563205, 0.13241728840563205, 0.13241642266578602, 0.132415399760889, 0.13241506723322827, 0.1324149574978699, 0.13241487905074667, 0.13241479314009585, 0.13241477911895572, 0.1324147726453222, 0.1324147726453222, 0.1324147717664279, 0.13241477175307204, 0.13241477166191173, 0.1324147716523364, 0.13241477164833804, 0.13241477164717308, 0.13241477164693372, 0.13241477164690263, 0.13241477164689275, 0.1324147716468902, 0.13241477164688986]}, "6": {"maxiter": 500, "fatol": 1e-10, "xatol": 1e-05, "duration": 0.25382089614868164, "fun": "0.13241477164717308", "nit": "437", "nfev": "683", "status": "0", "success": "True", "message": "Optimization terminated successfully.", "x": "[ 5.98680863  8.02149177 -0.53682657  1.94313449  3.89326051  5.33303526]", "final_simplex": "(array([[ 5.98680863,  8.02149177, -0.53682657,  1.94313449,  3.89326051,\n         5.33303526],\n       [ 5.98680855,  8.02149597, -0.53683005,  1.9431316 ,  3.89325993,\n         5.33303455],\n       [ 5.98681088,  8.02149659, -0.53683109,  1.94313185,  3.89325981,\n         5.33303322],\n       [ 5.98681007,  8.02149274, -0.53682552,  1.94313284,  3.89325941,\n         5.33303466],\n       [ 5.98681032,  8.0214891 , -0.53682501,  1.9431314 ,  3.89325824,\n         5.33303129],\n       [ 5.98681217,  8.02148333, -0.53681849,  1.94313084,  3.89326027,\n         5.33303347],\n       [ 5.98680937,  8.02149112, -0.53682378,  1.94313191,  3.89326177,\n         5.33303317]]), array([0.13241477, 0.13241477, 0.13241477, 0.13241477, 0.13241477,\n       0.13241477, 0.13241477]))", "callback": [0.9112369351286762, 0.8506834310718974, 0.8088202973875723, 0.5671646918836227, 0.22832511157344426, 0.198543030906298, 0.17186124667422642, 0.15632354404851, 0.14671624128944893, 0.13755905772010857, 0.13637450353441571, 0.13611403801976674, 0.13561820660104273, 0.13526207712530525, 0.13478938028332932, 0.13477354508799722, 0.13474792471073782, 0.1347283785588803, 0.13468142444588804, 0.13458836024643062, 0.13423174649346614, 0.1339198523022782, 0.1334828966317705, 0.13257653984825402, 0.13252461483582179, 0.13245561081833412, 0.13243527154975432, 0.13242698689628585, 0.13241728840563205, 0.13241728840563205, 0.13241642266578602, 0.132415399760889, 0.13241506723322827, 0.1324149574978699, 0.13241487905074667, 0.13241479314009585, 0.13241477911895572, 0.1324147726453222, 0.1324147726453222, 0.1324147717664279, 0.13241477175307204, 0.13241477166191173, 0.1324147716523364, 0.13241477164833804]}, "7": {"maxiter": 500, "fatol": 1e-10, "xatol": 1e-10, "duration": 0.2857499122619629, "fun": "0.13241477164688953", "nit": "500", "nfev": "787", "status": "2", "success": "False", "message": "Maximum number of iterations has been exceeded.", "x": "[ 5.98680889  8.02149349 -0.53682843  1.94313322  3.89326     5.33303413]", "final_simplex": "(array([[ 5.98680889,  8.02149349, -0.53682843,  1.94313322,  3.89326   ,\n         5.33303413],\n       [ 5.9868089 ,  8.02149351, -0.53682845,  1.94313322,  3.89325997,\n         5.33303413],\n       [ 5.98680889,  8.02149345, -0.53682837,  1.94313326,  3.89325999,\n         5.33303413],\n       [ 5.98680888,  8.02149343, -0.53682836,  1.94313326,  3.89326   ,\n         5.33303416],\n       [ 5.98680889,  8.02149349, -0.53682842,  1.94313326,  3.89326001,\n         5.33303416],\n       [ 5.98680889,  8.02149343, -0.53682839,  1.94313327,  3.89325999,\n         5.33303413],\n       [ 5.98680885,  8.02149357, -0.5368285 ,  1.94313328,  3.89326   ,\n         5.33303417]]), array([0.13241477, 0.13241477, 0.13241477, 0.13241477, 0.13241477,\n       0.13241477, 0.13241477]))", "callback": [0.9112369351286762, 0.8506834310718974, 0.8088202973875723, 0.5671646918836227, 0.22832511157344426, 0.198543030906298, 0.17186124667422642, 0.15632354404851, 0.14671624128944893, 0.13755905772010857, 0.13637450353441571, 0.13611403801976674, 0.13561820660104273, 0.13526207712530525, 0.13478938028332932, 0.13477354508799722, 0.13474792471073782, 0.1347283785588803, 0.13468142444588804, 0.13458836024643062, 0.13423174649346614, 0.1339198523022782, 0.1334828966317705, 0.13257653984825402, 0.13252461483582179, 0.13245561081833412, 0.13243527154975432, 0.13242698689628585, 0.13241728840563205, 0.13241728840563205, 0.13241642266578602, 0.132415399760889, 0.13241506723322827, 0.1324149574978699, 0.13241487905074667, 0.13241479314009585, 0.13241477911895572, 0.1324147726453222, 0.1324147726453222, 0.1324147717664279, 0.13241477175307204, 0.13241477166191173, 0.1324147716523364, 0.13241477164833804, 0.13241477164717308, 0.13241477164693372, 0.13241477164690263, 0.13241477164689275, 0.1324147716468902, 0.13241477164688986]}, "8": {"maxiter": 1000, "fatol": 1e-05, "xatol": 1e-05, "duration": 0.24948692321777344, "fun": "0.13241477164717308", "nit": "437", "nfev": "683", "status": "0", "success": "True", "message": "Optimization terminated successfully.", "x": "[ 5.98680863  8.02149177 -0.53682657  1.94313449  3.89326051  5.33303526]", "final_simplex": "(array([[ 5.98680863,  8.02149177, -0.53682657,  1.94313449,  3.89326051,\n         5.33303526],\n       [ 5.98680855,  8.02149597, -0.53683005,  1.9431316 ,  3.89325993,\n         5.33303455],\n       [ 5.98681088,  8.02149659, -0.53683109,  1.94313185,  3.89325981,\n         5.33303322],\n       [ 5.98681007,  8.02149274, -0.53682552,  1.94313284,  3.89325941,\n         5.33303466],\n       [ 5.98681032,  8.0214891 , -0.53682501,  1.9431314 ,  3.89325824,\n         5.33303129],\n       [ 5.98681217,  8.02148333, -0.53681849,  1.94313084,  3.89326027,\n         5.33303347],\n       [ 5.98680937,  8.02149112, -0.53682378,  1.94313191,  3.89326177,\n         5.33303317]]), array([0.13241477, 0.13241477, 0.13241477, 0.13241477, 0.13241477,\n       0.13241477, 0.13241477]))", "callback": [0.9112369351286762, 0.8506834310718974, 0.8088202973875723, 0.5671646918836227, 0.22832511157344426, 0.198543030906298, 0.17186124667422642, 0.15632354404851, 0.14671624128944893, 0.13755905772010857, 0.13637450353441571, 0.13611403801976674, 0.13561820660104273, 0.13526207712530525, 0.13478938028332932, 0.13477354508799722, 0.13474792471073782, 0.1347283785588803, 0.13468142444588804, 0.13458836024643062, 0.13423174649346614, 0.1339198523022782, 0.1334828966317705, 0.13257653984825402, 0.13252461483582179, 0.13245561081833412, 0.13243527154975432, 0.13242698689628585, 0.13241728840563205, 0.13241728840563205, 0.13241642266578602, 0.132415399760889, 0.13241506723322827, 0.1324149574978699, 0.13241487905074667, 0.13241479314009585, 0.13241477911895572, 0.1324147726453222, 0.1324147726453222, 0.1324147717664279, 0.13241477175307204, 0.13241477166191173, 0.1324147716523364, 0.13241477164833804]}, "9": {"maxiter": 1000, "fatol": 1e-05, "xatol": 1e-10, "duration": 0.2689628601074219, "fun": "0.1324147716468892", "nit": "537", "nfev": "894", "status": "0", "success": "True", "message": "Optimization terminated successfully.", "x": "[ 5.98680888  8.0214935  -0.53682843  1.94313323  3.89326     5.33303414]", "final_simplex": "(array([[ 5.98680888,  8.0214935 , -0.53682843,  1.94313323,  3.89326   ,\n         5.33303414],\n       [ 5.98680888,  8.0214935 , -0.53682843,  1.94313323,  3.89326   ,\n         5.33303414],\n       [ 5.98680888,  8.0214935 , -0.53682843,  1.94313323,  3.89326   ,\n         5.33303414],\n       [ 5.98680888,  8.0214935 , -0.53682843,  1.94313323,  3.89326   ,\n         5.33303414],\n       [ 5.98680888,  8.0214935 , -0.53682843,  1.94313323,  3.89326   ,\n         5.33303414],\n       [ 5.98680888,  8.0214935 , -0.53682843,  1.94313323,  3.89326   ,\n         5.33303414],\n       [ 5.98680888,  8.0214935 , -0.53682843,  1.94313323,  3.89326   ,\n         5.33303414]]), array([0.13241477, 0.13241477, 0.13241477, 0.13241477, 0.13241477,\n       0.13241477, 0.13241477]))", "callback": [0.9112369351286762, 0.8506834310718974, 0.8088202973875723, 0.5671646918836227, 0.22832511157344426, 0.198543030906298, 0.17186124667422642, 0.15632354404851, 0.14671624128944893, 0.13755905772010857, 0.13637450353441571, 0.13611403801976674, 0.13561820660104273, 0.13526207712530525, 0.13478938028332932, 0.13477354508799722, 0.13474792471073782, 0.1347283785588803, 0.13468142444588804, 0.13458836024643062, 0.13423174649346614, 0.1339198523022782, 0.1334828966317705, 0.13257653984825402, 0.13252461483582179, 0.13245561081833412, 0.13243527154975432, 0.13242698689628585, 0.13241728840563205, 0.13241728840563205, 0.13241642266578602, 0.132415399760889, 0.13241506723322827, 0.1324149574978699, 0.13241487905074667, 0.13241479314009585, 0.13241477911895572, 0.1324147726453222, 0.1324147726453222, 0.1324147717664279, 0.13241477175307204, 0.13241477166191173, 0.1324147716523364, 0.13241477164833804, 0.13241477164717308, 0.13241477164693372, 0.13241477164690263, 0.13241477164689275, 0.1324147716468902, 0.13241477164688986, 0.13241477164688953, 0.1324147716468893, 0.1324147716468892, 0.1324147716468892]}, "10": {"maxiter": 1000, "fatol": 1e-10, "xatol": 1e-05, "duration": 0.23363828659057617, "fun": "0.13241477164717308", "nit": "437", "nfev": "683", "status": "0", "success": "True", "message": "Optimization terminated successfully.", "x": "[ 5.98680863  8.02149177 -0.53682657  1.94313449  3.89326051  5.33303526]", "final_simplex": "(array([[ 5.98680863,  8.02149177, -0.53682657,  1.94313449,  3.89326051,\n         5.33303526],\n       [ 5.98680855,  8.02149597, -0.53683005,  1.9431316 ,  3.89325993,\n         5.33303455],\n       [ 5.98681088,  8.02149659, -0.53683109,  1.94313185,  3.89325981,\n         5.33303322],\n       [ 5.98681007,  8.02149274, -0.53682552,  1.94313284,  3.89325941,\n         5.33303466],\n       [ 5.98681032,  8.0214891 , -0.53682501,  1.9431314 ,  3.89325824,\n         5.33303129],\n       [ 5.98681217,  8.02148333, -0.53681849,  1.94313084,  3.89326027,\n         5.33303347],\n       [ 5.98680937,  8.02149112, -0.53682378,  1.94313191,  3.89326177,\n         5.33303317]]), array([0.13241477, 0.13241477, 0.13241477, 0.13241477, 0.13241477,\n       0.13241477, 0.13241477]))", "callback": [0.9112369351286762, 0.8506834310718974, 0.8088202973875723, 0.5671646918836227, 0.22832511157344426, 0.198543030906298, 0.17186124667422642, 0.15632354404851, 0.14671624128944893, 0.13755905772010857, 0.13637450353441571, 0.13611403801976674, 0.13561820660104273, 0.13526207712530525, 0.13478938028332932, 0.13477354508799722, 0.13474792471073782, 0.1347283785588803, 0.13468142444588804, 0.13458836024643062, 0.13423174649346614, 0.1339198523022782, 0.1334828966317705, 0.13257653984825402, 0.13252461483582179, 0.13245561081833412, 0.13243527154975432, 0.13242698689628585, 0.13241728840563205, 0.13241728840563205, 0.13241642266578602, 0.132415399760889, 0.13241506723322827, 0.1324149574978699, 0.13241487905074667, 0.13241479314009585, 0.13241477911895572, 0.1324147726453222, 0.1324147726453222, 0.1324147717664279, 0.13241477175307204, 0.13241477166191173, 0.1324147716523364, 0.13241477164833804]}, "11": {"maxiter": 1000, "fatol": 1e-10, "xatol": 1e-10, "duration": 0.2870299816131592, "fun": "0.1324147716468892", "nit": "537", "nfev": "894", "status": "0", "success": "True", "message": "Optimization terminated successfully.", "x": "[ 5.98680888  8.0214935  -0.53682843  1.94313323  3.89326     5.33303414]", "final_simplex": "(array([[ 5.98680888,  8.0214935 , -0.53682843,  1.94313323,  3.89326   ,\n         5.33303414],\n       [ 5.98680888,  8.0214935 , -0.53682843,  1.94313323,  3.89326   ,\n         5.33303414],\n       [ 5.98680888,  8.0214935 , -0.53682843,  1.94313323,  3.89326   ,\n         5.33303414],\n       [ 5.98680888,  8.0214935 , -0.53682843,  1.94313323,  3.89326   ,\n         5.33303414],\n       [ 5.98680888,  8.0214935 , -0.53682843,  1.94313323,  3.89326   ,\n         5.33303414],\n       [ 5.98680888,  8.0214935 , -0.53682843,  1.94313323,  3.89326   ,\n         5.33303414],\n       [ 5.98680888,  8.0214935 , -0.53682843,  1.94313323,  3.89326   ,\n         5.33303414]]), array([0.13241477, 0.13241477, 0.13241477, 0.13241477, 0.13241477,\n       0.13241477, 0.13241477]))", "callback": [0.9112369351286762, 0.8506834310718974, 0.8088202973875723, 0.5671646918836227, 0.22832511157344426, 0.198543030906298, 0.17186124667422642, 0.15632354404851, 0.14671624128944893, 0.13755905772010857, 0.13637450353441571, 0.13611403801976674, 0.13561820660104273, 0.13526207712530525, 0.13478938028332932, 0.13477354508799722, 0.13474792471073782, 0.1347283785588803, 0.13468142444588804, 0.13458836024643062, 0.13423174649346614, 0.1339198523022782, 0.1334828966317705, 0.13257653984825402, 0.13252461483582179, 0.13245561081833412, 0.13243527154975432, 0.13242698689628585, 0.13241728840563205, 0.13241728840563205, 0.13241642266578602, 0.132415399760889, 0.13241506723322827, 0.1324149574978699, 0.13241487905074667, 0.13241479314009585, 0.13241477911895572, 0.1324147726453222, 0.1324147726453222, 0.1324147717664279, 0.13241477175307204, 0.13241477166191173, 0.1324147716523364, 0.13241477164833804, 0.13241477164717308, 0.13241477164693372, 0.13241477164690263, 0.13241477164689275, 0.1324147716468902, 0.13241477164688986, 0.13241477164688953, 0.1324147716468893, 0.1324147716468892, 0.1324147716468892]}}, "bfgs": {"type": "gradient", "0": {"maxiter": 100, "gtol": 1e-05, "xrtol": 1e-05, "eps": 1e-05, "duration": 0.07700037956237793, "fun": "0.132414772240939", "jac": "[ 6.93951563e-06  3.92644806e-06  1.84545712e-06  3.12951887e-06\n -2.45349296e-06 -9.06195119e-06]", "hess_inv": "[[  5.52536108   8.54192469  -9.28609731   2.42464987  -0.11668158\n    2.28103738]\n [  8.54192469  65.76368188 -68.98938357   7.52577415  -0.90788677\n    0.66714734]\n [ -9.28609731 -68.98938357  76.56729851  -9.8486335    1.0743904\n   -0.23601197]\n [  2.42464987   7.52577415  -9.8486335    7.75710034   0.35292026\n    1.35529564]\n [ -0.11668158  -0.90788677   1.0743904    0.35292026   3.30401776\n    1.36250749]\n [  2.28103738   0.66714734  -0.23601197   1.35529564   1.36250749\n    4.0563255 ]]", "nfev": "238", "njev": "34", "status": "0", "success": "True", "message": "Optimization terminated successfully.", "x": "[6.57958704 4.88009188 2.60455321 1.9431576  3.89322482 5.33299107]", "nit": "29", "callback": [0.889229486562011, 0.7729786856497397, 0.7619867524461021, 0.6684895037727355, 0.5780536263735565, 0.4632123330179735, 0.40864531807339755, 0.31194201490098705, 0.19581444712053864, 0.1663955942314126, 0.14335040673483146, 0.1381690333400294, 0.135159800026873, 0.13483074780122362, 0.13454902162720828, 0.13422416629676137, 0.1341538049419786, 0.13412738665793567, 0.13409030034749014, 0.13402407769290425, 0.13390360798897505, 0.1336890361262163, 0.13334156568551436, 0.13296942321669336, 0.1327109361078881, 0.13242324757406443, 0.132415348112082, 0.13241481319541237, 0.132414772240939]}, "1": {"maxiter": 100, "gtol": 1e-05, "xrtol": 1e-05, "eps": 1e-10, "duration": 0.08043289184570312, "fun": "0.13241477287791503", "jac": "[ 3.33066880e-06  4.44089173e-06  0.00000000e+00  7.77156053e-06\n -5.55111466e-06 -6.66133760e-06]", "hess_inv": "[[  5.69574116   9.24288125 -10.08370515   2.6402797   -0.13419225\n    2.33838635]\n [  9.24288125  67.15331799 -70.61068353   8.19141489  -0.90071764\n    1.08291979]\n [-10.08370515 -70.61068353  78.46967297 -10.62109272   1.06991648\n   -0.6857319 ]\n [  2.6402797    8.19141489 -10.62109272   7.99963763   0.3352633\n    1.43504879]\n [ -0.13419225  -0.90071764   1.06991648   0.3352633    3.28543906\n    1.31346333]\n [  2.33838635   1.08291979  -0.6857319    1.43504879   1.31346333\n    4.03797293]]", "nfev": "238", "njev": "34", "status": "0", "success": "True", "message": "Optimization terminated successfully.", "x": "[6.57962298 4.88022356 2.60440482 1.9432115  3.8932251  5.33300958]", "nit": "29", "callback": [0.8892320168504095, 0.7729802764013567, 0.7619880838198915, 0.6684893361757758, 0.5780649014819701, 0.46322292487784833, 0.4086430789068962, 0.31192591517668133, 0.19582855935217214, 0.16640455099677753, 0.14335070075235534, 0.13817005324829879, 0.13515979966109404, 0.13483101750514837, 0.134548295305438, 0.13422421767480386, 0.13415370659095127, 0.134127187848452, 0.13409052056325443, 0.1340249467714104, 0.13390565834155987, 0.13369310906730503, 0.13334807447786945, 0.13297549396589137, 0.13271835464295778, 0.1324252271409121, 0.13241534568542257, 0.13241481959947798, 0.13241477287791503]}, "2": {"maxiter": 100, "gtol": 1e-05, "xrtol": 1e-10, "eps": 1e-05, "duration": 0.07345914840698242, "fun": "0.132414772240939", "jac": "[ 6.93951563e-06  3.92644806e-06  1.84545712e-06  3.12951887e-06\n -2.45349296e-06 -9.06195119e-06]", "hess_inv": "[[  5.52536108   8.54192469  -9.28609731   2.42464987  -0.11668158\n    2.28103738]\n [  8.54192469  65.76368188 -68.98938357   7.52577415  -0.90788677\n    0.66714734]\n [ -9.28609731 -68.98938357  76.56729851  -9.8486335    1.0743904\n   -0.23601197]\n [  2.42464987   7.52577415  -9.8486335    7.75710034   0.35292026\n    1.35529564]\n [ -0.11668158  -0.90788677   1.0743904    0.35292026   3.30401776\n    1.36250749]\n [  2.28103738   0.66714734  -0.23601197   1.35529564   1.36250749\n    4.0563255 ]]", "nfev": "238", "njev": "34", "status": "0", "success": "True", "message": "Optimization terminated successfully.", "x": "[6.57958704 4.88009188 2.60455321 1.9431576  3.89322482 5.33299107]", "nit": "29", "callback": [0.889229486562011, 0.7729786856497397, 0.7619867524461021, 0.6684895037727355, 0.5780536263735565, 0.4632123330179735, 0.40864531807339755, 0.31194201490098705, 0.19581444712053864, 0.1663955942314126, 0.14335040673483146, 0.1381690333400294, 0.135159800026873, 0.13483074780122362, 0.13454902162720828, 0.13422416629676137, 0.1341538049419786, 0.13412738665793567, 0.13409030034749014, 0.13402407769290425, 0.13390360798897505, 0.1336890361262163, 0.13334156568551436, 0.13296942321669336, 0.1327109361078881, 0.13242324757406443, 0.132415348112082, 0.13241481319541237, 0.132414772240939]}, "3": {"maxiter": 100, "gtol": 1e-05, "xrtol": 1e-10, "eps": 1e-10, "duration": 0.07468390464782715, "fun": "0.13241477287791503", "jac": "[ 3.33066880e-06  4.44089173e-06  0.00000000e+00  7.77156053e-06\n -5.55111466e-06 -6.66133760e-06]", "hess_inv": "[[  5.69574116   9.24288125 -10.08370515   2.6402797   -0.13419225\n    2.33838635]\n [  9.24288125  67.15331799 -70.61068353   8.19141489  -0.90071764\n    1.08291979]\n [-10.08370515 -70.61068353  78.46967297 -10.62109272   1.06991648\n   -0.6857319 ]\n [  2.6402797    8.19141489 -10.62109272   7.99963763   0.3352633\n    1.43504879]\n [ -0.13419225  -0.90071764   1.06991648   0.3352633    3.28543906\n    1.31346333]\n [  2.33838635   1.08291979  -0.6857319    1.43504879   1.31346333\n    4.03797293]]", "nfev": "238", "njev": "34", "status": "0", "success": "True", "message": "Optimization terminated successfully.", "x": "[6.57962298 4.88022356 2.60440482 1.9432115  3.8932251  5.33300958]", "nit": "29", "callback": [0.8892320168504095, 0.7729802764013567, 0.7619880838198915, 0.6684893361757758, 0.5780649014819701, 0.46322292487784833, 0.4086430789068962, 0.31192591517668133, 0.19582855935217214, 0.16640455099677753, 0.14335070075235534, 0.13817005324829879, 0.13515979966109404, 0.13483101750514837, 0.134548295305438, 0.13422421767480386, 0.13415370659095127, 0.134127187848452, 0.13409052056325443, 0.1340249467714104, 0.13390565834155987, 0.13369310906730503, 0.13334807447786945, 0.13297549396589137, 0.13271835464295778, 0.1324252271409121, 0.13241534568542257, 0.13241481959947798, 0.13241477287791503]}, "4": {"maxiter": 100, "gtol": 1e-10, "xrtol": 1e-05, "eps": 1e-05, "duration": 0.08514904975891113, "fun": "0.13241477169643745", "jac": "[ 3.43058915e-09  2.37920794e-08  2.49578136e-08  1.04805054e-08\n -1.18793864e-09 -3.21964677e-09]", "hess_inv": "[[  5.28689703   7.68647131  -8.39712748   2.13788529  -0.16231459\n    2.04324532]\n [  7.68647131  63.2166872  -66.40571586   6.39782216  -1.33729723\n   -0.71986017]\n [ -8.39712748 -66.40571586  73.9556221   -8.66442065   1.55294082\n    1.27033111]\n [  2.13788529   6.39782216  -8.66442065   7.4304442    0.34675329\n    1.16669047]\n [ -0.16231459  -1.33729723   1.55294082   0.34675329   3.42570177\n    1.57765325]\n [  2.04324532  -0.71986017   1.27033111   1.16669047   1.57765325\n    4.3397026 ]]", "nfev": "252", "njev": "36", "status": "0", "success": "True", "message": "Optimization terminated successfully.", "x": "[6.5795471  4.87988305 2.60477817 1.9431218  3.89324995 5.33301692]", "nit": "31", "callback": [0.889229486562011, 0.7729786856497397, 0.7619867524461021, 0.6684895037727355, 0.5780536263735565, 0.4632123330179735, 0.40864531807339755, 0.31194201490098705, 0.19581444712053864, 0.1663955942314126, 0.14335040673483146, 0.1381690333400294, 0.135159800026873, 0.13483074780122362, 0.13454902162720828, 0.13422416629676137, 0.1341538049419786, 0.13412738665793567, 0.13409030034749014, 0.13402407769290425, 0.13390360798897505, 0.1336890361262163, 0.13334156568551436, 0.13296942321669336, 0.1327109361078881, 0.13242324757406443, 0.132415348112082, 0.13241481319541237, 0.132414772240939, 0.1324147717010301, 0.13241477169643745]}, "5": {"maxiter": 100, "gtol": 1e-10, "xrtol": 1e-05, "eps": 1e-10, "duration": 0.08591413497924805, "fun": "0.13241477166063664", "jac": "[ 3.33066880e-06  1.11022293e-06  1.11022293e-06  1.11022293e-06\n  1.11022293e-06 -2.22044587e-06]", "hess_inv": "[[  5.23262602   6.53109115  -7.29674984   1.84568121  -0.26998485\n    1.91155526]\n [  6.53109115  51.68942496 -54.84397015   3.51256856  -1.99871353\n   -1.91880973]\n [ -7.29674984 -54.84397015  62.50585122  -5.76216694   2.40357836\n    2.71696041]\n [  1.84568121   3.51256856  -5.76216694   6.66284016   0.18778398\n    0.83125036]\n [ -0.26998485  -1.99871353   2.40357836   0.18778398   3.64412059\n    1.81385474]\n [  1.91155526  -1.91880973   2.71696041   0.83125036   1.81385474\n    4.63047568]]", "nfev": "259", "njev": "37", "status": "0", "success": "True", "message": "Optimization terminated successfully.", "x": "[6.57957019 4.87989325 2.60477172 1.94313457 3.89325796 5.33303454]", "nit": "31", "callback": [0.8892320168504095, 0.7729802764013567, 0.7619880838198915, 0.6684893361757758, 0.5780649014819701, 0.46322292487784833, 0.4086430789068962, 0.31192591517668133, 0.19582855935217214, 0.16640455099677753, 0.14335070075235534, 0.13817005324829879, 0.13515979966109404, 0.13483101750514837, 0.134548295305438, 0.13422421767480386, 0.13415370659095127, 0.134127187848452, 0.13409052056325443, 0.1340249467714104, 0.13390565834155987, 0.13369310906730503, 0.13334807447786945, 0.13297549396589137, 0.13271835464295778, 0.1324252271409121, 0.13241534568542257, 0.13241481959947798, 0.13241477287791503, 0.13241477166768778, 0.13241477166063664]}, "6": {"maxiter": 100, "gtol": 1e-10, "xrtol": 1e-10, "eps": 1e-05, "duration": 0.15384602546691895, "fun": "0.13241477169643745", "jac": "[ 3.43058915e-09  2.37920794e-08  2.49578136e-08  1.04805054e-08\n -1.18793864e-09 -3.21964677e-09]", "hess_inv": "[[  5.29865853   7.76262574  -8.4501311    2.15015636  -0.17451013\n    2.03716864]\n [  7.76262574  63.38696271 -66.21045267   6.50585079  -1.38961891\n   -0.69163961]\n [ -8.4501311  -66.21045267  73.29634264  -8.76738333   1.56345988\n    1.18501539]\n [  2.15015636   6.50585079  -8.76738333   7.44071755   0.331671\n    1.15436971]\n [ -0.17451013  -1.38961891   1.56345988   0.331671     3.43614843\n    1.57837769]\n [  2.03716864  -0.69163961   1.18501539   1.15436971   1.57837769\n    4.32870031]]", "nfev": "481", "njev": "67", "status": "2", "success": "False", "message": "Desired error not necessarily achieved due to precision loss.", "x": "[6.5795471  4.87988305 2.60477817 1.9431218  3.89324995 5.33301692]", "nit": "31", "callback": [0.889229486562011, 0.7729786856497397, 0.7619867524461021, 0.6684895037727355, 0.5780536263735565, 0.4632123330179735, 0.40864531807339755, 0.31194201490098705, 0.19581444712053864, 0.1663955942314126, 0.14335040673483146, 0.1381690333400294, 0.135159800026873, 0.13483074780122362, 0.13454902162720828, 0.13422416629676137, 0.1341538049419786, 0.13412738665793567, 0.13409030034749014, 0.13402407769290425, 0.13390360798897505, 0.1336890361262163, 0.13334156568551436, 0.13296942321669336, 0.1327109361078881, 0.13242324757406443, 0.132415348112082, 0.13241481319541237, 0.132414772240939, 0.1324147717010301, 0.13241477169643745]}, "7": {"maxiter": 100, "gtol": 1e-10, "xrtol": 1e-10, "eps": 1e-10, "duration": 0.13669776916503906, "fun": "0.1324147716486508", "jac": "[0.00000000e+00 2.22044587e-06 2.22044587e-06 0.00000000e+00\n 1.11022293e-06 0.00000000e+00]", "hess_inv": "[[ 22.2463512  -11.32659402  12.7972653    1.17068305  -5.87972906\n    7.94310305]\n [-11.32659402   7.90370616  -6.99719982  -3.32956503   2.83099608\n   -4.71207211]\n [ 12.7972653   -6.99719982   8.68449801   0.97849912  -3.6334012\n    4.4644059 ]\n [  1.17068305  -3.32956503   0.97849912   4.65378919  -0.87146163\n    0.19423749]\n [ -5.87972906   2.83099608  -3.6334012   -0.87146163   4.20971464\n   -0.80764532]\n [  7.94310305  -4.71207211   4.4644059    0.19423749  -0.80764532\n    5.06298313]]", "nfev": "406", "njev": "58", "status": "0", "success": "True", "message": "Optimization terminated successfully.", "x": "[6.57956099 4.87989922 2.60476658 1.94313232 3.89326028 5.33303686]", "nit": "35", "callback": [0.8892320168504095, 0.7729802764013567, 0.7619880838198915, 0.6684893361757758, 0.5780649014819701, 0.46322292487784833, 0.4086430789068962, 0.31192591517668133, 0.19582855935217214, 0.16640455099677753, 0.14335070075235534, 0.13817005324829879, 0.13515979966109404, 0.13483101750514837, 0.134548295305438, 0.13422421767480386, 0.13415370659095127, 0.134127187848452, 0.13409052056325443, 0.1340249467714104, 0.13390565834155987, 0.13369310906730503, 0.13334807447786945, 0.13297549396589137, 0.13271835464295778, 0.1324252271409121, 0.13241534568542257, 0.13241481959947798, 0.13241477287791503, 0.13241477166768778, 0.13241477166063664, 0.13241477165253746, 0.1324147716487043, 0.1324147716486508, 0.1324147716486508]}, "8": {"maxiter": 500, "gtol": 1e-05, "xrtol": 1e-05, "eps": 1e-05, "duration": 0.07941770553588867, "fun": "0.132414772240939", "jac": "[ 6.93951563e-06  3.92644806e-06  1.84545712e-06  3.12951887e-06\n -2.45349296e-06 -9.06195119e-06]", "hess_inv": "[[  5.52536108   8.54192469  -9.28609731   2.42464987  -0.11668158\n    2.28103738]\n [  8.54192469  65.76368188 -68.98938357   7.52577415  -0.90788677\n    0.66714734]\n [ -9.28609731 -68.98938357  76.56729851  -9.8486335    1.0743904\n   -0.23601197]\n [  2.42464987   7.52577415  -9.8486335    7.75710034   0.35292026\n    1.35529564]\n [ -0.11668158  -0.90788677   1.0743904    0.35292026   3.30401776\n    1.36250749]\n [  2.28103738   0.66714734  -0.23601197   1.35529564   1.36250749\n    4.0563255 ]]", "nfev": "238", "njev": "34", "status": "0", "success": "True", "message": "Optimization terminated successfully.", "x": "[6.57958704 4.88009188 2.60455321 1.9431576  3.89322482 5.33299107]", "nit": "29", "callback": [0.889229486562011, 0.7729786856497397, 0.7619867524461021, 0.6684895037727355, 0.5780536263735565, 0.4632123330179735, 0.40864531807339755, 0.31194201490098705, 0.19581444712053864, 0.1663955942314126, 0.14335040673483146, 0.1381690333400294, 0.135159800026873, 0.13483074780122362, 0.13454902162720828, 0.13422416629676137, 0.1341538049419786, 0.13412738665793567, 0.13409030034749014, 0.13402407769290425, 0.13390360798897505, 0.1336890361262163, 0.13334156568551436, 0.13296942321669336, 0.1327109361078881, 0.13242324757406443, 0.132415348112082, 0.13241481319541237, 0.132414772240939]}, "9": {"maxiter": 500, "gtol": 1e-05, "xrtol": 1e-05, "eps": 1e-10, "duration": 0.07448601722717285, "fun": "0.13241477287791503", "jac": "[ 3.33066880e-06  4.44089173e-06  0.00000000e+00  7.77156053e-06\n -5.55111466e-06 -6.66133760e-06]", "hess_inv": "[[  5.69574116   9.24288125 -10.08370515   2.6402797   -0.13419225\n    2.33838635]\n [  9.24288125  67.15331799 -70.61068353   8.19141489  -0.90071764\n    1.08291979]\n [-10.08370515 -70.61068353  78.46967297 -10.62109272   1.06991648\n   -0.6857319 ]\n [  2.6402797    8.19141489 -10.62109272   7.99963763   0.3352633\n    1.43504879]\n [ -0.13419225  -0.90071764   1.06991648   0.3352633    3.28543906\n    1.31346333]\n [  2.33838635   1.08291979  -0.6857319    1.43504879   1.31346333\n    4.03797293]]", "nfev": "238", "njev": "34", "status": "0", "success": "True", "message": "Optimization terminated successfully.", "x": "[6.57962298 4.88022356 2.60440482 1.9432115  3.8932251  5.33300958]", "nit": "29", "callback": [0.8892320168504095, 0.7729802764013567, 0.7619880838198915, 0.6684893361757758, 0.5780649014819701, 0.46322292487784833, 0.4086430789068962, 0.31192591517668133, 0.19582855935217214, 0.16640455099677753, 0.14335070075235534, 0.13817005324829879, 0.13515979966109404, 0.13483101750514837, 0.134548295305438, 0.13422421767480386, 0.13415370659095127, 0.134127187848452, 0.13409052056325443, 0.1340249467714104, 0.13390565834155987, 0.13369310906730503, 0.13334807447786945, 0.13297549396589137, 0.13271835464295778, 0.1324252271409121, 0.13241534568542257, 0.13241481959947798, 0.13241477287791503]}, "10": {"maxiter": 500, "gtol": 1e-05, "xrtol": 1e-10, "eps": 1e-05, "duration": 0.08182311058044434, "fun": "0.132414772240939", "jac": "[ 6.93951563e-06  3.92644806e-06  1.84545712e-06  3.12951887e-06\n -2.45349296e-06 -9.06195119e-06]", "hess_inv": "[[  5.52536108   8.54192469  -9.28609731   2.42464987  -0.11668158\n    2.28103738]\n [  8.5