{"date": "2024/10/08/, 18:45:27", "conf_id": 21, "data_type": "random\n", "num_data_points": 2, "s_rank": 0, "unitary": "[[-0.56303964-0.00798273j,-0.21670212-0.15784972j,-0.06047197-0.73952673j,-0.01438004+0.24552571j],[-0.06976756+0.23474685j,-0.01275565-0.5435098j,-0.02703657-0.08917885j,-0.08210486-0.79311774j],[-0.38559961+0.10714929j,0.5933431-0.2687392j,-0.24060861+0.29149289j,-0.45147719+0.26241743j],[-0.50180421+0.45931857j,-0.11617175+0.44134496j,0.49642745+0.22684508j,-0.08544628-0.15407063j]]", "databatch_0": {"databatch": "[[[-0.09742541+0.10331464j,-0.12213221-0.00333875j,-0.13265878+0.09270072j,0.04526118-0.05472582j],[-0.38276946-0.19185166j,-0.09616655-0.3556018j,-0.38264145-0.30279848j,0.19725614+0.08329968j],[0.14712313+0.07516279j,0.03605049+0.13749543j,0.14674438+0.11797155j,-0.07586455-0.03272699j],[-0.19734061-0.18521414j,0.0058141-0.23278118j,-0.17727043-0.25241151j,0.10450291+0.08601517j]],[[0.10266853-0.10093211j,0.23319304+0.11176509j,-0.03052019-0.02540776j,-0.00726933+0.22386035j],[0.04605064+0.01956382j,-0.00491674+0.08973289j,0.00410536-0.01317611j,-0.07285555+0.02740111j],[0.15681666+0.00461397j,0.08799151+0.26769393j,-0.0030384-0.04316659j,-0.18153705+0.16313249j],[-0.30094113+0.10172236j,-0.35563432-0.44618041j,0.03617983+0.079804j,0.22968716-0.43757737j]]]", "initial param values": "[0.54365038,1.2717951,2.96685101,5.14420768,2.98959462,2.83730049]", "nelder_mead": {"type": "gradient-free", "0": {"maxiter": 100, "fatol": 1e-05, "xatol": 1e-05, "duration": 0.04668617248535156, "fun": "0.22862170493233214", "nit": "100", "nfev": "155", "status": "2", "success": "False", "message": "Maximum number of iterations has been exceeded.", "x": "[ 0.77061253  1.53201406  0.7945551   4.39357863 -0.2870826   3.23193871]", "final_simplex": "(array([[ 0.77061253,  1.53201406,  0.7945551 ,  4.39357863, -0.2870826 ,\n         3.23193871],\n       [ 0.77632582,  1.54191886,  0.74514287,  4.34755402, -0.33727445,\n         3.260311  ],\n       [ 0.78273739,  1.54375422,  0.69903316,  4.37957605, -0.37141732,\n         3.17326465],\n       [ 0.77852561,  1.54984194,  0.78549448,  4.35571505, -0.3898031 ,\n         3.18527284],\n       [ 0.77811074,  1.53512518,  0.73808984,  4.27694616, -0.29389332,\n         3.23118912],\n       [ 0.77766717,  1.56388213,  0.71308855,  4.33461074, -0.29601758,\n         3.20758263],\n       [ 0.78407131,  1.53192954,  0.72160261,  4.31174194, -0.30285222,\n         3.22872187]]), array([0.2286217 , 0.22898507, 0.22912752, 0.22916567, 0.22931246,\n       0.22958336, 0.22959114]))", "callback": [0.8059467272494762, 0.7308383830695235, 0.6059065313693219, 0.457443024003805, 0.355343272703713, 0.33489509254659755, 0.24639306817822582, 0.23832962976461314, 0.23189423743456894, 0.22982843346744097]}, "1": {"maxiter": 100, "fatol": 1e-05, "xatol": 1e-10, "duration": 0.03996896743774414, "fun": "0.22862170493233214", "nit": "100", "nfev": "155", "status": "2", "success": "False", "message": "Maximum number of iterations has been exceeded.", "x": "[ 0.77061253  1.53201406  0.7945551   4.39357863 -0.2870826   3.23193871]", "final_simplex": "(array([[ 0.77061253,  1.53201406,  0.7945551 ,  4.39357863, -0.2870826 ,\n         3.23193871],\n       [ 0.77632582,  1.54191886,  0.74514287,  4.34755402, -0.33727445,\n         3.260311  ],\n       [ 0.78273739,  1.54375422,  0.69903316,  4.37957605, -0.37141732,\n         3.17326465],\n       [ 0.77852561,  1.54984194,  0.78549448,  4.35571505, -0.3898031 ,\n         3.18527284],\n       [ 0.77811074,  1.53512518,  0.73808984,  4.27694616, -0.29389332,\n         3.23118912],\n       [ 0.77766717,  1.56388213,  0.71308855,  4.33461074, -0.29601758,\n         3.20758263],\n       [ 0.78407131,  1.53192954,  0.72160261,  4.31174194, -0.30285222,\n         3.22872187]]), array([0.2286217 , 0.22898507, 0.22912752, 0.22916567, 0.22931246,\n       0.22958336, 0.22959114]))", "callback": [0.8059467272494762, 0.7308383830695235, 0.6059065313693219, 0.457443024003805, 0.355343272703713, 0.33489509254659755, 0.24639306817822582, 0.23832962976461314, 0.23189423743456894, 0.22982843346744097]}, "2": {"maxiter": 100, "fatol": 1e-10, "xatol": 1e-05, "duration": 0.060700178146362305, "fun": "0.22862170493233214", "nit": "100", "nfev": "155", "status": "2", "success": "False", "message": "Maximum number of iterations has been exceeded.", "x": "[ 0.77061253  1.53201406  0.7945551   4.39357863 -0.2870826   3.23193871]", "final_simplex": "(array([[ 0.77061253,  1.53201406,  0.7945551 ,  4.39357863, -0.2870826 ,\n         3.23193871],\n       [ 0.77632582,  1.54191886,  0.74514287,  4.34755402, -0.33727445,\n         3.260311  ],\n       [ 0.78273739,  1.54375422,  0.69903316,  4.37957605, -0.37141732,\n         3.17326465],\n       [ 0.77852561,  1.54984194,  0.78549448,  4.35571505, -0.3898031 ,\n         3.18527284],\n       [ 0.77811074,  1.53512518,  0.73808984,  4.27694616, -0.29389332,\n         3.23118912],\n       [ 0.77766717,  1.56388213,  0.71308855,  4.33461074, -0.29601758,\n         3.20758263],\n       [ 0.78407131,  1.53192954,  0.72160261,  4.31174194, -0.30285222,\n         3.22872187]]), array([0.2286217 , 0.22898507, 0.22912752, 0.22916567, 0.22931246,\n       0.22958336, 0.22959114]))", "callback": [0.8059467272494762, 0.7308383830695235, 0.6059065313693219, 0.457443024003805, 0.355343272703713, 0.33489509254659755, 0.24639306817822582, 0.23832962976461314, 0.23189423743456894, 0.22982843346744097]}, "3": {"maxiter": 100, "fatol": 1e-10, "xatol": 1e-10, "duration": 0.04534506797790527, "fun": "0.22862170493233214", "nit": "100", "nfev": "155", "status": "2", "success": "False", "message": "Maximum number of iterations has been exceeded.", "x": "[ 0.77061253  1.53201406  0.7945551   4.39357863 -0.2870826   3.23193871]", "final_simplex": "(array([[ 0.77061253,  1.53201406,  0.7945551 ,  4.39357863, -0.2870826 ,\n         3.23193871],\n       [ 0.77632582,  1.54191886,  0.74514287,  4.34755402, -0.33727445,\n         3.260311  ],\n       [ 0.78273739,  1.54375422,  0.69903316,  4.37957605, -0.37141732,\n         3.17326465],\n       [ 0.77852561,  1.54984194,  0.78549448,  4.35571505, -0.3898031 ,\n         3.18527284],\n       [ 0.77811074,  1.53512518,  0.73808984,  4.27694616, -0.29389332,\n         3.23118912],\n       [ 0.77766717,  1.56388213,  0.71308855,  4.33461074, -0.29601758,\n         3.20758263],\n       [ 0.78407131,  1.53192954,  0.72160261,  4.31174194, -0.30285222,\n         3.22872187]]), array([0.2286217 , 0.22898507, 0.22912752, 0.22916567, 0.22931246,\n       0.22958336, 0.22959114]))", "callback": [0.8059467272494762, 0.7308383830695235, 0.6059065313693219, 0.457443024003805, 0.355343272703713, 0.33489509254659755, 0.24639306817822582, 0.23832962976461314, 0.23189423743456894, 0.22982843346744097]}, "4": {"maxiter": 500, "fatol": 1e-05, "xatol": 1e-05, "duration": 0.2231760025024414, "fun": "0.18072117266532428", "nit": "500", "nfev": "774", "status": "2", "success": "False", "message": "Maximum number of iterations has been exceeded.", "x": "[-0.05510911 -0.03992864  2.57251204  4.46037002  0.00726792  3.13913571]", "final_simplex": "(array([[-0.05510911, -0.03992864,  2.57251204,  4.46037002,  0.00726792,\n         3.13913571],\n       [-0.05511627, -0.03983851,  2.57242569,  4.46037361,  0.00727907,\n         3.13914006],\n       [-0.05510664, -0.03990766,  2.5724946 ,  4.46037546,  0.00727662,\n         3.13913174],\n       [-0.05511348, -0.03991335,  2.57249193,  4.46037299,  0.00727722,\n         3.13913277],\n       [-0.05511543, -0.03974953,  2.57234177,  4.46037686,  0.00728064,\n         3.1391312 ],\n       [-0.05511438, -0.04016224,  2.57274272,  4.46037744,  0.00726316,\n         3.13913001],\n       [-0.05510762, -0.03980877,  2.5724015 ,  4.46036543,  0.00728616,\n         3.13912604]]), array([0.18072117, 0.18072117, 0.18072117, 0.18072117, 0.18072117,\n       0.18072117, 0.18072117]))", "callback": [0.8059467272494762, 0.7308383830695235, 0.6059065313693219, 0.457443024003805, 0.355343272703713, 0.33489509254659755, 0.24639306817822582, 0.23832962976461314, 0.23189423743456894, 0.22982843346744097, 0.22778504762956808, 0.2260554629327629, 0.21639166644689434, 0.2117617960489403, 0.21145108440911498, 0.21096052819814826, 0.21065859138244625, 0.20990133700944547, 0.20911228167200024, 0.20476310029739553, 0.19647577016079787, 0.19423458450414766, 0.1896170721273437, 0.1857793754864271, 0.18272913455767992, 0.18196137714643768, 0.18139213547732824, 0.18089011776986397, 0.18084606555431526, 0.1807896448517059, 0.18077458052295636, 0.18077317232051515, 0.18077229623455415, 0.18077099873928648, 0.18076893000554306, 0.1807617708635756, 0.18075214515130567, 0.1807431553607881, 0.18074238735605697, 0.1807370207763983, 0.1807295077906519, 0.18072259170240335, 0.18072259170240335, 0.18072171882703125, 0.18072127633666857, 0.18072119315677826, 0.18072117710810987, 0.18072117355342932, 0.18072117283071498, 0.18072117268111043]}, "5": {"maxiter": 500, "fatol": 1e-05, "xatol": 1e-10, "duration": 0.21431899070739746, "fun": "0.18072117266532428", "nit": "500", "nfev": "774", "status": "2", "success": "False", "message": "Maximum number of iterations has been exceeded.", "x": "[-0.05510911 -0.03992864  2.57251204  4.46037002  0.00726792  3.13913571]", "final_simplex": "(array([[-0.05510911, -0.03992864,  2.57251204,  4.46037002,  0.00726792,\n         3.13913571],\n       [-0.05511627, -0.03983851,  2.57242569,  4.46037361,  0.00727907,\n         3.13914006],\n       [-0.05510664, -0.03990766,  2.5724946 ,  4.46037546,  0.00727662,\n         3.13913174],\n       [-0.05511348, -0.03991335,  2.57249193,  4.46037299,  0.00727722,\n         3.13913277],\n       [-0.05511543, -0.03974953,  2.57234177,  4.46037686,  0.00728064,\n         3.1391312 ],\n       [-0.05511438, -0.04016224,  2.57274272,  4.46037744,  0.00726316,\n         3.13913001],\n       [-0.05510762, -0.03980877,  2.5724015 ,  4.46036543,  0.00728616,\n         3.13912604]]), array([0.18072117, 0.18072117, 0.18072117, 0.18072117, 0.18072117,\n       0.18072117, 0.18072117]))", "callback": [0.8059467272494762, 0.7308383830695235, 0.6059065313693219, 0.457443024003805, 0.355343272703713, 0.33489509254659755, 0.24639306817822582, 0.23832962976461314, 0.23189423743456894, 0.22982843346744097, 0.22778504762956808, 0.2260554629327629, 0.21639166644689434, 0.2117617960489403, 0.21145108440911498, 0.21096052819814826, 0.21065859138244625, 0.20990133700944547, 0.20911228167200024, 0.20476310029739553, 0.19647577016079787, 0.19423458450414766, 0.1896170721273437, 0.1857793754864271, 0.18272913455767992, 0.18196137714643768, 0.18139213547732824, 0.18089011776986397, 0.18084606555431526, 0.1807896448517059, 0.18077458052295636, 0.18077317232051515, 0.18077229623455415, 0.18077099873928648, 0.18076893000554306, 0.1807617708635756, 0.18075214515130567, 0.1807431553607881, 0.18074238735605697, 0.1807370207763983, 0.1807295077906519, 0.18072259170240335, 0.18072259170240335, 0.18072171882703125, 0.18072127633666857, 0.18072119315677826, 0.18072117710810987, 0.18072117355342932, 0.18072117283071498, 0.18072117268111043]}, "6": {"maxiter": 500, "fatol": 1e-10, "xatol": 1e-05, "duration": 0.23510503768920898, "fun": "0.18072117266532428", "nit": "500", "nfev": "774", "status": "2", "success": "False", "message": "Maximum number of iterations has been exceeded.", "x": "[-0.05510911 -0.03992864  2.57251204  4.46037002  0.00726792  3.13913571]", "final_simplex": "(array([[-0.05510911, -0.03992864,  2.57251204,  4.46037002,  0.00726792,\n         3.13913571],\n       [-0.05511627, -0.03983851,  2.57242569,  4.46037361,  0.00727907,\n         3.13914006],\n       [-0.05510664, -0.03990766,  2.5724946 ,  4.46037546,  0.00727662,\n         3.13913174],\n       [-0.05511348, -0.03991335,  2.57249193,  4.46037299,  0.00727722,\n         3.13913277],\n       [-0.05511543, -0.03974953,  2.57234177,  4.46037686,  0.00728064,\n         3.1391312 ],\n       [-0.05511438, -0.04016224,  2.57274272,  4.46037744,  0.00726316,\n         3.13913001],\n       [-0.05510762, -0.03980877,  2.5724015 ,  4.46036543,  0.00728616,\n         3.13912604]]), array([0.18072117, 0.18072117, 0.18072117, 0.18072117, 0.18072117,\n       0.18072117, 0.18072117]))", "callback": [0.8059467272494762, 0.7308383830695235, 0.6059065313693219, 0.457443024003805, 0.355343272703713, 0.33489509254659755, 0.24639306817822582, 0.23832962976461314, 0.23189423743456894, 0.22982843346744097, 0.22778504762956808, 0.2260554629327629, 0.21639166644689434, 0.2117617960489403, 0.21145108440911498, 0.21096052819814826, 0.21065859138244625, 0.20990133700944547, 0.20911228167200024, 0.20476310029739553, 0.19647577016079787, 0.19423458450414766, 0.1896170721273437, 0.1857793754864271, 0.18272913455767992, 0.18196137714643768, 0.18139213547732824, 0.18089011776986397, 0.18084606555431526, 0.1807896448517059, 0.18077458052295636, 0.18077317232051515, 0.18077229623455415, 0.18077099873928648, 0.18076893000554306, 0.1807617708635756, 0.18075214515130567, 0.1807431553607881, 0.18074238735605697, 0.1807370207763983, 0.1807295077906519, 0.18072259170240335, 0.18072259170240335, 0.18072171882703125, 0.18072127633666857, 0.18072119315677826, 0.18072117710810987, 0.18072117355342932, 0.18072117283071498, 0.18072117268111043]}, "7": {"maxiter": 500, "fatol": 1e-10, "xatol": 1e-10, "duration": 0.22673583030700684, "fun": "0.18072117266532428", "nit": "500", "nfev": "774", "status": "2", "success": "False", "message": "Maximum number of iterations has been exceeded.", "x": "[-0.05510911 -0.03992864  2.57251204  4.46037002  0.00726792  3.13913571]", "final_simplex": "(array([[-0.05510911, -0.03992864,  2.57251204,  4.46037002,  0.00726792,\n         3.13913571],\n       [-0.05511627, -0.03983851,  2.57242569,  4.46037361,  0.00727907,\n         3.13914006],\n       [-0.05510664, -0.03990766,  2.5724946 ,  4.46037546,  0.00727662,\n         3.13913174],\n       [-0.05511348, -0.03991335,  2.57249193,  4.46037299,  0.00727722,\n         3.13913277],\n       [-0.05511543, -0.03974953,  2.57234177,  4.46037686,  0.00728064,\n         3.1391312 ],\n       [-0.05511438, -0.04016224,  2.57274272,  4.46037744,  0.00726316,\n         3.13913001],\n       [-0.05510762, -0.03980877,  2.5724015 ,  4.46036543,  0.00728616,\n         3.13912604]]), array([0.18072117, 0.18072117, 0.18072117, 0.18072117, 0.18072117,\n       0.18072117, 0.18072117]))", "callback": [0.8059467272494762, 0.7308383830695235, 0.6059065313693219, 0.457443024003805, 0.355343272703713, 0.33489509254659755, 0.24639306817822582, 0.23832962976461314, 0.23189423743456894, 0.22982843346744097, 0.22778504762956808, 0.2260554629327629, 0.21639166644689434, 0.2117617960489403, 0.21145108440911498, 0.21096052819814826, 0.21065859138244625, 0.20990133700944547, 0.20911228167200024, 0.20476310029739553, 0.19647577016079787, 0.19423458450414766, 0.1896170721273437, 0.1857793754864271, 0.18272913455767992, 0.18196137714643768, 0.18139213547732824, 0.18089011776986397, 0.18084606555431526, 0.1807896448517059, 0.18077458052295636, 0.18077317232051515, 0.18077229623455415, 0.18077099873928648, 0.18076893000554306, 0.1807617708635756, 0.18075214515130567, 0.1807431553607881, 0.18074238735605697, 0.1807370207763983, 0.1807295077906519, 0.18072259170240335, 0.18072259170240335, 0.18072171882703125, 0.18072127633666857, 0.18072119315677826, 0.18072117710810987, 0.18072117355342932, 0.18072117283071498, 0.18072117268111043]}, "8": {"maxiter": 1000, "fatol": 1e-05, "xatol": 1e-05, "duration": 0.25309276580810547, "fun": "0.18072117265169751", "nit": "559", "nfev": "873", "status": "0", "success": "True", "message": "Optimization terminated successfully.", "x": "[-0.0551109  -0.04004044  2.57262405  4.46037063  0.00727423  3.13913547]", "final_simplex": "(array([[-0.0551109 , -0.04004044,  2.57262405,  4.46037063,  0.00727423,\n         3.13913547],\n       [-0.05511038, -0.0400456 ,  2.57262927,  4.46037047,  0.00727416,\n         3.13913526],\n       [-0.05511067, -0.04004348,  2.57262668,  4.46037039,  0.00727396,\n         3.13913544],\n       [-0.05511061, -0.04004083,  2.57262408,  4.46037058,  0.00727385,\n         3.13913517],\n       [-0.0551109 , -0.04003487,  2.57261849,  4.46037054,  0.0072745 ,\n         3.13913548],\n       [-0.05511094, -0.04003277,  2.57261641,  4.46037069,  0.00727427,\n         3.13913534],\n       [-0.0551107 , -0.04003439,  2.57261806,  4.46037064,  0.0072743 ,\n         3.13913555]]), array([0.18072117, 0.18072117, 0.18072117, 0.18072117, 0.18072117,\n       0.18072117, 0.18072117]))", "callback": [0.8059467272494762, 0.7308383830695235, 0.6059065313693219, 0.457443024003805, 0.355343272703713, 0.33489509254659755, 0.24639306817822582, 0.23832962976461314, 0.23189423743456894, 0.22982843346744097, 0.22778504762956808, 0.2260554629327629, 0.21639166644689434, 0.2117617960489403, 0.21145108440911498, 0.21096052819814826, 0.21065859138244625, 0.20990133700944547, 0.20911228167200024, 0.20476310029739553, 0.19647577016079787, 0.19423458450414766, 0.1896170721273437, 0.1857793754864271, 0.18272913455767992, 0.18196137714643768, 0.18139213547732824, 0.18089011776986397, 0.18084606555431526, 0.1807896448517059, 0.18077458052295636, 0.18077317232051515, 0.18077229623455415, 0.18077099873928648, 0.18076893000554306, 0.1807617708635756, 0.18075214515130567, 0.1807431553607881, 0.18074238735605697, 0.1807370207763983, 0.1807295077906519, 0.18072259170240335, 0.18072259170240335, 0.18072171882703125, 0.18072127633666857, 0.18072119315677826, 0.18072117710810987, 0.18072117355342932, 0.18072117283071498, 0.18072117268111043, 0.1807211726617015, 0.1807211726543101, 0.18072117265282894, 0.1807211726521294, 0.18072117265182996, 0.18072117265169785]}, "9": {"maxiter": 1000, "fatol": 1e-05, "xatol": 1e-10, "duration": 0.32599806785583496, "fun": "0.18072117265164767", "nit": "673", "nfev": "1136", "status": "0", "success": "True", "message": "Optimization terminated successfully.", "x": "[-0.0551107  -0.04004189  2.57262558  4.46037029  0.00727404  3.1391351 ]", "final_simplex": "(array([[-0.0551107 , -0.04004189,  2.57262558,  4.46037029,  0.00727404,\n         3.1391351 ],\n       [-0.0551107 , -0.04004189,  2.57262558,  4.46037029,  0.00727404,\n         3.1391351 ],\n       [-0.0551107 , -0.04004189,  2.57262558,  4.46037029,  0.00727404,\n         3.1391351 ],\n       [-0.0551107 , -0.04004189,  2.57262558,  4.46037029,  0.00727404,\n         3.1391351 ],\n       [-0.0551107 , -0.04004189,  2.57262558,  4.46037029,  0.00727404,\n         3.1391351 ],\n       [-0.0551107 , -0.04004189,  2.57262558,  4.46037029,  0.00727404,\n         3.1391351 ],\n       [-0.0551107 , -0.04004189,  2.57262558,  4.46037029,  0.00727404,\n         3.1391351 ]]), array([0.18072117, 0.18072117, 0.18072117, 0.18072117, 0.18072117,\n       0.18072117, 0.18072117]))", "callback": [0.8059467272494762, 0.7308383830695235, 0.6059065313693219, 0.457443024003805, 0.355343272703713, 0.33489509254659755, 0.24639306817822582, 0.23832962976461314, 0.23189423743456894, 0.22982843346744097, 0.22778504762956808, 0.2260554629327629, 0.21639166644689434, 0.2117617960489403, 0.21145108440911498, 0.21096052819814826, 0.21065859138244625, 0.20990133700944547, 0.20911228167200024, 0.20476310029739553, 0.19647577016079787, 0.19423458450414766, 0.1896170721273437, 0.1857793754864271, 0.18272913455767992, 0.18196137714643768, 0.18139213547732824, 0.18089011776986397, 0.18084606555431526, 0.1807896448517059, 0.18077458052295636, 0.18077317232051515, 0.18077229623455415, 0.18077099873928648, 0.18076893000554306, 0.1807617708635756, 0.18075214515130567, 0.1807431553607881, 0.18074238735605697, 0.1807370207763983, 0.1807295077906519, 0.18072259170240335, 0.18072259170240335, 0.18072171882703125, 0.18072127633666857, 0.18072119315677826, 0.18072117710810987, 0.18072117355342932, 0.18072117283071498, 0.18072117268111043, 0.1807211726617015, 0.1807211726543101, 0.18072117265282894, 0.1807211726521294, 0.18072117265182996, 0.18072117265169785, 0.18072117265168375, 0.1807211726516761, 0.18072117265166798, 0.1807211726516592, 0.18072117265165466, 0.18072117265164922, 0.18072117265164822, 0.180721172651648, 0.1807211726516479, 0.18072117265164778, 0.18072117265164778, 0.18072117265164767]}, "10": {"maxiter": 1000, "fatol": 1e-10, "xatol": 1e-05, "duration": 0.2620820999145508, "fun": "0.18072117265169751", "nit": "559", "nfev": "873", "status": "0", "success": "True", "message": "Optimization terminated successfully.", "x": "[-0.0551109  -0.04004044  2.57262405  4.46037063  0.00727423  3.13913547]", "final_simplex": "(array([[-0.0551109 , -0.04004044,  2.57262405,  4.46037063,  0.00727423,\n         3.13913547],\n       [-0.05511038, -0.0400456 ,  2.57262927,  4.46037047,  0.00727416,\n         3.13913526],\n       [-0.05511067, -0.04004348,  2.57262668,  4.46037039,  0.00727396,\n         3.13913544],\n       [-0.05511061, -0.04004083,  2.57262408,  4.46037058,  0.00727385,\n         3.13913517],\n       [-0.0551109 , -0.04003487,  2.57261849,  4.46037054,  0.0072745 ,\n         3.13913548],\n       [-0.05511094, -0.04003277,  2.57261641,  4.46037069,  0.00727427,\n         3.13913534],\n       [-0.0551107 , -0.04003439,  2.57261806,  4.46037064,  0.0072743 ,\n         3.13913555]]), array([0.18072117, 0.18072117, 0.18072117, 0.18072117, 0.18072117,\n       0.18072117, 0.18072117]))", "callback": [0.8059467272494762, 0.7308383830695235, 0.6059065313693219, 0.457443024003805, 0.355343272703713, 0.33489509254659755, 0.24639306817822582, 0.23832962976461314, 0.23189423743456894, 0.22982843346744097, 0.22778504762956808, 0.2260554629327629, 0.21639166644689434, 0.2117617960489403, 0.21145108440911498, 0.21096052819814826, 0.21065859138244625, 0.20990133700944547, 0.20911228167200024, 0.20476310029739553, 0.19647577016079787, 0.19423458450414766, 0.1896170721273437, 0.1857793754864271, 0.18272913455767992, 0.18196137714643768, 0.18139213547732824, 0.18089011776986397, 0.18084606555431526, 0.1807896448517059, 0.18077458052295636, 0.18077317232051515, 0.18077229623455415, 0.18077099873928648, 0.18076893000554306, 0.1807617708635756, 0.18075214515130567, 0.1807431553607881, 0.18074238735605697, 0.1807370207763983, 0.1807295077906519, 0.18072259170240335, 0.18072259170240335, 0.18072171882703125, 0.18072127633666857, 0.18072119315677826, 0.18072117710810987, 0.18072117355342932, 0.18072117283071498, 0.18072117268111043, 0.1807211726617015, 0.1807211726543101, 0.18072117265282894, 0.1807211726521294, 0.18072117265182996, 0.18072117265169785]}, "11": {"maxiter": 1000, "fatol": 1e-10, "xatol": 1e-10, "duration": 0.32389020919799805, "fun": "0.18072117265164767", "nit": "673", "nfev": "1136", "status": "0", "success": "True", "message": "Optimization terminated successfully.", "x": "[-0.0551107  -0.04004189  2.57262558  4.46037029  0.00727404  3.1391351 ]", "final_simplex": "(array([[-0.0551107 , -0.04004189,  2.57262558,  4.46037029,  0.00727404,\n         3.1391351 ],\n       [-0.0551107 , -0.04004189,  2.57262558,  4.46037029,  0.00727404,\n         3.1391351 ],\n       [-0.0551107 , -0.04004189,  2.57262558,  4.46037029,  0.00727404,\n         3.1391351 ],\n       [-0.0551107 , -0.04004189,  2.57262558,  4.46037029,  0.00727404,\n         3.1391351 ],\n       [-0.0551107 , -0.04004189,  2.57262558,  4.46037029,  0.00727404,\n         3.1391351 ],\n       [-0.0551107 , -0.04004189,  2.57262558,  4.46037029,  0.00727404,\n         3.1391351 ],\n       [-0.0551107 , -0.04004189,  2.57262558,  4.46037029,  0.00727404,\n         3.1391351 ]]), array([0.18072117, 0.18072117, 0.18072117, 0.18072117, 0.18072117,\n       0.18072117, 0.18072117]))", "callback": [0.8059467272494762, 0.7308383830695235, 0.6059065313693219, 0.457443024003805, 0.355343272703713, 0.33489509254659755, 0.24639306817822582, 0.23832962976461314, 0.23189423743456894, 0.22982843346744097, 0.22778504762956808, 0.2260554629327629, 0.21639166644689434, 0.2117617960489403, 0.21145108440911498, 0.21096052819814826, 0.21065859138244625, 0.20990133700944547, 0.20911228167200024, 0.20476310029739553, 0.19647577016079787, 0.19423458450414766, 0.1896170721273437, 0.1857793754864271, 0.18272913455767992, 0.18196137714643768, 0.18139213547732824, 0.18089011776986397, 0.18084606555431526, 0.1807896448517059, 0.18077458052295636, 0.18077317232051515, 0.18077229623455415, 0.18077099873928648, 0.18076893000554306, 0.1807617708635756, 0.18075214515130567, 0.1807431553607881, 0.18074238735605697, 0.1807370207763983, 0.1807295077906519, 0.18072259170240335, 0.18072259170240335, 0.18072171882703125, 0.18072127633666857, 0.18072119315677826, 0.18072117710810987, 0.18072117355342932, 0.18072117283071498, 0.18072117268111043, 0.1807211726617015, 0.1807211726543101, 0.18072117265282894, 0.1807211726521294, 0.18072117265182996, 0.18072117265169785, 0.18072117265168375, 0.1807211726516761, 0.18072117265166798, 0.1807211726516592, 0.18072117265165466, 0.18072117265164922, 0.18072117265164822, 0.180721172651648, 0.1807211726516479, 0.18072117265164778, 0.18072117265164778, 0.18072117265164767]}}, "bfgs": {"type": "gradient", "0": {"maxiter": 100, "gtol": 1e-05, "xrtol": 1e-05, "eps": 1e-05, "duration": 0.09597206115722656, "fun": "0.18072117326576498", "jac": "[-9.56601465e-07 -1.17947874e-06 -6.96243063e-07 -7.83844101e-06\n  7.34400318e-06  7.72116815e-06]", "hess_inv": "[[ 5.25192770e+00  6.54220465e+01 -6.20445544e+01  1.32237833e+00\n   6.00731054e+00 -2.72917059e-01]\n [ 6.54220465e+01  2.49566206e+03 -2.41230903e+03  2.73514627e+01\n   1.32811700e+02 -8.62048516e+00]\n [-6.20445544e+01 -2.41230903e+03  2.33657868e+03 -2.55777945e+01\n  -1.25162500e+02  7.33281764e+00]\n [ 1.32237833e+00  2.73514627e+01 -2.55777945e+01  2.71356580e+00\n   2.21049991e+00 -8.85728809e-02]\n [ 6.00731054e+00  1.32811700e+02 -1.25162500e+02  2.21049991e+00\n   1.29132268e+01 -1.04691265e+00]\n [-2.72917059e-01 -8.62048516e+00  7.33281764e+00 -8.85728809e-02\n  -1.04691265e+00  3.01048719e+00]]", "nfev": "315", "njev": "45", "status": "0", "success": "True", "message": "Optimization terminated successfully.", "x": "[ 0.05507432  3.10010192 -0.56757508  4.460325    0.00721868  3.13916544]", "nit": "38", "callback": [0.3584258304767376, 0.3388314826765786, 0.3032516645909882, 0.24880190062923146, 0.21858954512647033, 0.20684655401714913, 0.1910018056658086, 0.18486231804501374, 0.1823456612485137, 0.18173251924702316, 0.1812703256136836, 0.18113750392511574, 0.18111173865653352, 0.1811104155009411, 0.18111028568997944, 0.1811102040696666, 0.18111015198875346, 0.18111006346705527, 0.18110990428072204, 0.18110960911868612, 0.18110905264194843, 0.18110799138454536, 0.1811008018052238, 0.18109479659043182, 0.1810840896528496, 0.18106496301575192, 0.18103125826403033, 0.18097283683622423, 0.18087810217645772, 0.18082733407277607, 0.18074844762414788, 0.18073707781139536, 0.18072337810781813, 0.1807215577837764, 0.18072129598084952, 0.18072121707264754, 0.18072117904385698, 0.18072117326576498]}, "1": {"maxiter": 100, "gtol": 1e-05, "xrtol": 1e-05, "eps": 1e-10, "duration": 0.10511994361877441, "fun": "0.18072117384379704", "jac": "[ 0.00000000e+00  8.88178346e-06  7.77156053e-06 -9.99200639e-06\n -5.55111515e-06  8.88178346e-06]", "hess_inv": "[[ 4.83551379e+00  4.45603400e+01 -4.14997670e+01  1.60865244e+00\n   5.74533210e+00 -1.00026052e+00]\n [ 4.45603400e+01  1.37931466e+03 -1.31041190e+03  3.85807829e+01\n   1.13894526e+02 -3.02514762e+01]\n [-4.14997670e+01 -1.31041190e+03  1.24885378e+03 -3.58784862e+01\n  -1.06130766e+02  2.75880793e+01]\n [ 1.60865244e+00  3.85807829e+01 -3.58784862e+01  3.77642938e+00\n   3.94531501e+00 -1.37226911e+00]\n [ 5.74533210e+00  1.13894526e+02 -1.06130766e+02  3.94531501e+00\n   1.43342408e+01 -3.62148172e+00]\n [-1.00026052e+00 -3.02514762e+01  2.75880793e+01 -1.37226911e+00\n  -3.62148172e+00  4.46522258e+00]]", "nfev": "350", "njev": "50", "status": "0", "success": "True", "message": "Optimization terminated successfully.", "x": "[ 0.05515688  3.10403255 -0.5713746   4.46037306  0.00737348  3.13915707]", "nit": "39", "callback": [0.35842754784088604, 0.3388297742857057, 0.3032446746725619, 0.2487922998860601, 0.21859018457147883, 0.2068444120609627, 0.1909983172636135, 0.18486190484955078, 0.1823450861107465, 0.1817324821413191, 0.18126981349191906, 0.18113744142711352, 0.18111171762331624, 0.18111040514281895, 0.18111027861354345, 0.18111019836548004, 0.1811101449310092, 0.18111005564776295, 0.18110989112764386, 0.18110958874113314, 0.18110901668273716, 0.18110478309223121, 0.1810992527480484, 0.18109040972898338, 0.18107464693919817, 0.18104604452896977, 0.18099502730273143, 0.18090665449788035, 0.18077917960786882, 0.18075348734734265, 0.18072397927721795, 0.18072157475607553, 0.18072129181325147, 0.18072121473478786, 0.1807211983941629, 0.18072117832839274, 0.18072117611817906, 0.1807211738540354, 0.18072117384379704]}, "2": {"maxiter": 100, "gtol": 1e-05, "xrtol": 1e-10, "eps": 1e-05, "duration": 0.08980870246887207, "fun": "0.18072117326576498", "jac": "[-9.56601465e-07 -1.17947874e-06 -6.96243063e-07 -7.83844101e-06\n  7.34400318e-06  7.72116815e-06]", "hess_inv": "[[ 5.25192770e+00  6.54220465e+01 -6.20445544e+01  1.32237833e+00\n   6.00731054e+00 -2.72917059e-01]\n [ 6.54220465e+01  2.49566206e+03 -2.41230903e+03  2.73514627e+01\n   1.32811700e+02 -8.62048516e+00]\n [-6.20445544e+01 -2.41230903e+03  2.33657868e+03 -2.55777945e+01\n  -1.25162500e+02  7.33281764e+00]\n [ 1.32237833e+00  2.73514627e+01 -2.55777945e+01  2.71356580e+00\n   2.21049991e+00 -8.85728809e-02]\n [ 6.00731054e+00  1.32811700e+02 -1.25162500e+02  2.21049991e+00\n   1.29132268e+01 -1.04691265e+00]\n [-2.72917059e-01 -8.62048516e+00  7.33281764e+00 -8.85728809e-02\n  -1.04691265e+00  3.01048719e+00]]", "nfev": "315", "njev": "45", "status": "0", "success": "True", "message": "Optimization terminated successfully.", "x": "[ 0.05507432  3.10010192 -0.56757508  4.460325    0.00721868  3.13916544]", "nit": "38", "callback": [0.3584258304767376, 0.3388314826765786, 0.3032516645909882, 0.24880190062923146, 0.21858954512647033, 0.20684655401714913, 0.1910018056658086, 0.18486231804501374, 0.1823456612485137, 0.18173251924702316, 0.1812703256136836, 0.18113750392511574, 0.18111173865653352, 0.1811104155009411, 0.18111028568997944, 0.1811102040696666, 0.18111015198875346, 0.18111006346705527, 0.18110990428072204, 0.18110960911868612, 0.18110905264194843, 0.18110799138454536, 0.1811008018052238, 0.18109479659043182, 0.1810840896528496, 0.18106496301575192, 0.18103125826403033, 0.18097283683622423, 0.18087810217645772, 0.18082733407277607, 0.18074844762414788, 0.18073707781139536, 0.18072337810781813, 0.1807215577837764, 0.18072129598084952, 0.18072121707264754, 0.18072117904385698, 0.18072117326576498]}, "3": {"maxiter": 100, "gtol": 1e-05, "xrtol": 1e-10, "eps": 1e-10, "duration": 0.10346198081970215, "fun": "0.18072117384379704", "jac": "[ 0.00000000e+00  8.88178346e-06  7.77156053e-06 -9.99200639e-06\n -5.55111515e-06  8.88178346e-06]", "hess_inv": "[[ 4.83551379e+00  4.45603400e+01 -4.14997670e+01  1.60865244e+00\n   5.74533210e+00 -1.00026052e+00]\n [ 4.45603400e+01  1.37931466e+03 -1.31041190e+03  3.85807829e+01\n   1.13894526e+02 -3.02514762e+01]\n [-4.14997670e+01 -1.31041190e+03  1.24885378e+03 -3.58784862e+01\n  -1.06130766e+02  2.75880793e+01]\n [ 1.60865244e+00  3.85807829e+01 -3.58784862e+01  3.77642938e+00\n   3.94531501e+00 -1.37226911e+00]\n [ 5.74533210e+00  1.13894526e+02 -1.06130766e+02  3.94531501e+00\n   1.43342408e+01 -3.62148172e+00]\n [-1.00026052e+00 -3.02514762e+01  2.75880793e+01 -1.37226911e+00\n  -3.62148172e+00  4.46522258e+00]]", "nfev": "350", "njev": "50", "status": "0", "success": "True", "message": "Optimization terminated successfully.", "x": "[ 0.05515688  3.10403255 -0.5713746   4.46037306  0.00737348  3.13915707]", "nit": "39", "callback": [0.35842754784088604, 0.3388297742857057, 0.3032446746725619, 0.2487922998860601, 0.21859018457147883, 0.2068444120609627, 0.1909983172636135, 0.18486190484955078, 0.1823450861107465, 0.1817324821413191, 0.18126981349191906, 0.18113744142711352, 0.18111171762331624, 0.18111040514281895, 0.18111027861354345, 0.18111019836548004, 0.1811101449310092, 0.18111005564776295, 0.18110989112764386, 0.18110958874113314, 0.18110901668273716, 0.18110478309223121, 0.1810992527480484, 0.18109040972898338, 0.18107464693919817, 0.18104604452896977, 0.18099502730273143, 0.18090665449788035, 0.18077917960786882, 0.18075348734734265, 0.18072397927721795, 0.18072157475607553, 0.18072129181325147, 0.18072121473478786, 0.1807211983941629, 0.18072117832839274, 0.18072117611817906, 0.1807211738540354, 0.18072117384379704]}, "4": {"maxiter": 100, "gtol": 1e-10, "xrtol": 1e-05, "eps": 1e-05, "duration": 0.1023869514465332, "fun": "0.18072117275456834", "jac": "[-1.88515870e-08  3.06421555e-09  1.80966353e-09 -7.74935671e-09\n  9.31477118e-09  1.23234756e-08]", "hess_inv": "[[ 5.07515851e+00  6.22202092e+01 -5.90251929e+01  1.37356165e+00\n   5.54215829e+00 -4.13121112e-01]\n [ 6.22202092e+01  2.56862451e+03 -2.48580266e+03  3.25780809e+01\n   1.23824079e+02 -1.55761580e+01]\n [-5.90251929e+01 -2.48580266e+03  2.41048349e+03 -3.07019709e+01\n  -1.16601401e+02  1.41112131e+01]\n [ 1.37356165e+00  3.25780809e+01 -3.07019709e+01  3.01816739e+00\n   2.04456385e+00 -4.55490061e-01]\n [ 5.54215829e+00  1.23824079e+02 -1.16601401e+02  2.04456385e+00\n   1.21380681e+01 -9.81512608e-01]\n [-4.13121112e-01 -1.55761580e+01  1.41112131e+01 -4.55490061e-01\n  -9.81512608e-01  3.43467962e+00]]", "nfev": "336", "njev": "48", "status": "0", "success": "True", "message": "Optimization terminated successfully.", "x": "[ 0.05508422  3.10098455 -0.56843512  4.4603559   0.00722472  3.13913377]", "nit": "41", "callback": [0.3584258304767376, 0.3388314826765786, 0.3032516645909882, 0.24880190062923146, 0.21858954512647033, 0.20684655401714913, 0.1910018056658086, 0.18486231804501374, 0.1823456612485137, 0.18173251924702316, 0.1812703256136836, 0.18113750392511574, 0.18111173865653352, 0.1811104155009411, 0.18111028568997944, 0.1811102040696666, 0.18111015198875346, 0.18111006346705527, 0.18110990428072204, 0.18110960911868612, 0.18110905264194843, 0.18110799138454536, 0.1811008018052238, 0.18109479659043182, 0.1810840896528496, 0.18106496301575192, 0.18103125826403033, 0.18097283683622423, 0.18087810217645772, 0.18082733407277607, 0.18074844762414788, 0.18073707781139536, 0.18072337810781813, 0.1807215577837764, 0.18072129598084952, 0.18072121707264754, 0.18072117904385698, 0.18072117326576498, 0.18072117278451527, 0.18072117275554578, 0.18072117275456834]}, "5": {"maxiter": 100, "gtol": 1e-10, "xrtol": 1e-05, "eps": 1e-10, "duration": 0.1094970703125, "fun": "0.18072117382497144", "jac": "[ 4.44089204e-06  5.55111466e-06  6.66133760e-06 -9.99200639e-06\n -6.66133817e-06  6.66133760e-06]", "hess_inv": "[[  3.63399036   4.42107876  -3.35087653   0.54510576   2.47882053\n   -0.09286236]\n [  4.42107876  53.36800415 -50.14193313   1.59884402   4.19123979\n    2.0989592 ]\n [ -3.35087653 -50.14193313  51.00775844  -0.73738675  -1.87009928\n   -3.14834549]\n [  0.54510576   1.59884402  -0.73738675   2.97572545   1.11002225\n   -0.76646594]\n [  2.47882053   4.19123979  -1.87009928   1.11002225   5.47614075\n   -1.23330385]\n [ -0.09286236   2.0989592   -3.14834549  -0.76646594  -1.23330385\n    4.05686157]]", "nfev": "357", "njev": "51", "status": "0", "success": "True", "message": "Optimization terminated successfully.", "x": "[ 0.05515702  3.10403124 -0.57137339  4.46037376  0.00737409  3.13915616]", "nit": "40", "callback": [0.35842754784088604, 0.3388297742857057, 0.3032446746725619, 0.2487922998860601, 0.21859018457147883, 0.2068444120609627, 0.1909983172636135, 0.18486190484955078, 0.1823450861107465, 0.1817324821413191, 0.18126981349191906, 0.18113744142711352, 0.18111171762331624, 0.18111040514281895, 0.18111027861354345, 0.18111019836548004, 0.1811101449310092, 0.18111005564776295, 0.18110989112764386, 0.18110958874113314, 0.18110901668273716, 0.18110478309223121, 0.1810992527480484, 0.18109040972898338, 0.18107464693919817, 0.18104604452896977, 0.18099502730273143, 0.18090665449788035, 0.18077917960786882, 0.18075348734734265, 0.18072397927721795, 0.18072157475607553, 0.18072129181325147, 0.18072121473478786, 0.1807211983941629, 0.18072117832839274, 0.18072117611817906, 0.1807211738540354, 0.18072117384379704, 0.18072117382497144]}, "6": {"maxiter": 100, "gtol": 1e-10, "xrtol": 1e-10, "eps": 1e-05, "duration": 0.14574193954467773, "fun": "0.18072117275456834", "jac": "[-1.88515870e-08  3.06421555e-09  1.80966353e-09 -7.74935671e-09\n  9.31477118e-09  1.23234756e-08]", "hess_inv": "[[ 4.65622486e+00  5.32409995e+01 -5.04542659e+01  1.20610750e+00\n   4.85179940e+00 -3.07177568e-01]\n [ 5.32409995e+01  2.81304701e+03 -2.72647059e+03  2.87698476e+01\n   1.29005188e+02 -8.12140819e+00]\n [-5.04542659e+01 -2.72647059e+03  2.64735692e+03 -2.70632062e+01\n  -1.21883457e+02  6.90810367e+00]\n [ 1.20610750e+00  2.87698476e+01 -2.70632062e+01  2.95134330e+00\n   1.75859742e+00 -4.15742741e-01]\n [ 4.85179940e+00  1.29005188e+02 -1.21883457e+02  1.75859742e+00\n   1.19139941e+01 -5.69870284e-01]\n [-3.07177568e-01 -8.12140819e+00  6.90810367e+00 -4.15742741e-01\n  -5.69870284e-01  3.46940132e+00]]", "nfev": "495", "njev": "69", "status": "2", "success": "False", "message": "Desired error not necessarily achieved due to precision loss.", "x": "[ 0.05508422  3.10098455 -0.56843512  4.4603559   0.00722472  3.13913377]", "nit": "41", "callback": [0.3584258304767376, 0.3388314826765786, 0.3032516645909882, 0.24880190062923146, 0.21858954512647033, 0.20684655401714913, 0.1910018056658086, 0.18486231804501374, 0.1823456612485137, 0.18173251924702316, 0.1812703256136836, 0.18113750392511574, 0.18111173865653352, 0.1811104155009411, 0.18111028568997944, 0.1811102040696666, 0.18111015198875346, 0.18111006346705527, 0.18110990428072204, 0.18110960911868612, 0.18110905264194843, 0.18110799138454536, 0.1811008018052238, 0.18109479659043182, 0.1810840896528496, 0.18106496301575192, 0.18103125826403033, 0.18097283683622423, 0.18087810217645772, 0.18082733407277607, 0.18074844762414788, 0.18073707781139536, 0.18072337810781813, 0.1807215577837764, 0.18072129598084952, 0.18072121707264754, 0.18072117904385698, 0.18072117326576498, 0.18072117278451527, 0.18072117275554578, 0.18072117275456834]}, "7": {"maxiter": 100, "gtol": 1e-10, "xrtol": 1e-10, "eps": 1e-10, "duration": 0.20682501792907715, "fun": "0.1807211735863622", "jac": "[ 1.11022301e-06  4.44089173e-06  3.33066880e-06 -1.11022293e-06\n -1.11022303e-06  2.22044587e-06]", "hess_inv": "[[ 0.19137981  0.19628218 -0.08801599  0.02932712  0.18692812 -0.29401456]\n [ 0.19628218  0.23550948 -0.09511429  0.05734058  0.22104303 -0.34395117]\n [-0.08801599 -0.09511429  0.04799834  0.00168112 -0.09816252  0.14152093]\n [ 0.02932712  0.05734058  0.00168112  0.08206568  0.02875596 -0.07907434]\n [ 0.18692812  0.22104303 -0.09816252  0.02875596  0.21874451 -0.32400152]\n [-0.29401456 -0.34395117  0.14152093 -0.07907434 -0.32400152  0.50498898]]", "nfev": "686", "njev": "98", "status": "0", "success": "True", "message": "Optimization terminated successfully.", "x": "[ 0.05515741  3.10403786 -0.57137545  4.46039223  0.00739088  3.13912632]", "nit": "58", "callback": [0.35842754784088604, 0.3388297742857057, 0.3032446746725619, 0.2487922998860601, 0.21859018457147883, 0.2068444120609627, 0.1909983172636135, 0.18486190484955078, 0.1823450861107465, 0.1817324821413191, 0.18126981349191906, 0.18113744142711352, 0.18111171762331624, 0.18111040514281895, 0.18111027861354345, 0.18111019836548004, 0.1811101449310092, 0.18111005564776295, 0.18110989112764386, 0.18110958874113314, 0.18110901668273716, 0.18110478309223121, 0.1810992527480484, 0.18109040972898338, 0.18107464693919817, 0.1810460445289697