{"date": "2024/10/08/, 17:46:38", "conf_id": 17, "data_type": "random\n", "num_data_points": 1, "s_rank": 0, "unitary": "[[0.18663085-0.53122324j,-0.11886349-0.70040876j,0.28555095-0.02789305j,-0.12262021-0.2844587j],[-0.16702216+0.27758472j,0.27526351-0.29738586j,-0.01109314+0.22495461j,-0.77239203+0.28900673j],[0.61935415+0.12301792j,-0.31269928-0.03315917j,-0.61902762-0.19039079j,-0.27120731-0.0968989j],[0.42341754+0.0023929j,-0.05847358+0.47832119j,0.64900495-0.16218422j,-0.37182676-0.05229966j]]", "databatch_0": {"databatch": "[[[-0.09982213+0.05819637j,0.31559628+0.24783365j,-0.05027755+0.05376914j,0.03308919+0.03876535j],[-0.39564916+0.05259059j,-0.09499137-0.27218948j,0.30705689-0.14329855j,-0.09573405+0.15976143j],[-0.09081101-0.07081308j,0.07351958-0.1239636j,-0.31941774-0.14176635j,-0.06290594+0.04970175j],[-0.23544923+0.10103484j,0.03443063-0.16947653j,0.03709228-0.12486005j,-0.25406452-0.29331742j]]]", "initial param values": "[3.51060147,3.97355257,5.7641059,5.4391275,3.09824733,2.86256344]", "nelder_mead": {"type": "gradient-free", "0": {"maxiter": 100, "fatol": 1e-05, "xatol": 1e-05, "duration": 0.05060386657714844, "fun": "0.31849931094354333", "nit": "100", "nfev": "153", "status": "2", "success": "False", "message": "Maximum number of iterations has been exceeded.", "x": "[5.11535958 4.08264086 6.89241591 2.70443348 1.95049583 3.84808327]", "final_simplex": "(array([[5.11535958, 4.08264086, 6.89241591, 2.70443348, 1.95049583,\n        3.84808327],\n       [5.20341379, 4.06201585, 6.9736516 , 2.68581411, 1.89679828,\n        3.8078874 ],\n       [5.14919139, 4.15843641, 6.92202504, 2.76102692, 1.90060064,\n        3.79882497],\n       [5.1083885 , 4.2436046 , 6.9372731 , 2.68464839, 1.8721167 ,\n        3.81492737],\n       [5.17046711, 4.1701984 , 6.94190849, 2.71295322, 1.9033178 ,\n        3.81306942],\n       [5.22492383, 4.08200146, 6.92696616, 2.71337212, 1.86029199,\n        3.8717731 ],\n       [5.28971966, 4.14641105, 6.92765795, 2.64082122, 1.8674213 ,\n        3.75266839]]), array([0.31849931, 0.32137147, 0.32180908, 0.32235753, 0.32273963,\n       0.32353328, 0.3236887 ]))", "callback": [0.8941017881979937, 0.6950869763886127, 0.6424853248968825, 0.5679228475459159, 0.5441668508490896, 0.44208752516087213, 0.3780595309318837, 0.3609581667514271, 0.33908076238279117, 0.323688699999938]}, "1": {"maxiter": 100, "fatol": 1e-05, "xatol": 1e-10, "duration": 0.05446481704711914, "fun": "0.31849931094354333", "nit": "100", "nfev": "153", "status": "2", "success": "False", "message": "Maximum number of iterations has been exceeded.", "x": "[5.11535958 4.08264086 6.89241591 2.70443348 1.95049583 3.84808327]", "final_simplex": "(array([[5.11535958, 4.08264086, 6.89241591, 2.70443348, 1.95049583,\n        3.84808327],\n       [5.20341379, 4.06201585, 6.9736516 , 2.68581411, 1.89679828,\n        3.8078874 ],\n       [5.14919139, 4.15843641, 6.92202504, 2.76102692, 1.90060064,\n        3.79882497],\n       [5.1083885 , 4.2436046 , 6.9372731 , 2.68464839, 1.8721167 ,\n        3.81492737],\n       [5.17046711, 4.1701984 , 6.94190849, 2.71295322, 1.9033178 ,\n        3.81306942],\n       [5.22492383, 4.08200146, 6.92696616, 2.71337212, 1.86029199,\n        3.8717731 ],\n       [5.28971966, 4.14641105, 6.92765795, 2.64082122, 1.8674213 ,\n        3.75266839]]), array([0.31849931, 0.32137147, 0.32180908, 0.32235753, 0.32273963,\n       0.32353328, 0.3236887 ]))", "callback": [0.8941017881979937, 0.6950869763886127, 0.6424853248968825, 0.5679228475459159, 0.5441668508490896, 0.44208752516087213, 0.3780595309318837, 0.3609581667514271, 0.33908076238279117, 0.323688699999938]}, "2": {"maxiter": 100, "fatol": 1e-10, "xatol": 1e-05, "duration": 0.04402899742126465, "fun": "0.31849931094354333", "nit": "100", "nfev": "153", "status": "2", "success": "False", "message": "Maximum number of iterations has been exceeded.", "x": "[5.11535958 4.08264086 6.89241591 2.70443348 1.95049583 3.84808327]", "final_simplex": "(array([[5.11535958, 4.08264086, 6.89241591, 2.70443348, 1.95049583,\n        3.84808327],\n       [5.20341379, 4.06201585, 6.9736516 , 2.68581411, 1.89679828,\n        3.8078874 ],\n       [5.14919139, 4.15843641, 6.92202504, 2.76102692, 1.90060064,\n        3.79882497],\n       [5.1083885 , 4.2436046 , 6.9372731 , 2.68464839, 1.8721167 ,\n        3.81492737],\n       [5.17046711, 4.1701984 , 6.94190849, 2.71295322, 1.9033178 ,\n        3.81306942],\n       [5.22492383, 4.08200146, 6.92696616, 2.71337212, 1.86029199,\n        3.8717731 ],\n       [5.28971966, 4.14641105, 6.92765795, 2.64082122, 1.8674213 ,\n        3.75266839]]), array([0.31849931, 0.32137147, 0.32180908, 0.32235753, 0.32273963,\n       0.32353328, 0.3236887 ]))", "callback": [0.8941017881979937, 0.6950869763886127, 0.6424853248968825, 0.5679228475459159, 0.5441668508490896, 0.44208752516087213, 0.3780595309318837, 0.3609581667514271, 0.33908076238279117, 0.323688699999938]}, "3": {"maxiter": 100, "fatol": 1e-10, "xatol": 1e-10, "duration": 0.047297000885009766, "fun": "0.31849931094354333", "nit": "100", "nfev": "153", "status": "2", "success": "False", "message": "Maximum number of iterations has been exceeded.", "x": "[5.11535958 4.08264086 6.89241591 2.70443348 1.95049583 3.84808327]", "final_simplex": "(array([[5.11535958, 4.08264086, 6.89241591, 2.70443348, 1.95049583,\n        3.84808327],\n       [5.20341379, 4.06201585, 6.9736516 , 2.68581411, 1.89679828,\n        3.8078874 ],\n       [5.14919139, 4.15843641, 6.92202504, 2.76102692, 1.90060064,\n        3.79882497],\n       [5.1083885 , 4.2436046 , 6.9372731 , 2.68464839, 1.8721167 ,\n        3.81492737],\n       [5.17046711, 4.1701984 , 6.94190849, 2.71295322, 1.9033178 ,\n        3.81306942],\n       [5.22492383, 4.08200146, 6.92696616, 2.71337212, 1.86029199,\n        3.8717731 ],\n       [5.28971966, 4.14641105, 6.92765795, 2.64082122, 1.8674213 ,\n        3.75266839]]), array([0.31849931, 0.32137147, 0.32180908, 0.32235753, 0.32273963,\n       0.32353328, 0.3236887 ]))", "callback": [0.8941017881979937, 0.6950869763886127, 0.6424853248968825, 0.5679228475459159, 0.5441668508490896, 0.44208752516087213, 0.3780595309318837, 0.3609581667514271, 0.33908076238279117, 0.323688699999938]}, "4": {"maxiter": 500, "fatol": 1e-05, "xatol": 1e-05, "duration": 0.17407894134521484, "fun": "0.2556454399462199", "nit": "368", "nfev": "583", "status": "0", "success": "True", "message": "Optimization terminated successfully.", "x": "[4.8732329  4.09221146 6.63045196 2.4425644  0.8647952  2.69516917]", "final_simplex": "(array([[4.8732329 , 4.09221146, 6.63045196, 2.4425644 , 0.8647952 ,\n        2.69516917],\n       [4.87323359, 4.09220806, 6.63045807, 2.44255907, 0.86479543,\n        2.69517281],\n       [4.87323318, 4.09221127, 6.63045586, 2.44255711, 0.86479157,\n        2.6951614 ],\n       [4.87323442, 4.09220638, 6.63045539, 2.44256283, 0.86479618,\n        2.69516863],\n       [4.87322981, 4.09221151, 6.63045314, 2.44256149, 0.86478938,\n        2.6951632 ],\n       [4.87323318, 4.09220864, 6.6304616 , 2.44255662, 0.86480398,\n        2.69517301],\n       [4.87323352, 4.09220849, 6.63045353, 2.4425579 , 0.86479773,\n        2.69516609]]), array([0.25564544, 0.25564544, 0.25564544, 0.25564544, 0.25564544,\n       0.25564544, 0.25564544]))", "callback": [0.8941017881979937, 0.6950869763886127, 0.6424853248968825, 0.5679228475459159, 0.5441668508490896, 0.44208752516087213, 0.3780595309318837, 0.3609581667514271, 0.33908076238279117, 0.323688699999938, 0.31849931094354333, 0.31504881606632895, 0.3103953901701568, 0.2980896830708625, 0.2930948210933002, 0.2839502439060615, 0.2783958153346272, 0.27286213567744033, 0.26569286878217024, 0.26077039548149894, 0.258991349068168, 0.2572682656035502, 0.25587857414978066, 0.2558351662883116, 0.2556907264432373, 0.25567129998263705, 0.25565980062651705, 0.25564836225191145, 0.25564640010614026, 0.25564572312323475, 0.2556455042334982, 0.25564545394553306, 0.2556454449392944, 0.25564544050332083, 0.25564544008930645, 0.25564543999255684, 0.25564543995291833]}, "5": {"maxiter": 500, "fatol": 1e-05, "xatol": 1e-10, "duration": 0.23775219917297363, "fun": "0.2556454399110022", "nit": "500", "nfev": "786", "status": "2", "success": "False", "message": "Maximum number of iterations has been exceeded.", "x": "[4.8732433  4.0922192  6.63046086 2.44256405 0.8648022  2.69517955]", "final_simplex": "(array([[4.8732433 , 4.0922192 , 6.63046086, 2.44256405, 0.8648022 ,\n        2.69517955],\n       [4.87324328, 4.09221937, 6.63046069, 2.44256409, 0.86480203,\n        2.69517952],\n       [4.87324323, 4.09221929, 6.6304608 , 2.44256403, 0.86480193,\n        2.69517927],\n       [4.87324313, 4.09221926, 6.63046089, 2.44256412, 0.86480221,\n        2.69517949],\n       [4.8732432 , 4.09221931, 6.6304609 , 2.44256403, 0.86480211,\n        2.69517963],\n       [4.87324323, 4.09221952, 6.63046074, 2.44256403, 0.86480203,\n        2.69517933],\n       [4.87324321, 4.09221931, 6.63046064, 2.44256392, 0.86480193,\n        2.69517941]]), array([0.25564544, 0.25564544, 0.25564544, 0.25564544, 0.25564544,\n       0.25564544, 0.25564544]))", "callback": [0.8941017881979937, 0.6950869763886127, 0.6424853248968825, 0.5679228475459159, 0.5441668508490896, 0.44208752516087213, 0.3780595309318837, 0.3609581667514271, 0.33908076238279117, 0.323688699999938, 0.31849931094354333, 0.31504881606632895, 0.3103953901701568, 0.2980896830708625, 0.2930948210933002, 0.2839502439060615, 0.2783958153346272, 0.27286213567744033, 0.26569286878217024, 0.26077039548149894, 0.258991349068168, 0.2572682656035502, 0.25587857414978066, 0.2558351662883116, 0.2556907264432373, 0.25567129998263705, 0.25565980062651705, 0.25564836225191145, 0.25564640010614026, 0.25564572312323475, 0.2556455042334982, 0.25564545394553306, 0.2556454449392944, 0.25564544050332083, 0.25564544008930645, 0.25564543999255684, 0.25564543995291833, 0.25564543994050803, 0.2556454399270437, 0.2556454399188638, 0.2556454399188638, 0.25564543991748945, 0.25564543991538446, 0.2556454399134389, 0.25564543991178157, 0.2556454399112488, 0.25564543991111843, 0.2556454399110982, 0.2556454399110507, 0.2556454399110082]}, "6": {"maxiter": 500, "fatol": 1e-10, "xatol": 1e-05, "duration": 0.18828511238098145, "fun": "0.2556454399462199", "nit": "368", "nfev": "583", "status": "0", "success": "True", "message": "Optimization terminated successfully.", "x": "[4.8732329  4.09221146 6.63045196 2.4425644  0.8647952  2.69516917]", "final_simplex": "(array([[4.8732329 , 4.09221146, 6.63045196, 2.4425644 , 0.8647952 ,\n        2.69516917],\n       [4.87323359, 4.09220806, 6.63045807, 2.44255907, 0.86479543,\n        2.69517281],\n       [4.87323318, 4.09221127, 6.63045586, 2.44255711, 0.86479157,\n        2.6951614 ],\n       [4.87323442, 4.09220638, 6.63045539, 2.44256283, 0.86479618,\n        2.69516863],\n       [4.87322981, 4.09221151, 6.63045314, 2.44256149, 0.86478938,\n        2.6951632 ],\n       [4.87323318, 4.09220864, 6.6304616 , 2.44255662, 0.86480398,\n        2.69517301],\n       [4.87323352, 4.09220849, 6.63045353, 2.4425579 , 0.86479773,\n        2.69516609]]), array([0.25564544, 0.25564544, 0.25564544, 0.25564544, 0.25564544,\n       0.25564544, 0.25564544]))", "callback": [0.8941017881979937, 0.6950869763886127, 0.6424853248968825, 0.5679228475459159, 0.5441668508490896, 0.44208752516087213, 0.3780595309318837, 0.3609581667514271, 0.33908076238279117, 0.323688699999938, 0.31849931094354333, 0.31504881606632895, 0.3103953901701568, 0.2980896830708625, 0.2930948210933002, 0.2839502439060615, 0.2783958153346272, 0.27286213567744033, 0.26569286878217024, 0.26077039548149894, 0.258991349068168, 0.2572682656035502, 0.25587857414978066, 0.2558351662883116, 0.2556907264432373, 0.25567129998263705, 0.25565980062651705, 0.25564836225191145, 0.25564640010614026, 0.25564572312323475, 0.2556455042334982, 0.25564545394553306, 0.2556454449392944, 0.25564544050332083, 0.25564544008930645, 0.25564543999255684, 0.25564543995291833]}, "7": {"maxiter": 500, "fatol": 1e-10, "xatol": 1e-10, "duration": 0.22420907020568848, "fun": "0.2556454399110022", "nit": "500", "nfev": "786", "status": "2", "success": "False", "message": "Maximum number of iterations has been exceeded.", "x": "[4.8732433  4.0922192  6.63046086 2.44256405 0.8648022  2.69517955]", "final_simplex": "(array([[4.8732433 , 4.0922192 , 6.63046086, 2.44256405, 0.8648022 ,\n        2.69517955],\n       [4.87324328, 4.09221937, 6.63046069, 2.44256409, 0.86480203,\n        2.69517952],\n       [4.87324323, 4.09221929, 6.6304608 , 2.44256403, 0.86480193,\n        2.69517927],\n       [4.87324313, 4.09221926, 6.63046089, 2.44256412, 0.86480221,\n        2.69517949],\n       [4.8732432 , 4.09221931, 6.6304609 , 2.44256403, 0.86480211,\n        2.69517963],\n       [4.87324323, 4.09221952, 6.63046074, 2.44256403, 0.86480203,\n        2.69517933],\n       [4.87324321, 4.09221931, 6.63046064, 2.44256392, 0.86480193,\n        2.69517941]]), array([0.25564544, 0.25564544, 0.25564544, 0.25564544, 0.25564544,\n       0.25564544, 0.25564544]))", "callback": [0.8941017881979937, 0.6950869763886127, 0.6424853248968825, 0.5679228475459159, 0.5441668508490896, 0.44208752516087213, 0.3780595309318837, 0.3609581667514271, 0.33908076238279117, 0.323688699999938, 0.31849931094354333, 0.31504881606632895, 0.3103953901701568, 0.2980896830708625, 0.2930948210933002, 0.2839502439060615, 0.2783958153346272, 0.27286213567744033, 0.26569286878217024, 0.26077039548149894, 0.258991349068168, 0.2572682656035502, 0.25587857414978066, 0.2558351662883116, 0.2556907264432373, 0.25567129998263705, 0.25565980062651705, 0.25564836225191145, 0.25564640010614026, 0.25564572312323475, 0.2556455042334982, 0.25564545394553306, 0.2556454449392944, 0.25564544050332083, 0.25564544008930645, 0.25564543999255684, 0.25564543995291833, 0.25564543994050803, 0.2556454399270437, 0.2556454399188638, 0.2556454399188638, 0.25564543991748945, 0.25564543991538446, 0.2556454399134389, 0.25564543991178157, 0.2556454399112488, 0.25564543991111843, 0.2556454399110982, 0.2556454399110507, 0.2556454399110082]}, "8": {"maxiter": 1000, "fatol": 1e-05, "xatol": 1e-05, "duration": 0.20209693908691406, "fun": "0.2556454399462199", "nit": "368", "nfev": "583", "status": "0", "success": "True", "message": "Optimization terminated successfully.", "x": "[4.8732329  4.09221146 6.63045196 2.4425644  0.8647952  2.69516917]", "final_simplex": "(array([[4.8732329 , 4.09221146, 6.63045196, 2.4425644 , 0.8647952 ,\n        2.69516917],\n       [4.87323359, 4.09220806, 6.63045807, 2.44255907, 0.86479543,\n        2.69517281],\n       [4.87323318, 4.09221127, 6.63045586, 2.44255711, 0.86479157,\n        2.6951614 ],\n       [4.87323442, 4.09220638, 6.63045539, 2.44256283, 0.86479618,\n        2.69516863],\n       [4.87322981, 4.09221151, 6.63045314, 2.44256149, 0.86478938,\n        2.6951632 ],\n       [4.87323318, 4.09220864, 6.6304616 , 2.44255662, 0.86480398,\n        2.69517301],\n       [4.87323352, 4.09220849, 6.63045353, 2.4425579 , 0.86479773,\n        2.69516609]]), array([0.25564544, 0.25564544, 0.25564544, 0.25564544, 0.25564544,\n       0.25564544, 0.25564544]))", "callback": [0.8941017881979937, 0.6950869763886127, 0.6424853248968825, 0.5679228475459159, 0.5441668508490896, 0.44208752516087213, 0.3780595309318837, 0.3609581667514271, 0.33908076238279117, 0.323688699999938, 0.31849931094354333, 0.31504881606632895, 0.3103953901701568, 0.2980896830708625, 0.2930948210933002, 0.2839502439060615, 0.2783958153346272, 0.27286213567744033, 0.26569286878217024, 0.26077039548149894, 0.258991349068168, 0.2572682656035502, 0.25587857414978066, 0.2558351662883116, 0.2556907264432373, 0.25567129998263705, 0.25565980062651705, 0.25564836225191145, 0.25564640010614026, 0.25564572312323475, 0.2556455042334982, 0.25564545394553306, 0.2556454449392944, 0.25564544050332083, 0.25564544008930645, 0.25564543999255684, 0.25564543995291833]}, "9": {"maxiter": 1000, "fatol": 1e-05, "xatol": 1e-10, "duration": 0.2960948944091797, "fun": "0.2556454399109993", "nit": "556", "nfev": "935", "status": "0", "success": "True", "message": "Optimization terminated successfully.", "x": "[4.87324334 4.09221931 6.63046087 2.44256407 0.86480227 2.69517964]", "final_simplex": "(array([[4.87324334, 4.09221931, 6.63046087, 2.44256407, 0.86480227,\n        2.69517964],\n       [4.87324334, 4.09221931, 6.63046087, 2.44256407, 0.86480227,\n        2.69517964],\n       [4.87324334, 4.09221931, 6.63046087, 2.44256407, 0.86480227,\n        2.69517964],\n       [4.87324334, 4.09221931, 6.63046087, 2.44256407, 0.86480227,\n        2.69517964],\n       [4.87324334, 4.09221931, 6.63046087, 2.44256407, 0.86480227,\n        2.69517964],\n       [4.87324334, 4.09221931, 6.63046087, 2.44256407, 0.86480227,\n        2.69517964],\n       [4.87324334, 4.09221931, 6.63046087, 2.44256407, 0.86480227,\n        2.69517964]]), array([0.25564544, 0.25564544, 0.25564544, 0.25564544, 0.25564544,\n       0.25564544, 0.25564544]))", "callback": [0.8941017881979937, 0.6950869763886127, 0.6424853248968825, 0.5679228475459159, 0.5441668508490896, 0.44208752516087213, 0.3780595309318837, 0.3609581667514271, 0.33908076238279117, 0.323688699999938, 0.31849931094354333, 0.31504881606632895, 0.3103953901701568, 0.2980896830708625, 0.2930948210933002, 0.2839502439060615, 0.2783958153346272, 0.27286213567744033, 0.26569286878217024, 0.26077039548149894, 0.258991349068168, 0.2572682656035502, 0.25587857414978066, 0.2558351662883116, 0.2556907264432373, 0.25567129998263705, 0.25565980062651705, 0.25564836225191145, 0.25564640010614026, 0.25564572312323475, 0.2556455042334982, 0.25564545394553306, 0.2556454449392944, 0.25564544050332083, 0.25564544008930645, 0.25564543999255684, 0.25564543995291833, 0.25564543994050803, 0.2556454399270437, 0.2556454399188638, 0.2556454399188638, 0.25564543991748945, 0.25564543991538446, 0.2556454399134389, 0.25564543991178157, 0.2556454399112488, 0.25564543991111843, 0.2556454399110982, 0.2556454399110507, 0.2556454399110082, 0.2556454399110022, 0.2556454399110004, 0.2556454399110001, 0.25564543991099964, 0.2556454399109993, 0.2556454399109993]}, "10": {"maxiter": 1000, "fatol": 1e-10, "xatol": 1e-05, "duration": 0.180250883102417, "fun": "0.2556454399462199", "nit": "368", "nfev": "583", "status": "0", "success": "True", "message": "Optimization terminated successfully.", "x": "[4.8732329  4.09221146 6.63045196 2.4425644  0.8647952  2.69516917]", "final_simplex": "(array([[4.8732329 , 4.09221146, 6.63045196, 2.4425644 , 0.8647952 ,\n        2.69516917],\n       [4.87323359, 4.09220806, 6.63045807, 2.44255907, 0.86479543,\n        2.69517281],\n       [4.87323318, 4.09221127, 6.63045586, 2.44255711, 0.86479157,\n        2.6951614 ],\n       [4.87323442, 4.09220638, 6.63045539, 2.44256283, 0.86479618,\n        2.69516863],\n       [4.87322981, 4.09221151, 6.63045314, 2.44256149, 0.86478938,\n        2.6951632 ],\n       [4.87323318, 4.09220864, 6.6304616 , 2.44255662, 0.86480398,\n        2.69517301],\n       [4.87323352, 4.09220849, 6.63045353, 2.4425579 , 0.86479773,\n        2.69516609]]), array([0.25564544, 0.25564544, 0.25564544, 0.25564544, 0.25564544,\n       0.25564544, 0.25564544]))", "callback": [0.8941017881979937, 0.6950869763886127, 0.6424853248968825, 0.5679228475459159, 0.5441668508490896, 0.44208752516087213, 0.3780595309318837, 0.3609581667514271, 0.33908076238279117, 0.323688699999938, 0.31849931094354333, 0.31504881606632895, 0.3103953901701568, 0.2980896830708625, 0.2930948210933002, 0.2839502439060615, 0.2783958153346272, 0.27286213567744033, 0.26569286878217024, 0.26077039548149894, 0.258991349068168, 0.2572682656035502, 0.25587857414978066, 0.2558351662883116, 0.2556907264432373, 0.25567129998263705, 0.25565980062651705, 0.25564836225191145, 0.25564640010614026, 0.25564572312323475, 0.2556455042334982, 0.25564545394553306, 0.2556454449392944, 0.25564544050332083, 0.25564544008930645, 0.25564543999255684, 0.25564543995291833]}, "11": {"maxiter": 1000, "fatol": 1e-10, "xatol": 1e-10, "duration": 0.3155701160430908, "fun": "0.2556454399109993", "nit": "556", "nfev": "935", "status": "0", "success": "True", "message": "Optimization terminated successfully.", "x": "[4.87324334 4.09221931 6.63046087 2.44256407 0.86480227 2.69517964]", "final_simplex": "(array([[4.87324334, 4.09221931, 6.63046087, 2.44256407, 0.86480227,\n        2.69517964],\n       [4.87324334, 4.09221931, 6.63046087, 2.44256407, 0.86480227,\n        2.69517964],\n       [4.87324334, 4.09221931, 6.63046087, 2.44256407, 0.86480227,\n        2.69517964],\n       [4.87324334, 4.09221931, 6.63046087, 2.44256407, 0.86480227,\n        2.69517964],\n       [4.87324334, 4.09221931, 6.63046087, 2.44256407, 0.86480227,\n        2.69517964],\n       [4.87324334, 4.09221931, 6.63046087, 2.44256407, 0.86480227,\n        2.69517964],\n       [4.87324334, 4.09221931, 6.63046087, 2.44256407, 0.86480227,\n        2.69517964]]), array([0.25564544, 0.25564544, 0.25564544, 0.25564544, 0.25564544,\n       0.25564544, 0.25564544]))", "callback": [0.8941017881979937, 0.6950869763886127, 0.6424853248968825, 0.5679228475459159, 0.5441668508490896, 0.44208752516087213, 0.3780595309318837, 0.3609581667514271, 0.33908076238279117, 0.323688699999938, 0.31849931094354333, 0.31504881606632895, 0.3103953901701568, 0.2980896830708625, 0.2930948210933002, 0.2839502439060615, 0.2783958153346272, 0.27286213567744033, 0.26569286878217024, 0.26077039548149894, 0.258991349068168, 0.2572682656035502, 0.25587857414978066, 0.2558351662883116, 0.2556907264432373, 0.25567129998263705, 0.25565980062651705, 0.25564836225191145, 0.25564640010614026, 0.25564572312323475, 0.2556455042334982, 0.25564545394553306, 0.2556454449392944, 0.25564544050332083, 0.25564544008930645, 0.25564543999255684, 0.25564543995291833, 0.25564543994050803, 0.2556454399270437, 0.2556454399188638, 0.2556454399188638, 0.25564543991748945, 0.25564543991538446, 0.2556454399134389, 0.25564543991178157, 0.2556454399112488, 0.25564543991111843, 0.2556454399110982, 0.2556454399110507, 0.2556454399110082, 0.2556454399110022, 0.2556454399110004, 0.2556454399110001, 0.25564543991099964, 0.2556454399109993, 0.2556454399109993]}}, "bfgs": {"type": "gradient", "0": {"maxiter": 100, "gtol": 1e-05, "xrtol": 1e-05, "eps": 1e-05, "duration": 0.04335904121398926, "fun": "0.2556454401807605", "jac": "[ 9.68104486e-06  2.11549667e-06 -6.85617119e-06  2.34380293e-06\n -9.35118649e-07  2.56745736e-06]", "hess_inv": "[[ 2.40275717 -0.17763136  0.82008111 -0.62305532  0.56956621  0.92998128]\n [-0.17763136  2.81057146 -0.21473311  0.33527596  0.13112143  0.40901055]\n [ 0.82008111 -0.21473311  3.46628888  0.0181706   2.36447147  2.70340464]\n [-0.62305532  0.33527596  0.0181706   3.0892892   0.1792334  -0.2117948 ]\n [ 0.56956621  0.13112143  2.36447147  0.1792334   8.18785815  6.88923547]\n [ 0.92998128  0.40901055  2.70340464 -0.2117948   6.88923547  9.06408717]]", "nfev": "147", "njev": "21", "status": "0", "success": "True", "message": "Optimization terminated successfully.", "x": "[4.87326283 4.09222349 6.63042528 3.84061715 4.0063583  5.83674583]", "nit": "17", "callback": [0.6447589446614883, 0.5467796343739609, 0.4124074022301676, 0.33249107342488304, 0.2956354408577786, 0.2676634103778044, 0.2620456418033459, 0.25861108569469715, 0.2571854936061293, 0.25615062099845776, 0.2558628804775298, 0.2556866804531509, 0.25565110608549535, 0.25564561466180546, 0.25564545064225364, 0.25564544226869623, 0.2556454401807605]}, "1": {"maxiter": 100, "gtol": 1e-05, "xrtol": 1e-05, "eps": 1e-10, "duration": 0.04520297050476074, "fun": "0.2556454402927446", "jac": "[ 6.66133760e-06  0.00000000e+00 -8.88178346e-06  1.11022293e-06\n -4.44089173e-06  6.66133760e-06]", "hess_inv": "[[ 2.3149442  -0.13366747  0.71394969 -0.70656157  0.51680887  0.83555085]\n [-0.13366747  2.91510624 -0.13549297  0.27601715  0.18572525  0.65894617]\n [ 0.71394969 -0.13549297  3.30316873 -0.06464894  2.31756637  2.53414248]\n [-0.70656157  0.27601715 -0.06464894  3.09243843  0.13515242 -0.40815293]\n [ 0.51680887  0.18572525  2.31756637  0.13515242  8.1887563   6.85728248]\n [ 0.83555085  0.65894617  2.53414248 -0.40815293  6.85728248  9.08755804]]", "nfev": "147", "njev": "21", "status": "0", "success": "True", "message": "Optimization terminated successfully.", "x": "[4.8732797  4.09224019 6.63045534 3.84062419 4.00641386 5.83681814]", "nit": "17", "callback": [0.6447614576372138, 0.5467813423917356, 0.4124061782284809, 0.3324917399274999, 0.2956351942676658, 0.2676626541596099, 0.2620443594166363, 0.2586106106880134, 0.2571848718447297, 0.2561506329628521, 0.2558628581681508, 0.2556867576078288, 0.2556511079994517, 0.25564561616075177, 0.2556454507930752, 0.2556454422541051, 0.2556454402927446]}, "2": {"maxiter": 100, "gtol": 1e-05, "xrtol": 1e-10, "eps": 1e-05, "duration": 0.04052305221557617, "fun": "0.2556454401807605", "jac": "[ 9.68104486e-06  2.11549667e-06 -6.85617119e-06  2.34380293e-06\n -9.35118649e-07  2.56745736e-06]", "hess_inv": "[[ 2.40275717 -0.17763136  0.82008111 -0.62305532  0.56956621  0.92998128]\n [-0.17763136  2.81057146 -0.21473311  0.33527596  0.13112143  0.40901055]\n [ 0.82008111 -0.21473311  3.46628888  0.0181706   2.36447147  2.70340464]\n [-0.62305532  0.33527596  0.0181706   3.0892892   0.1792334  -0.2117948 ]\n [ 0.56956621  0.13112143  2.36447147  0.1792334   8.18785815  6.88923547]\n [ 0.92998128  0.40901055  2.70340464 -0.2117948   6.88923547  9.06408717]]", "nfev": "147", "njev": "21", "status": "0", "success": "True", "message": "Optimization terminated successfully.", "x": "[4.87326283 4.09222349 6.63042528 3.84061715 4.0063583  5.83674583]", "nit": "17", "callback": [0.6447589446614883, 0.5467796343739609, 0.4124074022301676, 0.33249107342488304, 0.2956354408577786, 0.2676634103778044, 0.2620456418033459, 0.25861108569469715, 0.2571854936061293, 0.25615062099845776, 0.2558628804775298, 0.2556866804531509, 0.25565110608549535, 0.25564561466180546, 0.25564545064225364, 0.25564544226869623, 0.2556454401807605]}, "3": {"maxiter": 100, "gtol": 1e-05, "xrtol": 1e-10, "eps": 1e-10, "duration": 0.0421140193939209, "fun": "0.2556454402927446", "jac": "[ 6.66133760e-06  0.00000000e+00 -8.88178346e-06  1.11022293e-06\n -4.44089173e-06  6.66133760e-06]", "hess_inv": "[[ 2.3149442  -0.13366747  0.71394969 -0.70656157  0.51680887  0.83555085]\n [-0.13366747  2.91510624 -0.13549297  0.27601715  0.18572525  0.65894617]\n [ 0.71394969 -0.13549297  3.30316873 -0.06464894  2.31756637  2.53414248]\n [-0.70656157  0.27601715 -0.06464894  3.09243843  0.13515242 -0.40815293]\n [ 0.51680887  0.18572525  2.31756637  0.13515242  8.1887563   6.85728248]\n [ 0.83555085  0.65894617  2.53414248 -0.40815293  6.85728248  9.08755804]]", "nfev": "147", "njev": "21", "status": "0", "success": "True", "message": "Optimization terminated successfully.", "x": "[4.8732797  4.09224019 6.63045534 3.84062419 4.00641386 5.83681814]", "nit": "17", "callback": [0.6447614576372138, 0.5467813423917356, 0.4124061782284809, 0.3324917399274999, 0.2956351942676658, 0.2676626541596099, 0.2620443594166363, 0.2586106106880134, 0.2571848718447297, 0.2561506329628521, 0.2558628581681508, 0.2556867576078288, 0.2556511079994517, 0.25564561616075177, 0.2556454507930752, 0.2556454422541051, 0.2556454402927446]}, "4": {"maxiter": 100, "gtol": 1e-10, "xrtol": 1e-05, "eps": 1e-05, "duration": 0.04434514045715332, "fun": "0.2556454401807605", "jac": "[ 9.68104486e-06  2.11549667e-06 -6.85617119e-06  2.34380293e-06\n -9.35118649e-07  2.56745736e-06]", "hess_inv": "[[ 2.40275717 -0.17763136  0.82008111 -0.62305532  0.56956621  0.92998128]\n [-0.17763136  2.81057146 -0.21473311  0.33527596  0.13112143  0.40901055]\n [ 0.82008111 -0.21473311  3.46628888  0.0181706   2.36447147  2.70340464]\n [-0.62305532  0.33527596  0.0181706   3.0892892   0.1792334  -0.2117948 ]\n [ 0.56956621  0.13112143  2.36447147  0.1792334   8.18785815  6.88923547]\n [ 0.92998128  0.40901055  2.70340464 -0.2117948   6.88923547  9.06408717]]", "nfev": "147", "njev": "21", "status": "0", "success": "True", "message": "Optimization terminated successfully.", "x": "[4.87326283 4.09222349 6.63042528 3.84061715 4.0063583  5.83674583]", "nit": "17", "callback": [0.6447589446614883, 0.5467796343739609, 0.4124074022301676, 0.33249107342488304, 0.2956354408577786, 0.2676634103778044, 0.2620456418033459, 0.25861108569469715, 0.2571854936061293, 0.25615062099845776, 0.2558628804775298, 0.2556866804531509, 0.25565110608549535, 0.25564561466180546, 0.25564545064225364, 0.25564544226869623, 0.2556454401807605]}, "5": {"maxiter": 100, "gtol": 1e-10, "xrtol": 1e-05, "eps": 1e-10, "duration": 0.04848790168762207, "fun": "0.2556454402927446", "jac": "[ 6.66133760e-06  0.00000000e+00 -8.88178346e-06  1.11022293e-06\n -4.44089173e-06  6.66133760e-06]", "hess_inv": "[[ 2.3149442  -0.13366747  0.71394969 -0.70656157  0.51680887  0.83555085]\n [-0.13366747  2.91510624 -0.13549297  0.27601715  0.18572525  0.65894617]\n [ 0.71394969 -0.13549297  3.30316873 -0.06464894  2.31756637  2.53414248]\n [-0.70656157  0.27601715 -0.06464894  3.09243843  0.13515242 -0.40815293]\n [ 0.51680887  0.18572525  2.31756637  0.13515242  8.1887563   6.85728248]\n [ 0.83555085  0.65894617  2.53414248 -0.40815293  6.85728248  9.08755804]]", "nfev": "147", "njev": "21", "status": "0", "success": "True", "message": "Optimization terminated successfully.", "x": "[4.8732797  4.09224019 6.63045534 3.84062419 4.00641386 5.83681814]", "nit": "17", "callback": [0.6447614576372138, 0.5467813423917356, 0.4124061782284809, 0.3324917399274999, 0.2956351942676658, 0.2676626541596099, 0.2620443594166363, 0.2586106106880134, 0.2571848718447297, 0.2561506329628521, 0.2558628581681508, 0.2556867576078288, 0.2556511079994517, 0.25564561616075177, 0.2556454507930752, 0.2556454422541051, 0.2556454402927446]}, "6": {"maxiter": 100, "gtol": 1e-10, "xrtol": 1e-10, "eps": 1e-05, "duration": 0.16930198669433594, "fun": "0.25564544001445577", "jac": "[-5.55555602e-08  1.13931087e-07 -4.69291273e-08 -4.66959804e-08\n  1.69864123e-08  4.54081217e-09]", "hess_inv": "[[ 3.01506338  0.14621019  0.37444421 -0.58406484  0.57492068  1.2080086 ]\n [ 0.14621019  2.94762221 -0.28240993  0.26211808  0.11398563  0.6254095 ]\n [ 0.37444421 -0.28240993  3.56822767  0.03891389  2.390697    2.48891743]\n [-0.58406484  0.26211808  0.03891389  3.07959623  0.14914675 -0.22824969]\n [ 0.57492068  0.11398563  2.390697    0.14914675  8.17010485  6.89490817]\n [ 1.2080086   0.6254095   2.48891743 -0.22824969  6.89490817  9.22859039]]", "nfev": "536", "njev": "75", "status": "2", "success": "False", "message": "Desired error not necessarily achieved due to precision loss.", "x": "[4.87323366 4.09221189 6.63044286 3.84061596 4.00635863 5.83673291]", "nit": "21", "callback": [0.6447589446614883, 0.5467796343739609, 0.4124074022301676, 0.33249107342488304, 0.2956354408577786, 0.2676634103778044, 0.2620456418033459, 0.25861108569469715, 0.2571854936061293, 0.25615062099845776, 0.2558628804775298, 0.2556866804531509, 0.25565110608549535, 0.25564561466180546, 0.25564545064225364, 0.25564544226869623, 0.2556454401807605, 0.2556454400152929, 0.2556454400144602, 0.25564544001445977, 0.25564544001445577]}, "7": {"maxiter": 100, "gtol": 1e-10, "xrtol": 1e-10, "eps": 1e-10, "duration": 0.26143383979797363, "fun": "0.25564543992703803", "jac": "[5.55111466e-06 1.11022293e-06 0.00000000e+00 2.22044587e-06\n 4.44089173e-06 1.11022293e-06]", "hess_inv": "[[ 0.00723627 -0.01443629 -0.00230099 -0.00380238 -0.00502485  0.01504498]\n [-0.01443629  0.03259345  0.00315574  0.00920124  0.00654296 -0.02914687]\n [-0.00230099  0.00315574  0.00312108 -0.00022552  0.00332461 -0.00534412]\n [-0.00380238  0.00920124 -0.00022552  0.0036133   0.00044416 -0.00747542]\n [-0.00502485  0.00654296  0.00332461  0.00044416  0.00758758 -0.01163699]\n [ 0.01504498 -0.02914687 -0.00534412 -0.00747542 -0.01163699  0.03212108]]", "nfev": "799", "njev": "112", "status": "2", "success": "False", "message": "Desired error not necessarily achieved due to precision loss.", "x": "[4.87324619 4.092221   6.63046569 3.84062256 4.00641077 5.83678863]", "nit": "37", "callback": [0.6447614576372138, 0.5467813423917356, 0.4124061782284809, 0.3324917399274999, 0.2956351942676658, 0.2676626541596099, 0.2620443594166363, 0.2586106106880134, 0.2571848718447297, 0.2561506329628521, 0.2558628581681508, 0.2556867576078288, 0.2556511079994517, 0.25564561616075177, 0.2556454507930752, 0.2556454422541051, 0.2556454402927446, 0.25564544006013235, 0.25564544001333867, 0.2556454399972461, 0.2556454399723196, 0.25564543994270106, 0.2556454399329334, 0.2556454399318806, 0.25564543993187916, 0.2556454399318788, 0.25564543993187805, 0.25564543993184463, 0.2556454399317567, 0.25564543993151645, 0.25564543992880784, 0.2556454399271325, 0.255645439927072, 0.2556454399270621, 0.25564543992704436, 0.25564543992703825, 0.25564543992703803]}, "8": {"maxiter": 500, "gtol": 1e-05, "xrtol": 1e-05, "eps": 1e-05, "duration": 0.04476785659790039, "fun": "0.2556454401807605", "jac": "[ 9.68104486e-06  2.11549667e-06 -6.85617119e-06  2.34380293e-06\n -9.35118649e-07  2.56745736e-06]", "hess_inv": "[[ 2.40275717 -0.17763136  0.82008111 -0.62305532  0.56956621  0.92998128]\n [-0.17763136  2.81057146 -0.21473311  0.33527596  0.13112143  0.40901055]\n [ 0.82008111 -0.21473311  3.46628888  0.0181706   2.36447147  2.70340464]\n [-0.62305532  0.33527596  0.0181706   3.0892892   0.1792334  -0.2117948 ]\n [ 0.56956621  0.13112143  2.36447147  0.1792334   8.18785815  6.88923547]\n [ 0.92998128  0.40901055  2.70340464 -0.2117948   6.88923547  9.06408717]]", "nfev": "147", "njev": "21", "status": "0", "success": "True", "message": "Optimization terminated successfully.", "x": "[4.87326283 4.09222349 6.63042528 3.84061715 4.0063583  5.83674583]", "nit": "17", "callback": [0.6447589446614883, 0.5467796343739609, 0.4124074022301676, 0.33249107342488304, 0.2956354408577786, 0.2676634103778044, 0.2620456418033459, 0.25861108569469715, 0.2571854936061293, 0.25615062099845776, 0.2558628804775298, 0.2556866804531509, 0.25565110608549535, 0.25564561466180546, 0.25564545064225364, 0.25564544226869623, 0.2556454401807605]}, "9": {"maxiter": 500, "gtol": 1e-05, "xrtol": 1e-05, "eps": 1e-10, "duration": 0.04115414619445801, "fun": "0.2556454402927446", "jac": "[ 6.66133760e-06  0.00000000e+00 -8.88178346e-06  1.11022293e-06\n -4.44089173e-06  6.66133760e-06]", "hess_inv": "[[ 2.3149442  -0.13366747  0.71394969 -0.70656157  0.51680887  0.83555085]\n [-0.13366747  2.91510624 -0.13549297  0.27601715  0.18572525  0.65894617]\n [ 0.71394969 -0.13549297  3.30316873 -0.06464894  2.31756637  2.53414248]\n [-0.70656157  0.27601715 -0.06464894  3.09243843  0.13515242 -0.40815293]\n [ 0.51680887  0.18572525  2.31756637  0.13515242  8.1887563   6.85728248]\n [ 0.83555085  0.65894617  2.53414248 -0.40815293  6.85728248  9.08755804]]", "nfev": "147", "njev": "21", "status": "0", "success": "True", "message": "Optimization terminated successfully.", "x": "[4.8732797  4.09224019 6.63045534 3.84062419 4.00641386 5.83681814]", "nit": "17", "callback": [0.6447614576372138, 0.5467813423917356, 0.4124061782284809, 0.3324917399274999, 0.2956351942676658, 0.2676626541596099, 0.2620443594166363, 0.2586106106880134, 0.2571848718447297, 0.2561506329628521, 0.2558628581681508, 0.2556867576078288, 0.2556511079994517, 0.25564561616075177, 0.2556454507930752, 0.2556454422541051, 0.2556454402927446]}, "10": {"maxiter": 500, "gtol": 1e-05, "xrtol": 1e-10, "eps": 1e-05, "duration": 0.03888201713562012, "fun": "0.2556454401807605", "jac": "[ 9.68104486e-06  2.11549667e-06 -6.85617119e-06  2.34380293e-06\n -9.35118649e-07  2.56745736e-06]", "hess_inv": "[[ 2.40275717 -0.17763136  0.82008111 -0.62305532  0.56956621  0.92998128]\n [-0.17763136  2.81057146 -0.21473311  0.33527596  0.13112143  0.40901055]\n [ 0.82008111 -0.21473311  3.46628888  0.0181706   2.36447147  2.70340464]\n [-0.62305532  0.33527596  0.0181706   3.0892892   0.1792334  -0.2117948 ]\n [ 0.56956621  0.13112143  2.36447147  0.1792334   8.18785815  6.88923547]\n [ 0.92998128  0.40901055  2.70340464 -0.2117948   6.88923547  9.06408717]]", "nfev": "147", "njev": "21", "status": "0", "success": "True", "message": "Optimization terminated successfully.", "x": "[4.87326283 4.09222349 6.63042528 3.84061715 4.0063583  5.83674583]", "nit": "17", "callback": [0.6447589446614883, 0.5467796343739609, 0.4124074022301676, 0.33249107342488304, 0.2956354408577786, 0.2676634103778044, 0.2620456418033459, 0.25861108569469715, 0.2571854936061293, 0.25615062099845776, 0.2558628804775298, 0.2556866804531509, 0.25565110608549535, 0.25564561466180546, 0.25564545064225364, 0.25564544226869623, 0.2556454401807605]}, "11": {"maxiter": 500, "gtol": 1e-05, "xrtol": 1e-10, "eps": 1e-10, "duration": 0.043901920318603516, "fun": "0.2556454402927446", "jac": "[ 6.66133760e-06  0.00000000e+00 -8.88178346e-06  1.11022293e-06\n -4.44089173e-06  6.66133760e-06]", "hess_inv": "[[ 2.3149442  -0.13366747  0.71394969 -0.70656157  0.51680887  0.83555085]\n [-0.13366747  2.91510624 -0.13549297  0.27601715  0.18572525  0.65894617]\n [ 0.71394969 -0.13549297  3.30316873 -0.06464894  2.31756637  2.53414248]\n [-0.70656157  0.27601715 -0.06464894  3.09243843  0.13515242 -0.40815293]\n [ 0.51680887  0.18572525  2.31756637  0.13515242  8.1887563   6.85728248]\n [ 0.83555085  0.65894617  2.53414248 -0.40815293  6.85728248  9.08755804]]", "nfev": "147", "njev": "21", "status": "0", "success": "True", "message": "Optimization terminated successfully.", "x": "[4.8732797  4.09224019 6.63045534 3.84062419 4.00641386 5.83681814]", "nit": "17", "callback": [0.6447614576372138, 0.5467813423917356, 0.4124061782284809, 0.3324917399274999, 0.2956351942676658, 0.2676626541596099, 0.2620443594166363, 0.2586106106880134, 0.2571848718447297, 0.2561506329628521, 0.2558628581681508, 0.2556867576078288, 0.2556511079994517, 0.25564561616075177, 0.2556454507930752, 0.2556454422541051, 0.2556454402927446]}, "12": {"maxiter": 500, "gtol": 1e-10, "xrtol": 1e-05, "eps": 1e-05, "duration": 0.04615306854248047, "fun": "0.2556454401807605", "jac": "[ 9.68104486e-06  2.11549667e-06 -6.85617119e-06  2.34380293e-06\n -9.35118649e-07  2.56745736e-06]", "hess_inv": "[[ 2.40275717 -0.17763136  0.82008111 -0.62305532  0.56956621  0.92998128]\n [-0.17763136  2.81057146 -0.21473311  0.33527596  0.13112143  0.40901055]\n [ 0.82008111 -0.21473311  3.46628888  0.0181706   2.36447147  2.70340464]\n [-0.62305532  0.33527596  0.0181706   3.0892892   0.1792334  -0.2117948 ]\n [ 0.56956621  0.13112143  2.36447147  0.1792334   8.18785815  6.88923547]\n [ 0.92998128  0.40901055  2.70340464 -0.2117948   6.88923547  9.06408717]]", "nfev": "147", "njev": "21", "status": "0", "success": "True", "message": "Optimization terminated successfully.", "x": "[4.87326283 4.09222349 6.63042528 3.84061715 4.0063583  5.83674583]", "nit": "17", "callback": [0.6447589446614883, 0.5467796343739609, 0.4124074022301676, 0.33249107342488304, 0.2956354408577786, 0.2676634103778044, 0.2620456418033459, 0.25861108569469715, 0.2571854936061293, 0.25615062099845776, 0.2558628804775298, 0.2556866804531509, 0.25565110608549535, 0.25564561466180546, 0.25564545064225364, 0.25564544226869623, 0.2556454401807605]}, "13": {"maxiter": 500, "gtol": 1e-10, "xrtol": 1e-05, "eps": 1e-10, "duration": 0.04611992835998535, "fun": "0.2556454402927446", "jac": "[ 6.66133760e-06  0.00000000e+00 -8.88178346e-06  1.11022293e-06\n -4.44089173e-06  6.66133760e-06]", "hess_inv": "[[ 2.3149442  -0.13366747  0.71394969 -0.70656157  0.51680887  0.83555085]\n [-0.13366747  2.91510624 -0.13549297  0.27601715  0.18572525  0.65894617]\n [ 0.71394969 -0.13549297  3.30316873 -0.06464894  2.31756637  2.53414248]\n [-0.70656157  0.27601715 -0.06464894  3.09243843  0.13515242 -0.40815293]\n [ 0.51680887  0.18572525  2.31756637  0.1351