{"date": "2024/09/24/, 00:31:22", "conf_id": 161, "data_type": "non_lin_ind\n", "num_data_points": 1, "s_rank": 0, "unitary": "[[-0.56303964-0.00798273j,-0.21670212-0.15784972j,-0.06047197-0.73952673j,-0.01438004+0.24552571j],[-0.06976756+0.23474685j,-0.01275565-0.5435098j,-0.02703657-0.08917885j,-0.08210486-0.79311774j],[-0.38559961+0.10714929j,0.5933431-0.2687392j,-0.24060861+0.29149289j,-0.45147719+0.26241743j],[-0.50180421+0.45931857j,-0.11617175+0.44134496j,0.49642745+0.22684508j,-0.08544628-0.15407063j]]", "databatch_0": {"databatch": "[[[0.15416586+0.0460672j,0.00667006-0.13894772j,-0.12137225-0.06770184j,-0.03625279-0.11390954j],[0.36453332+0.0869187j,-0.00270043-0.3239817j,-0.29111092-0.14152569j,-0.09923117-0.26013258j],[-0.16690081+0.25471815j,0.24841463+0.08721585j,0.18841243-0.18354164j,0.2262058-0.00417288j],[0.25884402+0.04787638j,-0.0135347-0.22717702j,-0.20929998-0.08882133j,-0.07895725-0.17891844j]]]", "initial param values": "[3.2280936,1.85255053,1.62144986,0.4968841,6.27048684,2.34687097]", "nelder_mead": {"type": "gradient-free", "0": {"maxiter": 100, "fatol": 1e-05, "xatol": 1e-05, "duration": 0.03941988945007324, "fun": "0.015622275259461471", "nit": "100", "nfev": "165", "status": "2", "success": "False", "message": "Maximum number of iterations has been exceeded.", "x": "[5.08893939 1.28263025 0.91029654 0.52229458 4.77044108 3.00755485]", "final_simplex": "(array([[5.08893939, 1.28263025, 0.91029654, 0.52229458, 4.77044108,\n        3.00755485],\n       [5.09567822, 1.28577166, 0.90744997, 0.52091451, 4.76285709,\n        3.01278924],\n       [5.09195588, 1.28338305, 0.90780659, 0.52195661, 4.76080314,\n        3.0139757 ],\n       [5.08915021, 1.28417338, 0.91056804, 0.5218952 , 4.76289802,\n        3.01096996],\n       [5.0904222 , 1.28423966, 0.90791296, 0.52136616, 4.76541173,\n        3.01610817],\n       [5.09259165, 1.28382604, 0.9093135 , 0.52169079, 4.75910946,\n        3.01393165],\n       [5.08897733, 1.27662071, 0.91129217, 0.52412414, 4.76215087,\n        3.00701503]]), array([0.01562228, 0.015623  , 0.01562391, 0.01562507, 0.01562572,\n       0.01562724, 0.01562999]))", "callback": [0.4235685380866039, 0.3399035714516032, 0.036322780498789675, 0.021809531157209183, 0.015932777481422855, 0.015781447325749154, 0.0156661792193431, 0.015642732137844728, 0.015629990405791272]}, "1": {"maxiter": 100, "fatol": 1e-05, "xatol": 1e-10, "duration": 0.03736996650695801, "fun": "0.015622275259461471", "nit": "100", "nfev": "165", "status": "2", "success": "False", "message": "Maximum number of iterations has been exceeded.", "x": "[5.08893939 1.28263025 0.91029654 0.52229458 4.77044108 3.00755485]", "final_simplex": "(array([[5.08893939, 1.28263025, 0.91029654, 0.52229458, 4.77044108,\n        3.00755485],\n       [5.09567822, 1.28577166, 0.90744997, 0.52091451, 4.76285709,\n        3.01278924],\n       [5.09195588, 1.28338305, 0.90780659, 0.52195661, 4.76080314,\n        3.0139757 ],\n       [5.08915021, 1.28417338, 0.91056804, 0.5218952 , 4.76289802,\n        3.01096996],\n       [5.0904222 , 1.28423966, 0.90791296, 0.52136616, 4.76541173,\n        3.01610817],\n       [5.09259165, 1.28382604, 0.9093135 , 0.52169079, 4.75910946,\n        3.01393165],\n       [5.08897733, 1.27662071, 0.91129217, 0.52412414, 4.76215087,\n        3.00701503]]), array([0.01562228, 0.015623  , 0.01562391, 0.01562507, 0.01562572,\n       0.01562724, 0.01562999]))", "callback": [0.4235685380866039, 0.3399035714516032, 0.036322780498789675, 0.021809531157209183, 0.015932777481422855, 0.015781447325749154, 0.0156661792193431, 0.015642732137844728, 0.015629990405791272]}, "2": {"maxiter": 100, "fatol": 1e-10, "xatol": 1e-05, "duration": 0.0369720458984375, "fun": "0.015622275259461471", "nit": "100", "nfev": "165", "status": "2", "success": "False", "message": "Maximum number of iterations has been exceeded.", "x": "[5.08893939 1.28263025 0.91029654 0.52229458 4.77044108 3.00755485]", "final_simplex": "(array([[5.08893939, 1.28263025, 0.91029654, 0.52229458, 4.77044108,\n        3.00755485],\n       [5.09567822, 1.28577166, 0.90744997, 0.52091451, 4.76285709,\n        3.01278924],\n       [5.09195588, 1.28338305, 0.90780659, 0.52195661, 4.76080314,\n        3.0139757 ],\n       [5.08915021, 1.28417338, 0.91056804, 0.5218952 , 4.76289802,\n        3.01096996],\n       [5.0904222 , 1.28423966, 0.90791296, 0.52136616, 4.76541173,\n        3.01610817],\n       [5.09259165, 1.28382604, 0.9093135 , 0.52169079, 4.75910946,\n        3.01393165],\n       [5.08897733, 1.27662071, 0.91129217, 0.52412414, 4.76215087,\n        3.00701503]]), array([0.01562228, 0.015623  , 0.01562391, 0.01562507, 0.01562572,\n       0.01562724, 0.01562999]))", "callback": [0.4235685380866039, 0.3399035714516032, 0.036322780498789675, 0.021809531157209183, 0.015932777481422855, 0.015781447325749154, 0.0156661792193431, 0.015642732137844728, 0.015629990405791272]}, "3": {"maxiter": 100, "fatol": 1e-10, "xatol": 1e-10, "duration": 0.03692197799682617, "fun": "0.015622275259461471", "nit": "100", "nfev": "165", "status": "2", "success": "False", "message": "Maximum number of iterations has been exceeded.", "x": "[5.08893939 1.28263025 0.91029654 0.52229458 4.77044108 3.00755485]", "final_simplex": "(array([[5.08893939, 1.28263025, 0.91029654, 0.52229458, 4.77044108,\n        3.00755485],\n       [5.09567822, 1.28577166, 0.90744997, 0.52091451, 4.76285709,\n        3.01278924],\n       [5.09195588, 1.28338305, 0.90780659, 0.52195661, 4.76080314,\n        3.0139757 ],\n       [5.08915021, 1.28417338, 0.91056804, 0.5218952 , 4.76289802,\n        3.01096996],\n       [5.0904222 , 1.28423966, 0.90791296, 0.52136616, 4.76541173,\n        3.01610817],\n       [5.09259165, 1.28382604, 0.9093135 , 0.52169079, 4.75910946,\n        3.01393165],\n       [5.08897733, 1.27662071, 0.91129217, 0.52412414, 4.76215087,\n        3.00701503]]), array([0.01562228, 0.015623  , 0.01562391, 0.01562507, 0.01562572,\n       0.01562724, 0.01562999]))", "callback": [0.4235685380866039, 0.3399035714516032, 0.036322780498789675, 0.021809531157209183, 0.015932777481422855, 0.015781447325749154, 0.0156661792193431, 0.015642732137844728, 0.015629990405791272]}, "4": {"maxiter": 500, "fatol": 1e-05, "xatol": 1e-05, "duration": 0.1023721694946289, "fun": "0.015595254901737299", "nit": "288", "nfev": "462", "status": "0", "success": "True", "message": "Optimization terminated successfully.", "x": "[5.08493018 1.29923229 0.88859669 0.52259869 4.80838668 2.97528616]", "final_simplex": "(array([[5.08493018, 1.29923229, 0.88859669, 0.52259869, 4.80838668,\n        2.97528616],\n       [5.08492687, 1.29922852, 0.88859683, 0.52260053, 4.80838831,\n        2.97528019],\n       [5.08492713, 1.29922883, 0.88859889, 0.5225998 , 4.80838311,\n        2.97528642],\n       [5.08492303, 1.29922696, 0.88859584, 0.52260177, 4.80838643,\n        2.97527923],\n       [5.08493099, 1.29923263, 0.88859829, 0.52259814, 4.80838642,\n        2.97528818],\n       [5.0849288 , 1.29923417, 0.88859441, 0.52259917, 4.80839319,\n        2.97527841],\n       [5.08493181, 1.29922849, 0.88860218, 0.52259862, 4.80837803,\n        2.97529187]]), array([0.01559525, 0.01559525, 0.01559525, 0.01559525, 0.01559525,\n       0.01559525, 0.01559525]))", "callback": [0.4235685380866039, 0.3399035714516032, 0.036322780498789675, 0.021809531157209183, 0.015932777481422855, 0.015781447325749154, 0.0156661792193431, 0.015642732137844728, 0.015629990405791272, 0.015617204350612646, 0.01561288128068583, 0.015608143011066389, 0.015607516824010403, 0.015607251979404824, 0.01560643856268773, 0.015605673562761102, 0.015603171394630966, 0.01559738635026009, 0.015595726421070988, 0.015595351232660315, 0.015595303472949018, 0.015595269785972365, 0.0155952590123547, 0.015595256339789754, 0.015595255043080014, 0.01559525495757419, 0.015595254909244183, 0.015595254902787015]}, "5": {"maxiter": 500, "fatol": 1e-05, "xatol": 1e-10, "duration": 0.15345501899719238, "fun": "0.015595254901221267", "nit": "387", "nfev": "689", "status": "0", "success": "True", "message": "Optimization terminated successfully.", "x": "[5.0849283  1.29922961 0.88859715 0.52259986 4.8083851  2.97528384]", "final_simplex": "(array([[5.0849283 , 1.29922961, 0.88859715, 0.52259986, 4.8083851 ,\n        2.97528384],\n       [5.0849283 , 1.29922961, 0.88859715, 0.52259986, 4.8083851 ,\n        2.97528384],\n       [5.0849283 , 1.29922961, 0.88859715, 0.52259986, 4.8083851 ,\n        2.97528384],\n       [5.0849283 , 1.29922961, 0.88859715, 0.52259986, 4.8083851 ,\n        2.97528384],\n       [5.0849283 , 1.29922961, 0.88859715, 0.52259986, 4.8083851 ,\n        2.97528384],\n       [5.0849283 , 1.29922961, 0.88859715, 0.52259986, 4.8083851 ,\n        2.97528384],\n       [5.0849283 , 1.29922961, 0.88859715, 0.52259986, 4.8083851 ,\n        2.97528384]]), array([0.01559525, 0.01559525, 0.01559525, 0.01559525, 0.01559525,\n       0.01559525, 0.01559525]))", "callback": [0.4235685380866039, 0.3399035714516032, 0.036322780498789675, 0.021809531157209183, 0.015932777481422855, 0.015781447325749154, 0.0156661792193431, 0.015642732137844728, 0.015629990405791272, 0.015617204350612646, 0.01561288128068583, 0.015608143011066389, 0.015607516824010403, 0.015607251979404824, 0.01560643856268773, 0.015605673562761102, 0.015603171394630966, 0.01559738635026009, 0.015595726421070988, 0.015595351232660315, 0.015595303472949018, 0.015595269785972365, 0.0155952590123547, 0.015595256339789754, 0.015595255043080014, 0.01559525495757419, 0.015595254909244183, 0.015595254902787015, 0.015595254901668687, 0.01559525490128455, 0.015595254901233702, 0.015595254901224376, 0.015595254901221711, 0.015595254901221267, 0.015595254901221267, 0.015595254901221267, 0.015595254901221267, 0.015595254901221267]}, "6": {"maxiter": 500, "fatol": 1e-10, "xatol": 1e-05, "duration": 0.1034390926361084, "fun": "0.015595254901737299", "nit": "288", "nfev": "462", "status": "0", "success": "True", "message": "Optimization terminated successfully.", "x": "[5.08493018 1.29923229 0.88859669 0.52259869 4.80838668 2.97528616]", "final_simplex": "(array([[5.08493018, 1.29923229, 0.88859669, 0.52259869, 4.80838668,\n        2.97528616],\n       [5.08492687, 1.29922852, 0.88859683, 0.52260053, 4.80838831,\n        2.97528019],\n       [5.08492713, 1.29922883, 0.88859889, 0.5225998 , 4.80838311,\n        2.97528642],\n       [5.08492303, 1.29922696, 0.88859584, 0.52260177, 4.80838643,\n        2.97527923],\n       [5.08493099, 1.29923263, 0.88859829, 0.52259814, 4.80838642,\n        2.97528818],\n       [5.0849288 , 1.29923417, 0.88859441, 0.52259917, 4.80839319,\n        2.97527841],\n       [5.08493181, 1.29922849, 0.88860218, 0.52259862, 4.80837803,\n        2.97529187]]), array([0.01559525, 0.01559525, 0.01559525, 0.01559525, 0.01559525,\n       0.01559525, 0.01559525]))", "callback": [0.4235685380866039, 0.3399035714516032, 0.036322780498789675, 0.021809531157209183, 0.015932777481422855, 0.015781447325749154, 0.0156661792193431, 0.015642732137844728, 0.015629990405791272, 0.015617204350612646, 0.01561288128068583, 0.015608143011066389, 0.015607516824010403, 0.015607251979404824, 0.01560643856268773, 0.015605673562761102, 0.015603171394630966, 0.01559738635026009, 0.015595726421070988, 0.015595351232660315, 0.015595303472949018, 0.015595269785972365, 0.0155952590123547, 0.015595256339789754, 0.015595255043080014, 0.01559525495757419, 0.015595254909244183, 0.015595254902787015]}, "7": {"maxiter": 500, "fatol": 1e-10, "xatol": 1e-10, "duration": 0.1625218391418457, "fun": "0.015595254901221267", "nit": "387", "nfev": "689", "status": "0", "success": "True", "message": "Optimization terminated successfully.", "x": "[5.0849283  1.29922961 0.88859715 0.52259986 4.8083851  2.97528384]", "final_simplex": "(array([[5.0849283 , 1.29922961, 0.88859715, 0.52259986, 4.8083851 ,\n        2.97528384],\n       [5.0849283 , 1.29922961, 0.88859715, 0.52259986, 4.8083851 ,\n        2.97528384],\n       [5.0849283 , 1.29922961, 0.88859715, 0.52259986, 4.8083851 ,\n        2.97528384],\n       [5.0849283 , 1.29922961, 0.88859715, 0.52259986, 4.8083851 ,\n        2.97528384],\n       [5.0849283 , 1.29922961, 0.88859715, 0.52259986, 4.8083851 ,\n        2.97528384],\n       [5.0849283 , 1.29922961, 0.88859715, 0.52259986, 4.8083851 ,\n        2.97528384],\n       [5.0849283 , 1.29922961, 0.88859715, 0.52259986, 4.8083851 ,\n        2.97528384]]), array([0.01559525, 0.01559525, 0.01559525, 0.01559525, 0.01559525,\n       0.01559525, 0.01559525]))", "callback": [0.4235685380866039, 0.3399035714516032, 0.036322780498789675, 0.021809531157209183, 0.015932777481422855, 0.015781447325749154, 0.0156661792193431, 0.015642732137844728, 0.015629990405791272, 0.015617204350612646, 0.01561288128068583, 0.015608143011066389, 0.015607516824010403, 0.015607251979404824, 0.01560643856268773, 0.015605673562761102, 0.015603171394630966, 0.01559738635026009, 0.015595726421070988, 0.015595351232660315, 0.015595303472949018, 0.015595269785972365, 0.0155952590123547, 0.015595256339789754, 0.015595255043080014, 0.01559525495757419, 0.015595254909244183, 0.015595254902787015, 0.015595254901668687, 0.01559525490128455, 0.015595254901233702, 0.015595254901224376, 0.015595254901221711, 0.015595254901221267, 0.015595254901221267, 0.015595254901221267, 0.015595254901221267, 0.015595254901221267]}, "8": {"maxiter": 1000, "fatol": 1e-05, "xatol": 1e-05, "duration": 0.11471009254455566, "fun": "0.015595254901737299", "nit": "288", "nfev": "462", "status": "0", "success": "True", "message": "Optimization terminated successfully.", "x": "[5.08493018 1.29923229 0.88859669 0.52259869 4.80838668 2.97528616]", "final_simplex": "(array([[5.08493018, 1.29923229, 0.88859669, 0.52259869, 4.80838668,\n        2.97528616],\n       [5.08492687, 1.29922852, 0.88859683, 0.52260053, 4.80838831,\n        2.97528019],\n       [5.08492713, 1.29922883, 0.88859889, 0.5225998 , 4.80838311,\n        2.97528642],\n       [5.08492303, 1.29922696, 0.88859584, 0.52260177, 4.80838643,\n        2.97527923],\n       [5.08493099, 1.29923263, 0.88859829, 0.52259814, 4.80838642,\n        2.97528818],\n       [5.0849288 , 1.29923417, 0.88859441, 0.52259917, 4.80839319,\n        2.97527841],\n       [5.08493181, 1.29922849, 0.88860218, 0.52259862, 4.80837803,\n        2.97529187]]), array([0.01559525, 0.01559525, 0.01559525, 0.01559525, 0.01559525,\n       0.01559525, 0.01559525]))", "callback": [0.4235685380866039, 0.3399035714516032, 0.036322780498789675, 0.021809531157209183, 0.015932777481422855, 0.015781447325749154, 0.0156661792193431, 0.015642732137844728, 0.015629990405791272, 0.015617204350612646, 0.01561288128068583, 0.015608143011066389, 0.015607516824010403, 0.015607251979404824, 0.01560643856268773, 0.015605673562761102, 0.015603171394630966, 0.01559738635026009, 0.015595726421070988, 0.015595351232660315, 0.015595303472949018, 0.015595269785972365, 0.0155952590123547, 0.015595256339789754, 0.015595255043080014, 0.01559525495757419, 0.015595254909244183, 0.015595254902787015]}, "9": {"maxiter": 1000, "fatol": 1e-05, "xatol": 1e-10, "duration": 0.15587782859802246, "fun": "0.015595254901221267", "nit": "387", "nfev": "689", "status": "0", "success": "True", "message": "Optimization terminated successfully.", "x": "[5.0849283  1.29922961 0.88859715 0.52259986 4.8083851  2.97528384]", "final_simplex": "(array([[5.0849283 , 1.29922961, 0.88859715, 0.52259986, 4.8083851 ,\n        2.97528384],\n       [5.0849283 , 1.29922961, 0.88859715, 0.52259986, 4.8083851 ,\n        2.97528384],\n       [5.0849283 , 1.29922961, 0.88859715, 0.52259986, 4.8083851 ,\n        2.97528384],\n       [5.0849283 , 1.29922961, 0.88859715, 0.52259986, 4.8083851 ,\n        2.97528384],\n       [5.0849283 , 1.29922961, 0.88859715, 0.52259986, 4.8083851 ,\n        2.97528384],\n       [5.0849283 , 1.29922961, 0.88859715, 0.52259986, 4.8083851 ,\n        2.97528384],\n       [5.0849283 , 1.29922961, 0.88859715, 0.52259986, 4.8083851 ,\n        2.97528384]]), array([0.01559525, 0.01559525, 0.01559525, 0.01559525, 0.01559525,\n       0.01559525, 0.01559525]))", "callback": [0.4235685380866039, 0.3399035714516032, 0.036322780498789675, 0.021809531157209183, 0.015932777481422855, 0.015781447325749154, 0.0156661792193431, 0.015642732137844728, 0.015629990405791272, 0.015617204350612646, 0.01561288128068583, 0.015608143011066389, 0.015607516824010403, 0.015607251979404824, 0.01560643856268773, 0.015605673562761102, 0.015603171394630966, 0.01559738635026009, 0.015595726421070988, 0.015595351232660315, 0.015595303472949018, 0.015595269785972365, 0.0155952590123547, 0.015595256339789754, 0.015595255043080014, 0.01559525495757419, 0.015595254909244183, 0.015595254902787015, 0.015595254901668687, 0.01559525490128455, 0.015595254901233702, 0.015595254901224376, 0.015595254901221711, 0.015595254901221267, 0.015595254901221267, 0.015595254901221267, 0.015595254901221267, 0.015595254901221267]}, "10": {"maxiter": 1000, "fatol": 1e-10, "xatol": 1e-05, "duration": 0.10826706886291504, "fun": "0.015595254901737299", "nit": "288", "nfev": "462", "status": "0", "success": "True", "message": "Optimization terminated successfully.", "x": "[5.08493018 1.29923229 0.88859669 0.52259869 4.80838668 2.97528616]", "final_simplex": "(array([[5.08493018, 1.29923229, 0.88859669, 0.52259869, 4.80838668,\n        2.97528616],\n       [5.08492687, 1.29922852, 0.88859683, 0.52260053, 4.80838831,\n        2.97528019],\n       [5.08492713, 1.29922883, 0.88859889, 0.5225998 , 4.80838311,\n        2.97528642],\n       [5.08492303, 1.29922696, 0.88859584, 0.52260177, 4.80838643,\n        2.97527923],\n       [5.08493099, 1.29923263, 0.88859829, 0.52259814, 4.80838642,\n        2.97528818],\n       [5.0849288 , 1.29923417, 0.88859441, 0.52259917, 4.80839319,\n        2.97527841],\n       [5.08493181, 1.29922849, 0.88860218, 0.52259862, 4.80837803,\n        2.97529187]]), array([0.01559525, 0.01559525, 0.01559525, 0.01559525, 0.01559525,\n       0.01559525, 0.01559525]))", "callback": [0.4235685380866039, 0.3399035714516032, 0.036322780498789675, 0.021809531157209183, 0.015932777481422855, 0.015781447325749154, 0.0156661792193431, 0.015642732137844728, 0.015629990405791272, 0.015617204350612646, 0.01561288128068583, 0.015608143011066389, 0.015607516824010403, 0.015607251979404824, 0.01560643856268773, 0.015605673562761102, 0.015603171394630966, 0.01559738635026009, 0.015595726421070988, 0.015595351232660315, 0.015595303472949018, 0.015595269785972365, 0.0155952590123547, 0.015595256339789754, 0.015595255043080014, 0.01559525495757419, 0.015595254909244183, 0.015595254902787015]}, "11": {"maxiter": 1000, "fatol": 1e-10, "xatol": 1e-10, "duration": 0.1696310043334961, "fun": "0.015595254901221267", "nit": "387", "nfev": "689", "status": "0", "success": "True", "message": "Optimization terminated successfully.", "x": "[5.0849283  1.29922961 0.88859715 0.52259986 4.8083851  2.97528384]", "final_simplex": "(array([[5.0849283 , 1.29922961, 0.88859715, 0.52259986, 4.8083851 ,\n        2.97528384],\n       [5.0849283 , 1.29922961, 0.88859715, 0.52259986, 4.8083851 ,\n        2.97528384],\n       [5.0849283 , 1.29922961, 0.88859715, 0.52259986, 4.8083851 ,\n        2.97528384],\n       [5.0849283 , 1.29922961, 0.88859715, 0.52259986, 4.8083851 ,\n        2.97528384],\n       [5.0849283 , 1.29922961, 0.88859715, 0.52259986, 4.8083851 ,\n        2.97528384],\n       [5.0849283 , 1.29922961, 0.88859715, 0.52259986, 4.8083851 ,\n        2.97528384],\n       [5.0849283 , 1.29922961, 0.88859715, 0.52259986, 4.8083851 ,\n        2.97528384]]), array([0.01559525, 0.01559525, 0.01559525, 0.01559525, 0.01559525,\n       0.01559525, 0.01559525]))", "callback": [0.4235685380866039, 0.3399035714516032, 0.036322780498789675, 0.021809531157209183, 0.015932777481422855, 0.015781447325749154, 0.0156661792193431, 0.015642732137844728, 0.015629990405791272, 0.015617204350612646, 0.01561288128068583, 0.015608143011066389, 0.015607516824010403, 0.015607251979404824, 0.01560643856268773, 0.015605673562761102, 0.015603171394630966, 0.01559738635026009, 0.015595726421070988, 0.015595351232660315, 0.015595303472949018, 0.015595269785972365, 0.0155952590123547, 0.015595256339789754, 0.015595255043080014, 0.01559525495757419, 0.015595254909244183, 0.015595254902787015, 0.015595254901668687, 0.01559525490128455, 0.015595254901233702, 0.015595254901224376, 0.015595254901221711, 0.015595254901221267, 0.015595254901221267, 0.015595254901221267, 0.015595254901221267, 0.015595254901221267]}}, "bfgs": {"type": "gradient", "0": {"maxiter": 100, "gtol": 1e-05, "xrtol": 1e-05, "eps": 1e-05, "duration": 0.039299964904785156, "fun": "0.015595255848576017", "jac": "[-1.46072043e-07 -7.05024927e-07 -5.66179326e-06 -3.88978849e-06\n  1.16451293e-07  2.67974531e-07]", "hess_inv": "[[ 1.70338352 -2.01454869 -1.58179566 -0.87372646 -0.17197257 -1.6377662 ]\n [-2.01454869 10.63146427  3.21402812  3.98591621  5.47508465  3.9670778 ]\n [-1.58179566  3.21402812  9.83418725  2.88393999 -5.80931356  7.61911457]\n [-0.87372646  3.98591621  2.88393999  3.21604189  0.79106108  3.14196695]\n [-0.17197257  5.47508465 -5.80931356  0.79106108 11.28464723 -4.06647346]\n [-1.6377662   3.9670778   7.61911457  3.14196695 -4.06647346  8.50048629]]", "nfev": "154", "njev": "22", "status": "0", "success": "True", "message": "Optimization terminated successfully.", "x": "[4.32330272 1.12391981 0.86815909 1.20209702 4.80750175 2.58360347]", "nit": "19", "callback": [0.015843576803689752]}, "1": {"maxiter": 100, "gtol": 1e-05, "xrtol": 1e-05, "eps": 1e-10, "duration": 0.037702083587646484, "fun": "0.015595255726185031", "jac": "[-3.33066880e-06 -3.33066880e-06 -3.33066880e-06 -5.55111466e-06\n  5.55111466e-06 -1.11022293e-06]", "hess_inv": "[[ 1.70307336 -2.01657891 -1.56187884 -0.87214898 -0.19460553 -1.62327069]\n [-2.01657891 10.63885519  3.22532741  3.99529285  5.46917081  3.97980363]\n [-1.56187884  3.22532741  9.79510239  2.89891096 -5.74071131  7.56119196]\n [-0.87214898  3.99529285  2.89891096  3.22846231  0.7887245   3.15051496]\n [-0.19460553  5.46917081 -5.74071131  0.7887245  11.18978919 -3.98129017]\n [-1.62327069  3.97980363  7.56119196  3.15051496 -3.98129017  8.43849953]]", "nfev": "154", "njev": "22", "status": "0", "success": "True", "message": "Optimization terminated successfully.", "x": "[4.32330991 1.12397597 0.86815288 1.20210327 4.80756518 2.58360761]", "nit": "19", "callback": [0.015843450203573806]}, "2": {"maxiter": 100, "gtol": 1e-05, "xrtol": 1e-10, "eps": 1e-05, "duration": 0.03893709182739258, "fun": "0.015595255848576017", "jac": "[-1.46072043e-07 -7.05024927e-07 -5.66179326e-06 -3.88978849e-06\n  1.16451293e-07  2.67974531e-07]", "hess_inv": "[[ 1.70338352 -2.01454869 -1.58179566 -0.87372646 -0.17197257 -1.6377662 ]\n [-2.01454869 10.63146427  3.21402812  3.98591621  5.47508465  3.9670778 ]\n [-1.58179566  3.21402812  9.83418725  2.88393999 -5.80931356  7.61911457]\n [-0.87372646  3.98591621  2.88393999  3.21604189  0.79106108  3.14196695]\n [-0.17197257  5.47508465 -5.80931356  0.79106108 11.28464723 -4.06647346]\n [-1.6377662   3.9670778   7.61911457  3.14196695 -4.06647346  8.50048629]]", "nfev": "154", "njev": "22", "status": "0", "success": "True", "message": "Optimization terminated successfully.", "x": "[4.32330272 1.12391981 0.86815909 1.20209702 4.80750175 2.58360347]", "nit": "19", "callback": [0.015843576803689752]}, "3": {"maxiter": 100, "gtol": 1e-05, "xrtol": 1e-10, "eps": 1e-10, "duration": 0.03759884834289551, "fun": "0.015595255726185031", "jac": "[-3.33066880e-06 -3.33066880e-06 -3.33066880e-06 -5.55111466e-06\n  5.55111466e-06 -1.11022293e-06]", "hess_inv": "[[ 1.70307336 -2.01657891 -1.56187884 -0.87214898 -0.19460553 -1.62327069]\n [-2.01657891 10.63885519  3.22532741  3.99529285  5.46917081  3.97980363]\n [-1.56187884  3.22532741  9.79510239  2.89891096 -5.74071131  7.56119196]\n [-0.87214898  3.99529285  2.89891096  3.22846231  0.7887245   3.15051496]\n [-0.19460553  5.46917081 -5.74071131  0.7887245  11.18978919 -3.98129017]\n [-1.62327069  3.97980363  7.56119196  3.15051496 -3.98129017  8.43849953]]", "nfev": "154", "njev": "22", "status": "0", "success": "True", "message": "Optimization terminated successfully.", "x": "[4.32330991 1.12397597 0.86815288 1.20210327 4.80756518 2.58360761]", "nit": "19", "callback": [0.015843450203573806]}, "4": {"maxiter": 100, "gtol": 1e-10, "xrtol": 1e-05, "eps": 1e-05, "duration": 0.03974294662475586, "fun": "0.015595255129040586", "jac": "[ 1.17184040e-06  2.84661184e-07  2.14772644e-07 -1.10795817e-06\n  2.66009437e-07  5.41611200e-07]", "hess_inv": "[[ 1.80409665 -2.25225774 -1.97897714 -1.09331818 -0.03208013 -1.94070694]\n [-2.25225774 11.0228056   3.92394056  4.38090636  5.16565091  4.53994572]\n [-1.97897714  3.92394056 11.07754123  3.59941979 -6.30704581  8.58677884]\n [-1.09331818  4.38090636  3.59941979  3.59305107  0.47956351  3.72927094]\n [-0.03208013  5.16565091 -6.30704581  0.47956351 11.43833171 -4.41676452]\n [-1.94070694  4.53994572  8.58677884  3.72927094 -4.41676452  9.21857684]]", "nfev": "168", "njev": "24", "status": "0", "success": "True", "message": "Optimization terminated successfully.", "x": "[4.32328647 1.12396469 0.86823672 1.20213325 4.8074714  2.58366755]", "nit": "21", "callback": [0.015843576803689752, 0.015595255147013765]}, "5": {"maxiter": 100, "gtol": 1e-10, "xrtol": 1e-05, "eps": 1e-10, "duration": 0.040907859802246094, "fun": "0.015595254926473845", "jac": "[ 1.11022293e-06  1.11022293e-06 -5.55111466e-06 -1.11022293e-06\n -1.11022293e-06 -1.11022293e-06]", "hess_inv": "[[ 1.76128383 -2.0892062  -2.03269493 -0.99905324  0.15044192 -1.97321466]\n [-2.0892062  10.40518408  3.30519297  3.84121805  5.34839552  3.95990768]\n [-2.03269493  3.30519297 11.74971243  3.15938487 -7.22248955  9.09712817]\n [-0.99905324  3.84121805  3.15938487  3.13171536  0.55045176  3.32194966]\n [ 0.15044192  5.34839552 -7.22248955  0.55045176 12.29773917 -5.16820429]\n [-1.97321466  3.95990768  9.09712817  3.32194966 -5.16820429  9.58200263]]", "nfev": "175", "njev": "25", "status": "0", "success": "True", "message": "Optimization terminated successfully.", "x": "[4.32329425 1.12401562 0.86826385 1.20214445 4.80748985 2.58370422]", "nit": "21", "callback": [0.015843450203573806, 0.01559525492681324]}, "6": {"maxiter": 100, "gtol": 1e-10, "xrtol": 1e-10, "eps": 1e-05, "duration": 0.10877799987792969, "fun": "0.01559525502025072", "jac": "[ 5.99267302e-06  7.34856620e-07  6.44804210e-06  3.51954021e-06\n  1.60726987e-06 -3.83331145e-06]", "hess_inv": "[[ 277.00115609   45.50205233    1.12087715 -263.58168746   51.67549032\n    99.22214972]\n [  45.50205233   16.86567977    1.47036394  -42.92250467   14.15208207\n    20.42694782]\n [   1.12087715    1.47036394    7.45035034   -1.50440506   -5.70733092\n     7.68448696]\n [-263.58168746  -42.92250467   -1.50440506  252.69889895  -48.83137369\n   -93.95773728]\n [  51.67549032   14.15208207   -5.70733092  -48.83137369   21.15270421\n    14.60158679]\n [  99.22214972   20.42694782    7.68448696  -93.95773728   14.60158679\n    45.26693642]]", "nfev": "460", "njev": "64", "status": "2", "success": "False", "message": "Desired error not necessarily achieved due to precision loss.", "x": "[4.3231597  1.12395713 0.86825282 1.20226482 4.80744779 2.58363045]", "nit": "25", "callback": [0.015843576803689752, 0.015595255147013765]}, "7": {"maxiter": 100, "gtol": 1e-10, "xrtol": 1e-10, "eps": 1e-10, "duration": 0.06875276565551758, "fun": "0.015595254924275714", "jac": "[ 1.11022293e-06  2.22044587e-06  2.22044587e-06 -1.11022293e-06\n  2.22044587e-06  0.00000000e+00]", "hess_inv": "[[ 1.98938071e-01 -1.71617356e-02 -4.01002301e-01  4.61623305e-01\n   2.33982590e-01  6.92702512e-01]\n [-1.71617356e-02  1.20002176e-01  3.49468986e-03  1.34299249e-01\n   1.11464800e-01 -9.57760909e-02]\n [-4.01002301e-01  3.49468986e-03  9.83446595e-01 -1.29878704e+00\n  -6.28787782e-01 -1.76411479e+00]\n [ 4.61623305e-01  1.34299249e-01 -1.29878704e+00  2.09870904e+00\n   9.20353475e-01  2.22320470e+00]\n [ 2.33982590e-01  1.11464800e-01 -6.28787782e-01  9.20353475e-01\n   7.58088001e-01  1.21910950e+00]\n [ 6.92702512e-01 -9.57760909e-02 -1.76411479e+00  2.22320470e+00\n   1.21910950e+00  3.49958059e+00]]", "nfev": "294", "njev": "42", "status": "0", "success": "True", "message": "Optimization terminated successfully.", "x": "[4.3232937  1.12401588 0.86826464 1.20214406 4.80749076 2.58370365]", "nit": "27", "callback": [0.015843450203573806, 0.01559525492681324]}, "8": {"maxiter": 500, "gtol": 1e-05, "xrtol": 1e-05, "eps": 1e-05, "duration": 0.03583717346191406, "fun": "0.015595255848576017", "jac": "[-1.46072043e-07 -7.05024927e-07 -5.66179326e-06 -3.88978849e-06\n  1.16451293e-07  2.67974531e-07]", "hess_inv": "[[ 1.70338352 -2.01454869 -1.58179566 -0.87372646 -0.17197257 -1.6377662 ]\n [-2.01454869 10.63146427  3.21402812  3.98591621  5.47508465  3.9670778 ]\n [-1.58179566  3.21402812  9.83418725  2.88393999 -5.80931356  7.61911457]\n [-0.87372646  3.98591621  2.88393999  3.21604189  0.79106108  3.14196695]\n [-0.17197257  5.47508465 -5.80931356  0.79106108 11.28464723 -4.06647346]\n [-1.6377662   3.9670778   7.61911457  3.14196695 -4.06647346  8.50048629]]", "nfev": "154", "njev": "22", "status": "0", "success": "True", "message": "Optimization terminated successfully.", "x": "[4.32330272 1.12391981 0.86815909 1.20209702 4.80750175 2.58360347]", "nit": "19", "callback": [0.015843576803689752]}, "9": {"maxiter": 500, "gtol": 1e-05, "xrtol": 1e-05, "eps": 1e-10, "duration": 0.03646373748779297, "fun": "0.015595255726185031", "jac": "[-3.33066880e-06 -3.33066880e-06 -3.33066880e-06 -5.55111466e-06\n  5.55111466e-06 -1.11022293e-06]", "hess_inv": "[[ 1.70307336 -2.01657891 -1.56187884 -0.87214898 -0.19460553 -1.62327069]\n [-2.01657891 10.63885519  3.22532741  3.99529285  5.46917081  3.97980363]\n [-1.56187884  3.22532741  9.79510239  2.89891096 -5.74071131  7.56119196]\n [-0.87214898  3.99529285  2.89891096  3.22846231  0.7887245   3.15051496]\n [-0.19460553  5.46917081 -5.74071131  0.7887245  11.18978919 -3.98129017]\n [-1.62327069  3.97980363  7.56119196  3.15051496 -3.98129017  8.43849953]]", "nfev": "154", "njev": "22", "status": "0", "success": "True", "message": "Optimization terminated successfully.", "x": "[4.32330991 1.12397597 0.86815288 1.20210327 4.80756518 2.58360761]", "nit": "19", "callback": [0.015843450203573806]}, "10": {"maxiter": 500, "gtol": 1e-05, "xrtol": 1e-10, "eps": 1e-05, "duration": 0.03579902648925781, "fun": "0.015595255848576017", "jac": "[-1.46072043e-07 -7.05024927e-07 -5.66179326e-06 -3.88978849e-06\n  1.16451293e-07  2.67974531e-07]", "hess_inv": "[[ 1.70338352 -2.01454869 -1.58179566 -0.87372646 -0.17197257 -1.6377662 ]\n [-2.01454869 10.63146427  3.21402812  3.98591621  5.47508465  3.9670778 ]\n [-1.58179566  3.21402812  9.83418725  2.88393999 -5.80931356  7.61911457]\n [-0.87372646  3.98591621  2.88393999  3.21604189  0.79106108  3.14196695]\n [-0.17197257  5.47508465 -5.80931356  0.79106108 11.28464723 -4.06647346]\n [-1.6377662   3.9670778   7.61911457  3.14196695 -4.06647346  8.50048629]]", "nfev": "154", "njev": "22", "status": "0", "success": "True", "message": "Optimization terminated successfully.", "x": "[4.32330272 1.12391981 0.86815909 1.20209702 4.80750175 2.58360347]", "nit": "19", "callback": [0.015843576803689752]}, "11": {"maxiter": 500, "gtol": 1e-05, "xrtol": 1e-10, "eps": 1e-10, "duration": 0.03787684440612793, "fun": "0.015595255726185031", "jac": "[-3.33066880e-06 -3.33066880e-06 -3.33066880e-06 -5.55111466e-06\n  5.55111466e-06 -1.11022293e-06]", "hess_inv": "[[ 1.70307336 -2.01657891 -1.56187884 -0.87214898 -0.19460553 -1.62327069]\n [-2.01657891 10.63885519  3.22532741  3.99529285  5.46917081  3.97980363]\n [-1.56187884  3.22532741  9.79510239  2.89891096 -5.74071131  7.56119196]\n [-0.87214898  3.99529285  2.89891096  3.22846231  0.7887245   3.15051496]\n [-0.19460553  5.46917081 -5.74071131  0.7887245  11.18978919 -3.98129017]\n [-1.62327069  3.97980363  7.56119196  3.15051496 -3.98129017  8.43849953]]", "nfev": "154", "njev": "22", "status": "0", "success": "True", "message": "Optimization terminated successfully.", "x": "[4.32330991 1.12397597 0.86815288 1.20210327 4.80756518 2.58360761]", "nit": "19", "callback": [0.015843450203573806]}, "12": {"maxiter": 500, "gtol": 1e-10, "xrtol": 1e-05, "eps": 1e-05, "duration": 0.03889799118041992, "fun": "0.015595255129040586", "jac": "[ 1.17184040e-06  2.84661184e-07  2.14772644e-07 -1.10795817e-06\n  2.66009437e-07  5.41611200e-07]", "hess_inv": "[[ 1.80409665 -2.25225774 -1.97897714 -1.09331818 -0.03208013 -1.94070694]\n [-2.25225774 11.0228056   3.92394056  4.38090636  5.16565091  4.53994572]\n [-1.97897714  3.92394056 11.07754123  3.59941979 -6.30704581  8.58677884]\n [-1.09331818  4.38090636  3.59941979  3.59305107  0.47956351  3.72927094]\n [-0.03208013  5.16565091 -6.30704581  0.47956351 11.43833171 -4.41676452]\n [-1.94070694  4.53994572  8.58677884  3.72927094 -4.41676452  9.21857684]]", "nfev": "168", "njev": "24", "status": "0", "success": "True", "message": "Optimization terminated successfully.", "x": "[4.32328647 1.12396469 0.86823672 1.20213325 4.8074714  2.58366755]", "nit": "21", "callback": [0.015843576803689752, 0.015595255147013765]}, "13": {"maxiter": 500, "gtol": 1e-10, "xrtol": 1e-05, "eps": 1e-10, "duration": 0.04128909111022949, "fun": "0.015595254926473845", "jac": "[ 1.11022293e-06  1.11022293e-06 -5.55111466e-06 -1.11022293e-06\n -1.11022293e-06 -1.11022293e-06]", "hess_inv": "[[ 1.76128383 -2.0892062  -2.03269493 -0.99905324  0.15044192 -1.97321466]\n [-2.0892062  10.40518408  3.30519297  3.84121805  5.34839552  3.95990768]\n [-2.03269493  3.30519297 11.74971243  3.15938487 -7.22248955  9.09712817]\n [-0.99905324  3.84121805  3.15938487  3.13171536  0.55045176  3.32194966]\n [ 0.15044192  5.34839552 -7.22248955  0.55045176 12.29773917 -5.16820429]\n [-1.97321466  3.95990768  9.09712817  3.32194966 -5.16820429  9.58200263]]", "nfev": "175", "njev": "25", "status": "0", "success": "True", "message": "Optimization terminated successfully.", "x": "[4.32329425 1.12401562 0.86826385 1.20214445 4.80748985 2.58370422]", "nit": "21", "callback": [0.015843450203573806, 0.01559525492681324]}, "14": {"maxiter": 500, "gtol": 1e-10, "xrtol": 1e-10, "eps": 1e-05, "duration": 0.1054530143737793, "fun": "0.01559525502025072", "jac": "[ 5.99267302e-06  7.34856620e-07  6.44804210e-06  3.51954021e-06\n  1.60726987e-06 -3.83331145e-06]", "hess_inv": "[[ 277.00115609   45.50205233    1.12087715 -263.58168746   51.67549032\n    99.22214972]\n [  45.50205233   16.86567977    1.47036394  -42.92250467   14.15208207\n    20.42694782]\n [   1.12087715    1.47036394    7.45035034   -1.50440506   -5.70733092\n     7.68448696]\n [-263.58168746  -42.92250467   -1.50440506  252.69889895  -48.83137369\n   -93.95773728]\n [  51.67549032   14.15208207   -5.70733092  -48.83137369   21.15270421\n    14.60158679]\n [  99.22214972   20.42694782    7.68448696  -93.95773728   14.60158679\n    45.26693642]]", "nfev": "460", "njev": "64", "status": "2", "success": "False", "message": "Desired error not necessarily achieved due to precision loss.", "x": "[4.3231597  1.12395713 0.86825282 1.20226482 4.80744779 2.58363045]", "nit": "25", "callback": [0.015843576803689752, 0.015595255147013765]}, "15": {"maxiter": 500, "gtol": 1e-10, "xrtol": 1e-10, "eps": 1e-10, "duration": 0.06821870803833008, "fun": "0.015595254924275714", "jac": "[ 1.11022293e-06  2.22044587e-06  2.22044587e-06 -1.11022293e-06\n  2.22044587e-06  0.00000000e+00]", "hess_inv": "[[ 1.98938071e-01 -1.71617356e-02 -4.01002301e-01  4.61623305e-01\n   2.33982590e-01  6.92702512e-01]\n [-1.71617356e-02  1.20002176e-01  3.49468986e-03  1.34299249e-01\n   1.11464800e-01 -9.57760909e-02]\n [-4.01002301e-01  3.49468986e-03  9.83446595e-01 -1.29878704e+00\n  -6.28787782e-01 -1.76411479e+00]\n [ 4.61623305e-01  1.34299249e-01 -1.29878704e+00  2.09870904e+00\n   9.20353475e-01  2.22320470e+00]\n [ 2.33982590e-01  1.11464800e-01 -6.28787782e-01  9.20353475e-01\n   7.58088001e-01  1.21910950e+00]\n [ 6.92702512e-01 -9.57760909e-02 -1.76411479e+00  2.22320470e+00\n   1.21910950e+00  3.49958059e+00]]", "nfev": "294", "njev": "42", "status": "0", "success": "True", "message": "Optimization terminated successfully.", "x": "[4.3232937  1.12401588 0.86826464 1.20214406 4.80749076 2.58370365]", "nit": "27", "callback": [0.015843450203573806, 0.01559525492681324]}, "16": {"maxiter": 1000, "gtol": 1e-05, "xrtol": 1e-05, "eps": 1e-05, "duration": 0.035774946212768555, "fun": "0.015595255848576017", "jac": "[-1.46072043e-07 -7.05024927e-07 -5.66179326e-06 -3.88978849e-06\n  1.16451293e-07  2.67974531e-07]", "hess_inv": "[[ 1.70338352 -2.01454869 -1.58179566 -0.87372646 -0.17197257 -1.6377662 ]\n [-2.01454869 10.63146427  3.21402812  3.98591621  5.47508465  3.9670778 ]\n [-1.58179566  3.21402812  9.83418725  2.88393999 -5.80931356  7.61911457]\n [-0.87372646  3.98591621  2.88393999  3.21604189  0.79106108  3.14196695]\n [-0.17197257  5.47508465 -5.80931356  0.79106108 11.28464723 -4.06647346]\n [-1.6377662   3.9670778   7.61911457  3.14196695 -4.06647346  8.50048629]]", "nfev": "154", "njev": "22", "status": "0", "success": "True", "message": "Optimization terminated successfully.", "x": "[4.32330272 1.12391981 0.86815909 1.20209702 4.80750175 2.58360347]", "nit": "19", "callback": [0.015843576803689752]}, "17": {"maxiter": 1000, "gtol": 1e-05, "xrtol": 1e-05, "eps": 1e-10, "duration": 0.03521990776062012, "fun": "0.015595255726185031", "jac": "[-3.33066880e-06 -3.33066880e-06 -3.33066880e-06 -5.55111466e-06\n  5.55111466e-06 -1.11022293e-06]", "hess_inv": "[[ 1.70307336 -2.01657891 -1.56187884 -0.87214898 -0.19460553 -1.62327069]\n [-2.01657891 10.63885519  3.22532741  3.99529285  5.46917081  3.97980363]\n [-1.56187884  3.22532741  9.79510239  2.89891096 -5.74071131  7.56119196]\n [-0.87214898  3.99529285  2.89891096  3.22846231  0.7887245   3.15051496]\n [-0.19460553  5.46917081 -5.74071131  0.7887245  11.18978919 -3.98129017]\n [-1.62327069  3.97980363  7.56119196  3.15051496 -3.98129017  8.43849953]]", "nfev": "154", "njev": "22", "status": "0", "success": "True", "message": "Optimization terminated successfully.", "x": "[4.32330991 1.12397597 0.86815288 1.20210327 4.80756518 2.58360761]", "nit": "19", "callback": [0.015843450203573806]}, "18": {"maxiter": 1000, "gtol": 1e-05, "xrtol": 1e-10, "eps": 1e-05, "duration": 0.03501391410827637, "fun": "0.015595255848576017", "jac": "[-1.46072043e-07 -7.05024927e-07 -5.66179326e-06 -3.88978849e-06\n  1.16451293e-07  2.67974531e-07]", "hess_inv": "[[ 1.70338352 -2.01454869 -1.58179566 -0.87372646 -0.17197257 -1.6377662 ]\n [-2.01454869 10.63146427  3.21402812  3.98591621  5.47508465  3.9670778 ]\n [-1.58179566  3.21402812  9.83418725  2.88393999 -5.80931356  7.61911457]\n [-0.87372646  3.98591621  2.88393999  3.21604189  0.79106108  3.14196695]\n [-0.17197257  5.47508465 -5.80931356  0.79106108 11.28464723 -4.06647346]\n [-1.6377662   3.9670778   7.61911457  3.14196695 -4.06647346  8.50048629]]", "nfev": "154", "njev": "22", "status": "0", "success": "True", "message": "Optimization terminated successfully.", "x": "[4.32330272 1.12391981 0.86815909 1.20209702 4.80750175 2.58360347]", "nit": "19", "callback": [0.015843576803689752]}, "19": {"maxiter": 1000, "gtol": 1e-05, "xrtol": 1e-10, "eps": 1e-10, "duration": 0.03549599647521973, "fun": "0.015595255726185031", "jac": "[-3.33066880e-06 -3.33066880e-06 -3.33066880e-06 -5.55111466e-06\n  5.55111466e-06 -1.11022293e-06]", "hess_inv": "[[ 1.70307336 -2.01657891 -1.56187884 -0.87214898 -0.19460553 -1.62327069]\n [-2.01657891 10.63885519  3.22532741  3.99529285  5.46917081  3.97980363]\n [-1.56187884  3.22532741  9.79510239  2.89891096 -5.74071131  7.56119196]\n [-0.87214898  3.99529285  2.89891096  3.22