{"conf_id": 0, "data_type": "random\n", "num_data_points": 1, "s_rank": 0, "unitary": "[[-0.45070455-0.02711853j,0.78437395-0.06613086j,0.06358678+0.19963393j,-0.07343613+0.35668523j],[-0.01890143-0.03813363j,0.32408202+0.25557629j,0.05872864-0.68979805j,0.55466693-0.20227297j],[-0.11215405+0.64023111j,-0.13344055+0.29565494j,-0.49012687-0.19046288j,-0.04241254+0.44046348j],[0.55771659+0.24656916j,0.31851997-0.05798805j,0.28761525-0.34294258j,-0.56718418+0.03616933j]]", "databatch_0": {"databatch": "[[[-0.11458899+0.03928362j,0.0435563+0.05453538j,0.02294759-0.11649752j,0.14355952+0.05525074j],[0.239814+0.27457382j,0.10239304-0.18339806j,-0.35068906+0.06859816j,-0.00938315-0.46283845j],[0.1138846+0.30497249j,0.14333106-0.12098589j,-0.31463533-0.05315627j,0.13796413-0.38968998j],[0.0272455-0.04205309j,-0.02810213-0.00661599j,0.02229414+0.04376376j,-0.06082023+0.01869768j]]]", "Nelder-Mead": {"0": {"maxiter": 100, "fatol": 1e-05, "xatol": 1e-05, "duration": 0.026324033737182617, "fun": "0.12279418855905533", "nit": "100", "nfev": "146", "status": "2", "success": "False", "message": "Maximum number of iterations has been exceeded.", "x": "[ 0.06487242  0.46380626  1.65414855  1.68879734  3.37574549 -0.41896972]", "final_simplex": "(array([[ 0.06487242,  0.46380626,  1.65414855,  1.68879734,  3.37574549,\n        -0.41896972],\n       [ 0.06207662,  0.31121982,  1.86475168,  1.83765885,  3.52474496,\n        -0.43495555],\n       [ 0.06166105,  0.24697669,  1.85813038,  1.8724922 ,  3.62371963,\n        -0.57569321],\n       [ 0.06026775,  0.36054731,  1.87054478,  1.74178651,  3.60767869,\n        -0.38313089],\n       [ 0.05999203,  0.29248577,  2.08046996,  1.82752462,  3.44508766,\n        -0.4662514 ],\n       [ 0.05648375,  0.37400975,  2.01493488,  1.75526942,  3.468524  ,\n        -0.25731848],\n       [ 0.05217997,  0.18045962,  2.28833071,  1.93114924,  3.45563332,\n        -0.20301833]]), array([0.12279419, 0.13183492, 0.13193221, 0.1420206 , 0.14656365,\n       0.14777792, 0.16071448]))"}, "1": {"maxiter": 100, "fatol": 1e-05, "xatol": 1e-10, "duration": 0.026174068450927734, "fun": "0.12279418855905533", "nit": "100", "nfev": "146", "status": "2", "success": "False", "message": "Maximum number of iterations has been exceeded.", "x": "[ 0.06487242  0.46380626  1.65414855  1.68879734  3.37574549 -0.41896972]", "final_simplex": "(array([[ 0.06487242,  0.46380626,  1.65414855,  1.68879734,  3.37574549,\n        -0.41896972],\n       [ 0.06207662,  0.31121982,  1.86475168,  1.83765885,  3.52474496,\n        -0.43495555],\n       [ 0.06166105,  0.24697669,  1.85813038,  1.8724922 ,  3.62371963,\n        -0.57569321],\n       [ 0.06026775,  0.36054731,  1.87054478,  1.74178651,  3.60767869,\n        -0.38313089],\n       [ 0.05999203,  0.29248577,  2.08046996,  1.82752462,  3.44508766,\n        -0.4662514 ],\n       [ 0.05648375,  0.37400975,  2.01493488,  1.75526942,  3.468524  ,\n        -0.25731848],\n       [ 0.05217997,  0.18045962,  2.28833071,  1.93114924,  3.45563332,\n        -0.20301833]]), array([0.12279419, 0.13183492, 0.13193221, 0.1420206 , 0.14656365,\n       0.14777792, 0.16071448]))"}, "2": {"maxiter": 100, "fatol": 1e-10, "xatol": 1e-05, "duration": 0.026189088821411133, "fun": "0.12279418855905533", "nit": "100", "nfev": "146", "status": "2", "success": "False", "message": "Maximum number of iterations has been exceeded.", "x": "[ 0.06487242  0.46380626  1.65414855  1.68879734  3.37574549 -0.41896972]", "final_simplex": "(array([[ 0.06487242,  0.46380626,  1.65414855,  1.68879734,  3.37574549,\n        -0.41896972],\n       [ 0.06207662,  0.31121982,  1.86475168,  1.83765885,  3.52474496,\n        -0.43495555],\n       [ 0.06166105,  0.24697669,  1.85813038,  1.8724922 ,  3.62371963,\n        -0.57569321],\n       [ 0.06026775,  0.36054731,  1.87054478,  1.74178651,  3.60767869,\n        -0.38313089],\n       [ 0.05999203,  0.29248577,  2.08046996,  1.82752462,  3.44508766,\n        -0.4662514 ],\n       [ 0.05648375,  0.37400975,  2.01493488,  1.75526942,  3.468524  ,\n        -0.25731848],\n       [ 0.05217997,  0.18045962,  2.28833071,  1.93114924,  3.45563332,\n        -0.20301833]]), array([0.12279419, 0.13183492, 0.13193221, 0.1420206 , 0.14656365,\n       0.14777792, 0.16071448]))"}, "3": {"maxiter": 100, "fatol": 1e-10, "xatol": 1e-10, "duration": 0.026187896728515625, "fun": "0.12279418855905533", "nit": "100", "nfev": "146", "status": "2", "success": "False", "message": "Maximum number of iterations has been exceeded.", "x": "[ 0.06487242  0.46380626  1.65414855  1.68879734  3.37574549 -0.41896972]", "final_simplex": "(array([[ 0.06487242,  0.46380626,  1.65414855,  1.68879734,  3.37574549,\n        -0.41896972],\n       [ 0.06207662,  0.31121982,  1.86475168,  1.83765885,  3.52474496,\n        -0.43495555],\n       [ 0.06166105,  0.24697669,  1.85813038,  1.8724922 ,  3.62371963,\n        -0.57569321],\n       [ 0.06026775,  0.36054731,  1.87054478,  1.74178651,  3.60767869,\n        -0.38313089],\n       [ 0.05999203,  0.29248577,  2.08046996,  1.82752462,  3.44508766,\n        -0.4662514 ],\n       [ 0.05648375,  0.37400975,  2.01493488,  1.75526942,  3.468524  ,\n        -0.25731848],\n       [ 0.05217997,  0.18045962,  2.28833071,  1.93114924,  3.45563332,\n        -0.20301833]]), array([0.12279419, 0.13183492, 0.13193221, 0.1420206 , 0.14656365,\n       0.14777792, 0.16071448]))"}, "4": {"maxiter": 500, "fatol": 1e-05, "xatol": 1e-05, "duration": 0.12162184715270996, "fun": "0.00012071691162418574", "nit": "418", "nfev": "682", "status": "0", "success": "True", "message": "Optimization terminated successfully.", "x": "[ 0.11270883 -0.10671079  0.57857787  1.76050291  3.67840484 -2.07964902]", "final_simplex": "(array([[ 0.11270883, -0.10671079,  0.57857787,  1.76050291,  3.67840484,\n        -2.07964902],\n       [ 0.11270882, -0.10671244,  0.57857956,  1.76050331,  3.67840457,\n        -2.07964843],\n       [ 0.11270881, -0.10670752,  0.57857458,  1.7605033 ,  3.67840498,\n        -2.07964905],\n       [ 0.11270881, -0.10670508,  0.5785718 ,  1.7605028 ,  3.67840517,\n        -2.07964872],\n       [ 0.11270881, -0.10670719,  0.57857459,  1.76050291,  3.67840467,\n        -2.07964857],\n       [ 0.11270885, -0.1067145 ,  0.57858134,  1.76050306,  3.67840443,\n        -2.07964888],\n       [ 0.1127088 , -0.10670587,  0.57857336,  1.76050309,  3.67840494,\n        -2.07964839]]), array([0.00012072, 0.00012072, 0.00012072, 0.00012072, 0.00012072,\n       0.00012072, 0.00012072]))"}, "5": {"maxiter": 500, "fatol": 1e-05, "xatol": 1e-10, "duration": 0.14380979537963867, "fun": "0.00012071691162418574", "nit": "434", "nfev": "810", "status": "0", "success": "True", "message": "Optimization terminated successfully.", "x": "[ 0.11270883 -0.10671079  0.57857787  1.76050291  3.67840484 -2.07964902]", "final_simplex": "(array([[ 0.11270883, -0.10671079,  0.57857787,  1.76050291,  3.67840484,\n        -2.07964902],\n       [ 0.11270883, -0.10671079,  0.57857787,  1.76050291,  3.67840484,\n        -2.07964902],\n       [ 0.11270883, -0.10671079,  0.57857787,  1.76050291,  3.67840484,\n        -2.07964902],\n       [ 0.11270883, -0.10671079,  0.57857787,  1.76050291,  3.67840484,\n        -2.07964902],\n       [ 0.11270883, -0.10671079,  0.57857787,  1.76050291,  3.67840484,\n        -2.07964902],\n       [ 0.11270883, -0.10671079,  0.57857787,  1.76050291,  3.67840484,\n        -2.07964902],\n       [ 0.11270883, -0.10671079,  0.57857787,  1.76050291,  3.67840484,\n        -2.07964902]]), array([0.00012072, 0.00012072, 0.00012072, 0.00012072, 0.00012072,\n       0.00012072, 0.00012072]))"}, "6": {"maxiter": 500, "fatol": 1e-10, "xatol": 1e-05, "duration": 0.12143898010253906, "fun": "0.00012071691162418574", "nit": "418", "nfev": "682", "status": "0", "success": "True", "message": "Optimization terminated successfully.", "x": "[ 0.11270883 -0.10671079  0.57857787  1.76050291  3.67840484 -2.07964902]", "final_simplex": "(array([[ 0.11270883, -0.10671079,  0.57857787,  1.76050291,  3.67840484,\n        -2.07964902],\n       [ 0.11270882, -0.10671244,  0.57857956,  1.76050331,  3.67840457,\n        -2.07964843],\n       [ 0.11270881, -0.10670752,  0.57857458,  1.7605033 ,  3.67840498,\n        -2.07964905],\n       [ 0.11270881, -0.10670508,  0.5785718 ,  1.7605028 ,  3.67840517,\n        -2.07964872],\n       [ 0.11270881, -0.10670719,  0.57857459,  1.76050291,  3.67840467,\n        -2.07964857],\n       [ 0.11270885, -0.1067145 ,  0.57858134,  1.76050306,  3.67840443,\n        -2.07964888],\n       [ 0.1127088 , -0.10670587,  0.57857336,  1.76050309,  3.67840494,\n        -2.07964839]]), array([0.00012072, 0.00012072, 0.00012072, 0.00012072, 0.00012072,\n       0.00012072, 0.00012072]))"}, "7": {"maxiter": 500, "fatol": 1e-10, "xatol": 1e-10, "duration": 0.14395380020141602, "fun": "0.00012071691162418574", "nit": "434", "nfev": "810", "status": "0", "success": "True", "message": "Optimization terminated successfully.", "x": "[ 0.11270883 -0.10671079  0.57857787  1.76050291  3.67840484 -2.07964902]", "final_simplex": "(array([[ 0.11270883, -0.10671079,  0.57857787,  1.76050291,  3.67840484,\n        -2.07964902],\n       [ 0.11270883, -0.10671079,  0.57857787,  1.76050291,  3.67840484,\n        -2.07964902],\n       [ 0.11270883, -0.10671079,  0.57857787,  1.76050291,  3.67840484,\n        -2.07964902],\n       [ 0.11270883, -0.10671079,  0.57857787,  1.76050291,  3.67840484,\n        -2.07964902],\n       [ 0.11270883, -0.10671079,  0.57857787,  1.76050291,  3.67840484,\n        -2.07964902],\n       [ 0.11270883, -0.10671079,  0.57857787,  1.76050291,  3.67840484,\n        -2.07964902],\n       [ 0.11270883, -0.10671079,  0.57857787,  1.76050291,  3.67840484,\n        -2.07964902]]), array([0.00012072, 0.00012072, 0.00012072, 0.00012072, 0.00012072,\n       0.00012072, 0.00012072]))"}, "8": {"maxiter": 1000, "fatol": 1e-05, "xatol": 1e-05, "duration": 0.1215369701385498, "fun": "0.00012071691162418574", "nit": "418", "nfev": "682", "status": "0", "success": "True", "message": "Optimization terminated successfully.", "x": "[ 0.11270883 -0.10671079  0.57857787  1.76050291  3.67840484 -2.07964902]", "final_simplex": "(array([[ 0.11270883, -0.10671079,  0.57857787,  1.76050291,  3.67840484,\n        -2.07964902],\n       [ 0.11270882, -0.10671244,  0.57857956,  1.76050331,  3.67840457,\n        -2.07964843],\n       [ 0.11270881, -0.10670752,  0.57857458,  1.7605033 ,  3.67840498,\n        -2.07964905],\n       [ 0.11270881, -0.10670508,  0.5785718 ,  1.7605028 ,  3.67840517,\n        -2.07964872],\n       [ 0.11270881, -0.10670719,  0.57857459,  1.76050291,  3.67840467,\n        -2.07964857],\n       [ 0.11270885, -0.1067145 ,  0.57858134,  1.76050306,  3.67840443,\n        -2.07964888],\n       [ 0.1127088 , -0.10670587,  0.57857336,  1.76050309,  3.67840494,\n        -2.07964839]]), array([0.00012072, 0.00012072, 0.00012072, 0.00012072, 0.00012072,\n       0.00012072, 0.00012072]))"}, "9": {"maxiter": 1000, "fatol": 1e-05, "xatol": 1e-10, "duration": 0.14277410507202148, "fun": "0.00012071691162418574", "nit": "434", "nfev": "810", "status": "0", "success": "True", "message": "Optimization terminated successfully.", "x": "[ 0.11270883 -0.10671079  0.57857787  1.76050291  3.67840484 -2.07964902]", "final_simplex": "(array([[ 0.11270883, -0.10671079,  0.57857787,  1.76050291,  3.67840484,\n        -2.07964902],\n       [ 0.11270883, -0.10671079,  0.57857787,  1.76050291,  3.67840484,\n        -2.07964902],\n       [ 0.11270883, -0.10671079,  0.57857787,  1.76050291,  3.67840484,\n        -2.07964902],\n       [ 0.11270883, -0.10671079,  0.57857787,  1.76050291,  3.67840484,\n        -2.07964902],\n       [ 0.11270883, -0.10671079,  0.57857787,  1.76050291,  3.67840484,\n        -2.07964902],\n       [ 0.11270883, -0.10671079,  0.57857787,  1.76050291,  3.67840484,\n        -2.07964902],\n       [ 0.11270883, -0.10671079,  0.57857787,  1.76050291,  3.67840484,\n        -2.07964902]]), array([0.00012072, 0.00012072, 0.00012072, 0.00012072, 0.00012072,\n       0.00012072, 0.00012072]))"}, "10": {"maxiter": 1000, "fatol": 1e-10, "xatol": 1e-05, "duration": 0.1207740306854248, "fun": "0.00012071691162418574", "nit": "418", "nfev": "682", "status": "0", "success": "True", "message": "Optimization terminated successfully.", "x": "[ 0.11270883 -0.10671079  0.57857787  1.76050291  3.67840484 -2.07964902]", "final_simplex": "(array([[ 0.11270883, -0.10671079,  0.57857787,  1.76050291,  3.67840484,\n        -2.07964902],\n       [ 0.11270882, -0.10671244,  0.57857956,  1.76050331,  3.67840457,\n        -2.07964843],\n       [ 0.11270881, -0.10670752,  0.57857458,  1.7605033 ,  3.67840498,\n        -2.07964905],\n       [ 0.11270881, -0.10670508,  0.5785718 ,  1.7605028 ,  3.67840517,\n        -2.07964872],\n       [ 0.11270881, -0.10670719,  0.57857459,  1.76050291,  3.67840467,\n        -2.07964857],\n       [ 0.11270885, -0.1067145 ,  0.57858134,  1.76050306,  3.67840443,\n        -2.07964888],\n       [ 0.1127088 , -0.10670587,  0.57857336,  1.76050309,  3.67840494,\n        -2.07964839]]), array([0.00012072, 0.00012072, 0.00012072, 0.00012072, 0.00012072,\n       0.00012072, 0.00012072]))"}, "11": {"maxiter": 1000, "fatol": 1e-10, "xatol": 1e-10, "duration": 0.1414487361907959, "fun": "0.00012071691162418574", "nit": "434", "nfev": "810", "status": "0", "success": "True", "message": "Optimization terminated successfully.", "x": "[ 0.11270883 -0.10671079  0.57857787  1.76050291  3.67840484 -2.07964902]", "final_simplex": "(array([[ 0.11270883, -0.10671079,  0.57857787,  1.76050291,  3.67840484,\n        -2.07964902],\n       [ 0.11270883, -0.10671079,  0.57857787,  1.76050291,  3.67840484,\n        -2.07964902],\n       [ 0.11270883, -0.10671079,  0.57857787,  1.76050291,  3.67840484,\n        -2.07964902],\n       [ 0.11270883, -0.10671079,  0.57857787,  1.76050291,  3.67840484,\n        -2.07964902],\n       [ 0.11270883, -0.10671079,  0.57857787,  1.76050291,  3.67840484,\n        -2.07964902],\n       [ 0.11270883, -0.10671079,  0.57857787,  1.76050291,  3.67840484,\n        -2.07964902],\n       [ 0.11270883, -0.10671079,  0.57857787,  1.76050291,  3.67840484,\n        -2.07964902]]), array([0.00012072, 0.00012072, 0.00012072, 0.00012072, 0.00012072,\n       0.00012072, 0.00012072]))"}}, "BFGS": {"0": {"maxiter": 100, "gtol": 1e-05, "xrtol": 1e-05, "eps": 1e-05, "duration": 0.0439600944519043, "fun": "0.00012071696255588904", "jac": "[ 7.27595761e-07 -7.27595761e-07 -7.27595761e-07 -1.45519152e-06\n  2.18278728e-06  2.18278728e-06]", "hess_inv": "[[ 2.54753791  1.22789397 -0.63924155 -1.5019816  -0.04786105 -0.50561937]\n [ 1.22789397  7.02271267 -0.39482627 -6.05868285 -0.61336778  0.24173828]\n [-0.63924155 -0.39482627  9.02174988  0.93056913 -3.47883346  4.94125036]\n [-1.5019816  -6.05868285  0.93056913  7.23678266  0.46386824  0.3609782 ]\n [-0.04786105 -0.61336778 -3.47883346  0.46386824  2.65709498 -2.01247094]\n [-0.50561937  0.24173828  4.94125036  0.3609782  -2.01247094  3.7628952 ]]", "nfev": "245", "njev": "35", "status": "0", "success": "True", "message": "Optimization terminated successfully.", "x": "[ 1.46974897  0.08302741 -0.15111544  2.64578411  5.32311729 -1.0680706 ]", "nit": "24"}, "1": {"maxiter": 100, "gtol": 1e-05, "xrtol": 1e-05, "eps": 1e-10, "duration": 0.0012879371643066406, "fun": "0.7813862562179565", "jac": "[0. 0. 0. 0. 0. 0.]", "hess_inv": "[[1 0 0 0 0 0]\n [0 1 0 0 0 0]\n [0 0 1 0 0 0]\n [0 0 0 1 0 0]\n [0 0 0 0 1 0]\n [0 0 0 0 0 1]]", "nfev": "7", "njev": "1", "status": "0", "success": "True", "message": "Optimization terminated successfully.", "x": "[0.04301774 1.21083361 1.70320815 0.78624046 4.4193412  1.39174227]", "nit": "0"}, "2": {"maxiter": 100, "gtol": 1e-05, "xrtol": 1e-10, "eps": 1e-05, "duration": 0.04381299018859863, "fun": "0.00012071696255588904", "jac": "[ 7.27595761e-07 -7.27595761e-07 -7.27595761e-07 -1.45519152e-06\n  2.18278728e-06  2.18278728e-06]", "hess_inv": "[[ 2.54753791  1.22789397 -0.63924155 -1.5019816  -0.04786105 -0.50561937]\n [ 1.22789397  7.02271267 -0.39482627 -6.05868285 -0.61336778  0.24173828]\n [-0.63924155 -0.39482627  9.02174988  0.93056913 -3.47883346  4.94125036]\n [-1.5019816  -6.05868285  0.93056913  7.23678266  0.46386824  0.3609782 ]\n [-0.04786105 -0.61336778 -3.47883346  0.46386824  2.65709498 -2.01247094]\n [-0.50561937  0.24173828  4.94125036  0.3609782  -2.01247094  3.7628952 ]]", "nfev": "245", "njev": "35", "status": "0", "success": "True", "message": "Optimization terminated successfully.", "x": "[ 1.46974897  0.08302741 -0.15111544  2.64578411  5.32311729 -1.0680706 ]", "nit": "24"}, "3": {"maxiter": 100, "gtol": 1e-05, "xrtol": 1e-10, "eps": 1e-10, "duration": 0.0012788772583007812, "fun": "0.7813862562179565", "jac": "[0. 0. 0. 0. 0. 0.]", "hess_inv": "[[1 0 0 0 0 0]\n [0 1 0 0 0 0]\n [0 0 1 0 0 0]\n [0 0 0 1 0 0]\n [0 0 0 0 1 0]\n [0 0 0 0 0 1]]", "nfev": "7", "njev": "1", "status": "0", "success": "True", "message": "Optimization terminated successfully.", "x": "[0.04301774 1.21083361 1.70320815 0.78624046 4.4193412  1.39174227]", "nit": "0"}, "4": {"maxiter": 100, "gtol": 1e-10, "xrtol": 1e-05, "eps": 1e-05, "duration": 0.043853044509887695, "fun": "0.00012071696255588904", "jac": "[ 7.27595761e-07 -7.27595761e-07 -7.27595761e-07 -1.45519152e-06\n  2.18278728e-06  2.18278728e-06]", "hess_inv": "[[ 2.54753791  1.22789397 -0.63924155 -1.5019816  -0.04786105 -0.50561937]\n [ 1.22789397  7.02271267 -0.39482627 -6.05868285 -0.61336778  0.24173828]\n [-0.63924155 -0.39482627  9.02174988  0.93056913 -3.47883346  4.94125036]\n [-1.5019816  -6.05868285  0.93056913  7.23678266  0.46386824  0.3609782 ]\n [-0.04786105 -0.61336778 -3.47883346  0.46386824  2.65709498 -2.01247094]\n [-0.50561937  0.24173828  4.94125036  0.3609782  -2.01247094  3.7628952 ]]", "nfev": "245", "njev": "35", "status": "0", "success": "True", "message": "Optimization terminated successfully.", "x": "[ 1.46974897  0.08302741 -0.15111544  2.64578411  5.32311729 -1.0680706 ]", "nit": "24"}, "5": {"maxiter": 100, "gtol": 1e-10, "xrtol": 1e-05, "eps": 1e-10, "duration": 0.0012691020965576172, "fun": "0.7813862562179565", "jac": "[0. 0. 0. 0. 0. 0.]", "hess_inv": "[[1 0 0 0 0 0]\n [0 1 0 0 0 0]\n [0 0 1 0 0 0]\n [0 0 0 1 0 0]\n [0 0 0 0 1 0]\n [0 0 0 0 0 1]]", "nfev": "7", "njev": "1", "status": "0", "success": "True", "message": "Optimization terminated successfully.", "x": "[0.04301774 1.21083361 1.70320815 0.78624046 4.4193412  1.39174227]", "nit": "0"}, "6": {"maxiter": 100, "gtol": 1e-10, "xrtol": 1e-10, "eps": 1e-05, "duration": 0.09434914588928223, "fun": "0.00012071694800397381", "jac": "[ 7.27595761e-07 -7.27595761e-07  0.00000000e+00  0.00000000e+00\n  2.18278728e-06  2.91038305e-06]", "hess_inv": "[[ 3.71967638  1.67510631 -0.39187554 -2.43912591  1.19559949  0.88997267]\n [ 1.67510631  5.99048993  1.58481188 -5.00928306 -0.17029561  2.38445098]\n [-0.39187554  1.58481188  6.10479139 -1.48721297 -3.13467205  2.72841041]\n [-2.43912591 -5.00928306 -1.48721297  6.32497648 -0.45986768 -2.62129903]\n [ 1.19559949 -0.17029561 -3.13467205 -0.45986768  3.90129114 -0.52730422]\n [ 0.88997267  2.38445098  2.72841041 -2.62129903 -0.52730422  3.25013023]]", "nfev": "530", "njev": "74", "status": "2", "success": "False", "message": "Desired error not necessarily achieved due to precision loss.", "x": "[ 1.46974578  0.08302301 -0.15111118  2.64579033  5.32311396 -1.06807007]", "nit": "25"}, "7": {"maxiter": 100, "gtol": 1e-10, "xrtol": 1e-10, "eps": 1e-10, "duration": 0.0013780593872070312, "fun": "0.7813862562179565", "jac": "[0. 0. 0. 0. 0. 0.]", "hess_inv": "[[1 0 0 0 0 0]\n [0 1 0 0 0 0]\n [0 0 1 0 0 0]\n [0 0 0 1 0 0]\n [0 0 0 0 1 0]\n [0 0 0 0 0 1]]", "nfev": "7", "njev": "1", "status": "0", "success": "True", "message": "Optimization terminated successfully.", "x": "[0.04301774 1.21083361 1.70320815 0.78624046 4.4193412  1.39174227]", "nit": "0"}, "8": {"maxiter": 500, "gtol": 1e-05, "xrtol": 1e-05, "eps": 1e-05, "duration": 0.043817996978759766, "fun": "0.00012071696255588904", "jac": "[ 7.27595761e-07 -7.27595761e-07 -7.27595761e-07 -1.45519152e-06\n  2.18278728e-06  2.18278728e-06]", "hess_inv": "[[ 2.54753791  1.22789397 -0.63924155 -1.5019816  -0.04786105 -0.50561937]\n [ 1.22789397  7.02271267 -0.39482627 -6.05868285 -0.61336778  0.24173828]\n [-0.63924155 -0.39482627  9.02174988  0.93056913 -3.47883346  4.94125036]\n [-1.5019816  -6.05868285  0.93056913  7.23678266  0.46386824  0.3609782 ]\n [-0.04786105 -0.61336778 -3.47883346  0.46386824  2.65709498 -2.01247094]\n [-0.50561937  0.24173828  4.94125036  0.3609782  -2.01247094  3.7628952 ]]", "nfev": "245", "njev": "35", "status": "0", "success": "True", "message": "Optimization terminated successfully.", "x": "[ 1.46974897  0.08302741 -0.15111544  2.64578411  5.32311729 -1.0680706 ]", "nit": "24"}, "9": {"maxiter": 500, "gtol": 1e-05, "xrtol": 1e-05, "eps": 1e-10, "duration": 0.0012738704681396484, "fun": "0.7813862562179565", "jac": "[0. 0. 0. 0. 0. 0.]", "hess_inv": "[[1 0 0 0 0 0]\n [0 1 0 0 0 0]\n [0 0 1 0 0 0]\n [0 0 0 1 0 0]\n [0 0 0 0 1 0]\n [0 0 0 0 0 1]]", "nfev": "7", "njev": "1", "status": "0", "success": "True", "message": "Optimization terminated successfully.", "x": "[0.04301774 1.21083361 1.70320815 0.78624046 4.4193412  1.39174227]", "nit": "0"}, "10": {"maxiter": 500, "gtol": 1e-05, "xrtol": 1e-10, "eps": 1e-05, "duration": 0.04368782043457031, "fun": "0.00012071696255588904", "jac": "[ 7.27595761e-07 -7.27595761e-07 -7.27595761e-07 -1.45519152e-06\n  2.18278728e-06  2.18278728e-06]", "hess_inv": "[[ 2.54753791  1.22789397 -0.63924155 -1.5019816  -0.04786105 -0.50561937]\n [ 1.22789397  7.02271267 -0.39482627 -6.05868285 -0.61336778  0.24173828]\n [-0.63924155 -0.39482627  9.02174988  0.93056913 -3.47883346  4.94125036]\n [-1.5019816  -6.05868285  0.93056913  7.23678266  0.46386824  0.3609782 ]\n [-0.04786105 -0.61336778 -3.47883346  0.46386824  2.65709498 -2.01247094]\n [-0.50561937  0.24173828  4.94125036  0.3609782  -2.01247094  3.7628952 ]]", "nfev": "245", "njev": "35", "status": "0", "success": "True", "message": "Optimization terminated successfully.", "x": "[ 1.46974897  0.08302741 -0.15111544  2.64578411  5.32311729 -1.0680706 ]", "nit": "24"}, "11": {"maxiter": 500, "gtol": 1e-05, "xrtol": 1e-10, "eps": 1e-10, "duration": 0.0012850761413574219, "fun": "0.7813862562179565", "jac": "[0. 0. 0. 0. 0. 0.]", "hess_inv": "[[1 0 0 0 0 0]\n [0 1 0 0 0 0]\n [0 0 1 0 0 0]\n [0 0 0 1 0 0]\n [0 0 0 0 1 0]\n [0 0 0 0 0 1]]", "nfev": "7", "njev": "1", "status": "0", "success": "True", "message": "Optimization terminated successfully.", "x": "[0.04301774 1.21083361 1.70320815 0.78624046 4.4193412  1.39174227]", "nit": "0"}, "12": {"maxiter": 500, "gtol": 1e-10, "xrtol": 1e-05, "eps": 1e-05, "duration": 0.04533791542053223, "fun": "0.00012071696255588904", "jac": "[ 7.27595761e-07 -7.27595761e-07 -7.27595761e-07 -1.45519152e-06\n  2.18278728e-06  2.18278728e-06]", "hess_inv": "[[ 2.54753791  1.22789397 -0.63924155 -1.5019816  -0.04786105 -0.50561937]\n [ 1.22789397  7.02271267 -0.39482627 -6.05868285 -0.61336778  0.24173828]\n [-0.63924155 -0.39482627  9.02174988  0.93056913 -3.47883346  4.94125036]\n [-1.5019816  -6.05868285  0.93056913  7.23678266  0.46386824  0.3609782 ]\n [-0.04786105 -0.61336778 -3.47883346  0.46386824  2.65709498 -2.01247094]\n [-0.50561937  0.24173828  4.94125036  0.3609782  -2.01247094  3.7628952 ]]", "nfev": "245", "njev": "35", "status": "0", "success": "True", "message": "Optimization terminated successfully.", "x": "[ 1.46974897  0.08302741 -0.15111544  2.64578411  5.32311729 -1.0680706 ]", "nit": "24"}, "13": {"maxiter": 500, "gtol": 1e-10, "xrtol": 1e-05, "eps": 1e-10, "duration": 0.0013401508331298828, "fun": "0.7813862562179565", "jac": "[0. 0. 0. 0. 0. 0.]", "hess_inv": "[[1 0 0 0 0 0]\n [0 1 0 0 0 0]\n [0 0 1 0 0 0]\n [0 0 0 1 0 0]\n [0 0 0 0 1 0]\n [0 0 0 0 0 1]]", "nfev": "7", "njev": "1", "status": "0", "success": "True", "message": "Optimization terminated successfully.", "x": "[0.04301774 1.21083361 1.70320815 0.78624046 4.4193412  1.39174227]", "nit": "0"}, "14": {"maxiter": 500, "gtol": 1e-10, "xrtol": 1e-10, "eps": 1e-05, "duration": 0.10102605819702148, "fun": "0.00012071694800397381", "jac": "[ 7.27595761e-07 -7.27595761e-07  0.00000000e+00  0.00000000e+00\n  2.18278728e-06  2.91038305e-06]", "hess_inv": "[[ 3.71967638  1.67510631 -0.39187554 -2.43912591  1.19559949  0.88997267]\n [ 1.67510631  5.99048993  1.58481188 -5.00928306 -0.17029561  2.38445098]\n [-0.39187554  1.58481188  6.10479139 -1.48721297 -3.13467205  2.72841041]\n [-2.43912591 -5.00928306 -1.48721297  6.32497648 -0.45986768 -2.62129903]\n [ 1.19559949 -0.17029561 -3.13467205 -0.45986768  3.90129114 -0.52730422]\n [ 0.88997267  2.38445098  2.72841041 -2.62129903 -0.52730422  3.25013023]]", "nfev": "530", "njev": "74", "status": "2", "success": "False", "message": "Desired error not necessarily achieved due to precision loss.", "x": "[ 1.46974578  0.08302301 -0.15111118  2.64579033  5.32311396 -1.06807007]", "nit": "25"}, "15": {"maxiter": 500, "gtol": 1e-10, "xrtol": 1e-10, "eps": 1e-10, "duration": 0.0013680458068847656, "fun": "0.7813862562179565", "jac": "[0. 0. 0. 0. 0. 0.]", "hess_inv": "[[1 0 0 0 0 0]\n [0 1 0 0 0 0]\n [0 0 1 0 0 0]\n [0 0 0 1 0 0]\n [0 0 0 0 1 0]\n [0 0 0 0 0 1]]", "nfev": "7", "njev": "1", "status": "0", "success": "True", "message": "Optimization terminated successfully.", "x": "[0.04301774 1.21083361 1.70320815 0.78624046 4.4193412  1.39174227]", "nit": "0"}, "16": {"maxiter": 1000, "gtol": 1e-05, "xrtol": 1e-05, "eps": 1e-05, "duration": 0.04592084884643555, "fun": "0.00012071696255588904", "jac": "[ 7.27595761e-07 -7.27595761e-07 -7.27595761e-07 -1.45519152e-06\n  2.18278728e-06  2.18278728e-06]", "hess_inv": "[[ 2.54753791  1.22789397 -0.63924155 -1.5019816  -0.04786105 -0.50561937]\n [ 1.22789397  7.02271267 -0.39482627 -6.05868285 -0.61336778  0.24173828]\n [-0.63924155 -0.39482627  9.02174988  0.93056913 -3.47883346  4.94125036]\n [-1.5019816  -6.05868285  0.93056913  7.23678266  0.46386824  0.3609782 ]\n [-0.04786105 -0.61336778 -3.47883346  0.46386824  2.65709498 -2.01247094]\n [-0.50561937  0.24173828  4.94125036  0.3609782  -2.01247094  3.7628952 ]]", "nfev": "245", "njev": "35", "status": "0", "success": "True", "message": "Optimization terminated successfully.", "x": "[ 1.46974897  0.08302741 -0.15111544  2.64578411  5.32311729 -1.0680706 ]", "nit": "24"}, "17": {"maxiter": 1000, "gtol": 1e-05, "xrtol": 1e-05, "eps": 1e-10, "duration": 0.0013339519500732422, "fun": "0.7813862562179565", "jac": "[0. 0. 0. 0. 0. 0.]", "hess_inv": "[[1 0 0 0 0 0]\n [0 1 0 0 0 0]\n [0 0 1 0 0 0]\n [0 0 0 1 0 0]\n [0 0 0 0 1 0]\n [0 0 0 0 0 1]]", "nfev": "7", "njev": "1", "status": "0", "success": "True", "message": "Optimization terminated successfully.", "x": "[0.04301774 1.21083361 1.70320815 0.78624046 4.4193412  1.39174227]", "nit": "0"}, "18": {"maxiter": 1000, "gtol": 1e-05, "xrtol": 1e-10, "eps": 1e-05, "duration": 0.046021223068237305, "fun": "0.00012071696255588904", "jac": "[ 7.27595761e-07 -7.27595761e-07 -7.27595761e-07 -1.45519152e-06\n  2.18278728e-06  2.18278728e-06]", "hess_inv": "[[ 2.54753791  1.22789397 -0.63924155 -1.5019816  -0.04786105 -0.50561937]\n [ 1.22789397  7.02271267 -0.39482627 -6.05868285 -0.61336778  0.24173828]\n [-0.63924155 -0.39482627  9.02174988  0.93056913 -3.47883346  4.94125036]\n [-1.5019816  -6.05868285  0.93056913  7.23678266  0.46386824  0.3609782 ]\n [-0.04786105 -0.61336778 -3.47883346  0.46386824  2.65709498 -2.01247094]\n [-0.50561937  0.24173828  4.94125036  0.3609782  -2.01247094  3.7628952 ]]", "nfev": "245", "njev": "35", "status": "0", "success": "True", "message": "Optimization terminated successfully.", "x": "[ 1.46974897  0.08302741 -0.15111544  2.64578411  5.32311729 -1.0680706 ]", "nit": "24"}, "19": {"maxiter": 1000, "gtol": 1e-05, "xrtol": 1e-10, "eps": 1e-10, "duration": 0.0013399124145507812, "fun": "0.7813862562179565", "jac": "[0. 0. 0. 0. 0. 0.]", "hess_inv": "[[1 0 0 0 0 0]\n [0 1 0 0 0 0]\n [0 0 1 0 0 0]\n [0 0 0 1 0 0]\n [0 0 0 0 1 0]\n [0 0 0 0 0 1]]", "nfev": "7", "njev": "1", "status": "0", "success": "True", "message": "Optimization terminated successfully.", "x": "[0.04301774 1.21083361 1.70320815 0.78624046 4.4193412  1.39174227]", "nit": "0"}, "20": {"maxiter": 1000, "gtol": 1e-10, "xrtol": 1e-05, "eps": 1e-05, "duration": 0.04640793800354004, "fun": "0.00012071696255588904", "jac": "[ 7.27595761e-07 -7.27595761e-07 -7.27595761e-07 -1.45519152e-06\n  2.18278728e-06  2.18278728e-06]", "hess_inv": "[[ 2.54753791  1.22789397 -0.63924155 -1.5019816  -0.04786105 -0.50561937]\n [ 1.22789397  7.02271267 -0.39482627 -6.05868285 -0.61336778  0.24173828]\n [-0.63924155 -0.39482627  9.02174988  0.93056913 -3.47883346  4.94125036]\n [-1.5019816  -6.05868285  0.93056913  7.23678266  0.46386824  0.3609782 ]\n [-0.04786105 -0.61336778 -3.47883346  0.46386824  2.65709498 -2.01247094]\n [-0.50561937  0.24173828  4.94125036  0.3609782  -2.01247094  3.7628952 ]]", "nfev": "245", "njev": "35", "status": "0", "success": "True", "message": "Optimization terminated successfully.", "x": "[ 1.46974897  0.08302741 -0.15111544  2.64578411  5.32311729 -1.0680706 ]", "nit": "24"}, "21": {"maxiter": 1000, "gtol": 1e-10, "xrtol": 1e-05, "eps": 1e-10, "duration": 0.0013499259948730469, "fun": "0.7813862562179565", "jac": "[0. 0. 0. 0. 0. 0.]", "hess_inv": "[[1 0 0 0 0 0]\n [0 1 0 0 0 0]\n [0 0 1 0 0 0]\n [0 0 0 1 0 0]\n [0 0 0 0 1 0]\n [0 0 0 0 0 1]]", "nfev": "7", "njev": "1", "status": "0", "success": "True", "message": "Optimization terminated successfully.", "x": "[0.04301774 1.21083361 1.70320815 0.78624046 4.4193412  1.39174227]", "nit": "0"}, "22": {"maxiter": 1000, "gtol": 1e-10, "xrtol": 1e-10, "eps": 1e-05, "duration": 0.09946918487548828, "fun": "0.00012071694800397381", "jac": "[ 7.27595761e-07 -7.27595761e-07  0.00000000e+00  0.00000000e+00\n  2.18278728e-06  2.91038305e-06]", "hess_inv": "[[ 3.71967638  1.67510631 -0.39187554 -2.43912591  1.19559949  0.88997267]\n [ 1.67510631  5.99048993  1.58481188 -5.00928306 -0.17029561  2.38445098]\n [-0.39187554  1.58481188  6.10479139 -1.48721297 -3.13467205  2.72841041]\n [-2.43912591 -5.00928306 -1.48721297  6.32497648 -0.45986768 -2.62129903]\n [ 1.19559949 -0.17029561 -3.13467205 -0.45986768  3.90129114 -0.52730422]\n [ 0.88997267  2.38445098  2.72841041 -2.62129903 -0.52730422  3.25013023]]", "nfev": "530", "njev": "74", "status": "2", "success": "False", "message": "Desired error not necessarily achieved due to precision loss.", "x": "[ 1.46974578  0.08302301 -0.15111118  2.64579033  5.32311396 -1.06807007]", "nit": "25"}, "23": {"maxiter": 1000, "gtol": 1e-10, "xrtol": 1e-10, "eps": 1e-10, "duration": 0.001355886459350586, "fun": "0.7813862562179565", "jac": "[0. 0. 0. 0. 0. 0.]", "hess_inv": "[[1 0 0 0 0 0]\n [0 1 0 0 0 0]\n [0 0 1 0 0 0]\n [0 0 0 1 0 0]\n [0 0 0 0 1 0]\n [0 0 0 0 0 1]]", "nfev": "7", "njev": "1", "status": "0", "success": "True", "message": "Optimization terminated successfully.", "x": "[0.04301774 1.21083361 1.70320815 0.78624046 4.4193412  1.39174227]", "nit": "0"}}, "COBYLA": {"0": {"maxiter": 100, "tol": 1e-05, "catol": 1e-05, "duration": 0.018161773681640625, "x": "[ 1.6131831   3.6761705   3.44204447 -0.50394599  5.2039279   2.00082143]", "status": "2", "success": "False", "message": "Maximum number of function evaluations has been exceeded.", "nfev": "100", "fun": "0.003741741878911853", "maxcv": "0.0"}, "1": {"maxiter": 100, "tol": 1e-05, "catol": 1e-10, "duration": 0.018099069595336914, "x": "[ 1.6131831   3.6761705   3.44204447 -0.50394599  5.2039279   2.00082143]", "status": "2", "success": "False", "message": "Maximum number of function evaluations has been exceeded.", "nfev": "100", "fun": "0.003741741878911853", "maxcv": "0.0"}, "2": {"maxiter": 100, "tol": 1e-10, "catol": 1e-05, "duration": 0.018069982528686523, "x": "[ 1.6131831   3.6761705   3.44204447 -0.50394599  5.2039279   2.00082143]", "status": "2", "success": "False", "message": "Maximum number of function evaluations has been exceeded.", "nfev": "100", "fun": "0.003741741878911853", "maxcv": "0.0"}, "3": {"maxiter": 100, "tol": 1e-10, "catol": 1e-10, "duration": 0.018079042434692383, "x": "[ 1.6131831   3.6761705   3.44204447 -0.50394599  5.2039279   2.00082143]", "status": "2", "success": "False", "message": "Maximum number of function evaluations has been exceeded.", "nfev": "100", "fun": "0.003741741878911853", "maxcv": "0.0"}, "4": {"maxiter": 500, "tol": 1e-05, "catol": 1e-05, "duration": 0.07886910438537598, "x": "[ 1.52084322  3.86570786  3.5223533  -0.73949193  5.26563905  2.0254289 ]", "status": "1", "success": "True", "message": "Optimization terminated successfully.", "nfev": "436", "fun": "0.00012071702076354995", "maxcv": "0.0"}, "5": {"maxiter": 500, "tol": 1e-05, "catol": 1e-10, "duration": 0.07885313034057617, "x": "[ 1.52084322  3.86570786  3.5223533  -0.73949193  5.26563905  2.0254289 ]", "status": "1", "success": "True", "message": "Optimization terminated successfully.", "nfev": "436", "fun": "0.00012071702076354995", "maxcv": "0.0"}, "6": {"maxiter": 500, "tol": 1e-10, "catol": 1e-05, "duration": 0.08879685401916504, "x": "[ 1.52085525  3.86570012  3.52235121 -0.73949271  5.2656401   2.02543401]", "status": "1", "success": "True", "message": "Optimization terminated successfully.", "nfev": "490", "fun": "0.00012071696983184665", "maxcv": "0.0"}, "7": {"maxiter": 500, "tol": 1e-10, "catol": 1e-10, "duration": 0.08924293518066406, "x": "[ 1.52085525  3.86570012  3.52235121 -0.73949271  5.2656401   2.02543401]", "status": "1", "success": "True", "message": "Optimization terminated successfully.", "nfev": "490", "fun": "0.00012071696983184665", "maxcv": "0.0"}, "8": {"maxiter": 1000, "tol": 1e-05, "catol": 1e-05, "duration": 0.07973003387451172, "x": "[ 1.52084322  3.86570786  3.5223533  -0.73949193  5.26563905  2.0254289 ]", "status": "1", "success": "True", "message": "Optimization terminated successfully.", "nfev": "436", "fun": "0.00012071702076354995", "maxcv": "0.0"}, "9": {"maxiter": 1000, "tol": 1e-05, "catol": 1e-10, "duration": 0.07979297637939453, "x": "[ 1.52084322  3.86570786  3.5223533  -0.73949193  5.26563905  2.0254289 ]", "status": "1", "success": "True", "message": "Optimization terminated successfully.", "nfev": "436", "fun": "0.00012071702076354995", "maxcv": "0.0"}, "10": {"maxiter": 1000, "tol": 1e-10, "catol": 1e-05, "duration": 0.08642196655273438, "x": "[ 1.52085525  3.86570012  3.52235121 -0.73949271  5.2656401   2.02543401]", "status": "1", "success": "True", "message": "Optimization terminated successfully.", "nfev": "490", "fun": "0.00012071696983184665", "maxcv": "0.0"}, "11": {"maxiter": 1000, "tol": 1e-10, "catol": 1e-10, "duration": 0.08500313758850098, "x": "[ 1.52085525  3.86570012  3.52235121 -0.73949271  5.2656401   2.02543401]", "status": "1", "success": "True", "message": "Optimization terminated successfully.", "nfev": "490", "fun": "0.00012071696983184665", "maxcv": "0.0"}}, "Powell": {"0": {"maxiter": 100, "ftol": 1e-05, "xtol": 1e-05, "duration": 0.2616262435913086, "fun": "0.00012071691162418574", "direc": "[[-1.62124905e-02  3.53742571e-02 -3.02593832e-02 -2.81526058e-02\n  -9.10484785e-04 -2.36006624e-02]\n [ 9.09638593e-06  1.59992806e-04 -1.29304121e-04 -1.89895672e-04\n   1.27111597e-04 -6.51602625e-05]\n [ 0.00000000e+00  0.00000000e+00  1.00000000e+00  0.00000000e+00\n   0.00000000e+00  0.00000000e+00]\n [ 0.00000000e+00  0.00000000e+00  0.00000000e+00  1.00000000e+00\n   0.00000000e+00  0.00000000e+00]\n [-3.75634406e-02  1.59259308e-02 -2.07308668e-03 -3.88165568e-02\n   1.95252467e-03  2.27895002e-02]\n [ 7.00167997e-06 -2.20694866e-05  1.10250386e-04  3.29525600e-05\n   2.45769021e-06  9.73339866e-05]]", "nit": "16", "nfev": "1502", "status": "0", "success": "True", "message": "Optimization terminated successfully.", "x": "[ 1.21704117  3.79406031  3.42965905 -0.80217718  5.72881399  1.64960098]"}, "1": {"maxiter": 100, "ftol": 1e-05, "xtol": 1e-10, "duration": 0.468796968460083, "fun": "0.00012071696983184665", "direc": "[[ 2.11142673e-01  5.11362644e-01  4.03847079e-01 -3.95443909e-01\n   5.22954619e-01 -1.00153429e-01]\n [ 0.00000000e+00  1.00000000e+00  0.00000000e+00  0.00000000e+00\n   0.00000000e+00  0.00000000e+00]\n [-1.62123253e-02  3.54358491e-02 -3.02326957e-02 -2.82231321e-02\n  -8.82462477e-04 -2.35924696e-02]\n [ 0.00000000e+00  0.00000000e+00  0.00000000e+00  1.00000000e+00\n   0.00000000e+00  0.00000000e+00]\n [-3.76085270e-02  1.59388032e-02 -2.10136844e-03 -3.88737744e-02\n   1.93973035e-03  2.28308218e-02]\n [ 5.63936108e-04  5.89678128e-04 -2.01459714e-03 -9.37463260e-04\n   5.31434193e-04 -1.45185376e-03]]", "nit": "15", "nfev": "2680", "status": "0", "success": "True", "message": "Optimization terminated successfully.", "x": "[ 1.2167486   3.79399573  3.42958515 -0.80229934  5.72921536  1.64927776]"}, "2": {"maxiter": 100, "ftol": 1e-10, "xtol": 1e-05, "duration": 0.296375036239624, "fun": "0.00012071691162418574", "direc": "[[-1.62124905e-02  3.53742571e-02 -3.02593832e-02 -2.81526058e-02\n  -9.10484785e-04 -2.36006624e-02]\n [ 9.09638593e-06  1.59992806e-04 -1.29304121e-04 -1.89895672e-04\n   1.27111597e-04 -6.51602625e-05]\n [ 0.00000000e+00  0.00000000e+00  1.00000000e+00  0.00000000e+00\n   0.00000000e+00  0.00000000e+00]\n [ 0.00000000e+00  0.00000000e+00  0.00000000e+00  1.00000000e+00\n   0.00000000e+00  0.00000000e+00]\n [-3.75634406e-02  1.59259308e-02 -2.07308668e-03 -3.88165568e-02\n   1.95252467e-03  2.27895002e-02]\n [ 7.00167997e-06 -2.20694866e-05  1.10250386e-04  3.29525600e-05\n   2.45769021e-06  9.73339866e-05]]", "nit": "17", "nfev": "1677", "status": "0", "success": "True", "message": "Optimization terminated successfully.", "x": "[ 1.21704327  3.79405399  3.42966438 -0.80217341  5.72881289  1.64960479]"}, "3": {"maxiter": 100, "ftol": 1e-10, "xtol": 1e-10, "duration": 0.5450289249420166, "fun": "0.00012071692617610097", "direc": "[[ 2.11142673e-01  5.11362644e-01  4.03847079e-01 -3.95443909e-01\n   5.22954619e-01 -1.00153429e-01]\n [ 0.00000000e+00  1.00000000e+00  0.00000000e+00  0.00000000e+00\n   0.00000000e+00  0.00000000e+00]\n [-1.62123253e-02  3.54358491e-02 -3.02326957e-02 -2.82231321e-02\n  -8.82462477e-04 -2.35924696e-02]\n [ 0.00000000e+00  0.00000000e+00  0.00000000e+00  1.00000000e+00\n   0.00000000e+00  0.00000000e+00]\n [-3.76085270e-02  1.59388032e-02 -2.10136844e-03 -3.88737744e-02\n   1.93973035e-03  2.28308218e-02]\n [ 5.63936108e-04  5.89678128e-04 -2.01459714e-03 -9.37463260e-04\n   5.31434193e-04 -1.45185376e-03]]", "nit": "17", "nfev": "3088", "status": "0", "success": "True", "message": "Optimization terminated successfully.", "x": "[ 1.21674429  3.79400496  3.42957693 -0.8023002   5.72921563  1.64927738]"}, "4": {"maxiter": 500, "ftol": 1e-05, "xtol": 1e-05, "duration": 0.2619750499725342, "fun": "0.00012071691162418574", "direc": "[[-1.62124905e-02  3.53742571e-02 -3.02593832e-02 -2.81526058e-02\n  -9.10484785e-04 -2.36006624e-02]\n [ 9.09638593e-06  1.59992806e-04 -1.29304121e-04 -1.89895672e-04\n   1.27111597e-04 -6.51602625e-05]\n [ 0.00000000e+00  0.00000000e+00  1.00000000e+00  0.00000000e+00\n   0.00000000e+00  0.00000000e+00]\n [ 0.00000000e+00  0.00000000e+00  0.00000000e+00  1.00000000e+00\n   0.00000000e+00  0.00000000e+00]\n [-3.75634406e-02  1.59259308e-02 -2.07308668e-03 -3.88165568e-02\n   1.95252467e-03  2.27895002e-02]\n [ 7.00167997e-06 -2.20694866e-05  1.10250386e-04  3.29525600e-05\n   2.45769021e-06  9.73339866e-05]]", "nit": "16", "nfev": "1502", "status": "0", "success": "True", "message": "Optimization terminated successfully.", "x": "[ 1.21704117  3.79406031  3.42965905 -0.80217718  5.72881399  1.64960098]"}, "5": {"maxiter": 500, "ftol": 1e-05, "xtol": 1e-10, "duration": 0.46502208709716797,