{"date": "2024/09/24/, 02:45:46", "conf_id": 216, "data_type": "non_lin_ind\n", "num_data_points": 3, "s_rank": 0, "unitary": "[[-0.56303964-0.00798273j,-0.21670212-0.15784972j,-0.06047197-0.73952673j,-0.01438004+0.24552571j],[-0.06976756+0.23474685j,-0.01275565-0.5435098j,-0.02703657-0.08917885j,-0.08210486-0.79311774j],[-0.38559961+0.10714929j,0.5933431-0.2687392j,-0.24060861+0.29149289j,-0.45147719+0.26241743j],[-0.50180421+0.45931857j,-0.11617175+0.44134496j,0.49642745+0.22684508j,-0.08544628-0.15407063j]]", "databatch_0": {"databatch": "[[[-0.04159698-0.07458455j,0.1235783+0.01766214j,-0.09228836+0.24681496j,0.09225686-0.17222615j],[-0.0622546+0.24083084j,-0.16563031-0.11121594j,-0.26589481+0.17509838j,0.37662697+0.09316254j],[-0.13400637-0.1220107j,0.35969927-0.06477692j,-0.05830699+0.00397844j,0.38061303+0.10299416j],[-0.11775461+0.00750241j,0.1868824+0.17756385j,0.15686517-0.1601583j,-0.23967595-0.05059013j]],[[-0.16598469+0.36691943j,-0.07183067+0.18687206j,-0.00356062-0.02227871j,-0.17221587+0.00270909j],[-0.36721981+0.0392007j,0.02186143+0.07377849j,-0.07840471-0.07014372j,-0.05532551+0.31507949j],[0.39175621+0.0272779j,0.25951356-0.05119546j,0.20494841-0.0646675j,0.11360627+0.40911511j],[-0.03584531-0.06557476j,0.03531805-0.0242476j,0.04397227-0.11574506j,0.08415457+0.17710663j]],[[-0.00422648-0.36923335j,0.05111043+0.09373915j,0.20267083+0.01913837j,0.08759436-0.21613803j],[-0.10502955+0.30648574j,-0.05333944+0.11448j,-0.06396653-0.23778733j,0.20981311+0.11927665j],[-0.15384906+0.03069452j,-0.235957-0.09568945j,0.1111717+0.08923436j,-0.19315349+0.27511816j],[0.26830055+0.17986782j,-0.18524548-0.21614185j,-0.04192588+0.27129904j,-0.09228031+0.15687405j]]]", "initial param values": "[5.8272332,1.84285601,5.85918618,3.51773591,4.80985097,0.988953]", "nelder_mead": {"type": "gradient-free", "0": {"maxiter": 100, "fatol": 1e-05, "xatol": 1e-05, "duration": 0.036366939544677734, "fun": "0.501224565946133", "nit": "100", "nfev": "150", "status": "2", "success": "False", "message": "Maximum number of iterations has been exceeded.", "x": "[6.03878336 1.41350573 5.50884308 5.18577595 2.88209808 1.52498749]", "final_simplex": "(array([[6.03878336, 1.41350573, 5.50884308, 5.18577595, 2.88209808,\n        1.52498749],\n       [6.02454359, 1.40903002, 5.47434737, 5.24671708, 2.94136148,\n        1.5059104 ],\n       [6.04591318, 1.50679644, 5.35197847, 5.36386116, 2.84932723,\n        1.47373257],\n       [6.08561274, 1.54167452, 5.37292877, 5.23984875, 2.96427504,\n        1.40666213],\n       [5.89687677, 1.54308694, 5.48518485, 5.45281983, 2.78792519,\n        1.48022008],\n       [5.8762856 , 1.54347867, 5.36631516, 5.46453235, 2.89287743,\n        1.52640769],\n       [5.91313028, 1.48336691, 5.38614039, 5.28371479, 2.85128397,\n        1.39664496]]), array([0.50122457, 0.50148238, 0.50358295, 0.50467078, 0.50567971,\n       0.5066046 , 0.50734819]))", "callback": [0.6209305201603861, 0.6209305201603861, 0.5708451722193957, 0.5478400750676331, 0.5294199797281696, 0.5283172886042078, 0.5256470183116275, 0.5161650576241508, 0.5081551831454705]}, "1": {"maxiter": 100, "fatol": 1e-05, "xatol": 1e-10, "duration": 0.03483319282531738, "fun": "0.501224565946133", "nit": "100", "nfev": "150", "status": "2", "success": "False", "message": "Maximum number of iterations has been exceeded.", "x": "[6.03878336 1.41350573 5.50884308 5.18577595 2.88209808 1.52498749]", "final_simplex": "(array([[6.03878336, 1.41350573, 5.50884308, 5.18577595, 2.88209808,\n        1.52498749],\n       [6.02454359, 1.40903002, 5.47434737, 5.24671708, 2.94136148,\n        1.5059104 ],\n       [6.04591318, 1.50679644, 5.35197847, 5.36386116, 2.84932723,\n        1.47373257],\n       [6.08561274, 1.54167452, 5.37292877, 5.23984875, 2.96427504,\n        1.40666213],\n       [5.89687677, 1.54308694, 5.48518485, 5.45281983, 2.78792519,\n        1.48022008],\n       [5.8762856 , 1.54347867, 5.36631516, 5.46453235, 2.89287743,\n        1.52640769],\n       [5.91313028, 1.48336691, 5.38614039, 5.28371479, 2.85128397,\n        1.39664496]]), array([0.50122457, 0.50148238, 0.50358295, 0.50467078, 0.50567971,\n       0.5066046 , 0.50734819]))", "callback": [0.6209305201603861, 0.6209305201603861, 0.5708451722193957, 0.5478400750676331, 0.5294199797281696, 0.5283172886042078, 0.5256470183116275, 0.5161650576241508, 0.5081551831454705]}, "2": {"maxiter": 100, "fatol": 1e-10, "xatol": 1e-05, "duration": 0.0338740348815918, "fun": "0.501224565946133", "nit": "100", "nfev": "150", "status": "2", "success": "False", "message": "Maximum number of iterations has been exceeded.", "x": "[6.03878336 1.41350573 5.50884308 5.18577595 2.88209808 1.52498749]", "final_simplex": "(array([[6.03878336, 1.41350573, 5.50884308, 5.18577595, 2.88209808,\n        1.52498749],\n       [6.02454359, 1.40903002, 5.47434737, 5.24671708, 2.94136148,\n        1.5059104 ],\n       [6.04591318, 1.50679644, 5.35197847, 5.36386116, 2.84932723,\n        1.47373257],\n       [6.08561274, 1.54167452, 5.37292877, 5.23984875, 2.96427504,\n        1.40666213],\n       [5.89687677, 1.54308694, 5.48518485, 5.45281983, 2.78792519,\n        1.48022008],\n       [5.8762856 , 1.54347867, 5.36631516, 5.46453235, 2.89287743,\n        1.52640769],\n       [5.91313028, 1.48336691, 5.38614039, 5.28371479, 2.85128397,\n        1.39664496]]), array([0.50122457, 0.50148238, 0.50358295, 0.50467078, 0.50567971,\n       0.5066046 , 0.50734819]))", "callback": [0.6209305201603861, 0.6209305201603861, 0.5708451722193957, 0.5478400750676331, 0.5294199797281696, 0.5283172886042078, 0.5256470183116275, 0.5161650576241508, 0.5081551831454705]}, "3": {"maxiter": 100, "fatol": 1e-10, "xatol": 1e-10, "duration": 0.03401303291320801, "fun": "0.501224565946133", "nit": "100", "nfev": "150", "status": "2", "success": "False", "message": "Maximum number of iterations has been exceeded.", "x": "[6.03878336 1.41350573 5.50884308 5.18577595 2.88209808 1.52498749]", "final_simplex": "(array([[6.03878336, 1.41350573, 5.50884308, 5.18577595, 2.88209808,\n        1.52498749],\n       [6.02454359, 1.40903002, 5.47434737, 5.24671708, 2.94136148,\n        1.5059104 ],\n       [6.04591318, 1.50679644, 5.35197847, 5.36386116, 2.84932723,\n        1.47373257],\n       [6.08561274, 1.54167452, 5.37292877, 5.23984875, 2.96427504,\n        1.40666213],\n       [5.89687677, 1.54308694, 5.48518485, 5.45281983, 2.78792519,\n        1.48022008],\n       [5.8762856 , 1.54347867, 5.36631516, 5.46453235, 2.89287743,\n        1.52640769],\n       [5.91313028, 1.48336691, 5.38614039, 5.28371479, 2.85128397,\n        1.39664496]]), array([0.50122457, 0.50148238, 0.50358295, 0.50467078, 0.50567971,\n       0.5066046 , 0.50734819]))", "callback": [0.6209305201603861, 0.6209305201603861, 0.5708451722193957, 0.5478400750676331, 0.5294199797281696, 0.5283172886042078, 0.5256470183116275, 0.5161650576241508, 0.5081551831454705]}, "4": {"maxiter": 500, "fatol": 1e-05, "xatol": 1e-05, "duration": 0.17374491691589355, "fun": "0.45261906955220876", "nit": "500", "nfev": "775", "status": "2", "success": "False", "message": "Maximum number of iterations has been exceeded.", "x": "[4.91226874 0.92648698 6.42937818 5.96189979 0.84558    3.24116898]", "final_simplex": "(array([[4.91226874, 0.92648698, 6.42937818, 5.96189979, 0.84558   ,\n        3.24116898],\n       [4.91226815, 0.92648326, 6.42938042, 5.96189832, 0.84556717,\n        3.2411816 ],\n       [4.9122611 , 0.92648562, 6.42937872, 5.96189799, 0.84555339,\n        3.24119232],\n       [4.91226668, 0.92648824, 6.42938281, 5.96189809, 0.8455704 ,\n        3.24117763],\n       [4.91226743, 0.92648005, 6.4293846 , 5.96190245, 0.84558394,\n        3.24116976],\n       [4.91225958, 0.92648579, 6.42937969, 5.96189262, 0.84556369,\n        3.24118535],\n       [4.91227241, 0.92648422, 6.42937542, 5.96189563, 0.84559936,\n        3.24114867]]), array([0.45261907, 0.45261907, 0.45261907, 0.45261907, 0.45261907,\n       0.45261907, 0.45261907]))", "callback": [0.6209305201603861, 0.6209305201603861, 0.5708451722193957, 0.5478400750676331, 0.5294199797281696, 0.5283172886042078, 0.5256470183116275, 0.5161650576241508, 0.5081551831454705, 0.501224565946133, 0.4984858947796499, 0.4980010084839829, 0.49753838195286226, 0.4972335163165238, 0.49118681395473573, 0.4816818587569286, 0.47089735356905316, 0.4638091518108002, 0.45981361104004814, 0.4577396673895098, 0.45722240669103675, 0.4560363460678559, 0.4533236511763902, 0.4533236511763902, 0.45323705509477064, 0.45322497675176165, 0.4532123923877437, 0.45318991278055365, 0.4531583386195628, 0.4530724430831822, 0.45293198422587855, 0.45286609875480555, 0.45281665213383004, 0.45271334312415945, 0.452668293771761, 0.4526323191309064, 0.45262765477571776, 0.4526217546606751, 0.45262033337161856, 0.45261946710560597, 0.452619171076897, 0.45261910836780783, 0.45261908586353117, 0.4526190730138958, 0.45261907026386594, 0.4526190697438006, 0.45261906965395626, 0.45261906956619047, 0.4526190695629574]}, "5": {"maxiter": 500, "fatol": 1e-05, "xatol": 1e-10, "duration": 0.17417287826538086, "fun": "0.45261906955220876", "nit": "500", "nfev": "775", "status": "2", "success": "False", "message": "Maximum number of iterations has been exceeded.", "x": "[4.91226874 0.92648698 6.42937818 5.96189979 0.84558    3.24116898]", "final_simplex": "(array([[4.91226874, 0.92648698, 6.42937818, 5.96189979, 0.84558   ,\n        3.24116898],\n       [4.91226815, 0.92648326, 6.42938042, 5.96189832, 0.84556717,\n        3.2411816 ],\n       [4.9122611 , 0.92648562, 6.42937872, 5.96189799, 0.84555339,\n        3.24119232],\n       [4.91226668, 0.92648824, 6.42938281, 5.96189809, 0.8455704 ,\n        3.24117763],\n       [4.91226743, 0.92648005, 6.4293846 , 5.96190245, 0.84558394,\n        3.24116976],\n       [4.91225958, 0.92648579, 6.42937969, 5.96189262, 0.84556369,\n        3.24118535],\n       [4.91227241, 0.92648422, 6.42937542, 5.96189563, 0.84559936,\n        3.24114867]]), array([0.45261907, 0.45261907, 0.45261907, 0.45261907, 0.45261907,\n       0.45261907, 0.45261907]))", "callback": [0.6209305201603861, 0.6209305201603861, 0.5708451722193957, 0.5478400750676331, 0.5294199797281696, 0.5283172886042078, 0.5256470183116275, 0.5161650576241508, 0.5081551831454705, 0.501224565946133, 0.4984858947796499, 0.4980010084839829, 0.49753838195286226, 0.4972335163165238, 0.49118681395473573, 0.4816818587569286, 0.47089735356905316, 0.4638091518108002, 0.45981361104004814, 0.4577396673895098, 0.45722240669103675, 0.4560363460678559, 0.4533236511763902, 0.4533236511763902, 0.45323705509477064, 0.45322497675176165, 0.4532123923877437, 0.45318991278055365, 0.4531583386195628, 0.4530724430831822, 0.45293198422587855, 0.45286609875480555, 0.45281665213383004, 0.45271334312415945, 0.452668293771761, 0.4526323191309064, 0.45262765477571776, 0.4526217546606751, 0.45262033337161856, 0.45261946710560597, 0.452619171076897, 0.45261910836780783, 0.45261908586353117, 0.4526190730138958, 0.45261907026386594, 0.4526190697438006, 0.45261906965395626, 0.45261906956619047, 0.4526190695629574]}, "6": {"maxiter": 500, "fatol": 1e-10, "xatol": 1e-05, "duration": 0.18314695358276367, "fun": "0.45261906955220876", "nit": "500", "nfev": "775", "status": "2", "success": "False", "message": "Maximum number of iterations has been exceeded.", "x": "[4.91226874 0.92648698 6.42937818 5.96189979 0.84558    3.24116898]", "final_simplex": "(array([[4.91226874, 0.92648698, 6.42937818, 5.96189979, 0.84558   ,\n        3.24116898],\n       [4.91226815, 0.92648326, 6.42938042, 5.96189832, 0.84556717,\n        3.2411816 ],\n       [4.9122611 , 0.92648562, 6.42937872, 5.96189799, 0.84555339,\n        3.24119232],\n       [4.91226668, 0.92648824, 6.42938281, 5.96189809, 0.8455704 ,\n        3.24117763],\n       [4.91226743, 0.92648005, 6.4293846 , 5.96190245, 0.84558394,\n        3.24116976],\n       [4.91225958, 0.92648579, 6.42937969, 5.96189262, 0.84556369,\n        3.24118535],\n       [4.91227241, 0.92648422, 6.42937542, 5.96189563, 0.84559936,\n        3.24114867]]), array([0.45261907, 0.45261907, 0.45261907, 0.45261907, 0.45261907,\n       0.45261907, 0.45261907]))", "callback": [0.6209305201603861, 0.6209305201603861, 0.5708451722193957, 0.5478400750676331, 0.5294199797281696, 0.5283172886042078, 0.5256470183116275, 0.5161650576241508, 0.5081551831454705, 0.501224565946133, 0.4984858947796499, 0.4980010084839829, 0.49753838195286226, 0.4972335163165238, 0.49118681395473573, 0.4816818587569286, 0.47089735356905316, 0.4638091518108002, 0.45981361104004814, 0.4577396673895098, 0.45722240669103675, 0.4560363460678559, 0.4533236511763902, 0.4533236511763902, 0.45323705509477064, 0.45322497675176165, 0.4532123923877437, 0.45318991278055365, 0.4531583386195628, 0.4530724430831822, 0.45293198422587855, 0.45286609875480555, 0.45281665213383004, 0.45271334312415945, 0.452668293771761, 0.4526323191309064, 0.45262765477571776, 0.4526217546606751, 0.45262033337161856, 0.45261946710560597, 0.452619171076897, 0.45261910836780783, 0.45261908586353117, 0.4526190730138958, 0.45261907026386594, 0.4526190697438006, 0.45261906965395626, 0.45261906956619047, 0.4526190695629574]}, "7": {"maxiter": 500, "fatol": 1e-10, "xatol": 1e-10, "duration": 0.18567705154418945, "fun": "0.45261906955220876", "nit": "500", "nfev": "775", "status": "2", "success": "False", "message": "Maximum number of iterations has been exceeded.", "x": "[4.91226874 0.92648698 6.42937818 5.96189979 0.84558    3.24116898]", "final_simplex": "(array([[4.91226874, 0.92648698, 6.42937818, 5.96189979, 0.84558   ,\n        3.24116898],\n       [4.91226815, 0.92648326, 6.42938042, 5.96189832, 0.84556717,\n        3.2411816 ],\n       [4.9122611 , 0.92648562, 6.42937872, 5.96189799, 0.84555339,\n        3.24119232],\n       [4.91226668, 0.92648824, 6.42938281, 5.96189809, 0.8455704 ,\n        3.24117763],\n       [4.91226743, 0.92648005, 6.4293846 , 5.96190245, 0.84558394,\n        3.24116976],\n       [4.91225958, 0.92648579, 6.42937969, 5.96189262, 0.84556369,\n        3.24118535],\n       [4.91227241, 0.92648422, 6.42937542, 5.96189563, 0.84559936,\n        3.24114867]]), array([0.45261907, 0.45261907, 0.45261907, 0.45261907, 0.45261907,\n       0.45261907, 0.45261907]))", "callback": [0.6209305201603861, 0.6209305201603861, 0.5708451722193957, 0.5478400750676331, 0.5294199797281696, 0.5283172886042078, 0.5256470183116275, 0.5161650576241508, 0.5081551831454705, 0.501224565946133, 0.4984858947796499, 0.4980010084839829, 0.49753838195286226, 0.4972335163165238, 0.49118681395473573, 0.4816818587569286, 0.47089735356905316, 0.4638091518108002, 0.45981361104004814, 0.4577396673895098, 0.45722240669103675, 0.4560363460678559, 0.4533236511763902, 0.4533236511763902, 0.45323705509477064, 0.45322497675176165, 0.4532123923877437, 0.45318991278055365, 0.4531583386195628, 0.4530724430831822, 0.45293198422587855, 0.45286609875480555, 0.45281665213383004, 0.45271334312415945, 0.452668293771761, 0.4526323191309064, 0.45262765477571776, 0.4526217546606751, 0.45262033337161856, 0.45261946710560597, 0.452619171076897, 0.45261910836780783, 0.45261908586353117, 0.4526190730138958, 0.45261907026386594, 0.4526190697438006, 0.45261906965395626, 0.45261906956619047, 0.4526190695629574]}, "8": {"maxiter": 1000, "fatol": 1e-05, "xatol": 1e-05, "duration": 0.1853179931640625, "fun": "0.45261906954976594", "nit": "524", "nfev": "812", "status": "0", "success": "True", "message": "Optimization terminated successfully.", "x": "[4.9122669  0.92648794 6.42937399 5.96190054 0.84557506 3.24117249]", "final_simplex": "(array([[4.9122669 , 0.92648794, 6.42937399, 5.96190054, 0.84557506,\n        3.24117249],\n       [4.91226418, 0.92648871, 6.42937379, 5.961898  , 0.84557215,\n        3.24117526],\n       [4.91226772, 0.92648624, 6.42937488, 5.96190046, 0.84558287,\n        3.24116585],\n       [4.91226719, 0.92648543, 6.42937363, 5.96189879, 0.84557537,\n        3.24117236],\n       [4.91226633, 0.92648728, 6.42937252, 5.96189978, 0.84557819,\n        3.24116863],\n       [4.91226535, 0.92648984, 6.4293734 , 5.96189715, 0.84557442,\n        3.24117196],\n       [4.91226617, 0.92648653, 6.4293749 , 5.96189964, 0.84557098,\n        3.24117615]]), array([0.45261907, 0.45261907, 0.45261907, 0.45261907, 0.45261907,\n       0.45261907, 0.45261907]))", "callback": [0.6209305201603861, 0.6209305201603861, 0.5708451722193957, 0.5478400750676331, 0.5294199797281696, 0.5283172886042078, 0.5256470183116275, 0.5161650576241508, 0.5081551831454705, 0.501224565946133, 0.4984858947796499, 0.4980010084839829, 0.49753838195286226, 0.4972335163165238, 0.49118681395473573, 0.4816818587569286, 0.47089735356905316, 0.4638091518108002, 0.45981361104004814, 0.4577396673895098, 0.45722240669103675, 0.4560363460678559, 0.4533236511763902, 0.4533236511763902, 0.45323705509477064, 0.45322497675176165, 0.4532123923877437, 0.45318991278055365, 0.4531583386195628, 0.4530724430831822, 0.45293198422587855, 0.45286609875480555, 0.45281665213383004, 0.45271334312415945, 0.452668293771761, 0.4526323191309064, 0.45262765477571776, 0.4526217546606751, 0.45262033337161856, 0.45261946710560597, 0.452619171076897, 0.45261910836780783, 0.45261908586353117, 0.4526190730138958, 0.45261907026386594, 0.4526190697438006, 0.45261906965395626, 0.45261906956619047, 0.4526190695629574, 0.45261906955220876, 0.45261906955137743, 0.45261906955029085]}, "9": {"maxiter": 1000, "fatol": 1e-05, "xatol": 1e-10, "duration": 0.25776004791259766, "fun": "0.4526190695485859", "nit": "636", "nfev": "1053", "status": "0", "success": "True", "message": "Optimization terminated successfully.", "x": "[4.91226742 0.9264877  6.42937357 5.961899   0.845576   3.24117413]", "final_simplex": "(array([[4.91226742, 0.9264877 , 6.42937357, 5.961899  , 0.845576  ,\n        3.24117413],\n       [4.91226742, 0.9264877 , 6.42937357, 5.961899  , 0.845576  ,\n        3.24117413],\n       [4.91226742, 0.9264877 , 6.42937357, 5.961899  , 0.845576  ,\n        3.24117413],\n       [4.91226742, 0.9264877 , 6.42937357, 5.961899  , 0.845576  ,\n        3.24117413],\n       [4.91226742, 0.9264877 , 6.42937357, 5.961899  , 0.845576  ,\n        3.24117413],\n       [4.91226742, 0.9264877 , 6.42937357, 5.961899  , 0.845576  ,\n        3.24117413],\n       [4.91226742, 0.9264877 , 6.42937357, 5.961899  , 0.845576  ,\n        3.24117413]]), array([0.45261907, 0.45261907, 0.45261907, 0.45261907, 0.45261907,\n       0.45261907, 0.45261907]))", "callback": [0.6209305201603861, 0.6209305201603861, 0.5708451722193957, 0.5478400750676331, 0.5294199797281696, 0.5283172886042078, 0.5256470183116275, 0.5161650576241508, 0.5081551831454705, 0.501224565946133, 0.4984858947796499, 0.4980010084839829, 0.49753838195286226, 0.4972335163165238, 0.49118681395473573, 0.4816818587569286, 0.47089735356905316, 0.4638091518108002, 0.45981361104004814, 0.4577396673895098, 0.45722240669103675, 0.4560363460678559, 0.4533236511763902, 0.4533236511763902, 0.45323705509477064, 0.45322497675176165, 0.4532123923877437, 0.45318991278055365, 0.4531583386195628, 0.4530724430831822, 0.45293198422587855, 0.45286609875480555, 0.45281665213383004, 0.45271334312415945, 0.452668293771761, 0.4526323191309064, 0.45262765477571776, 0.4526217546606751, 0.45262033337161856, 0.45261946710560597, 0.452619171076897, 0.45261910836780783, 0.45261908586353117, 0.4526190730138958, 0.45261907026386594, 0.4526190697438006, 0.45261906965395626, 0.45261906956619047, 0.4526190695629574, 0.45261906955220876, 0.45261906955137743, 0.45261906955029085, 0.4526190695493879, 0.4526190695490254, 0.45261906954863707, 0.4526190695486104, 0.45261906954859066, 0.4526190695485891, 0.4526190695485871, 0.4526190695485862, 0.452619069548586, 0.4526190695485859, 0.4526190695485859]}, "10": {"maxiter": 1000, "fatol": 1e-10, "xatol": 1e-05, "duration": 0.19037795066833496, "fun": "0.45261906954976594", "nit": "524", "nfev": "812", "status": "0", "success": "True", "message": "Optimization terminated successfully.", "x": "[4.9122669  0.92648794 6.42937399 5.96190054 0.84557506 3.24117249]", "final_simplex": "(array([[4.9122669 , 0.92648794, 6.42937399, 5.96190054, 0.84557506,\n        3.24117249],\n       [4.91226418, 0.92648871, 6.42937379, 5.961898  , 0.84557215,\n        3.24117526],\n       [4.91226772, 0.92648624, 6.42937488, 5.96190046, 0.84558287,\n        3.24116585],\n       [4.91226719, 0.92648543, 6.42937363, 5.96189879, 0.84557537,\n        3.24117236],\n       [4.91226633, 0.92648728, 6.42937252, 5.96189978, 0.84557819,\n        3.24116863],\n       [4.91226535, 0.92648984, 6.4293734 , 5.96189715, 0.84557442,\n        3.24117196],\n       [4.91226617, 0.92648653, 6.4293749 , 5.96189964, 0.84557098,\n        3.24117615]]), array([0.45261907, 0.45261907, 0.45261907, 0.45261907, 0.45261907,\n       0.45261907, 0.45261907]))", "callback": [0.6209305201603861, 0.6209305201603861, 0.5708451722193957, 0.5478400750676331, 0.5294199797281696, 0.5283172886042078, 0.5256470183116275, 0.5161650576241508, 0.5081551831454705, 0.501224565946133, 0.4984858947796499, 0.4980010084839829, 0.49753838195286226, 0.4972335163165238, 0.49118681395473573, 0.4816818587569286, 0.47089735356905316, 0.4638091518108002, 0.45981361104004814, 0.4577396673895098, 0.45722240669103675, 0.4560363460678559, 0.4533236511763902, 0.4533236511763902, 0.45323705509477064, 0.45322497675176165, 0.4532123923877437, 0.45318991278055365, 0.4531583386195628, 0.4530724430831822, 0.45293198422587855, 0.45286609875480555, 0.45281665213383004, 0.45271334312415945, 0.452668293771761, 0.4526323191309064, 0.45262765477571776, 0.4526217546606751, 0.45262033337161856, 0.45261946710560597, 0.452619171076897, 0.45261910836780783, 0.45261908586353117, 0.4526190730138958, 0.45261907026386594, 0.4526190697438006, 0.45261906965395626, 0.45261906956619047, 0.4526190695629574, 0.45261906955220876, 0.45261906955137743, 0.45261906955029085]}, "11": {"maxiter": 1000, "fatol": 1e-10, "xatol": 1e-10, "duration": 0.23822712898254395, "fun": "0.4526190695485859", "nit": "636", "nfev": "1053", "status": "0", "success": "True", "message": "Optimization terminated successfully.", "x": "[4.91226742 0.9264877  6.42937357 5.961899   0.845576   3.24117413]", "final_simplex": "(array([[4.91226742, 0.9264877 , 6.42937357, 5.961899  , 0.845576  ,\n        3.24117413],\n       [4.91226742, 0.9264877 , 6.42937357, 5.961899  , 0.845576  ,\n        3.24117413],\n       [4.91226742, 0.9264877 , 6.42937357, 5.961899  , 0.845576  ,\n        3.24117413],\n       [4.91226742, 0.9264877 , 6.42937357, 5.961899  , 0.845576  ,\n        3.24117413],\n       [4.91226742, 0.9264877 , 6.42937357, 5.961899  , 0.845576  ,\n        3.24117413],\n       [4.91226742, 0.9264877 , 6.42937357, 5.961899  , 0.845576  ,\n        3.24117413],\n       [4.91226742, 0.9264877 , 6.42937357, 5.961899  , 0.845576  ,\n        3.24117413]]), array([0.45261907, 0.45261907, 0.45261907, 0.45261907, 0.45261907,\n       0.45261907, 0.45261907]))", "callback": [0.6209305201603861, 0.6209305201603861, 0.5708451722193957, 0.5478400750676331, 0.5294199797281696, 0.5283172886042078, 0.5256470183116275, 0.5161650576241508, 0.5081551831454705, 0.501224565946133, 0.4984858947796499, 0.4980010084839829, 0.49753838195286226, 0.4972335163165238, 0.49118681395473573, 0.4816818587569286, 0.47089735356905316, 0.4638091518108002, 0.45981361104004814, 0.4577396673895098, 0.45722240669103675, 0.4560363460678559, 0.4533236511763902, 0.4533236511763902, 0.45323705509477064, 0.45322497675176165, 0.4532123923877437, 0.45318991278055365, 0.4531583386195628, 0.4530724430831822, 0.45293198422587855, 0.45286609875480555, 0.45281665213383004, 0.45271334312415945, 0.452668293771761, 0.4526323191309064, 0.45262765477571776, 0.4526217546606751, 0.45262033337161856, 0.45261946710560597, 0.452619171076897, 0.45261910836780783, 0.45261908586353117, 0.4526190730138958, 0.45261907026386594, 0.4526190697438006, 0.45261906965395626, 0.45261906956619047, 0.4526190695629574, 0.45261906955220876, 0.45261906955137743, 0.45261906955029085, 0.4526190695493879, 0.4526190695490254, 0.45261906954863707, 0.4526190695486104, 0.45261906954859066, 0.4526190695485891, 0.4526190695485871, 0.4526190695485862, 0.452619069548586, 0.4526190695485859, 0.4526190695485859]}}, "bfgs": {"type": "gradient", "0": {"maxiter": 100, "gtol": 1e-05, "xrtol": 1e-05, "eps": 1e-05, "duration": 0.07487273216247559, "fun": "0.4730999712806999", "jac": "[-5.32569544e-06 -1.37890810e-06 -1.20690125e-06  9.25681754e-06\n  2.08592033e-06 -4.34319247e-08]", "hess_inv": "[[ 8.11479116 -0.11296605  1.29935683  3.08521438 -3.07341691 -1.925414  ]\n [-0.11296605  8.68705265 -6.1974767  -0.4457961   0.63336096 -1.06317354]\n [ 1.29935683 -6.1974767   8.76815793  1.86337964 -1.82547651  0.10796218]\n [ 3.08521438 -0.4457961   1.86337964  5.42275235 -1.14208024  0.04829895]\n [-3.07341691  0.63336096 -1.82547651 -1.14208024  5.85187684  2.11138933]\n [-1.925414   -1.06317354  0.10796218  0.04829895  2.11138933  5.63609793]]", "nfev": "315", "njev": "45", "status": "0", "success": "True", "message": "Optimization terminated successfully.", "x": "[5.39176742 2.98882044 3.54067465 4.51875068 3.26672333 1.86408646]", "nit": "38", "callback": [0.4981398954558198, 0.49679475592059075, 0.4760100813107956]}, "1": {"maxiter": 100, "gtol": 1e-05, "xrtol": 1e-05, "eps": 1e-10, "duration": 0.07380104064941406, "fun": "0.4730999710913236", "jac": "[1.11022293e-06 0.00000000e+00 0.00000000e+00 1.11022293e-06\n 2.22044587e-06 0.00000000e+00]", "hess_inv": "[[ 8.20925571  0.1198311   1.38570313  2.72999792 -3.20344634 -1.98259163]\n [ 0.1198311   8.73060851 -6.16985293 -0.88127135  0.76139053 -1.08371007]\n [ 1.38570313 -6.16985293  8.65290039  2.27967329 -1.76242458  0.20924348]\n [ 2.72999792 -0.88127135  2.27967329  5.44831604 -1.35316922  0.20544251]\n [-3.20344634  0.76139053 -1.76242458 -1.35316922  6.06577597  2.0464273 ]\n [-1.98259163 -1.08371007  0.20924348  0.20544251  2.0464273   5.54924868]]", "nfev": "315", "njev": "45", "status": "0", "success": "True", "message": "Optimization terminated successfully.", "x": "[5.39180625 2.98882825 3.54067596 4.51873529 3.26671686 1.86407511]", "nit": "38", "callback": [0.4981399418978478, 0.49679504484004255, 0.47530764990098917]}, "2": {"maxiter": 100, "gtol": 1e-05, "xrtol": 1e-10, "eps": 1e-05, "duration": 0.07415199279785156, "fun": "0.4730999712806999", "jac": "[-5.32569544e-06 -1.37890810e-06 -1.20690125e-06  9.25681754e-06\n  2.08592033e-06 -4.34319247e-08]", "hess_inv": "[[ 8.11479116 -0.11296605  1.29935683  3.08521438 -3.07341691 -1.925414  ]\n [-0.11296605  8.68705265 -6.1974767  -0.4457961   0.63336096 -1.06317354]\n [ 1.29935683 -6.1974767   8.76815793  1.86337964 -1.82547651  0.10796218]\n [ 3.08521438 -0.4457961   1.86337964  5.42275235 -1.14208024  0.04829895]\n [-3.07341691  0.63336096 -1.82547651 -1.14208024  5.85187684  2.11138933]\n [-1.925414   -1.06317354  0.10796218  0.04829895  2.11138933  5.63609793]]", "nfev": "315", "njev": "45", "status": "0", "success": "True", "message": "Optimization terminated successfully.", "x": "[5.39176742 2.98882044 3.54067465 4.51875068 3.26672333 1.86408646]", "nit": "38", "callback": [0.4981398954558198, 0.49679475592059075, 0.4760100813107956]}, "3": {"maxiter": 100, "gtol": 1e-05, "xrtol": 1e-10, "eps": 1e-10, "duration": 0.07232785224914551, "fun": "0.4730999710913236", "jac": "[1.11022293e-06 0.00000000e+00 0.00000000e+00 1.11022293e-06\n 2.22044587e-06 0.00000000e+00]", "hess_inv": "[[ 8.20925571  0.1198311   1.38570313  2.72999792 -3.20344634 -1.98259163]\n [ 0.1198311   8.73060851 -6.16985293 -0.88127135  0.76139053 -1.08371007]\n [ 1.38570313 -6.16985293  8.65290039  2.27967329 -1.76242458  0.20924348]\n [ 2.72999792 -0.88127135  2.27967329  5.44831604 -1.35316922  0.20544251]\n [-3.20344634  0.76139053 -1.76242458 -1.35316922  6.06577597  2.0464273 ]\n [-1.98259163 -1.08371007  0.20924348  0.20544251  2.0464273   5.54924868]]", "nfev": "315", "njev": "45", "status": "0", "success": "True", "message": "Optimization terminated successfully.", "x": "[5.39180625 2.98882825 3.54067596 4.51873529 3.26671686 1.86407511]", "nit": "38", "callback": [0.4981399418978478, 0.49679504484004255, 0.47530764990098917]}, "4": {"maxiter": 100, "gtol": 1e-10, "xrtol": 1e-05, "eps": 1e-05, "duration": 0.07372879981994629, "fun": "0.47309997109927326", "jac": "[-7.38398231e-07 -6.89481805e-07 -3.82205378e-07  1.38133949e-07\n -2.94431146e-07 -1.15374377e-06]", "hess_inv": "[[ 8.31333733 -0.05485805  1.25526633  2.80245975 -3.24348536 -2.06978524]\n [-0.05485805  8.7028789  -6.21611283 -0.55349453  0.58423597 -1.10646722]\n [ 1.25526633 -6.21611283  8.75010396  1.80499578 -1.7845598   0.13496586]\n [ 2.80245975 -0.55349453  1.80499578  5.29811142 -0.88617276  0.23189765]\n [-3.24348536  0.58423597 -1.7845598  -0.88617276  5.99719577  2.23562526]\n [-2.06978524 -1.10646722  0.13496586  0.23189765  2.23562526  5.74015812]]", "nfev": "322", "njev": "46", "status": "0", "success": "True", "message": "Optimization terminated successfully.", "x": "[5.39179386 2.9888285  3.54067035 4.51871983 3.2667005  1.86406751]", "nit": "39", "callback": [0.4981398954558198, 0.49679475592059075, 0.4760100813107956]}, "5": {"maxiter": 100, "gtol": 1e-10, "xrtol": 1e-05, "eps": 1e-10, "duration": 0.07385587692260742, "fun": "0.47309997107226165", "jac": "[ 1.11022293e-06 -1.11022293e-06  0.00000000e+00  1.11022293e-06\n  1.11022293e-06 -1.11022293e-06]", "hess_inv": "[[ 7.91638905  0.09528969  1.33317705  2.58827562 -3.33926711 -2.01862171]\n [ 0.09528969  8.73009887 -6.17698038 -0.87985462  0.772198   -1.07960148]\n [ 1.33317705 -6.17698038  8.6482834   2.23083063 -1.82588582  0.19022069]\n [ 2.58827562 -0.87985462  2.23083063  5.49396256 -1.22821911  0.24925847]\n [-3.33926711  0.772198   -1.82588582 -1.22821911  6.3210739   2.13196219]\n [-2.01862171 -1.07960148  0.19022069  0.24925847  2.13196219  5.57766036]]", "nfev": "322", "njev": "46", "status": "0", "success": "True", "message": "Optimization terminated successfully.", "x": "[5.39180201 2.98882741 3.54067606 4.51872905 3.2667079  1.86407234]", "nit": "39", "callback": [0.4981399418978478, 0.49679504484004255, 0.47530764990098917]}, "6": {"maxiter": 100, "gtol": 1e-10, "xrtol": 1e-10, "eps": 1e-05, "duration": 0.14044713973999023, "fun": "0.47309997108081436", "jac": "[ 7.57727214e-08 -7.18758386e-08 -1.35702560e-07  1.14563914e-07\n -1.43940415e-07  9.29256672e-08]", "hess_inv": "[[ 8.02993012 -0.06302492  1.30449402  2.34886557 -3.13929883 -2.33723172]\n [-0.06302492  8.86596348 -6.22263486 -0.87076063  0.73749727 -1.04914091]\n [ 1.30449402 -6.22263486  8.74192196  1.90017259 -1.80943083  0.17951471]\n [ 2.34886557 -0.87076063  1.90017259  4.99065903 -1.04856089 -0.4336172 ]\n [-3.13929883  0.73749727 -1.80943083 -1.04856089  6.0807407   2.35506205]\n [-2.33723172 -1.04914091  0.17951471 -0.4336172   2.35506205  5.42225773]]", "nfev": "620", "njev": "87", "status": "2", "success": "False", "message": "Desired error not necessarily achieved due to precision loss.", "x": "[5.39179724 2.98883122 3.54066963 4.51872086 3.26670183 1.86407213]", "nit": "40", "callback": [0.4981398954558198, 0.49679475592059075, 0.4760100813107956, 0.47309997108081436]}, "7": {"maxiter": 100, "gtol": 1e-10, "xrtol": 1e-10, "eps": 1e-10, "duration": 0.09527802467346191, "fun": "0.47309997106677726", "jac": "[ 0.00000000e+00  0.00000000e+00 -1.11022293e-06  0.00000000e+00\n  0.00000000e+00 -1.11022293e-06]", "hess_inv": "[[ 3.76856147  1.6042644  -1.85759203 -1.08847746 -1.87660984 -0.98237174]\n [ 1.6042644   4.98404288 -2.0389576  -2.55231069 -2.10372349 -0.13617414]\n [-1.85759203 -2.0389576   1.89886617  1.77033568  1.77089579 -0.56263358]\n [-1.08847746 -2.55231069  1.77033568  2.62163324  1.78870592 -2.2353795 ]\n [-1.87660984 -2.10372349  1.77089579  1.78870592  2.06190268 -0.71495027]\n [-0.98237174 -0.13617414 -0.56263358 -2.2353795  -0.71495027  9.75133781]]", "nfev": "420", "njev": "60", "status": "0", "success": "True", "message": "Optimization terminated successfully.", "x": "[5.39180032 2.98883344 3.54067295 4.51872535 3.26670343 1.86407622]", "nit": "44", "callback": [0.4981399418978478, 0.49679504484004255, 0.47530764990098917, 0.4730999710713]}, "8": {"maxiter": 500, "gtol": 1e-05, "xrtol": 1e-05, "eps": 1e-05, "duration": 0.07217884063720703, "fun": "0.4730999712806999", "jac": "[-5.32569544e-06 -1.37890810e-06 -1.20690125e-06  9.25681754e-06\n  2.08592033e-06 -4.34319247e-08]", "hess_inv": "[[ 8.11479116 -0.11296605  1.29935683  3.08521438 -3.07341691 -1.925414  ]\n [-0.11296605  8.68705265 -6.1974767  -0.4457961   0.63336096 -1.06317354]\n [ 1.29935683 -6.1974767   8.76815793  1.86337964 -1.82547651  0.10796218]\n [ 3.08521438 -0.4457961   1.86337964  5.42275235 -1.14208024  0.04829895]\n [-3.07341691  0.63336096 -1.82547651 -1.14208024  5.85187684  2.11138933]\n [-1.925414   -1.06317354  0.10796218  0.04829895  2.11138933  5.63609793]]", "nfev": "315", "njev": "45", "status": "0", "success": "True", "message": "Optimization terminated successfully.", "x": "[5.39176742 2.98882044 3.54067465 4.51875068 3.26672333 1.86408646]", "nit": "38", "callback": [0.4981398954558198, 0.49679475592059075, 0.4760100813107956]}, "9": {"maxiter": 500, "gtol": 1e-05, "xrtol": 1e-05, "eps": 1e-10, "duration": 0.07194280624389648, "fun": "0.4730999710913236", "jac": "[1.11022293e-06 0.00000000e+00 0.00000000e+00 1.11022293e-06\n 2.22044587e-06 0.00000000e+00]", "hess_inv": "[[ 8.20925571  0.1198311   1.38570313  2.72999792 -3.20344634 -1.98259163]\n [ 0.1198311   8.73060851 -6.16985293 -0.88127135  0.76139053 -1.08371007]\n [ 1.38570313 -6.16985293  8.65290039  2.27967329 -1.76242458  0.20924348]\n [ 2.72999792 -0.88127135  2.27967329  5.44831604 -1.35316922  0.20544251]\n [-3.20344634  0.76139053 -1.76242458 -1.35316922  6.06577597  2.0464273 ]\n [-1.98259163 -1.08371007  0.20924348  0.20544251  2.0464273   5.54924868]]", "nfev": "315", "njev": "45", "status": "0", "success": "True", "message": "Optimization terminated successfully.", "x": "[5.39180625 2.98882825 3.54067596 4.51873529 3.26671686 1.86407511]", "nit": "38", "callback": [0.4981399418978478, 0.49679504484004255, 0.47530764990098917]}, "10": {"maxiter": 500, "gtol": 1e-05, "xrtol": 1e-10, "eps": 1e-05, "duration": 0.0722501277923584, "fun": "0.4730999712806999", "jac": "[-5.32569544e-06 -1.37890810e-06 -1.20690125e-06  9.25681754e-06\n  2.08592033e-06 -4.34319247e-08]", "hess_inv": "[[ 8.11479116 -0.11296605  1.29935683  3.08521438 -3.07341691 -1.925414  ]\n [-0.11296605  8.68705265 -6.1974767  -0.4457961   0.63336096 -1.06317354]\n [ 1.29935683 -6.1974767   8.76815793  1.86337964 -1.82547651  0.10796218]\n [ 3.08521438 -0.4457961   1.86337964  5.42275235 -1.14208024  0.04829895]\n [-3.07341691  0.63336096 -1.82547651 -1.14208024  5.85187684  2.11138933]\n [-1.925414   -1.06317354  0.10796218  0.04829895  2.11138933  5.63609793]]", "nfev": "315", "njev": "45", "status": "0", "success": "True", "message": "Optimization terminated successfully.", "x": "[5.39176742 2.98882044 3.54067465 4.51875068 3.26672333 1.86408646]", "nit": "38", "callback": [0.4981398954558198, 0.49679475592059075, 0.4760100813107956]}, "11": {"maxiter": 500, "gtol": 1e-05, "xrtol": 1e-10, "eps": 1e-10, "duration": 0.0719900131225586, "fun": "0.4730999710913236", "jac": "[1.11022293e-06 0.00000000e+00 0.00000000e+00 1.11022293e-06\n 2.22044587e-06 0.00000000e+00]", "hess_inv": "[[ 8.20925571  0.1198311   1.38570313  2.72999792 -3.20344634 -1.98259163]\n [ 0.1198311   8.73060851 -6.16985293 -0.88127135  0.76139053 -1.08371007]\n [ 1.38570313 -6.16985293  8.65290039  2.27967329 -1.76242458  0.20924348]\n [ 2.72999792 -0.88127135  2.27967329  5.44831604 -1.35316922  0.20544251]\n [-3.20344634  0.76139053 -1.76242458 -1.35316922  6.06577597  2.0464273 ]\n [-1.98259163 -1.08371007  0.20924348  0.20544251  2.0464273   5.54924868]]", "nfev": "315", "njev": "45", "status": "0", "success": "True", "message": "Optimization terminated successfully.", "x": "[5.39180625 2.98882825 3.54067596 4.51873529 3.26671686 1.86407511]", "nit": "38", "callback": [0.4981399418978478, 0.49679504484004255, 0.47530764990098917]}, "12": {"maxiter": 500, "gtol": 1e-10, "xrtol": 1e-05, "eps": 1e-05, "duration": 0.07318902015686035, "fun": "0.47309997109927326", "jac": "[-7.38398231e-07 -6.89481805e-07 -3.82205378e-07  1.38133949e-07\n -2.94431146e-07 -1.15374377e-06]", "hess_inv": "[[ 8.31333733 -0.05485805  1.25526633  2.80245975 -3.24348536 -2.06978524]\n [-0.05485805  8.7028789  -6.21611283 -0.55349453  0.58423597 -1.10646722]\n [ 1.25526633 -6.21611283  8.75010396  1.80499578 -1.7845598   0.13496586]\n [ 2.80245975 -0.55349453  1.80499578  5.29811142 -0.88617276  0.23189765]\n [-3.24348536  0.58423597 -1.7845598  -0.88617276  5.99719577  2.23562526]\n [-2.06978524 -1.10646722  0.13496586  0.23189765  2.23562526  5.74015812]]", "nfev": "322", "njev": "46", "status": "0", "success": "True", "message": "Optimization terminated successfully.", "x": "[5.39179386 2.9888285  3.54067035 4.51871983 3.2667005  1.86406751]", "nit": "39", "callback": [0.4981398954558198, 0.49679475592059075, 0.4760100813107956]}, "13": {"maxiter": 500, "gtol": 1e-10, "xrtol": 1e-05, "eps": 1e-10, "duration": 0.07220697402954102, "fun": "0.47309997107226165", "jac": "[ 1.11022293e-06 -1.11022293e-06  0.00000000e+00  1.11022293e-06\n  1.11022293e-06 -1.11022293e-06]", "hess_inv": "[[ 7.91638905  0.09528969  1.33317705  2.58827562 -3.33926711 -2.01862171]\n [ 0.09528969  8.73009887 -6.17698038 -0.87985462  0.772198   -1.07960148]\n [ 1.33317705 -6.17698038  8.6482834   2.23083063 -1.82588582  0.19022069]\n [ 2.58827562 -0.87985462  2.23083063  5.49396256 -1.22821911  0.24925847]\n [-3.33926711  0.772198   -1.82588582 -1.22821911  6.3210739   2.13196219]\n [-2.01862171 -1.07960148  0.19022069  0.24925847  2.13196219  5.57766036]]", "nfev": "322", "njev": "46", "status": "0", "success": "True", "message": "Optimization terminated successfully.", "x": "[5.39180201 2.98882741 3.54067606 4.51872905 3.2667079  1.86407234]", "nit": "39", "callback": [0.4981399418978478, 0.49679504484004255, 0.47530764990098917]}, "14": {"maxiter": 500, "gtol": 1e-10, "xrtol": 1e-10, "eps": 1e-05, "duration": 0.1410810947418213, "fun": "0.47309997108081436", "jac": "[ 7.57727214e-08 -7.18758386e-08 -1.35702560e-07  1.14563914e-07\n -1.43940415e-07  9.29256672e-08]", "hess_inv": "[[ 8.02993012 -0.06302492  1.30449402  2.34886557 -3.13929883 -2.33723172]\n [-0.06302492  8.86596348 -6.22263486 -0.87076063  0.73749727 -1.04914091]\n [ 1.30449402 -6.22263486  8.74192196  1.90017259 -1.80943083  0.17951471]\n [ 2.34886557 -0.87076063  1.90017259  4.99065903 -1.04856089 -0.4336172 ]\n [-3.13929883  0.73749727 -1.80943083 -1.04856089  6.0807407   2.35506205]\n [-2.33723172 -1.04914091  0.17951471 -0.4336172   2.35506205  5.42225773]]", "nfev": "620", "njev": "87", "status": "2", "success": "False", "message": "Desired error not necessarily achieved due to precision loss.", "x": "[5.39179724 2.98883122 3.54066963 4.51872086 3.26670183 1.86407213]", "nit": "40", "callback": [0.4981398954558198, 0.49679475592059075, 0.4760100813107956, 0.47309997108081436]}, "15": {"maxiter": 500, "gtol": 1e-10, "xrtol": 1e-10, "eps": 1e-10, "duration": 0.10409283638000488, "fun": "0.47309997106677726", "jac": "[ 0.00000000e+00  0.00000000e+00 -1.11022293e-06  0.00000000e+00\n  0.00000000e+00 -1.11022293e-06]", "hess_inv": "[[ 3.76856147  1.6042644  -1.85759203 -1.08847746 -1.87660984 -0.98237174]\n [ 1.6042644   4.98404288 -2.0389576  -2.55231069 -2.10372349 -0.13617414]\n [-1.85759203 -2.0389576   1.89886617  1.77033568  1.77089579 -0.56263358]\n [-1.08847746 -2.55231069  1.77033568  2.62163324  1.78870592 -2.2353795 ]\n [-1.87660984 -2.10372349  1.77089579  1.78870592  2.06190268 -0.71495027]\n [-0.98237174 -0.13617414 -0.56263358 -2.2353795  -0.71495027  9.75133781]]", "nfev