{"date": "2024/10/08/, 20:39:13", "conf_id": 28, "data_type": "random\n", "num_data_points": 2, "s_rank": 0, "unitary": "[[-0.53618537-0.34368723j,-0.12107031-0.46226139j,-0.07699282-0.46603512j,0.36022595-0.11472301j],[0.26026499-0.63450712j,-0.56616638+0.37832564j,-0.14988651+0.08458591j,0.10363514-0.16008501j],[-0.32580188-0.11070003j,-0.36476308-0.23593218j,0.02559343+0.41761608j,-0.25598305+0.6725303j],[0.07406738-0.0126433j,0.28513701+0.19483972j,-0.74939717-0.10299659j,0.29798249+0.46269921j]]", "databatch_0": {"databatch": "[[[2.78743414e-01+0.07382166j,-2.49752120e-01+0.11808011j,-1.10473855e-01-0.47296656j,-6.25341296e-02+0.10575807j],[-5.39107080e-02-0.14446834j,-1.89642480e-02+0.03835783j,-2.64002094e-04+0.03398402j,1.57446329e-01-0.29974955j],[1.28636622e-03+0.01497286j,-1.06409636e-01-0.00205637j,9.42635252e-02-0.14458711j,-7.99052289e-03-0.19766753j],[-1.65057661e-01-0.0636643j,-4.95115694e-02+0.09689637j,2.17952341e-02-0.10601316j,-2.31410428e-01-0.50916721j]],[[-8.22791846e-02+0.18330686j,1.40896208e-01+0.26073833j,1.42642718e-01-0.3226968j,3.20300048e-04-0.3901239j],[-2.71128866e-02+0.05710871j,-5.07091251e-02+0.13992289j,1.90779929e-01+0.03430144j,2.11503622e-01-0.25088662j],[7.97536593e-02+0.02701607j,1.52271258e-01-0.17055012j,-3.40092890e-01-0.08341821j,-2.72315797e-01+0.24291544j],[-2.59148375e-02+0.07629723j,8.07764686e-02-0.05165997j,-2.23800388e-01-0.08759361j,-4.66906838e-02+0.18149963j]]]", "initial param values": "[1.89678344,5.31020084,0.42783764,4.10576747,2.14202823,2.26013248]", "nelder_mead": {"type": "gradient-free", "0": {"maxiter": 100, "fatol": 1e-05, "xatol": 1e-05, "duration": 0.04819822311401367, "fun": "0.44038406163216814", "nit": "100", "nfev": "150", "status": "2", "success": "False", "message": "Maximum number of iterations has been exceeded.", "x": "[3.71778591 5.22774016 0.42137685 4.60318888 1.24407861 2.46985285]", "final_simplex": "(array([[3.71778591, 5.22774016, 0.42137685, 4.60318888, 1.24407861,\n        2.46985285],\n       [3.70926239, 5.25166104, 0.42531298, 4.57321291, 1.1847568 ,\n        2.50023643],\n       [3.75476713, 5.3143469 , 0.42622175, 4.50159199, 1.15071764,\n        2.4983074 ],\n       [3.73348775, 5.28635718, 0.41073906, 4.53553738, 1.18451422,\n        2.51819857],\n       [3.63240414, 5.25001644, 0.42840675, 4.55054278, 1.19818567,\n        2.49021804],\n       [3.73086858, 5.26844313, 0.42001848, 4.51534456, 1.17551244,\n        2.54947965],\n       [3.7329425 , 5.24602015, 0.40789375, 4.57777534, 1.17659126,\n        2.48928785]]), array([0.44038406, 0.44069027, 0.44088046, 0.44180717, 0.44202787,\n       0.44208405, 0.44219691]))", "callback": [0.7247960951361997, 0.6207314829857983, 0.5475334500520558, 0.47748421204280933, 0.45469141678051905, 0.44948012393024894, 0.44621117008075206, 0.4439569688207937, 0.4434530506256117, 0.4418071677640445]}, "1": {"maxiter": 100, "fatol": 1e-05, "xatol": 1e-10, "duration": 0.053965091705322266, "fun": "0.44038406163216814", "nit": "100", "nfev": "150", "status": "2", "success": "False", "message": "Maximum number of iterations has been exceeded.", "x": "[3.71778591 5.22774016 0.42137685 4.60318888 1.24407861 2.46985285]", "final_simplex": "(array([[3.71778591, 5.22774016, 0.42137685, 4.60318888, 1.24407861,\n        2.46985285],\n       [3.70926239, 5.25166104, 0.42531298, 4.57321291, 1.1847568 ,\n        2.50023643],\n       [3.75476713, 5.3143469 , 0.42622175, 4.50159199, 1.15071764,\n        2.4983074 ],\n       [3.73348775, 5.28635718, 0.41073906, 4.53553738, 1.18451422,\n        2.51819857],\n       [3.63240414, 5.25001644, 0.42840675, 4.55054278, 1.19818567,\n        2.49021804],\n       [3.73086858, 5.26844313, 0.42001848, 4.51534456, 1.17551244,\n        2.54947965],\n       [3.7329425 , 5.24602015, 0.40789375, 4.57777534, 1.17659126,\n        2.48928785]]), array([0.44038406, 0.44069027, 0.44088046, 0.44180717, 0.44202787,\n       0.44208405, 0.44219691]))", "callback": [0.7247960951361997, 0.6207314829857983, 0.5475334500520558, 0.47748421204280933, 0.45469141678051905, 0.44948012393024894, 0.44621117008075206, 0.4439569688207937, 0.4434530506256117, 0.4418071677640445]}, "2": {"maxiter": 100, "fatol": 1e-10, "xatol": 1e-05, "duration": 0.05258679389953613, "fun": "0.44038406163216814", "nit": "100", "nfev": "150", "status": "2", "success": "False", "message": "Maximum number of iterations has been exceeded.", "x": "[3.71778591 5.22774016 0.42137685 4.60318888 1.24407861 2.46985285]", "final_simplex": "(array([[3.71778591, 5.22774016, 0.42137685, 4.60318888, 1.24407861,\n        2.46985285],\n       [3.70926239, 5.25166104, 0.42531298, 4.57321291, 1.1847568 ,\n        2.50023643],\n       [3.75476713, 5.3143469 , 0.42622175, 4.50159199, 1.15071764,\n        2.4983074 ],\n       [3.73348775, 5.28635718, 0.41073906, 4.53553738, 1.18451422,\n        2.51819857],\n       [3.63240414, 5.25001644, 0.42840675, 4.55054278, 1.19818567,\n        2.49021804],\n       [3.73086858, 5.26844313, 0.42001848, 4.51534456, 1.17551244,\n        2.54947965],\n       [3.7329425 , 5.24602015, 0.40789375, 4.57777534, 1.17659126,\n        2.48928785]]), array([0.44038406, 0.44069027, 0.44088046, 0.44180717, 0.44202787,\n       0.44208405, 0.44219691]))", "callback": [0.7247960951361997, 0.6207314829857983, 0.5475334500520558, 0.47748421204280933, 0.45469141678051905, 0.44948012393024894, 0.44621117008075206, 0.4439569688207937, 0.4434530506256117, 0.4418071677640445]}, "3": {"maxiter": 100, "fatol": 1e-10, "xatol": 1e-10, "duration": 0.04344296455383301, "fun": "0.44038406163216814", "nit": "100", "nfev": "150", "status": "2", "success": "False", "message": "Maximum number of iterations has been exceeded.", "x": "[3.71778591 5.22774016 0.42137685 4.60318888 1.24407861 2.46985285]", "final_simplex": "(array([[3.71778591, 5.22774016, 0.42137685, 4.60318888, 1.24407861,\n        2.46985285],\n       [3.70926239, 5.25166104, 0.42531298, 4.57321291, 1.1847568 ,\n        2.50023643],\n       [3.75476713, 5.3143469 , 0.42622175, 4.50159199, 1.15071764,\n        2.4983074 ],\n       [3.73348775, 5.28635718, 0.41073906, 4.53553738, 1.18451422,\n        2.51819857],\n       [3.63240414, 5.25001644, 0.42840675, 4.55054278, 1.19818567,\n        2.49021804],\n       [3.73086858, 5.26844313, 0.42001848, 4.51534456, 1.17551244,\n        2.54947965],\n       [3.7329425 , 5.24602015, 0.40789375, 4.57777534, 1.17659126,\n        2.48928785]]), array([0.44038406, 0.44069027, 0.44088046, 0.44180717, 0.44202787,\n       0.44208405, 0.44219691]))", "callback": [0.7247960951361997, 0.6207314829857983, 0.5475334500520558, 0.47748421204280933, 0.45469141678051905, 0.44948012393024894, 0.44621117008075206, 0.4439569688207937, 0.4434530506256117, 0.4418071677640445]}, "4": {"maxiter": 500, "fatol": 1e-05, "xatol": 1e-05, "duration": 0.2307138442993164, "fun": "0.29410398195657317", "nit": "422", "nfev": "664", "status": "0", "success": "True", "message": "Optimization terminated successfully.", "x": "[4.69735293 5.75503371 2.03652939 5.75459302 0.76234396 2.55519285]", "final_simplex": "(array([[4.69735293, 5.75503371, 2.03652939, 5.75459302, 0.76234396,\n        2.55519285],\n       [4.69735542, 5.7550328 , 2.03653578, 5.75459565, 0.76233918,\n        2.55519617],\n       [4.69735148, 5.7550356 , 2.03652753, 5.75459053, 0.76235256,\n        2.55518602],\n       [4.69735284, 5.75503559, 2.03653139, 5.75459232, 0.76233987,\n        2.55519768],\n       [4.69735296, 5.75503525, 2.03653142, 5.75459374, 0.76234115,\n        2.55519458],\n       [4.69735316, 5.75503125, 2.0365332 , 5.7545989 , 0.76234007,\n        2.55519658],\n       [4.69735703, 5.75503558, 2.03653217, 5.75459553, 0.76233558,\n        2.55520064]]), array([0.29410398, 0.29410398, 0.29410398, 0.29410398, 0.29410398,\n       0.29410398, 0.29410398]))", "callback": [0.7247960951361997, 0.6207314829857983, 0.5475334500520558, 0.47748421204280933, 0.45469141678051905, 0.44948012393024894, 0.44621117008075206, 0.4439569688207937, 0.4434530506256117, 0.4418071677640445, 0.439935058323211, 0.43265551636813315, 0.42185920677576527, 0.4031225034111273, 0.3797374467663711, 0.36015877734403945, 0.3434248609455556, 0.31548203139590836, 0.30381089608470047, 0.29796975539748394, 0.29539331192051455, 0.2944864840054947, 0.2942620832167169, 0.2942304948098168, 0.2942132432166007, 0.29421137183527946, 0.2941977417321756, 0.2941635661554044, 0.2941241472338446, 0.29411643275119803, 0.294109254420596, 0.29410755348754525, 0.2941054884475046, 0.29410428577120107, 0.29410402973639205, 0.294104008293106, 0.2941039868819002, 0.2941039829170562, 0.2941039822260151, 0.2941039820161211, 0.2941039819610265, 0.29410398195892307, 0.29410398195657317]}, "5": {"maxiter": 500, "fatol": 1e-05, "xatol": 1e-10, "duration": 0.2570350170135498, "fun": "0.2941039819529565", "nit": "500", "nfev": "791", "status": "2", "success": "False", "message": "Maximum number of iterations has been exceeded.", "x": "[4.69735543 5.75503141 2.03653311 5.75459591 0.76234449 2.55519487]", "final_simplex": "(array([[4.69735543, 5.75503141, 2.03653311, 5.75459591, 0.76234449,\n        2.55519487],\n       [4.69735542, 5.75503142, 2.03653312, 5.75459593, 0.76234444,\n        2.5551949 ],\n       [4.69735542, 5.75503139, 2.0365331 , 5.75459591, 0.7623445 ,\n        2.55519487],\n       [4.6973554 , 5.75503145, 2.03653309, 5.75459589, 0.76234441,\n        2.55519495],\n       [4.6973554 , 5.7550314 , 2.03653309, 5.75459589, 0.76234444,\n        2.55519489],\n       [4.6973554 , 5.75503141, 2.03653309, 5.75459588, 0.7623445 ,\n        2.55519485],\n       [4.69735541, 5.75503142, 2.03653308, 5.7545959 , 0.76234453,\n        2.55519482]]), array([0.29410398, 0.29410398, 0.29410398, 0.29410398, 0.29410398,\n       0.29410398, 0.29410398]))", "callback": [0.7247960951361997, 0.6207314829857983, 0.5475334500520558, 0.47748421204280933, 0.45469141678051905, 0.44948012393024894, 0.44621117008075206, 0.4439569688207937, 0.4434530506256117, 0.4418071677640445, 0.439935058323211, 0.43265551636813315, 0.42185920677576527, 0.4031225034111273, 0.3797374467663711, 0.36015877734403945, 0.3434248609455556, 0.31548203139590836, 0.30381089608470047, 0.29796975539748394, 0.29539331192051455, 0.2944864840054947, 0.2942620832167169, 0.2942304948098168, 0.2942132432166007, 0.29421137183527946, 0.2941977417321756, 0.2941635661554044, 0.2941241472338446, 0.29411643275119803, 0.294109254420596, 0.29410755348754525, 0.2941054884475046, 0.29410428577120107, 0.29410402973639205, 0.294104008293106, 0.2941039868819002, 0.2941039829170562, 0.2941039822260151, 0.2941039820161211, 0.2941039819610265, 0.29410398195892307, 0.29410398195657317, 0.29410398195305887, 0.29410398195305887, 0.2941039819530461, 0.2941039819529744, 0.29410398195296095, 0.29410398195295684, 0.2941039819529566]}, "6": {"maxiter": 500, "fatol": 1e-10, "xatol": 1e-05, "duration": 0.2375507354736328, "fun": "0.29410398195657317", "nit": "422", "nfev": "664", "status": "0", "success": "True", "message": "Optimization terminated successfully.", "x": "[4.69735293 5.75503371 2.03652939 5.75459302 0.76234396 2.55519285]", "final_simplex": "(array([[4.69735293, 5.75503371, 2.03652939, 5.75459302, 0.76234396,\n        2.55519285],\n       [4.69735542, 5.7550328 , 2.03653578, 5.75459565, 0.76233918,\n        2.55519617],\n       [4.69735148, 5.7550356 , 2.03652753, 5.75459053, 0.76235256,\n        2.55518602],\n       [4.69735284, 5.75503559, 2.03653139, 5.75459232, 0.76233987,\n        2.55519768],\n       [4.69735296, 5.75503525, 2.03653142, 5.75459374, 0.76234115,\n        2.55519458],\n       [4.69735316, 5.75503125, 2.0365332 , 5.7545989 , 0.76234007,\n        2.55519658],\n       [4.69735703, 5.75503558, 2.03653217, 5.75459553, 0.76233558,\n        2.55520064]]), array([0.29410398, 0.29410398, 0.29410398, 0.29410398, 0.29410398,\n       0.29410398, 0.29410398]))", "callback": [0.7247960951361997, 0.6207314829857983, 0.5475334500520558, 0.47748421204280933, 0.45469141678051905, 0.44948012393024894, 0.44621117008075206, 0.4439569688207937, 0.4434530506256117, 0.4418071677640445, 0.439935058323211, 0.43265551636813315, 0.42185920677576527, 0.4031225034111273, 0.3797374467663711, 0.36015877734403945, 0.3434248609455556, 0.31548203139590836, 0.30381089608470047, 0.29796975539748394, 0.29539331192051455, 0.2944864840054947, 0.2942620832167169, 0.2942304948098168, 0.2942132432166007, 0.29421137183527946, 0.2941977417321756, 0.2941635661554044, 0.2941241472338446, 0.29411643275119803, 0.294109254420596, 0.29410755348754525, 0.2941054884475046, 0.29410428577120107, 0.29410402973639205, 0.294104008293106, 0.2941039868819002, 0.2941039829170562, 0.2941039822260151, 0.2941039820161211, 0.2941039819610265, 0.29410398195892307, 0.29410398195657317]}, "7": {"maxiter": 500, "fatol": 1e-10, "xatol": 1e-10, "duration": 0.25481224060058594, "fun": "0.2941039819529565", "nit": "500", "nfev": "791", "status": "2", "success": "False", "message": "Maximum number of iterations has been exceeded.", "x": "[4.69735543 5.75503141 2.03653311 5.75459591 0.76234449 2.55519487]", "final_simplex": "(array([[4.69735543, 5.75503141, 2.03653311, 5.75459591, 0.76234449,\n        2.55519487],\n       [4.69735542, 5.75503142, 2.03653312, 5.75459593, 0.76234444,\n        2.5551949 ],\n       [4.69735542, 5.75503139, 2.0365331 , 5.75459591, 0.7623445 ,\n        2.55519487],\n       [4.6973554 , 5.75503145, 2.03653309, 5.75459589, 0.76234441,\n        2.55519495],\n       [4.6973554 , 5.7550314 , 2.03653309, 5.75459589, 0.76234444,\n        2.55519489],\n       [4.6973554 , 5.75503141, 2.03653309, 5.75459588, 0.7623445 ,\n        2.55519485],\n       [4.69735541, 5.75503142, 2.03653308, 5.7545959 , 0.76234453,\n        2.55519482]]), array([0.29410398, 0.29410398, 0.29410398, 0.29410398, 0.29410398,\n       0.29410398, 0.29410398]))", "callback": [0.7247960951361997, 0.6207314829857983, 0.5475334500520558, 0.47748421204280933, 0.45469141678051905, 0.44948012393024894, 0.44621117008075206, 0.4439569688207937, 0.4434530506256117, 0.4418071677640445, 0.439935058323211, 0.43265551636813315, 0.42185920677576527, 0.4031225034111273, 0.3797374467663711, 0.36015877734403945, 0.3434248609455556, 0.31548203139590836, 0.30381089608470047, 0.29796975539748394, 0.29539331192051455, 0.2944864840054947, 0.2942620832167169, 0.2942304948098168, 0.2942132432166007, 0.29421137183527946, 0.2941977417321756, 0.2941635661554044, 0.2941241472338446, 0.29411643275119803, 0.294109254420596, 0.29410755348754525, 0.2941054884475046, 0.29410428577120107, 0.29410402973639205, 0.294104008293106, 0.2941039868819002, 0.2941039829170562, 0.2941039822260151, 0.2941039820161211, 0.2941039819610265, 0.29410398195892307, 0.29410398195657317, 0.29410398195305887, 0.29410398195305887, 0.2941039819530461, 0.2941039819529744, 0.29410398195296095, 0.29410398195295684, 0.2941039819529566]}, "8": {"maxiter": 1000, "fatol": 1e-05, "xatol": 1e-05, "duration": 0.1950669288635254, "fun": "0.29410398195657317", "nit": "422", "nfev": "664", "status": "0", "success": "True", "message": "Optimization terminated successfully.", "x": "[4.69735293 5.75503371 2.03652939 5.75459302 0.76234396 2.55519285]", "final_simplex": "(array([[4.69735293, 5.75503371, 2.03652939, 5.75459302, 0.76234396,\n        2.55519285],\n       [4.69735542, 5.7550328 , 2.03653578, 5.75459565, 0.76233918,\n        2.55519617],\n       [4.69735148, 5.7550356 , 2.03652753, 5.75459053, 0.76235256,\n        2.55518602],\n       [4.69735284, 5.75503559, 2.03653139, 5.75459232, 0.76233987,\n        2.55519768],\n       [4.69735296, 5.75503525, 2.03653142, 5.75459374, 0.76234115,\n        2.55519458],\n       [4.69735316, 5.75503125, 2.0365332 , 5.7545989 , 0.76234007,\n        2.55519658],\n       [4.69735703, 5.75503558, 2.03653217, 5.75459553, 0.76233558,\n        2.55520064]]), array([0.29410398, 0.29410398, 0.29410398, 0.29410398, 0.29410398,\n       0.29410398, 0.29410398]))", "callback": [0.7247960951361997, 0.6207314829857983, 0.5475334500520558, 0.47748421204280933, 0.45469141678051905, 0.44948012393024894, 0.44621117008075206, 0.4439569688207937, 0.4434530506256117, 0.4418071677640445, 0.439935058323211, 0.43265551636813315, 0.42185920677576527, 0.4031225034111273, 0.3797374467663711, 0.36015877734403945, 0.3434248609455556, 0.31548203139590836, 0.30381089608470047, 0.29796975539748394, 0.29539331192051455, 0.2944864840054947, 0.2942620832167169, 0.2942304948098168, 0.2942132432166007, 0.29421137183527946, 0.2941977417321756, 0.2941635661554044, 0.2941241472338446, 0.29411643275119803, 0.294109254420596, 0.29410755348754525, 0.2941054884475046, 0.29410428577120107, 0.29410402973639205, 0.294104008293106, 0.2941039868819002, 0.2941039829170562, 0.2941039822260151, 0.2941039820161211, 0.2941039819610265, 0.29410398195892307, 0.29410398195657317]}, "9": {"maxiter": 1000, "fatol": 1e-05, "xatol": 1e-10, "duration": 0.30510997772216797, "fun": "0.29410398195295595", "nit": "530", "nfev": "898", "status": "0", "success": "True", "message": "Optimization terminated successfully.", "x": "[4.69735543 5.75503142 2.03653311 5.75459593 0.76234443 2.55519493]", "final_simplex": "(array([[4.69735543, 5.75503142, 2.03653311, 5.75459593, 0.76234443,\n        2.55519493],\n       [4.69735543, 5.75503142, 2.03653311, 5.75459593, 0.76234443,\n        2.55519493],\n       [4.69735543, 5.75503142, 2.03653311, 5.75459593, 0.76234443,\n        2.55519493],\n       [4.69735543, 5.75503142, 2.03653311, 5.75459593, 0.76234443,\n        2.55519493],\n       [4.69735543, 5.75503142, 2.03653311, 5.75459593, 0.76234443,\n        2.55519493],\n       [4.69735543, 5.75503142, 2.03653311, 5.75459593, 0.76234443,\n        2.55519493],\n       [4.69735543, 5.75503142, 2.03653311, 5.75459593, 0.76234443,\n        2.55519493]]), array([0.29410398, 0.29410398, 0.29410398, 0.29410398, 0.29410398,\n       0.29410398, 0.29410398]))", "callback": [0.7247960951361997, 0.6207314829857983, 0.5475334500520558, 0.47748421204280933, 0.45469141678051905, 0.44948012393024894, 0.44621117008075206, 0.4439569688207937, 0.4434530506256117, 0.4418071677640445, 0.439935058323211, 0.43265551636813315, 0.42185920677576527, 0.4031225034111273, 0.3797374467663711, 0.36015877734403945, 0.3434248609455556, 0.31548203139590836, 0.30381089608470047, 0.29796975539748394, 0.29539331192051455, 0.2944864840054947, 0.2942620832167169, 0.2942304948098168, 0.2942132432166007, 0.29421137183527946, 0.2941977417321756, 0.2941635661554044, 0.2941241472338446, 0.29411643275119803, 0.294109254420596, 0.29410755348754525, 0.2941054884475046, 0.29410428577120107, 0.29410402973639205, 0.294104008293106, 0.2941039868819002, 0.2941039829170562, 0.2941039822260151, 0.2941039820161211, 0.2941039819610265, 0.29410398195892307, 0.29410398195657317, 0.29410398195305887, 0.29410398195305887, 0.2941039819530461, 0.2941039819529744, 0.29410398195296095, 0.29410398195295684, 0.2941039819529566, 0.29410398195295606, 0.29410398195295606, 0.29410398195295595]}, "10": {"maxiter": 1000, "fatol": 1e-10, "xatol": 1e-05, "duration": 0.2322099208831787, "fun": "0.29410398195657317", "nit": "422", "nfev": "664", "status": "0", "success": "True", "message": "Optimization terminated successfully.", "x": "[4.69735293 5.75503371 2.03652939 5.75459302 0.76234396 2.55519285]", "final_simplex": "(array([[4.69735293, 5.75503371, 2.03652939, 5.75459302, 0.76234396,\n        2.55519285],\n       [4.69735542, 5.7550328 , 2.03653578, 5.75459565, 0.76233918,\n        2.55519617],\n       [4.69735148, 5.7550356 , 2.03652753, 5.75459053, 0.76235256,\n        2.55518602],\n       [4.69735284, 5.75503559, 2.03653139, 5.75459232, 0.76233987,\n        2.55519768],\n       [4.69735296, 5.75503525, 2.03653142, 5.75459374, 0.76234115,\n        2.55519458],\n       [4.69735316, 5.75503125, 2.0365332 , 5.7545989 , 0.76234007,\n        2.55519658],\n       [4.69735703, 5.75503558, 2.03653217, 5.75459553, 0.76233558,\n        2.55520064]]), array([0.29410398, 0.29410398, 0.29410398, 0.29410398, 0.29410398,\n       0.29410398, 0.29410398]))", "callback": [0.7247960951361997, 0.6207314829857983, 0.5475334500520558, 0.47748421204280933, 0.45469141678051905, 0.44948012393024894, 0.44621117008075206, 0.4439569688207937, 0.4434530506256117, 0.4418071677640445, 0.439935058323211, 0.43265551636813315, 0.42185920677576527, 0.4031225034111273, 0.3797374467663711, 0.36015877734403945, 0.3434248609455556, 0.31548203139590836, 0.30381089608470047, 0.29796975539748394, 0.29539331192051455, 0.2944864840054947, 0.2942620832167169, 0.2942304948098168, 0.2942132432166007, 0.29421137183527946, 0.2941977417321756, 0.2941635661554044, 0.2941241472338446, 0.29411643275119803, 0.294109254420596, 0.29410755348754525, 0.2941054884475046, 0.29410428577120107, 0.29410402973639205, 0.294104008293106, 0.2941039868819002, 0.2941039829170562, 0.2941039822260151, 0.2941039820161211, 0.2941039819610265, 0.29410398195892307, 0.29410398195657317]}, "11": {"maxiter": 1000, "fatol": 1e-10, "xatol": 1e-10, "duration": 0.29146504402160645, "fun": "0.29410398195295595", "nit": "530", "nfev": "898", "status": "0", "success": "True", "message": "Optimization terminated successfully.", "x": "[4.69735543 5.75503142 2.03653311 5.75459593 0.76234443 2.55519493]", "final_simplex": "(array([[4.69735543, 5.75503142, 2.03653311, 5.75459593, 0.76234443,\n        2.55519493],\n       [4.69735543, 5.75503142, 2.03653311, 5.75459593, 0.76234443,\n        2.55519493],\n       [4.69735543, 5.75503142, 2.03653311, 5.75459593, 0.76234443,\n        2.55519493],\n       [4.69735543, 5.75503142, 2.03653311, 5.75459593, 0.76234443,\n        2.55519493],\n       [4.69735543, 5.75503142, 2.03653311, 5.75459593, 0.76234443,\n        2.55519493],\n       [4.69735543, 5.75503142, 2.03653311, 5.75459593, 0.76234443,\n        2.55519493],\n       [4.69735543, 5.75503142, 2.03653311, 5.75459593, 0.76234443,\n        2.55519493]]), array([0.29410398, 0.29410398, 0.29410398, 0.29410398, 0.29410398,\n       0.29410398, 0.29410398]))", "callback": [0.7247960951361997, 0.6207314829857983, 0.5475334500520558, 0.47748421204280933, 0.45469141678051905, 0.44948012393024894, 0.44621117008075206, 0.4439569688207937, 0.4434530506256117, 0.4418071677640445, 0.439935058323211, 0.43265551636813315, 0.42185920677576527, 0.4031225034111273, 0.3797374467663711, 0.36015877734403945, 0.3434248609455556, 0.31548203139590836, 0.30381089608470047, 0.29796975539748394, 0.29539331192051455, 0.2944864840054947, 0.2942620832167169, 0.2942304948098168, 0.2942132432166007, 0.29421137183527946, 0.2941977417321756, 0.2941635661554044, 0.2941241472338446, 0.29411643275119803, 0.294109254420596, 0.29410755348754525, 0.2941054884475046, 0.29410428577120107, 0.29410402973639205, 0.294104008293106, 0.2941039868819002, 0.2941039829170562, 0.2941039822260151, 0.2941039820161211, 0.2941039819610265, 0.29410398195892307, 0.29410398195657317, 0.29410398195305887, 0.29410398195305887, 0.2941039819530461, 0.2941039819529744, 0.29410398195296095, 0.29410398195295684, 0.2941039819529566, 0.29410398195295606, 0.29410398195295606, 0.29410398195295595]}}, "bfgs": {"type": "gradient", "0": {"maxiter": 100, "gtol": 1e-05, "xrtol": 1e-05, "eps": 1e-05, "duration": 0.06077003479003906, "fun": "0.29410398234714885", "jac": "[-5.95778982e-07  2.83577606e-06 -2.09862128e-06 -5.05726572e-06\n  2.04729567e-06  5.36583000e-06]", "hess_inv": "[[  6.29413268  -1.15661176   2.87091902   3.46185017  -7.43318642\n    5.90159158]\n [ -1.15661176   3.85277657  -0.8980785   -1.96359071   2.17908047\n   -2.34412566]\n [  2.87091902  -0.8980785    5.62704065   4.02638599  -6.37049467\n    5.35387244]\n [  3.46185017  -1.96359071   4.02638599   6.49522453  -6.55282433\n    5.92366835]\n [ -7.43318642   2.17908047  -6.37049467  -6.55282433  23.70216048\n  -20.47210842]\n [  5.90159158  -2.34412566   5.35387244   5.92366835 -20.47210842\n   20.6206562 ]]", "nfev": "175", "njev": "25", "status": "0", "success": "True", "message": "Optimization terminated successfully.", "x": "[4.69731669 5.7550579  2.03648124 5.75452887 0.76236148 2.55519883]", "nit": "22", "callback": [0.5944045313197512, 0.5459126647554847, 0.49285239229386246, 0.43685715020756, 0.4132276661155987, 0.37290872637103356, 0.31756885987309336, 0.3082264351139271, 0.3039138980446925, 0.2985807839776923, 0.29679178187969224, 0.2956689019409843, 0.2953615407135497, 0.2952144782239676, 0.2950739232307873, 0.2948459344952856, 0.29451862330312206, 0.29426403724104866, 0.2941181771067026, 0.2941041245144873, 0.2941039970817255, 0.29410398234714885]}, "1": {"maxiter": 100, "gtol": 1e-05, "xrtol": 1e-05, "eps": 1e-10, "duration": 0.062331199645996094, "fun": "0.2941039822395033", "jac": "[-4.44089173e-06  5.55111466e-06 -2.22044587e-06 -3.33066880e-06\n  4.44089173e-06  5.55111466e-06]", "hess_inv": "[[  6.24453493  -1.12997008   2.84431104   3.42481202  -7.36892196\n    5.85330791]\n [ -1.12997008   3.82614006  -0.91244745  -1.97027105   2.15222493\n   -2.33524945]\n [  2.84431104  -0.91244745   5.55362565   3.94901848  -6.32498202\n    5.30701058]\n [  3.42481202  -1.97027105   3.94901848   6.41740437  -6.48877282\n    5.85625282]\n [ -7.36892196   2.15222493  -6.32498202  -6.48877282  23.63148151\n  -20.42357046]\n [  5.85330791  -2.33524945   5.30701058   5.85625282 -20.42357046\n   20.59603408]]", "nfev": "175", "njev": "25", "status": "0", "success": "True", "message": "Optimization terminated successfully.", "x": "[4.69732557 5.75506633 2.0365059  5.75455553 0.76235255 2.55521292]", "nit": "22", "callback": [0.5943958146713931, 0.5459060749897027, 0.49284692014979814, 0.4368461426515463, 0.413213743962335, 0.3728860582244027, 0.3175504987428611, 0.30821172968175836, 0.3039238070939255, 0.29857468823554734, 0.2967934353205317, 0.29566770742931514, 0.29536203865812305, 0.29521489242060617, 0.295074205204929, 0.2948460039885924, 0.29451806983828743, 0.2942633078767142, 0.294118146086068, 0.2941041245779641, 0.29410399668286424, 0.2941039822395033]}, "2": {"maxiter": 100, "gtol": 1e-05, "xrtol": 1e-10, "eps": 1e-05, "duration": 0.05275678634643555, "fun": "0.29410398234714885", "jac": "[-5.95778982e-07  2.83577606e-06 -2.09862128e-06 -5.05726572e-06\n  2.04729567e-06  5.36583000e-06]", "hess_inv": "[[  6.29413268  -1.15661176   2.87091902   3.46185017  -7.43318642\n    5.90159158]\n [ -1.15661176   3.85277657  -0.8980785   -1.96359071   2.17908047\n   -2.34412566]\n [  2.87091902  -0.8980785    5.62704065   4.02638599  -6.37049467\n    5.35387244]\n [  3.46185017  -1.96359071   4.02638599   6.49522453  -6.55282433\n    5.92366835]\n [ -7.43318642   2.17908047  -6.37049467  -6.55282433  23.70216048\n  -20.47210842]\n [  5.90159158  -2.34412566   5.35387244   5.92366835 -20.47210842\n   20.6206562 ]]", "nfev": "175", "njev": "25", "status": "0", "success": "True", "message": "Optimization terminated successfully.", "x": "[4.69731669 5.7550579  2.03648124 5.75452887 0.76236148 2.55519883]", "nit": "22", "callback": [0.5944045313197512, 0.5459126647554847, 0.49285239229386246, 0.43685715020756, 0.4132276661155987, 0.37290872637103356, 0.31756885987309336, 0.3082264351139271, 0.3039138980446925, 0.2985807839776923, 0.29679178187969224, 0.2956689019409843, 0.2953615407135497, 0.2952144782239676, 0.2950739232307873, 0.2948459344952856, 0.29451862330312206, 0.29426403724104866, 0.2941181771067026, 0.2941041245144873, 0.2941039970817255, 0.29410398234714885]}, "3": {"maxiter": 100, "gtol": 1e-05, "xrtol": 1e-10, "eps": 1e-10, "duration": 0.06329107284545898, "fun": "0.2941039822395033", "jac": "[-4.44089173e-06  5.55111466e-06 -2.22044587e-06 -3.33066880e-06\n  4.44089173e-06  5.55111466e-06]", "hess_inv": "[[  6.24453493  -1.12997008   2.84431104   3.42481202  -7.36892196\n    5.85330791]\n [ -1.12997008   3.82614006  -0.91244745  -1.97027105   2.15222493\n   -2.33524945]\n [  2.84431104  -0.91244745   5.55362565   3.94901848  -6.32498202\n    5.30701058]\n [  3.42481202  -1.97027105   3.94901848   6.41740437  -6.48877282\n    5.85625282]\n [ -7.36892196   2.15222493  -6.32498202  -6.48877282  23.63148151\n  -20.42357046]\n [  5.85330791  -2.33524945   5.30701058   5.85625282 -20.42357046\n   20.59603408]]", "nfev": "175", "njev": "25", "status": "0", "success": "True", "message": "Optimization terminated successfully.", "x": "[4.69732557 5.75506633 2.0365059  5.75455553 0.76235255 2.55521292]", "nit": "22", "callback": [0.5943958146713931, 0.5459060749897027, 0.49284692014979814, 0.4368461426515463, 0.413213743962335, 0.3728860582244027, 0.3175504987428611, 0.30821172968175836, 0.3039238070939255, 0.29857468823554734, 0.2967934353205317, 0.29566770742931514, 0.29536203865812305, 0.29521489242060617, 0.295074205204929, 0.2948460039885924, 0.29451806983828743, 0.2942633078767142, 0.294118146086068, 0.2941041245779641, 0.29410399668286424, 0.2941039822395033]}, "4": {"maxiter": 100, "gtol": 1e-10, "xrtol": 1e-05, "eps": 1e-05, "duration": 0.05925703048706055, "fun": "0.2941039820552359", "jac": "[ 1.53865809e-07  6.04805095e-07 -1.58930646e-06 -1.20617960e-06\n  1.94055882e-07  1.12253540e-06]", "hess_inv": "[[  6.45516674  -1.31291294   2.96770179   3.6710242   -7.42030547\n    5.74760769]\n [ -1.31291294   4.0000314   -0.95820083  -2.13289555   2.1750703\n   -2.20537507]\n [  2.96770179  -0.95820083   5.42838609   3.89599711  -6.42724881\n    5.34264799]\n [  3.6710242   -2.13289555   3.89599711   6.51154107  -6.60040819\n    5.80474598]\n [ -7.42030547   2.1750703   -6.42724881  -6.60040819  23.686994\n  -20.46400325]\n [  5.74760769  -2.20537507   5.34264799   5.80474598 -20.46400325\n   20.74214872]]", "nfev": "182", "njev": "26", "status": "0", "success": "True", "message": "Optimization terminated successfully.", "x": "[4.6973334  5.75504036 2.03650131 5.75456058 0.76236534 2.55517968]", "nit": "23", "callback": [0.5944045313197512, 0.5459126647554847, 0.49285239229386246, 0.43685715020756, 0.4132276661155987, 0.37290872637103356, 0.31756885987309336, 0.3082264351139271, 0.3039138980446925, 0.2985807839776923, 0.29679178187969224, 0.2956689019409843, 0.2953615407135497, 0.2952144782239676, 0.2950739232307873, 0.2948459344952856, 0.29451862330312206, 0.29426403724104866, 0.2941181771067026, 0.2941041245144873, 0.2941039970817255, 0.29410398234714885, 0.2941039820552359]}, "5": {"maxiter": 100, "gtol": 1e-10, "xrtol": 1e-05, "eps": 1e-10, "duration": 0.05966305732727051, "fun": "0.29410398197299936", "jac": "[ 2.22044587e-06  1.11022293e-06  1.11022293e-06 -2.22044587e-06\n  0.00000000e+00  0.00000000e+00]", "hess_inv": "[[  4.38934528  -0.8253049    1.56935571   1.77310361  -3.56488724\n    2.03786644]\n [ -0.8253049    4.15203699  -0.74154774  -1.76312724   0.91838316\n   -0.673694  ]\n [  1.56935571  -0.74154774   4.41659376   2.64917542  -3.47380912\n    2.38015005]\n [  1.77310361  -1.76312724   2.64917542   4.84697903  -2.88517899\n    2.15419137]\n [ -3.56488724   0.91838316  -3.47380912  -2.88517899  16.703293\n  -14.14599988]\n [  2.03786644  -0.673694     2.38015005   2.15419137 -14.14599988\n   15.44916518]]", "nfev": "189", "njev": "27", "status": "0", "success": "True", "message": "Optimization terminated successfully.", "x": "[4.69736356 5.75503176 2.03653783 5.75459607 0.76231864 2.55521523]", "nit": "24", "callback": [0.5943958146713931, 0.5459060749897027, 0.49284692014979814, 0.4368461426515463, 0.413213743962335, 0.3728860582244027, 0.3175504987428611, 0.30821172968175836, 0.3039238070939255, 0.29857468823554734, 0.2967934353205317, 0.29566770742931514, 0.29536203865812305, 0.29521489242060617, 0.295074205204929, 0.2948460039885924, 0.29451806983828743, 0.2942633078767142, 0.294118146086068, 0.2941041245779641, 0.29410399668286424, 0.2941039822395033, 0.2941039820874458, 0.29410398197299936]}, "6": {"maxiter": 100, "gtol": 1e-10, "xrtol": 1e-10, "eps": 1e-05, "duration": 0.10515093803405762, "fun": "0.29410398199577625", "jac": "[ 1.19904087e-09  3.59712260e-09 -4.50750548e-09  3.84137167e-09\n -3.71924713e-09 -3.78586051e-09]", "hess_inv": "[[  6.6987826   -1.47203642   3.42553695   4.21770139  -7.46699281\n    5.55211657]\n [ -1.47203642   4.30939692  -1.61430487  -2.73462086   2.10771818\n   -2.00721625]\n [  3.42553695  -1.61430487   6.443058     5.02924525  -6.3026009\n    4.85706916]\n [  4.21770139  -2.73462086   5.02924525   7.79305341  -6.57631901\n    5.31862829]\n [ -7.46699281   2.10771818  -6.3026009   -6.57631901  23.72320319\n  -20.42926432]\n [  5.55211657  -2.00721625   4.85706916   5.31862829 -20.42926432\n   20.86024617]]", "nfev": "354", "njev": "49", "status": "2", "success": "False", "message": "Desired error not necessarily achieved due to precision loss.", "x": "[4.69733902 5.75503407 2.03651392 5.75457443 0.76236557 2.55517462]", "nit": "25", "callback": [0.5944045313197512, 0.5459126647554847, 0.49285239229386246, 0.43685715020756, 0.4132276661155987, 0.37290872637103356, 0.31756885987309336, 0.3082264351139271, 0.3039138980446925, 0.2985807839776923, 0.29679178187969224, 0.2956689019409843, 0.2953615407135497, 0.2952144782239676, 0.2950739232307873, 0.2948459344952856, 0.29451862330312206, 0.29426403724104866, 0.2941181771067026, 0.2941041245144873, 0.2941039970817255, 0.29410398234714885, 0.2941039820552359, 0.2941039819960565, 0.29410398199577625]}, "7": {"maxiter": 100, "gtol": 1e-10, "xrtol": 1e-10, "eps": 1e-10, "duration": 0.08954596519470215, "fun": "0.29410398196898635", "jac": "[ 1.11022293e-06 -1.11022293e-06  0.00000000e+00  2.22044587e-06\n -1.11022293e-06 -1.11022293e-06]", "hess_inv": "[[ 43.3277157   15.75782372  17.43350802  -2.98302538 -64.72365678\n   52.67265887]\n [ 15.75782372  10.66361361   6.30931409  -2.81775073 -26.90161674\n   22.73278146]\n [ 17.43350802   6.30931409  10.65971851   0.15788906 -27.05801707\n   21.69573787]\n [ -2.98302538  -2.81775073   0.15788906   3.69786102   7.92154475\n   -7.45725362]\n [-64.72365678 -26.90161674 -27.05801707   7.92154475 104.6936837\n  -85.72785446]\n [ 52.67265887  22.73278146  21.69573787  -7.45725362 -85.72785446\n   73.40891474]]", "nfev": "280", "njev": "40", "status": "0", "success": "True", "message": "Optimization terminated successfully.", "x": "[4.69735199 5.75502588 2.03653396 5.75459934 0.7623317  2.55520512]", "nit": "26", "callback": [0.5943958146713931, 0.5459060749897027, 0.49284692014979814, 0.4368461426515463, 0.413213743962335, 0.3728860582244027, 0.3175504987428611, 0.30821172968175836, 0.3039238070939255, 0.29857468823554734, 0.2967934353205317, 0.29566770742931514, 0.29536203865812305, 0.29521489242060617, 0.295074205204929, 0.2948460039885924, 0.29451806983828743, 0.2942633078767142, 0.294118146086068, 0.2941041245779641, 0.29410399668286424, 0.2941039822395033, 0.2941039820874458, 0.29410398197299936, 0.29410398196898646, 0.29410398196898635]}, "8": {"maxiter": 500, "gtol": 1e-05, "xrtol": 1e-05, "eps": 1e-05, "duration": 0.055708885192871094, "fun": "0.29410398234714885", "jac": "[-5.95778982e-07  2.83577606e-06 -2.09862128e-06 -5.05726572e-06\n  2.04729567e-06  5.36583000e-06]", "hess_inv": "[[  6.29413268  -1.15661176   2.87091902   3.46185017  -7.43318642\n    5.90159158]\n [ -1.15661176   3.85277657  -0.8980785   -1.96359071   2.17908047\n   -2.34412566]\n [  2.87091902  -0.8980785    5.62704065   4.02638599  -6.37049467\n    5.35387244]\n [  3.46185017  -1.96359071   4.02638599   6.49522453  -6.55282433\n    5.92366835]\n [ -7.43318642   2.17908047  -6.37049467  -6.55282433  23.70216048\n  -20.47210842]\n [  5.90159158  -2.34412566   5.35387244   5.92366835 -20.47210842\n   20.6206562 ]]", "nfev": "175", "njev": "25", "status": "0", "success": "True", "message": "Optimization terminated successfully.", "x": "[4.69731669 5.7550579  2.03648124 5.75452887 0.76236148 2.55519883]", "nit": "22", "callback": [0.5944045313197512, 0.5459126647554847, 0.49285239229386246, 0.43685715020756, 0.4132276661155987, 0.37290872637103356, 0.31756885987309336, 0.3082264351139271, 0.3039138980446925, 0.2985807839776923, 0.29679178187969224, 0.2956689019409843, 0.2953615407135497, 0.2952144782239676, 0.2950739232307873, 0.2948459344952856, 0.29451862330312206, 0.29426403724104866, 0.2941181771067026, 0.2941041245144873, 0.2941039970817255, 0.29410398234714885]}, "9": {"maxiter": 500, "gtol": 1e-05, "xrtol": 1e-05, "eps": 1e-10, "duration": 0.06637215614318848, "fun": "0.2941039822395033", "jac": "[-4.44089173e-06  5.55111466e-06 -2.22044587e-06 -3.33066880e-06\n  4.44089173e-06  5.55111466e-06]", "hess_inv": "[[  6.24453493  -1.12997008   2.84431104   3.42481202  -7.36892196\n    5.85330791]\n [ -1.12997008   3.82614006  -0.91244745  -1.97027105   2.15222493\n   -2.33524945]\n [  2.84431104  -0.91244745   5.55362565   3.94901848  -6.32498202\n    5.30701058]\n [  3.42481202  -1.97027105   3.94901848   6.41740437  -6.48877282\n    5.85625282]\n [ -7.36892196   2.15222493  -6.32498202  -6.48877282  23.63148151\n  -20.42357046]\n [  5.85330791  -2.33524945   5.30701058   5.85625282 -20.42357046\n   20.59603408]]", "nfev": "175", "njev": "25", "status": "0", "success": "True", "message": "Optimization terminated successfully.", "x": "[4.69732557 5.75506633 2.0365059  5.75455553 0.76235255 2.55521292]", "nit": "22", "callback": [0.5943958146713931, 0.5459060749897027, 0.49284692014979814, 0.4368461426515463, 0.413213743962335, 0.3728860582244027, 0.3175504987428611, 0.30821172968175836, 0.3039238070939255, 0.29857468823554734, 0.2967934353205317, 0.29566770742931514, 0.29536203865812305, 0.29521489242060617, 0.295074205204929, 0.2948460039885924, 0.29451806983828743, 0.2942633078767142, 0.294118146086068, 0.2941041245779641, 0.29410399668286424, 0.2941039822395033]}, "10": {"maxiter": 500, "gtol": 1e-05, "xrtol": 1e-10, "eps": 1e-05, "duration": 0.059615135192871094, "fun": "0.29410398234714885", "jac": "[-5.95778982e-07  2.83577606e-06 -2.09862128e-06 -5.05726572e-06\n  2.04729567e-06  5.36583000e-06]", "hess_inv": "[[  6.29413268  -1.15661176   2.87091902   3.46185017  -7.43318642\n    5.90159158]\n [ -1.15661176   3.85277657  -0.8980785   -1.96359071   2.17908047\n   -2.34412566]\n [  2.87091902  -0.8980785    5.62704065   4.02638599  -6.37049467\n    5.35387244]\n [  3.46185017  -1.96359071   4.02638599   6.49522453  -6.55282433\n    5.92366835]\n [ -7.43318642   2.17908047  -6.37049467  -6.55282433  23.70216048\n  -20.47210842]\n [  5.90159158  -2.34412566   5.35387244   5.92366835 -20.47210842\n   20.6206562 ]]", "nfev": "175", "njev": "25", "status": "0", "success": "True", "message": "Optimization terminated successfully.", "x": "[4.69731669 5.7550579  2.03648124 5.75452887 0.76236148 2.55519883]", "nit": "22", "callback": [0.5944045313197512, 0.5459126647554847, 0.49285239229386246, 0.43685715020756, 0.4132276661155987, 0.37290872637103356, 0.31756885987309336, 0.3082264351139271, 0.3039138980446925, 0.2985807839776923, 0.29679178187969224, 0.2956689019409843, 0.2953615407135497, 0.2952144782239676, 0.2950739232307873, 0.2948459344952856, 0.29451862330312206, 0.29426403724104866, 0.2941181771067026, 0.2941041245144873, 0.2941039970817255, 0.29410398234714885]}, "11": {"maxiter": 500, "gtol": 1e-05, "xrtol": 1e-10, "eps": 1e-10, "duration": 0.053275346755981445, "fun": "0.2941039822395033", "jac": "[-4.44089173e-06  5.55111466e-06 -2.22044587e-06 -3.33066880e-06\n  4.44089173e-06  5.55111466e-06]", "hess_inv": "[[  6.24453493  -1.12997008   2.84431104   3.42481202  -7.36892196\n    5.85330791]\n [ -1.12997008   3.82614006  -0.91244745  -1.97027105   2.15222493\n   -2.33524945]\n [  2.84431104  -0.91244745   5.55362565   3.94901848  -6.32498202\n    5.30701058]\n [  3.42481202  -1.97027105   3.94901848   6.41740437  -6.48877282\n    5.85625282]\n [ -7.36892196   2.15222493  -6.32498202  -6.48877282  23.63148151\n  -20.42357046]\n [  5.85330791  -2.33524945   5.30701058   5.85625282 -20.42357046\n   20.59603408]]", "nfev": "175", "njev": "25", "status": "0", "success": "True", "message": "Optimization terminated succe