{"conf_id": 19, "data_type": "random\n", "num_data_points": 1, "s_rank": 0, "unitary": "[[-0.24866696+0.58742286j,-0.44704345-0.43151574j,-0.35669027-0.20570733j,-0.10517633+0.1626036j],[0.10596805-0.19687975j,-0.30269685-0.15056416j,0.18246286+0.30440582j,-0.83484447-0.11310748j],[0.26054512-0.52548482j,0.0285017-0.50723956j,-0.43110112+0.17165838j,0.15243271+0.39915801j],[0.42978035+0.11991271j,-0.17224126-0.46030424j,0.6827807-0.15164662j,0.26483638+0.0061855j]]", "databatch_0": {"databatch": "[[[0.22216259+0.04203669j,0.09758282-0.05551347j,0.08465542+0.06648623j,0.30916689-0.06009093j],[-0.0016906-0.11870853j,0.16634554-0.01821884j,-0.22210716+0.27450676j,0.21457499-0.43138158j],[0.02908669-0.12188739j,0.18774116+0.33324925j,0.06548645+0.11737064j,0.11751064-0.3158571j],[0.10809041+0.27733816j,-0.061138+0.0672716j,-0.04776472-0.12218121j,0.06517665-0.12087562j]]]", "nelder_mead": {"0": {"maxiter": 100, "fatol": 1e-05, "xatol": 1e-05, "duration": 0.04134392738342285, "fun": "0.4251784086227417", "nit": "100", "nfev": "155", "status": "2", "success": "False", "message": "Maximum number of iterations has been exceeded.", "x": "[ 5.09500121  2.64382704  1.04036065 -1.14200319  0.39833015  1.79430793]", "final_simplex": "(array([[ 5.09500121,  2.64382704,  1.04036065, -1.14200319,  0.39833015,\n         1.79430793],\n       [ 5.40652191,  2.82653673,  1.08878401, -1.87906902,  0.39159626,\n         1.68108354],\n       [ 5.21122173,  2.63363188,  1.05874037, -1.20512817,  0.79396554,\n         1.52362751],\n       [ 5.65156339,  2.69787163,  1.07340549, -1.83239503,  0.55826736,\n         1.5562676 ],\n       [ 5.24810444,  2.58908478,  1.14777245, -1.23397541,  0.80004042,\n         1.41446892],\n       [ 5.73695869,  2.8378836 ,  1.10542538, -2.11115577,  0.19053363,\n         1.68139124],\n       [ 5.74270519,  2.75702028,  1.06693006, -1.79644342,  0.58468358,\n         1.40281677]]), array([0.42517841, 0.43919566, 0.45856616, 0.47874379, 0.48065308,\n       0.48547933, 0.4929505 ]))"}, "1": {"maxiter": 100, "fatol": 1e-05, "xatol": 1e-10, "duration": 0.0411219596862793, "fun": "0.4251784086227417", "nit": "100", "nfev": "155", "status": "2", "success": "False", "message": "Maximum number of iterations has been exceeded.", "x": "[ 5.09500121  2.64382704  1.04036065 -1.14200319  0.39833015  1.79430793]", "final_simplex": "(array([[ 5.09500121,  2.64382704,  1.04036065, -1.14200319,  0.39833015,\n         1.79430793],\n       [ 5.40652191,  2.82653673,  1.08878401, -1.87906902,  0.39159626,\n         1.68108354],\n       [ 5.21122173,  2.63363188,  1.05874037, -1.20512817,  0.79396554,\n         1.52362751],\n       [ 5.65156339,  2.69787163,  1.07340549, -1.83239503,  0.55826736,\n         1.5562676 ],\n       [ 5.24810444,  2.58908478,  1.14777245, -1.23397541,  0.80004042,\n         1.41446892],\n       [ 5.73695869,  2.8378836 ,  1.10542538, -2.11115577,  0.19053363,\n         1.68139124],\n       [ 5.74270519,  2.75702028,  1.06693006, -1.79644342,  0.58468358,\n         1.40281677]]), array([0.42517841, 0.43919566, 0.45856616, 0.47874379, 0.48065308,\n       0.48547933, 0.4929505 ]))"}, "2": {"maxiter": 100, "fatol": 1e-10, "xatol": 1e-05, "duration": 0.04033827781677246, "fun": "0.4251784086227417", "nit": "100", "nfev": "155", "status": "2", "success": "False", "message": "Maximum number of iterations has been exceeded.", "x": "[ 5.09500121  2.64382704  1.04036065 -1.14200319  0.39833015  1.79430793]", "final_simplex": "(array([[ 5.09500121,  2.64382704,  1.04036065, -1.14200319,  0.39833015,\n         1.79430793],\n       [ 5.40652191,  2.82653673,  1.08878401, -1.87906902,  0.39159626,\n         1.68108354],\n       [ 5.21122173,  2.63363188,  1.05874037, -1.20512817,  0.79396554,\n         1.52362751],\n       [ 5.65156339,  2.69787163,  1.07340549, -1.83239503,  0.55826736,\n         1.5562676 ],\n       [ 5.24810444,  2.58908478,  1.14777245, -1.23397541,  0.80004042,\n         1.41446892],\n       [ 5.73695869,  2.8378836 ,  1.10542538, -2.11115577,  0.19053363,\n         1.68139124],\n       [ 5.74270519,  2.75702028,  1.06693006, -1.79644342,  0.58468358,\n         1.40281677]]), array([0.42517841, 0.43919566, 0.45856616, 0.47874379, 0.48065308,\n       0.48547933, 0.4929505 ]))"}, "3": {"maxiter": 100, "fatol": 1e-10, "xatol": 1e-10, "duration": 0.0394282341003418, "fun": "0.4251784086227417", "nit": "100", "nfev": "155", "status": "2", "success": "False", "message": "Maximum number of iterations has been exceeded.", "x": "[ 5.09500121  2.64382704  1.04036065 -1.14200319  0.39833015  1.79430793]", "final_simplex": "(array([[ 5.09500121,  2.64382704,  1.04036065, -1.14200319,  0.39833015,\n         1.79430793],\n       [ 5.40652191,  2.82653673,  1.08878401, -1.87906902,  0.39159626,\n         1.68108354],\n       [ 5.21122173,  2.63363188,  1.05874037, -1.20512817,  0.79396554,\n         1.52362751],\n       [ 5.65156339,  2.69787163,  1.07340549, -1.83239503,  0.55826736,\n         1.5562676 ],\n       [ 5.24810444,  2.58908478,  1.14777245, -1.23397541,  0.80004042,\n         1.41446892],\n       [ 5.73695869,  2.8378836 ,  1.10542538, -2.11115577,  0.19053363,\n         1.68139124],\n       [ 5.74270519,  2.75702028,  1.06693006, -1.79644342,  0.58468358,\n         1.40281677]]), array([0.42517841, 0.43919566, 0.45856616, 0.47874379, 0.48065308,\n       0.48547933, 0.4929505 ]))"}, "4": {"maxiter": 500, "fatol": 1e-05, "xatol": 1e-05, "duration": 0.15239596366882324, "fun": "0.35355421900749207", "nit": "362", "nfev": "601", "status": "0", "success": "True", "message": "Optimization terminated successfully.", "x": "[ 5.05778666  3.4687693   1.15141745 -1.61843012  0.0082629   1.9200458 ]", "final_simplex": "(array([[ 5.05778666,  3.4687693 ,  1.15141745, -1.61843012,  0.0082629 ,\n         1.9200458 ],\n       [ 5.05778236,  3.46876535,  1.15141715, -1.61842244,  0.00825936,\n         1.92004946],\n       [ 5.05778418,  3.46875965,  1.15141387, -1.61842388,  0.00826314,\n         1.92004794],\n       [ 5.05778799,  3.46876574,  1.15141658, -1.61842913,  0.00826278,\n         1.9200491 ],\n       [ 5.05778515,  3.46876502,  1.15141864, -1.6184254 ,  0.00826318,\n         1.92005013],\n       [ 5.05778695,  3.46876371,  1.15142055, -1.61842909,  0.00826124,\n         1.92004996],\n       [ 5.05778277,  3.46876291,  1.151419  , -1.6184276 ,  0.00826185,\n         1.92004958]]), array([0.35355422, 0.35355422, 0.35355422, 0.35355422, 0.35355422,\n       0.35355422, 0.35355422]))"}, "5": {"maxiter": 500, "fatol": 1e-05, "xatol": 1e-10, "duration": 0.18823766708374023, "fun": "0.35355421900749207", "nit": "379", "nfev": "737", "status": "0", "success": "True", "message": "Optimization terminated successfully.", "x": "[ 5.05778666  3.4687693   1.15141745 -1.61843012  0.0082629   1.9200458 ]", "final_simplex": "(array([[ 5.05778666,  3.4687693 ,  1.15141745, -1.61843012,  0.0082629 ,\n         1.9200458 ],\n       [ 5.05778666,  3.4687693 ,  1.15141745, -1.61843012,  0.0082629 ,\n         1.9200458 ],\n       [ 5.05778666,  3.4687693 ,  1.15141745, -1.61843012,  0.0082629 ,\n         1.9200458 ],\n       [ 5.05778666,  3.4687693 ,  1.15141745, -1.61843012,  0.0082629 ,\n         1.9200458 ],\n       [ 5.05778666,  3.4687693 ,  1.15141745, -1.61843012,  0.0082629 ,\n         1.9200458 ],\n       [ 5.05778666,  3.4687693 ,  1.15141745, -1.61843012,  0.0082629 ,\n         1.9200458 ],\n       [ 5.05778666,  3.4687693 ,  1.15141745, -1.61843012,  0.0082629 ,\n         1.9200458 ]]), array([0.35355422, 0.35355422, 0.35355422, 0.35355422, 0.35355422,\n       0.35355422, 0.35355422]))"}, "6": {"maxiter": 500, "fatol": 1e-10, "xatol": 1e-05, "duration": 0.15636301040649414, "fun": "0.35355421900749207", "nit": "362", "nfev": "601", "status": "0", "success": "True", "message": "Optimization terminated successfully.", "x": "[ 5.05778666  3.4687693   1.15141745 -1.61843012  0.0082629   1.9200458 ]", "final_simplex": "(array([[ 5.05778666,  3.4687693 ,  1.15141745, -1.61843012,  0.0082629 ,\n         1.9200458 ],\n       [ 5.05778236,  3.46876535,  1.15141715, -1.61842244,  0.00825936,\n         1.92004946],\n       [ 5.05778418,  3.46875965,  1.15141387, -1.61842388,  0.00826314,\n         1.92004794],\n       [ 5.05778799,  3.46876574,  1.15141658, -1.61842913,  0.00826278,\n         1.9200491 ],\n       [ 5.05778515,  3.46876502,  1.15141864, -1.6184254 ,  0.00826318,\n         1.92005013],\n       [ 5.05778695,  3.46876371,  1.15142055, -1.61842909,  0.00826124,\n         1.92004996],\n       [ 5.05778277,  3.46876291,  1.151419  , -1.6184276 ,  0.00826185,\n         1.92004958]]), array([0.35355422, 0.35355422, 0.35355422, 0.35355422, 0.35355422,\n       0.35355422, 0.35355422]))"}, "7": {"maxiter": 500, "fatol": 1e-10, "xatol": 1e-10, "duration": 0.21576666831970215, "fun": "0.35355421900749207", "nit": "379", "nfev": "737", "status": "0", "success": "True", "message": "Optimization terminated successfully.", "x": "[ 5.05778666  3.4687693   1.15141745 -1.61843012  0.0082629   1.9200458 ]", "final_simplex": "(array([[ 5.05778666,  3.4687693 ,  1.15141745, -1.61843012,  0.0082629 ,\n         1.9200458 ],\n       [ 5.05778666,  3.4687693 ,  1.15141745, -1.61843012,  0.0082629 ,\n         1.9200458 ],\n       [ 5.05778666,  3.4687693 ,  1.15141745, -1.61843012,  0.0082629 ,\n         1.9200458 ],\n       [ 5.05778666,  3.4687693 ,  1.15141745, -1.61843012,  0.0082629 ,\n         1.9200458 ],\n       [ 5.05778666,  3.4687693 ,  1.15141745, -1.61843012,  0.0082629 ,\n         1.9200458 ],\n       [ 5.05778666,  3.4687693 ,  1.15141745, -1.61843012,  0.0082629 ,\n         1.9200458 ],\n       [ 5.05778666,  3.4687693 ,  1.15141745, -1.61843012,  0.0082629 ,\n         1.9200458 ]]), array([0.35355422, 0.35355422, 0.35355422, 0.35355422, 0.35355422,\n       0.35355422, 0.35355422]))"}, "8": {"maxiter": 1000, "fatol": 1e-05, "xatol": 1e-05, "duration": 0.1631779670715332, "fun": "0.35355421900749207", "nit": "362", "nfev": "601", "status": "0", "success": "True", "message": "Optimization terminated successfully.", "x": "[ 5.05778666  3.4687693   1.15141745 -1.61843012  0.0082629   1.9200458 ]", "final_simplex": "(array([[ 5.05778666,  3.4687693 ,  1.15141745, -1.61843012,  0.0082629 ,\n         1.9200458 ],\n       [ 5.05778236,  3.46876535,  1.15141715, -1.61842244,  0.00825936,\n         1.92004946],\n       [ 5.05778418,  3.46875965,  1.15141387, -1.61842388,  0.00826314,\n         1.92004794],\n       [ 5.05778799,  3.46876574,  1.15141658, -1.61842913,  0.00826278,\n         1.9200491 ],\n       [ 5.05778515,  3.46876502,  1.15141864, -1.6184254 ,  0.00826318,\n         1.92005013],\n       [ 5.05778695,  3.46876371,  1.15142055, -1.61842909,  0.00826124,\n         1.92004996],\n       [ 5.05778277,  3.46876291,  1.151419  , -1.6184276 ,  0.00826185,\n         1.92004958]]), array([0.35355422, 0.35355422, 0.35355422, 0.35355422, 0.35355422,\n       0.35355422, 0.35355422]))"}, "9": {"maxiter": 1000, "fatol": 1e-05, "xatol": 1e-10, "duration": 0.21045708656311035, "fun": "0.35355421900749207", "nit": "379", "nfev": "737", "status": "0", "success": "True", "message": "Optimization terminated successfully.", "x": "[ 5.05778666  3.4687693   1.15141745 -1.61843012  0.0082629   1.9200458 ]", "final_simplex": "(array([[ 5.05778666,  3.4687693 ,  1.15141745, -1.61843012,  0.0082629 ,\n         1.9200458 ],\n       [ 5.05778666,  3.4687693 ,  1.15141745, -1.61843012,  0.0082629 ,\n         1.9200458 ],\n       [ 5.05778666,  3.4687693 ,  1.15141745, -1.61843012,  0.0082629 ,\n         1.9200458 ],\n       [ 5.05778666,  3.4687693 ,  1.15141745, -1.61843012,  0.0082629 ,\n         1.9200458 ],\n       [ 5.05778666,  3.4687693 ,  1.15141745, -1.61843012,  0.0082629 ,\n         1.9200458 ],\n       [ 5.05778666,  3.4687693 ,  1.15141745, -1.61843012,  0.0082629 ,\n         1.9200458 ],\n       [ 5.05778666,  3.4687693 ,  1.15141745, -1.61843012,  0.0082629 ,\n         1.9200458 ]]), array([0.35355422, 0.35355422, 0.35355422, 0.35355422, 0.35355422,\n       0.35355422, 0.35355422]))"}, "10": {"maxiter": 1000, "fatol": 1e-10, "xatol": 1e-05, "duration": 0.18067097663879395, "fun": "0.35355421900749207", "nit": "362", "nfev": "601", "status": "0", "success": "True", "message": "Optimization terminated successfully.", "x": "[ 5.05778666  3.4687693   1.15141745 -1.61843012  0.0082629   1.9200458 ]", "final_simplex": "(array([[ 5.05778666,  3.4687693 ,  1.15141745, -1.61843012,  0.0082629 ,\n         1.9200458 ],\n       [ 5.05778236,  3.46876535,  1.15141715, -1.61842244,  0.00825936,\n         1.92004946],\n       [ 5.05778418,  3.46875965,  1.15141387, -1.61842388,  0.00826314,\n         1.92004794],\n       [ 5.05778799,  3.46876574,  1.15141658, -1.61842913,  0.00826278,\n         1.9200491 ],\n       [ 5.05778515,  3.46876502,  1.15141864, -1.6184254 ,  0.00826318,\n         1.92005013],\n       [ 5.05778695,  3.46876371,  1.15142055, -1.61842909,  0.00826124,\n         1.92004996],\n       [ 5.05778277,  3.46876291,  1.151419  , -1.6184276 ,  0.00826185,\n         1.92004958]]), array([0.35355422, 0.35355422, 0.35355422, 0.35355422, 0.35355422,\n       0.35355422, 0.35355422]))"}, "11": {"maxiter": 1000, "fatol": 1e-10, "xatol": 1e-10, "duration": 0.21280384063720703, "fun": "0.35355421900749207", "nit": "379", "nfev": "737", "status": "0", "success": "True", "message": "Optimization terminated successfully.", "x": "[ 5.05778666  3.4687693   1.15141745 -1.61843012  0.0082629   1.9200458 ]", "final_simplex": "(array([[ 5.05778666,  3.4687693 ,  1.15141745, -1.61843012,  0.0082629 ,\n         1.9200458 ],\n       [ 5.05778666,  3.4687693 ,  1.15141745, -1.61843012,  0.0082629 ,\n         1.9200458 ],\n       [ 5.05778666,  3.4687693 ,  1.15141745, -1.61843012,  0.0082629 ,\n         1.9200458 ],\n       [ 5.05778666,  3.4687693 ,  1.15141745, -1.61843012,  0.0082629 ,\n         1.9200458 ],\n       [ 5.05778666,  3.4687693 ,  1.15141745, -1.61843012,  0.0082629 ,\n         1.9200458 ],\n       [ 5.05778666,  3.4687693 ,  1.15141745, -1.61843012,  0.0082629 ,\n         1.9200458 ],\n       [ 5.05778666,  3.4687693 ,  1.15141745, -1.61843012,  0.0082629 ,\n         1.9200458 ]]), array([0.35355422, 0.35355422, 0.35355422, 0.35355422, 0.35355422,\n       0.35355422, 0.35355422]))"}}, "bfgs": {"0": {"maxiter": 100, "gtol": 1e-05, "xrtol": 1e-05, "eps": 1e-05, "duration": 0.2729458808898926, "fun": "0.3535791337490082", "jac": "[0. 0. 0. 0. 0. 0.]", "hess_inv": "[[ 3.22375877 -0.2817595  -0.97233465  0.9389777   1.7122293  -1.47939304]\n [-0.2817595   4.44001457 -0.98171469  1.86964246 -0.54915555 -1.1225468 ]\n [-0.97233465 -0.98171469  4.06546136  0.09904348 -1.76783773  2.128618  ]\n [ 0.9389777   1.86964246  0.09904348  4.69358911 -1.2233804  -0.84360393]\n [ 1.7122293  -0.54915555 -1.76783773 -1.2233804   3.99829845 -1.26059396]\n [-1.47939304 -1.1225468   2.128618   -0.84360393 -1.26059396  3.23790686]]", "nfev": "868", "njev": "124", "status": "0", "success": "True", "message": "Optimization terminated successfully.", "x": "[ 5.05298817  3.46771912  1.14292054  1.60792464  3.14660555 -1.23262592]", "nit": "94"}, "1": {"maxiter": 100, "gtol": 1e-05, "xrtol": 1e-05, "eps": 1e-10, "duration": 0.002450227737426758, "fun": "0.8651905655860901", "jac": "[0. 0. 0. 0. 0. 0.]", "hess_inv": "[[1 0 0 0 0 0]\n [0 1 0 0 0 0]\n [0 0 1 0 0 0]\n [0 0 0 1 0 0]\n [0 0 0 0 1 0]\n [0 0 0 0 0 1]]", "nfev": "7", "njev": "1", "status": "0", "success": "True", "message": "Optimization terminated successfully.", "x": "[1.75331648 2.16862991 0.92739499 2.20720374 3.52981605 1.48164244]", "nit": "0"}, "2": {"maxiter": 100, "gtol": 1e-05, "xrtol": 1e-10, "eps": 1e-05, "duration": 0.30657005310058594, "fun": "0.3535791337490082", "jac": "[0. 0. 0. 0. 0. 0.]", "hess_inv": "[[ 3.22375877 -0.2817595  -0.97233465  0.9389777   1.7122293  -1.47939304]\n [-0.2817595   4.44001457 -0.98171469  1.86964246 -0.54915555 -1.1225468 ]\n [-0.97233465 -0.98171469  4.06546136  0.09904348 -1.76783773  2.128618  ]\n [ 0.9389777   1.86964246  0.09904348  4.69358911 -1.2233804  -0.84360393]\n [ 1.7122293  -0.54915555 -1.76783773 -1.2233804   3.99829845 -1.26059396]\n [-1.47939304 -1.1225468   2.128618   -0.84360393 -1.26059396  3.23790686]]", "nfev": "868", "njev": "124", "status": "0", "success": "True", "message": "Optimization terminated successfully.", "x": "[ 5.05298817  3.46771912  1.14292054  1.60792464  3.14660555 -1.23262592]", "nit": "94"}, "3": {"maxiter": 100, "gtol": 1e-05, "xrtol": 1e-10, "eps": 1e-10, "duration": 0.0022101402282714844, "fun": "0.8651905655860901", "jac": "[0. 0. 0. 0. 0. 0.]", "hess_inv": "[[1 0 0 0 0 0]\n [0 1 0 0 0 0]\n [0 0 1 0 0 0]\n [0 0 0 1 0 0]\n [0 0 0 0 1 0]\n [0 0 0 0 0 1]]", "nfev": "7", "njev": "1", "status": "0", "success": "True", "message": "Optimization terminated successfully.", "x": "[1.75331648 2.16862991 0.92739499 2.20720374 3.52981605 1.48164244]", "nit": "0"}, "4": {"maxiter": 100, "gtol": 1e-10, "xrtol": 1e-05, "eps": 1e-05, "duration": 0.2890779972076416, "fun": "0.3535791337490082", "jac": "[0. 0. 0. 0. 0. 0.]", "hess_inv": "[[ 3.22375877 -0.2817595  -0.97233465  0.9389777   1.7122293  -1.47939304]\n [-0.2817595   4.44001457 -0.98171469  1.86964246 -0.54915555 -1.1225468 ]\n [-0.97233465 -0.98171469  4.06546136  0.09904348 -1.76783773  2.128618  ]\n [ 0.9389777   1.86964246  0.09904348  4.69358911 -1.2233804  -0.84360393]\n [ 1.7122293  -0.54915555 -1.76783773 -1.2233804   3.99829845 -1.26059396]\n [-1.47939304 -1.1225468   2.128618   -0.84360393 -1.26059396  3.23790686]]", "nfev": "868", "njev": "124", "status": "0", "success": "True", "message": "Optimization terminated successfully.", "x": "[ 5.05298817  3.46771912  1.14292054  1.60792464  3.14660555 -1.23262592]", "nit": "94"}, "5": {"maxiter": 100, "gtol": 1e-10, "xrtol": 1e-05, "eps": 1e-10, "duration": 0.002288818359375, "fun": "0.8651905655860901", "jac": "[0. 0. 0. 0. 0. 0.]", "hess_inv": "[[1 0 0 0 0 0]\n [0 1 0 0 0 0]\n [0 0 1 0 0 0]\n [0 0 0 1 0 0]\n [0 0 0 0 1 0]\n [0 0 0 0 0 1]]", "nfev": "7", "njev": "1", "status": "0", "success": "True", "message": "Optimization terminated successfully.", "x": "[1.75331648 2.16862991 0.92739499 2.20720374 3.52981605 1.48164244]", "nit": "0"}, "6": {"maxiter": 100, "gtol": 1e-10, "xrtol": 1e-10, "eps": 1e-05, "duration": 0.24547719955444336, "fun": "0.3535791337490082", "jac": "[0. 0. 0. 0. 0. 0.]", "hess_inv": "[[ 3.22375877 -0.2817595  -0.97233465  0.9389777   1.7122293  -1.47939304]\n [-0.2817595   4.44001457 -0.98171469  1.86964246 -0.54915555 -1.1225468 ]\n [-0.97233465 -0.98171469  4.06546136  0.09904348 -1.76783773  2.128618  ]\n [ 0.9389777   1.86964246  0.09904348  4.69358911 -1.2233804  -0.84360393]\n [ 1.7122293  -0.54915555 -1.76783773 -1.2233804   3.99829845 -1.26059396]\n [-1.47939304 -1.1225468   2.128618   -0.84360393 -1.26059396  3.23790686]]", "nfev": "868", "njev": "124", "status": "0", "success": "True", "message": "Optimization terminated successfully.", "x": "[ 5.05298817  3.46771912  1.14292054  1.60792464  3.14660555 -1.23262592]", "nit": "94"}, "7": {"maxiter": 100, "gtol": 1e-10, "xrtol": 1e-10, "eps": 1e-10, "duration": 0.0020399093627929688, "fun": "0.8651905655860901", "jac": "[0. 0. 0. 0. 0. 0.]", "hess_inv": "[[1 0 0 0 0 0]\n [0 1 0 0 0 0]\n [0 0 1 0 0 0]\n [0 0 0 1 0 0]\n [0 0 0 0 1 0]\n [0 0 0 0 0 1]]", "nfev": "7", "njev": "1", "status": "0", "success": "True", "message": "Optimization terminated successfully.", "x": "[1.75331648 2.16862991 0.92739499 2.20720374 3.52981605 1.48164244]", "nit": "0"}, "8": {"maxiter": 500, "gtol": 1e-05, "xrtol": 1e-05, "eps": 1e-05, "duration": 0.2531850337982178, "fun": "0.3535791337490082", "jac": "[0. 0. 0. 0. 0. 0.]", "hess_inv": "[[ 3.22375877 -0.2817595  -0.97233465  0.9389777   1.7122293  -1.47939304]\n [-0.2817595   4.44001457 -0.98171469  1.86964246 -0.54915555 -1.1225468 ]\n [-0.97233465 -0.98171469  4.06546136  0.09904348 -1.76783773  2.128618  ]\n [ 0.9389777   1.86964246  0.09904348  4.69358911 -1.2233804  -0.84360393]\n [ 1.7122293  -0.54915555 -1.76783773 -1.2233804   3.99829845 -1.26059396]\n [-1.47939304 -1.1225468   2.128618   -0.84360393 -1.26059396  3.23790686]]", "nfev": "868", "njev": "124", "status": "0", "success": "True", "message": "Optimization terminated successfully.", "x": "[ 5.05298817  3.46771912  1.14292054  1.60792464  3.14660555 -1.23262592]", "nit": "94"}, "9": {"maxiter": 500, "gtol": 1e-05, "xrtol": 1e-05, "eps": 1e-10, "duration": 0.0021898746490478516, "fun": "0.8651905655860901", "jac": "[0. 0. 0. 0. 0. 0.]", "hess_inv": "[[1 0 0 0 0 0]\n [0 1 0 0 0 0]\n [0 0 1 0 0 0]\n [0 0 0 1 0 0]\n [0 0 0 0 1 0]\n [0 0 0 0 0 1]]", "nfev": "7", "njev": "1", "status": "0", "success": "True", "message": "Optimization terminated successfully.", "x": "[1.75331648 2.16862991 0.92739499 2.20720374 3.52981605 1.48164244]", "nit": "0"}, "10": {"maxiter": 500, "gtol": 1e-05, "xrtol": 1e-10, "eps": 1e-05, "duration": 0.26820802688598633, "fun": "0.3535791337490082", "jac": "[0. 0. 0. 0. 0. 0.]", "hess_inv": "[[ 3.22375877 -0.2817595  -0.97233465  0.9389777   1.7122293  -1.47939304]\n [-0.2817595   4.44001457 -0.98171469  1.86964246 -0.54915555 -1.1225468 ]\n [-0.97233465 -0.98171469  4.06546136  0.09904348 -1.76783773  2.128618  ]\n [ 0.9389777   1.86964246  0.09904348  4.69358911 -1.2233804  -0.84360393]\n [ 1.7122293  -0.54915555 -1.76783773 -1.2233804   3.99829845 -1.26059396]\n [-1.47939304 -1.1225468   2.128618   -0.84360393 -1.26059396  3.23790686]]", "nfev": "868", "njev": "124", "status": "0", "success": "True", "message": "Optimization terminated successfully.", "x": "[ 5.05298817  3.46771912  1.14292054  1.60792464  3.14660555 -1.23262592]", "nit": "94"}, "11": {"maxiter": 500, "gtol": 1e-05, "xrtol": 1e-10, "eps": 1e-10, "duration": 0.0020301342010498047, "fun": "0.8651905655860901", "jac": "[0. 0. 0. 0. 0. 0.]", "hess_inv": "[[1 0 0 0 0 0]\n [0 1 0 0 0 0]\n [0 0 1 0 0 0]\n [0 0 0 1 0 0]\n [0 0 0 0 1 0]\n [0 0 0 0 0 1]]", "nfev": "7", "njev": "1", "status": "0", "success": "True", "message": "Optimization terminated successfully.", "x": "[1.75331648 2.16862991 0.92739499 2.20720374 3.52981605 1.48164244]", "nit": "0"}, "12": {"maxiter": 500, "gtol": 1e-10, "xrtol": 1e-05, "eps": 1e-05, "duration": 0.2546558380126953, "fun": "0.3535791337490082", "jac": "[0. 0. 0. 0. 0. 0.]", "hess_inv": "[[ 3.22375877 -0.2817595  -0.97233465  0.9389777   1.7122293  -1.47939304]\n [-0.2817595   4.44001457 -0.98171469  1.86964246 -0.54915555 -1.1225468 ]\n [-0.97233465 -0.98171469  4.06546136  0.09904348 -1.76783773  2.128618  ]\n [ 0.9389777   1.86964246  0.09904348  4.69358911 -1.2233804  -0.84360393]\n [ 1.7122293  -0.54915555 -1.76783773 -1.2233804   3.99829845 -1.26059396]\n [-1.47939304 -1.1225468   2.128618   -0.84360393 -1.26059396  3.23790686]]", "nfev": "868", "njev": "124", "status": "0", "success": "True", "message": "Optimization terminated successfully.", "x": "[ 5.05298817  3.46771912  1.14292054  1.60792464  3.14660555 -1.23262592]", "nit": "94"}, "13": {"maxiter": 500, "gtol": 1e-10, "xrtol": 1e-05, "eps": 1e-10, "duration": 0.0025708675384521484, "fun": "0.8651905655860901", "jac": "[0. 0. 0. 0. 0. 0.]", "hess_inv": "[[1 0 0 0 0 0]\n [0 1 0 0 0 0]\n [0 0 1 0 0 0]\n [0 0 0 1 0 0]\n [0 0 0 0 1 0]\n [0 0 0 0 0 1]]", "nfev": "7", "njev": "1", "status": "0", "success": "True", "message": "Optimization terminated successfully.", "x": "[1.75331648 2.16862991 0.92739499 2.20720374 3.52981605 1.48164244]", "nit": "0"}, "14": {"maxiter": 500, "gtol": 1e-10, "xrtol": 1e-10, "eps": 1e-05, "duration": 0.299851655960083, "fun": "0.3535791337490082", "jac": "[0. 0. 0. 0. 0. 0.]", "hess_inv": "[[ 3.22375877 -0.2817595  -0.97233465  0.9389777   1.7122293  -1.47939304]\n [-0.2817595   4.44001457 -0.98171469  1.86964246 -0.54915555 -1.1225468 ]\n [-0.97233465 -0.98171469  4.06546136  0.09904348 -1.76783773  2.128618  ]\n [ 0.9389777   1.86964246  0.09904348  4.69358911 -1.2233804  -0.84360393]\n [ 1.7122293  -0.54915555 -1.76783773 -1.2233804   3.99829845 -1.26059396]\n [-1.47939304 -1.1225468   2.128618   -0.84360393 -1.26059396  3.23790686]]", "nfev": "868", "njev": "124", "status": "0", "success": "True", "message": "Optimization terminated successfully.", "x": "[ 5.05298817  3.46771912  1.14292054  1.60792464  3.14660555 -1.23262592]", "nit": "94"}, "15": {"maxiter": 500, "gtol": 1e-10, "xrtol": 1e-10, "eps": 1e-10, "duration": 0.002643108367919922, "fun": "0.8651905655860901", "jac": "[0. 0. 0. 0. 0. 0.]", "hess_inv": "[[1 0 0 0 0 0]\n [0 1 0 0 0 0]\n [0 0 1 0 0 0]\n [0 0 0 1 0 0]\n [0 0 0 0 1 0]\n [0 0 0 0 0 1]]", "nfev": "7", "njev": "1", "status": "0", "success": "True", "message": "Optimization terminated successfully.", "x": "[1.75331648 2.16862991 0.92739499 2.20720374 3.52981605 1.48164244]", "nit": "0"}, "16": {"maxiter": 1000, "gtol": 1e-05, "xrtol": 1e-05, "eps": 1e-05, "duration": 0.28659796714782715, "fun": "0.3535791337490082", "jac": "[0. 0. 0. 0. 0. 0.]", "hess_inv": "[[ 3.22375877 -0.2817595  -0.97233465  0.9389777   1.7122293  -1.47939304]\n [-0.2817595   4.44001457 -0.98171469  1.86964246 -0.54915555 -1.1225468 ]\n [-0.97233465 -0.98171469  4.06546136  0.09904348 -1.76783773  2.128618  ]\n [ 0.9389777   1.86964246  0.09904348  4.69358911 -1.2233804  -0.84360393]\n [ 1.7122293  -0.54915555 -1.76783773 -1.2233804   3.99829845 -1.26059396]\n [-1.47939304 -1.1225468   2.128618   -0.84360393 -1.26059396  3.23790686]]", "nfev": "868", "njev": "124", "status": "0", "success": "True", "message": "Optimization terminated successfully.", "x": "[ 5.05298817  3.46771912  1.14292054  1.60792464  3.14660555 -1.23262592]", "nit": "94"}, "17": {"maxiter": 1000, "gtol": 1e-05, "xrtol": 1e-05, "eps": 1e-10, "duration": 0.0028378963470458984, "fun": "0.8651905655860901", "jac": "[0. 0. 0. 0. 0. 0.]", "hess_inv": "[[1 0 0 0 0 0]\n [0 1 0 0 0 0]\n [0 0 1 0 0 0]\n [0 0 0 1 0 0]\n [0 0 0 0 1 0]\n [0 0 0 0 0 1]]", "nfev": "7", "njev": "1", "status": "0", "success": "True", "message": "Optimization terminated successfully.", "x": "[1.75331648 2.16862991 0.92739499 2.20720374 3.52981605 1.48164244]", "nit": "0"}, "18": {"maxiter": 1000, "gtol": 1e-05, "xrtol": 1e-10, "eps": 1e-05, "duration": 0.2662930488586426, "fun": "0.3535791337490082", "jac": "[0. 0. 0. 0. 0. 0.]", "hess_inv": "[[ 3.22375877 -0.2817595  -0.97233465  0.9389777   1.7122293  -1.47939304]\n [-0.2817595   4.44001457 -0.98171469  1.86964246 -0.54915555 -1.1225468 ]\n [-0.97233465 -0.98171469  4.06546136  0.09904348 -1.76783773  2.128618  ]\n [ 0.9389777   1.86964246  0.09904348  4.69358911 -1.2233804  -0.84360393]\n [ 1.7122293  -0.54915555 -1.76783773 -1.2233804   3.99829845 -1.26059396]\n [-1.47939304 -1.1225468   2.128618   -0.84360393 -1.26059396  3.23790686]]", "nfev": "868", "njev": "124", "status": "0", "success": "True", "message": "Optimization terminated successfully.", "x": "[ 5.05298817  3.46771912  1.14292054  1.60792464  3.14660555 -1.23262592]", "nit": "94"}, "19": {"maxiter": 1000, "gtol": 1e-05, "xrtol": 1e-10, "eps": 1e-10, "duration": 0.001964092254638672, "fun": "0.8651905655860901", "jac": "[0. 0. 0. 0. 0. 0.]", "hess_inv": "[[1 0 0 0 0 0]\n [0 1 0 0 0 0]\n [0 0 1 0 0 0]\n [0 0 0 1 0 0]\n [0 0 0 0 1 0]\n [0 0 0 0 0 1]]", "nfev": "7", "njev": "1", "status": "0", "success": "True", "message": "Optimization terminated successfully.", "x": "[1.75331648 2.16862991 0.92739499 2.20720374 3.52981605 1.48164244]", "nit": "0"}, "20": {"maxiter": 1000, "gtol": 1e-10, "xrtol": 1e-05, "eps": 1e-05, "duration": 0.2423720359802246, "fun": "0.3535791337490082", "jac": "[0. 0. 0. 0. 0. 0.]", "hess_inv": "[[ 3.22375877 -0.2817595  -0.97233465  0.9389777   1.7122293  -1.47939304]\n [-0.2817595   4.44001457 -0.98171469  1.86964246 -0.54915555 -1.1225468 ]\n [-0.97233465 -0.98171469  4.06546136  0.09904348 -1.76783773  2.128618  ]\n [ 0.9389777   1.86964246  0.09904348  4.69358911 -1.2233804  -0.84360393]\n [ 1.7122293  -0.54915555 -1.76783773 -1.2233804   3.99829845 -1.26059396]\n [-1.47939304 -1.1225468   2.128618   -0.84360393 -1.26059396  3.23790686]]", "nfev": "868", "njev": "124", "status": "0", "success": "True", "message": "Optimization terminated successfully.", "x": "[ 5.05298817  3.46771912  1.14292054  1.60792464  3.14660555 -1.23262592]", "nit": "94"}, "21": {"maxiter": 1000, "gtol": 1e-10, "xrtol": 1e-05, "eps": 1e-10, "duration": 0.00202178955078125, "fun": "0.8651905655860901", "jac": "[0. 0. 0. 0. 0. 0.]", "hess_inv": "[[1 0 0 0 0 0]\n [0 1 0 0 0 0]\n [0 0 1 0 0 0]\n [0 0 0 1 0 0]\n [0 0 0 0 1 0]\n [0 0 0 0 0 1]]", "nfev": "7", "njev": "1", "status": "0", "success": "True", "message": "Optimization terminated successfully.", "x": "[1.75331648 2.16862991 0.92739499 2.20720374 3.52981605 1.48164244]", "nit": "0"}, "22": {"maxiter": 1000, "gtol": 1e-10, "xrtol": 1e-10, "eps": 1e-05, "duration": 0.258958101272583, "fun": "0.3535791337490082", "jac": "[0. 0. 0. 0. 0. 0.]", "hess_inv": "[[ 3.22375877 -0.2817595  -0.97233465  0.9389777   1.7122293  -1.47939304]\n [-0.2817595   4.44001457 -0.98171469  1.86964246 -0.54915555 -1.1225468 ]\n [-0.97233465 -0.98171469  4.06546136  0.09904348 -1.76783773  2.128618  ]\n [ 0.9389777   1.86964246  0.09904348  4.69358911 -1.2233804  -0.84360393]\n [ 1.7122293  -0.54915555 -1.76783773 -1.2233804   3.99829845 -1.26059396]\n [-1.47939304 -1.1225468   2.128618   -0.84360393 -1.26059396  3.23790686]]", "nfev": "868", "njev": "124", "status": "0", "success": "True", "message": "Optimization terminated successfully.", "x": "[ 5.05298817  3.46771912  1.14292054  1.60792464  3.14660555 -1.23262592]", "nit": "94"}, "23": {"maxiter": 1000, "gtol": 1e-10, "xrtol": 1e-10, "eps": 1e-10, "duration": 0.001873016357421875, "fun": "0.8651905655860901", "jac": "[0. 0. 0. 0. 0. 0.]", "hess_inv": "[[1 0 0 0 0 0]\n [0 1 0 0 0 0]\n [0 0 1 0 0 0]\n [0 0 0 1 0 0]\n [0 0 0 0 1 0]\n [0 0 0 0 0 1]]", "nfev": "7", "njev": "1", "status": "0", "success": "True", "message": "Optimization terminated successfully.", "x": "[1.75331648 2.16862991 0.92739499 2.20720374 3.52981605 1.48164244]", "nit": "0"}}, "cobyla": {"0": {"maxiter": 100, "tol": 1e-05, "catol": 1e-05, "duration": 0.026531219482421875, "x": "[ 5.05102217  3.4583129   1.14792588  1.60419236  3.15509247 -1.21758745]", "status": "2", "success": "False", "message": "Maximum number of function evaluations has been exceeded.", "nfev": "100", "fun": "0.3535764217376709", "maxcv": "0.0"}, "1": {"maxiter": 100, "tol": 1e-05, "catol": 1e-10, "duration": 0.026326894760131836, "x": "[ 5.05102217  3.4583129   1.14792588  1.60419236  3.15509247 -1.21758745]", "status": "2", "success": "False", "message": "Maximum number of function evaluations has been exceeded.", "nfev": "100", "fun": "0.3535764217376709", "maxcv": "0.0"}, "2": {"maxiter": 100, "tol": 1e-10, "catol": 1e-05, "duration": 0.03579092025756836, "x": "[ 5.05102217  3.4583129   1.14792588  1.60419236  3.15509247 -1.21758745]", "status": "2", "success": "False", "message": "Maximum number of function evaluations has been exceeded.", "nfev": "100", "fun": "0.3535764217376709", "maxcv": "0.0"}, "3": {"maxiter": 100, "tol": 1e-10, "catol": 1e-10, "duration": 0.032340049743652344, "x": "[ 5.05102217  3.4583129   1.14792588  1.60419236  3.15509247 -1.21758745]", "status": "2", "success": "False", "message": "Maximum number of function evaluations has been exceeded.", "nfev": "100", "fun": "0.3535764217376709", "maxcv": "0.0"}, "4": {"maxiter": 500, "tol": 1e-05, "catol": 1e-05, "duration": 0.045966148376464844, "x": "[ 5.05695197  3.46832726  1.15171629  1.61797828  3.14957196 -1.22089024]", "status": "1", "success": "True", "message": "Optimization terminated successfully.", "nfev": "156", "fun": "0.35355427861213684", "maxcv": "0.0"}, "5": {"maxiter": 500, "tol": 1e-05, "catol": 1e-10, "duration": 0.045616865158081055, "x": "[ 5.05695197  3.46832726  1.15171629  1.61797828  3.14957196 -1.22089024]", "status": "1", "success": "True", "message": "Optimization terminated successfully.", "nfev": "156", "fun": "0.35355427861213684", "maxcv": "0.0"}, "6": {"maxiter": 500, "tol": 1e-10, "catol": 1e-05, "duration": 0.06482100486755371, "x": "[ 5.05695197  3.46832726  1.15171629  1.61797828  3.14957196 -1.22089024]", "status": "1", "success": "True", "message": "Optimization terminated successfully.", "nfev": "191", "fun": "0.35355427861213684", "maxcv": "0.0"}, "7": {"maxiter": 500, "tol": 1e-10, "catol": 1e-10, "duration": 0.06834006309509277, "x": "[ 5.05695197  3.46832726  1.15171629  1.61797828  3.14957196 -1.22089024]", "status": "1", "success": "True", "message": "Optimization terminated successfully.", "nfev": "191", "fun": "0.35355427861213684", "maxcv": "0.0"}, "8": {"maxiter": 1000, "tol": 1e-05, "catol": 1e-05, "duration": 0.05468487739562988, "x": "[ 5.05695197  3.46832726  1.15171629  1.61797828  3.14957196 -1.22089024]", "status": "1", "success": "True", "message": "Optimization terminated successfully.", "nfev": "156", "fun": "0.35355427861213684", "maxcv": "0.0"}, "9": {"maxiter": 1000, "tol": 1e-05, "catol": 1e-10, "duration": 0.0489649772644043, "x": "[ 5.05695197  3.46832726  1.15171629  1.61797828  3.14957196 -1.22089024]", "status": "1", "success": "True", "message": "Optimization terminated successfully.", "nfev": "156", "fun": "0.35355427861213684", "maxcv": "0.0"}, "10": {"maxiter": 1000, "tol": 1e-10, "catol": 1e-05, "duration": 0.054084062576293945, "x": "[ 5.05695197  3.46832726  1.15171629  1.61797828  3.14957196 -1.22089024]", "status": "1", "success": "True", "message": "Optimization terminated successfully.", "nfev": "191", "fun": "0.35355427861213684", "maxcv": "0.0"}, "11": {"maxiter": 1000, "tol": 1e-10, "catol": 1e-10, "duration": 0.048177242279052734, "x": "[ 5.05695197  3.46832726  1.15171629  1.61797828  3.14957196 -1.22089024]", "status": "1", "success": "True", "message": "Optimization terminated successfully.", "nfev": "191", "fun": "0.35355427861213684", "maxcv": "0.0"}}, "powell": {"0": {"maxiter": 100, "ftol": 1e-05, "xtol": 1e-05, "duration": 0.17653107643127441, "fun": "0.3535550534725189", "direc": "[[ 1.          0.          0.          0.          0.          0.        ]\n [-0.10824505 -0.0728821  -0.04696801  0.027039    0.13735934 -0.01346597]\n [ 0.          0.          1.          0.          0.          0.        ]\n [ 0.          0.          0.          1.          0.          0.        ]\n [-0.28645158  0.09143032 -1.55989725 -0.18784749 -0.73988335 -1.80561213]\n [ 0.0118767  -0.03154626  0.00421895 -0.0124005  -0.00216566  0.02468162]]", "nit": "8", "nfev": "657", "status": "0", "success": "True", "message": "Optimization terminated successfully.", "x": "[ 1.22721752  0.32612616 -1.99136967  1.61673337  3.15116426 -1.22239565]"}, "1": {"maxiter": 100, "ftol": 1e-05, "xtol": 1e-10, "duration": 0.4777257442474365, "fun": "0.353554904460907", "direc": "[[ 1.          0.          0.          0.          0.          0.        ]\n [-0.10855462 -0.07272364 -0.04682384  0.02723448  0.1374855  -0.01351153]\n [ 0.          0.          1.          0.          0.          0.        ]\n [ 0.          0.          0.          1.          0.          0.        ]\n [-0.2840755   0.0930772  -1.56525744 -0.18621949 -0.73835517 -1.80489392]\n [ 0.01160565 -0.03138494  0.0039803  -0.01221662 -0.00219571  0.02419239]]", "nit": "8", "nfev": "1641", "status": "0", "success": "True", "message": "Optimization terminated successfully.", "x": "[ 1.22706166  0.32615326 -1.99129527  1.61684567  3.15107439 -1.22234143]"}, "2": {"maxiter": 100, "ftol": 1e-10, "xtol": 1e-05, "duration": 0.49674201011657715, "fun": "0.35355427861213684", "direc": "[[ 1.18767040e-02 -3.15462593e-02  4.21894569e-03 -1.24004972e-02\n  -2.16566094e-03  2.46816239e-02]\n [-1.08245045e-01 -7.28821042e-02 -4.69680087e-02  2.70389983e-02\n   1.37359337e-01 -1.34659660e-02]\n [ 0.00000000e+00  0.00000000e+00  1.00000000e+00  0.00000000e+00\n   0.00000000e+00  0.00000000e+00]\n [ 0.00000000e+00  0.00000000e+00  0.00000000e+00  1.00000000e+00\n   0.00000000e+00  0.00000000e+00]\n [-2.86451577e-01  9.14303195e-02 -1.55989725e+00 -1.87847486e-01\n  -7.39883354e-01 -1.80561213e+00]\n [-7.06864924e-04  1.25628853e-03  2.99601192e-04  9.56497782e-04\n  -1.55294639e-03  7.80628244e-04]]", "nit": "10", "nfev": "1084", "status": "0", "success": "True", "message": "Optimization terminated successfully.", "x": "[ 1.22614716  0.32721775 -1.99093887  1.61776299  3.1499329  -1.22188733]"}, "3": {"maxiter": 100, "ftol": 1e-10, "xtol": 1e-10, "duration": 0.8985412120819092, "fun": "0.35355424880981445", "direc": "[[ 1.16056502e-02 -3.13849379e-02  3.98029664e-03 -1.22166204e-02\n  -2.19570889e-03  2.41923880e-02]\n [-1.08554618e-01 -7.27236437e-02 -4.68238384e-02  2.72344834e-02\n   1.37485504e-01 -1.35115333e-02]\n [ 0.00000000e+00  0.00000000e+00  1.00000000e+00  0.00000000e+00\n   0.00000000e+00  0.00000000e+00]\n [ 0.00000000e+00  0.00000000e+00  0.00000000e+00  1.00000000e+00\n   0.00000000e+00  0.00000000e+00]\n [-2.84075498e-01  9.30772029e-02 -1.56525744e+00 -1.86219493e-01\n  -7.38355173e-01 -1.80489392e+00]\n [-7.64538512e-04  1.22554440e-03  3.07658513e-04  9.55257004e-04\n  -1.51428931e-03  7.14711626e-04]]", "nit": "10", "nfev": "2179", "status": "0", "success": "True", "message": "Optimization terminated successfully.", "x": "[ 1.22602303  0.32719966 -1.99065844  1.61787075  3.14990581 -1.22166343]"}, "4": {"maxiter": 500, "ftol": 1e-05, "xtol": 1e-05, "duration": 0.18788671493530273, "fun": "0.3535550534725189", "direc": "[[ 1.          0.          0.          0.          0.          0.        ]\n [-0.10824505 -0.0728821  -0.04696801  0.027039    0.13735934 -0.01346597]\n [ 0.          0.          1.          0.          0.          0.        ]\n [ 0.          0.          0.          1.          0.          0.        ]\n [-0.28645158  0.09143032 -1.55989725 -0.18784749 -0.73988335 -1.80561213]\n [ 0.0118767  -0.03154626  0.00421895 -0.0124005  -0.00216566  0.02468162]]", "nit": "8", "nfev": "657", "status": "0", "success": "True", "message": "Optimization terminated successfully.", "x": "[ 1.22721752  0.32612616 -1.99136967  1.61673337  3.15116426 -1.22239565]"}, "5": {"maxiter": 500, "ftol": 1e-05, "xtol": 1e-10, "duration": 0.4697840213775635, "fun": "0.353554904460907", "direc": "[[ 1.          0.          0.          0.          0.          0.        ]\n [-0.10855462 -0.07272364 -0.04682384  0.02723448  0.1374855  -0.01351153]\n [ 0.          0.          1.          0.          0.          0.        ]\n [ 0.          0.          0.          1.          0.          0.        ]\n [-0.2840755   0.0930772  -1.56525744 -0.18621949 -0.73835517 -1.80489392]\n [ 0.01160565 -0.03138494  0.0039803  -0.01221662 -0.00219571  0.02419239]]", "nit": "8", "nfev": "1641", "status": "0", "success": "True", "message": "Optimization terminated successfully.", "x": "[ 1.22706166  0.32615326 -1.99129527  1.61684567  3.15107439 -1.22234143]"}, "6": {"maxiter": 500, "ftol": 1e-10, "xtol": 1e-05, "duration": 0.3132450580596924, "fun": "0.35355427861213684", "direc": "[[ 1.18767040e-02 -3.15462593e-02  4.21894569e-03 -1.24004972e-02\n  -2.16566094e-03  2.46816239e-02]\n [-1.08245045e-01 -7.28821042e-02 -4.69680087e-02  2.70389983e-02\n   1.37359337e-01 -1.34659660e-02]\n [ 0.00000000e+00  0.00000000e+00  1.00000000e+00  0.00000000e+00\n   0.00000000e+00  0.00000000e+00]\n [ 0.00000000e+00  0.00000000e+00  0.00000000e+00  1.00000000e+00\n   0.00000000e+00  0.00000000e+00]\n [-2.86451577e-01  9.14303195e-02 -1.55989725e+00 -1.87847486e-01\n  -7.39883354e-01 -1.80561213e+00]\n [-7.06864924e-04  1.25628853e-03  2.99601192e-04  9.56497782e-04\n  -1.55294639e-03  7.80628244e-04]]", "nit": "10", "nfev": "1084", "status": "0", "success": "True", "message": "Optimization terminated successfully.", "x": "[ 1.22614716  0.32721775 -1.99093887  1.61776299  3.1499329  -1.22188733]"}, "7": {"maxiter": 500, "ftol":