{"date": "2024/10/08/, 20:06:44", "conf_id": 26, "data_type": "random\n", "num_data_points": 2, "s_rank": 0, "unitary": "[[-0.56303964-0.00798273j,-0.21670212-0.15784972j,-0.06047197-0.73952673j,-0.01438004+0.24552571j],[-0.06976756+0.23474685j,-0.01275565-0.5435098j,-0.02703657-0.08917885j,-0.08210486-0.79311774j],[-0.38559961+0.10714929j,0.5933431-0.2687392j,-0.24060861+0.29149289j,-0.45147719+0.26241743j],[-0.50180421+0.45931857j,-0.11617175+0.44134496j,0.49642745+0.22684508j,-0.08544628-0.15407063j]]", "databatch_0": {"databatch": "[[[0.41543961-0.43329767j,-0.40885265-0.03596676j,-0.00596343-0.29208193j,-0.15940066+0.14020761j],[-0.04341866-0.16617018j,-0.00430082+0.03396012j,-0.09828287-0.10272469j,0.02328223+0.05022809j],[-0.01621452-0.24491646j,-0.08305186-0.04890511j,-0.1932916-0.14638031j,0.00872982+0.05829682j],[0.01607164-0.14571025j,-0.30165174-0.06077591j,-0.17707576+0.06800861j,-0.04698725+0.02612596j]],[[0.1509735-0.09799215j,-0.01876463+0.00384723j,0.01137404-0.07689396j,0.05555485+0.02677262j],[0.01566205-0.15947486j,-0.16193991-0.30731423j,-0.16128053-0.17271592j,-0.0887471+0.26836438j],[0.34531388-0.22139527j,0.03979718+0.3185308j,0.10732218-0.04850686j,0.29656706-0.17308561j],[0.42158312+0.05334469j,0.08648709-0.09576949j,0.1835207-0.17211982j,-0.06458905+0.08671343j]]]", "initial param values": "[4.86651748,2.08474166,5.53382375,2.4684654,2.46351814,2.41718178]", "nelder_mead": {"type": "gradient-free", "0": {"maxiter": 100, "fatol": 1e-05, "xatol": 1e-05, "duration": 0.06917405128479004, "fun": "0.47890648963618254", "nit": "100", "nfev": "161", "status": "2", "success": "False", "message": "Maximum number of iterations has been exceeded.", "x": "[6.15823701 1.85315038 5.54935819 3.14678197 3.04748287 1.53971295]", "final_simplex": "(array([[6.15823701, 1.85315038, 5.54935819, 3.14678197, 3.04748287,\n        1.53971295],\n       [6.18077333, 1.83669002, 5.56666498, 3.14881543, 3.07134068,\n        1.55832398],\n       [6.18032016, 1.8319728 , 5.57109082, 3.15710436, 3.0816515 ,\n        1.57516188],\n       [6.1715882 , 1.83432963, 5.57326062, 3.16094569, 3.0862128 ,\n        1.58058196],\n       [6.16929391, 1.83278022, 5.57216639, 3.14352158, 3.07513764,\n        1.56541237],\n       [6.16521329, 1.84393614, 5.57197624, 3.1374671 , 3.05568532,\n        1.54770393],\n       [6.17933354, 1.83331706, 5.57057819, 3.13694236, 3.07038272,\n        1.56695785]]), array([0.47890649, 0.47891989, 0.47892789, 0.47892799, 0.47893496,\n       0.47893532, 0.47894432]))", "callback": [0.7517385475467719, 0.5029564727684956, 0.4878561999358285, 0.484981933156461, 0.4830624492984532, 0.4813848213515568, 0.4799423639453686, 0.47912153186220396, 0.4789887105312517, 0.4789443167018814]}, "1": {"maxiter": 100, "fatol": 1e-05, "xatol": 1e-10, "duration": 0.054704904556274414, "fun": "0.47890648963618254", "nit": "100", "nfev": "161", "status": "2", "success": "False", "message": "Maximum number of iterations has been exceeded.", "x": "[6.15823701 1.85315038 5.54935819 3.14678197 3.04748287 1.53971295]", "final_simplex": "(array([[6.15823701, 1.85315038, 5.54935819, 3.14678197, 3.04748287,\n        1.53971295],\n       [6.18077333, 1.83669002, 5.56666498, 3.14881543, 3.07134068,\n        1.55832398],\n       [6.18032016, 1.8319728 , 5.57109082, 3.15710436, 3.0816515 ,\n        1.57516188],\n       [6.1715882 , 1.83432963, 5.57326062, 3.16094569, 3.0862128 ,\n        1.58058196],\n       [6.16929391, 1.83278022, 5.57216639, 3.14352158, 3.07513764,\n        1.56541237],\n       [6.16521329, 1.84393614, 5.57197624, 3.1374671 , 3.05568532,\n        1.54770393],\n       [6.17933354, 1.83331706, 5.57057819, 3.13694236, 3.07038272,\n        1.56695785]]), array([0.47890649, 0.47891989, 0.47892789, 0.47892799, 0.47893496,\n       0.47893532, 0.47894432]))", "callback": [0.7517385475467719, 0.5029564727684956, 0.4878561999358285, 0.484981933156461, 0.4830624492984532, 0.4813848213515568, 0.4799423639453686, 0.47912153186220396, 0.4789887105312517, 0.4789443167018814]}, "2": {"maxiter": 100, "fatol": 1e-10, "xatol": 1e-05, "duration": 0.06249213218688965, "fun": "0.47890648963618254", "nit": "100", "nfev": "161", "status": "2", "success": "False", "message": "Maximum number of iterations has been exceeded.", "x": "[6.15823701 1.85315038 5.54935819 3.14678197 3.04748287 1.53971295]", "final_simplex": "(array([[6.15823701, 1.85315038, 5.54935819, 3.14678197, 3.04748287,\n        1.53971295],\n       [6.18077333, 1.83669002, 5.56666498, 3.14881543, 3.07134068,\n        1.55832398],\n       [6.18032016, 1.8319728 , 5.57109082, 3.15710436, 3.0816515 ,\n        1.57516188],\n       [6.1715882 , 1.83432963, 5.57326062, 3.16094569, 3.0862128 ,\n        1.58058196],\n       [6.16929391, 1.83278022, 5.57216639, 3.14352158, 3.07513764,\n        1.56541237],\n       [6.16521329, 1.84393614, 5.57197624, 3.1374671 , 3.05568532,\n        1.54770393],\n       [6.17933354, 1.83331706, 5.57057819, 3.13694236, 3.07038272,\n        1.56695785]]), array([0.47890649, 0.47891989, 0.47892789, 0.47892799, 0.47893496,\n       0.47893532, 0.47894432]))", "callback": [0.7517385475467719, 0.5029564727684956, 0.4878561999358285, 0.484981933156461, 0.4830624492984532, 0.4813848213515568, 0.4799423639453686, 0.47912153186220396, 0.4789887105312517, 0.4789443167018814]}, "3": {"maxiter": 100, "fatol": 1e-10, "xatol": 1e-10, "duration": 0.05680418014526367, "fun": "0.47890648963618254", "nit": "100", "nfev": "161", "status": "2", "success": "False", "message": "Maximum number of iterations has been exceeded.", "x": "[6.15823701 1.85315038 5.54935819 3.14678197 3.04748287 1.53971295]", "final_simplex": "(array([[6.15823701, 1.85315038, 5.54935819, 3.14678197, 3.04748287,\n        1.53971295],\n       [6.18077333, 1.83669002, 5.56666498, 3.14881543, 3.07134068,\n        1.55832398],\n       [6.18032016, 1.8319728 , 5.57109082, 3.15710436, 3.0816515 ,\n        1.57516188],\n       [6.1715882 , 1.83432963, 5.57326062, 3.16094569, 3.0862128 ,\n        1.58058196],\n       [6.16929391, 1.83278022, 5.57216639, 3.14352158, 3.07513764,\n        1.56541237],\n       [6.16521329, 1.84393614, 5.57197624, 3.1374671 , 3.05568532,\n        1.54770393],\n       [6.17933354, 1.83331706, 5.57057819, 3.13694236, 3.07038272,\n        1.56695785]]), array([0.47890649, 0.47891989, 0.47892789, 0.47892799, 0.47893496,\n       0.47893532, 0.47894432]))", "callback": [0.7517385475467719, 0.5029564727684956, 0.4878561999358285, 0.484981933156461, 0.4830624492984532, 0.4813848213515568, 0.4799423639453686, 0.47912153186220396, 0.4789887105312517, 0.4789443167018814]}, "4": {"maxiter": 500, "fatol": 1e-05, "xatol": 1e-05, "duration": 0.2536659240722656, "fun": "0.4174940909893232", "nit": "500", "nfev": "739", "status": "2", "success": "False", "message": "Maximum number of iterations has been exceeded.", "x": "[ 7.22880623  2.48643766  4.55710161  4.90528492  0.67851234 -1.30369875]", "final_simplex": "(array([[ 7.22880623,  2.48643766,  4.55710161,  4.90528492,  0.67851234,\n        -1.30369875],\n       [ 7.23588809,  2.62378731,  4.40689674,  4.91509185,  0.60023596,\n        -1.27769863],\n       [ 7.19601079,  2.64489779,  4.52426256,  5.01459565,  0.55454987,\n        -1.27379441],\n       [ 7.18006063,  2.70299374,  4.45801608,  4.93034678,  0.60683464,\n        -1.33983284],\n       [ 7.24234097,  2.69718625,  4.5715801 ,  4.8922669 ,  0.61533494,\n        -1.28979707],\n       [ 7.25175974,  2.43445788,  4.61594585,  5.01207099,  0.76547022,\n        -1.27619734],\n       [ 7.161658  ,  2.49503445,  4.59164602,  4.84568088,  0.70389326,\n        -1.20460185]]), array([0.41749409, 0.41868834, 0.41880433, 0.41943448, 0.41955349,\n       0.41962508, 0.41972624]))", "callback": [0.7517385475467719, 0.5029564727684956, 0.4878561999358285, 0.484981933156461, 0.4830624492984532, 0.4813848213515568, 0.4799423639453686, 0.47912153186220396, 0.4789887105312517, 0.4789443167018814, 0.478901821353242, 0.4781175316836398, 0.47687507094787673, 0.475909396941566, 0.4751246308292958, 0.474825364451103, 0.47408242945909007, 0.4722678822797258, 0.47187371882876306, 0.471524429724701, 0.4710054180580654, 0.46931505952460273, 0.46762597570302156, 0.46373878987755635, 0.46194358484609666, 0.45985192040416367, 0.4584181113966942, 0.45838241106646105, 0.4582773382948442, 0.4581976226930632, 0.4581712857512925, 0.45805811122203166, 0.4579714364569707, 0.4578952864899628, 0.45784554470280603, 0.457783574588585, 0.4577623161950254, 0.45774412349136306, 0.45771169097686504, 0.4575850399082635, 0.45738092167624456, 0.45667022874852603, 0.4556599332055472, 0.45371370361063257, 0.44720103027361224, 0.4371343415552075, 0.4313364765415175, 0.426395991028685, 0.42298226778699055, 0.41943447743076523]}, "5": {"maxiter": 500, "fatol": 1e-05, "xatol": 1e-10, "duration": 0.29125237464904785, "fun": "0.4174940909893232", "nit": "500", "nfev": "739", "status": "2", "success": "False", "message": "Maximum number of iterations has been exceeded.", "x": "[ 7.22880623  2.48643766  4.55710161  4.90528492  0.67851234 -1.30369875]", "final_simplex": "(array([[ 7.22880623,  2.48643766,  4.55710161,  4.90528492,  0.67851234,\n        -1.30369875],\n       [ 7.23588809,  2.62378731,  4.40689674,  4.91509185,  0.60023596,\n        -1.27769863],\n       [ 7.19601079,  2.64489779,  4.52426256,  5.01459565,  0.55454987,\n        -1.27379441],\n       [ 7.18006063,  2.70299374,  4.45801608,  4.93034678,  0.60683464,\n        -1.33983284],\n       [ 7.24234097,  2.69718625,  4.5715801 ,  4.8922669 ,  0.61533494,\n        -1.28979707],\n       [ 7.25175974,  2.43445788,  4.61594585,  5.01207099,  0.76547022,\n        -1.27619734],\n       [ 7.161658  ,  2.49503445,  4.59164602,  4.84568088,  0.70389326,\n        -1.20460185]]), array([0.41749409, 0.41868834, 0.41880433, 0.41943448, 0.41955349,\n       0.41962508, 0.41972624]))", "callback": [0.7517385475467719, 0.5029564727684956, 0.4878561999358285, 0.484981933156461, 0.4830624492984532, 0.4813848213515568, 0.4799423639453686, 0.47912153186220396, 0.4789887105312517, 0.4789443167018814, 0.478901821353242, 0.4781175316836398, 0.47687507094787673, 0.475909396941566, 0.4751246308292958, 0.474825364451103, 0.47408242945909007, 0.4722678822797258, 0.47187371882876306, 0.471524429724701, 0.4710054180580654, 0.46931505952460273, 0.46762597570302156, 0.46373878987755635, 0.46194358484609666, 0.45985192040416367, 0.4584181113966942, 0.45838241106646105, 0.4582773382948442, 0.4581976226930632, 0.4581712857512925, 0.45805811122203166, 0.4579714364569707, 0.4578952864899628, 0.45784554470280603, 0.457783574588585, 0.4577623161950254, 0.45774412349136306, 0.45771169097686504, 0.4575850399082635, 0.45738092167624456, 0.45667022874852603, 0.4556599332055472, 0.45371370361063257, 0.44720103027361224, 0.4371343415552075, 0.4313364765415175, 0.426395991028685, 0.42298226778699055, 0.41943447743076523]}, "6": {"maxiter": 500, "fatol": 1e-10, "xatol": 1e-05, "duration": 0.30706214904785156, "fun": "0.4174940909893232", "nit": "500", "nfev": "739", "status": "2", "success": "False", "message": "Maximum number of iterations has been exceeded.", "x": "[ 7.22880623  2.48643766  4.55710161  4.90528492  0.67851234 -1.30369875]", "final_simplex": "(array([[ 7.22880623,  2.48643766,  4.55710161,  4.90528492,  0.67851234,\n        -1.30369875],\n       [ 7.23588809,  2.62378731,  4.40689674,  4.91509185,  0.60023596,\n        -1.27769863],\n       [ 7.19601079,  2.64489779,  4.52426256,  5.01459565,  0.55454987,\n        -1.27379441],\n       [ 7.18006063,  2.70299374,  4.45801608,  4.93034678,  0.60683464,\n        -1.33983284],\n       [ 7.24234097,  2.69718625,  4.5715801 ,  4.8922669 ,  0.61533494,\n        -1.28979707],\n       [ 7.25175974,  2.43445788,  4.61594585,  5.01207099,  0.76547022,\n        -1.27619734],\n       [ 7.161658  ,  2.49503445,  4.59164602,  4.84568088,  0.70389326,\n        -1.20460185]]), array([0.41749409, 0.41868834, 0.41880433, 0.41943448, 0.41955349,\n       0.41962508, 0.41972624]))", "callback": [0.7517385475467719, 0.5029564727684956, 0.4878561999358285, 0.484981933156461, 0.4830624492984532, 0.4813848213515568, 0.4799423639453686, 0.47912153186220396, 0.4789887105312517, 0.4789443167018814, 0.478901821353242, 0.4781175316836398, 0.47687507094787673, 0.475909396941566, 0.4751246308292958, 0.474825364451103, 0.47408242945909007, 0.4722678822797258, 0.47187371882876306, 0.471524429724701, 0.4710054180580654, 0.46931505952460273, 0.46762597570302156, 0.46373878987755635, 0.46194358484609666, 0.45985192040416367, 0.4584181113966942, 0.45838241106646105, 0.4582773382948442, 0.4581976226930632, 0.4581712857512925, 0.45805811122203166, 0.4579714364569707, 0.4578952864899628, 0.45784554470280603, 0.457783574588585, 0.4577623161950254, 0.45774412349136306, 0.45771169097686504, 0.4575850399082635, 0.45738092167624456, 0.45667022874852603, 0.4556599332055472, 0.45371370361063257, 0.44720103027361224, 0.4371343415552075, 0.4313364765415175, 0.426395991028685, 0.42298226778699055, 0.41943447743076523]}, "7": {"maxiter": 500, "fatol": 1e-10, "xatol": 1e-10, "duration": 0.2887299060821533, "fun": "0.4174940909893232", "nit": "500", "nfev": "739", "status": "2", "success": "False", "message": "Maximum number of iterations has been exceeded.", "x": "[ 7.22880623  2.48643766  4.55710161  4.90528492  0.67851234 -1.30369875]", "final_simplex": "(array([[ 7.22880623,  2.48643766,  4.55710161,  4.90528492,  0.67851234,\n        -1.30369875],\n       [ 7.23588809,  2.62378731,  4.40689674,  4.91509185,  0.60023596,\n        -1.27769863],\n       [ 7.19601079,  2.64489779,  4.52426256,  5.01459565,  0.55454987,\n        -1.27379441],\n       [ 7.18006063,  2.70299374,  4.45801608,  4.93034678,  0.60683464,\n        -1.33983284],\n       [ 7.24234097,  2.69718625,  4.5715801 ,  4.8922669 ,  0.61533494,\n        -1.28979707],\n       [ 7.25175974,  2.43445788,  4.61594585,  5.01207099,  0.76547022,\n        -1.27619734],\n       [ 7.161658  ,  2.49503445,  4.59164602,  4.84568088,  0.70389326,\n        -1.20460185]]), array([0.41749409, 0.41868834, 0.41880433, 0.41943448, 0.41955349,\n       0.41962508, 0.41972624]))", "callback": [0.7517385475467719, 0.5029564727684956, 0.4878561999358285, 0.484981933156461, 0.4830624492984532, 0.4813848213515568, 0.4799423639453686, 0.47912153186220396, 0.4789887105312517, 0.4789443167018814, 0.478901821353242, 0.4781175316836398, 0.47687507094787673, 0.475909396941566, 0.4751246308292958, 0.474825364451103, 0.47408242945909007, 0.4722678822797258, 0.47187371882876306, 0.471524429724701, 0.4710054180580654, 0.46931505952460273, 0.46762597570302156, 0.46373878987755635, 0.46194358484609666, 0.45985192040416367, 0.4584181113966942, 0.45838241106646105, 0.4582773382948442, 0.4581976226930632, 0.4581712857512925, 0.45805811122203166, 0.4579714364569707, 0.4578952864899628, 0.45784554470280603, 0.457783574588585, 0.4577623161950254, 0.45774412349136306, 0.45771169097686504, 0.4575850399082635, 0.45738092167624456, 0.45667022874852603, 0.4556599332055472, 0.45371370361063257, 0.44720103027361224, 0.4371343415552075, 0.4313364765415175, 0.426395991028685, 0.42298226778699055, 0.41943447743076523]}, "8": {"maxiter": 1000, "fatol": 1e-05, "xatol": 1e-05, "duration": 0.3490591049194336, "fun": "0.4157171963807714", "nit": "657", "nfev": "1009", "status": "0", "success": "True", "message": "Optimization terminated successfully.", "x": "[ 7.29875232  2.54976487  4.55850383  4.89130498  0.56646388 -1.24932806]", "final_simplex": "(array([[ 7.29875232,  2.54976487,  4.55850383,  4.89130498,  0.56646388,\n        -1.24932806],\n       [ 7.29874604,  2.54976201,  4.55850551,  4.891301  ,  0.56646759,\n        -1.24932841],\n       [ 7.29874758,  2.54977233,  4.55850127,  4.89129813,  0.56645711,\n        -1.24932449],\n       [ 7.29874634,  2.54976969,  4.55849926,  4.8913055 ,  0.56646107,\n        -1.24932743],\n       [ 7.29874732,  2.54977229,  4.55849977,  4.89129984,  0.56646196,\n        -1.24932871],\n       [ 7.29875123,  2.54976143,  4.55850552,  4.89130362,  0.56646717,\n        -1.24932426],\n       [ 7.29874693,  2.54977292,  4.55850263,  4.89130403,  0.56645867,\n        -1.24932631]]), array([0.4157172, 0.4157172, 0.4157172, 0.4157172, 0.4157172, 0.4157172,\n       0.4157172]))", "callback": [0.7517385475467719, 0.5029564727684956, 0.4878561999358285, 0.484981933156461, 0.4830624492984532, 0.4813848213515568, 0.4799423639453686, 0.47912153186220396, 0.4789887105312517, 0.4789443167018814, 0.478901821353242, 0.4781175316836398, 0.47687507094787673, 0.475909396941566, 0.4751246308292958, 0.474825364451103, 0.47408242945909007, 0.4722678822797258, 0.47187371882876306, 0.471524429724701, 0.4710054180580654, 0.46931505952460273, 0.46762597570302156, 0.46373878987755635, 0.46194358484609666, 0.45985192040416367, 0.4584181113966942, 0.45838241106646105, 0.4582773382948442, 0.4581976226930632, 0.4581712857512925, 0.45805811122203166, 0.4579714364569707, 0.4578952864899628, 0.45784554470280603, 0.457783574588585, 0.4577623161950254, 0.45774412349136306, 0.45771169097686504, 0.4575850399082635, 0.45738092167624456, 0.45667022874852603, 0.4556599332055472, 0.45371370361063257, 0.44720103027361224, 0.4371343415552075, 0.4313364765415175, 0.426395991028685, 0.42298226778699055, 0.41943447743076523, 0.4174940909893232, 0.41612511442165456, 0.41578456874234715, 0.41572690442643445, 0.41572012007204306, 0.4157178849613068, 0.41571752232596826, 0.4157172882908253, 0.4157172118211816, 0.4157171996567589, 0.41571719689181763, 0.4157171965559061, 0.41571719644838745, 0.41571719640031435, 0.4157171963904832, 0.4157171963815923]}, "9": {"maxiter": 1000, "fatol": 1e-05, "xatol": 1e-10, "duration": 0.4118080139160156, "fun": "0.4157171963771348", "nit": "772", "nfev": "1246", "status": "0", "success": "True", "message": "Optimization terminated successfully.", "x": "[ 7.2987473   2.5497643   4.55850541  4.89130216  0.56646162 -1.24932851]", "final_simplex": "(array([[ 7.2987473 ,  2.5497643 ,  4.55850541,  4.89130216,  0.56646162,\n        -1.24932851],\n       [ 7.2987473 ,  2.5497643 ,  4.55850541,  4.89130216,  0.56646162,\n        -1.24932851],\n       [ 7.2987473 ,  2.5497643 ,  4.55850541,  4.89130216,  0.56646162,\n        -1.24932851],\n       [ 7.2987473 ,  2.5497643 ,  4.55850541,  4.89130216,  0.56646162,\n        -1.24932851],\n       [ 7.2987473 ,  2.5497643 ,  4.55850541,  4.89130216,  0.56646162,\n        -1.24932851],\n       [ 7.2987473 ,  2.5497643 ,  4.55850541,  4.89130216,  0.56646162,\n        -1.24932851],\n       [ 7.2987473 ,  2.5497643 ,  4.55850541,  4.89130216,  0.56646162,\n        -1.24932851]]), array([0.4157172, 0.4157172, 0.4157172, 0.4157172, 0.4157172, 0.4157172,\n       0.4157172]))", "callback": [0.7517385475467719, 0.5029564727684956, 0.4878561999358285, 0.484981933156461, 0.4830624492984532, 0.4813848213515568, 0.4799423639453686, 0.47912153186220396, 0.4789887105312517, 0.4789443167018814, 0.478901821353242, 0.4781175316836398, 0.47687507094787673, 0.475909396941566, 0.4751246308292958, 0.474825364451103, 0.47408242945909007, 0.4722678822797258, 0.47187371882876306, 0.471524429724701, 0.4710054180580654, 0.46931505952460273, 0.46762597570302156, 0.46373878987755635, 0.46194358484609666, 0.45985192040416367, 0.4584181113966942, 0.45838241106646105, 0.4582773382948442, 0.4581976226930632, 0.4581712857512925, 0.45805811122203166, 0.4579714364569707, 0.4578952864899628, 0.45784554470280603, 0.457783574588585, 0.4577623161950254, 0.45774412349136306, 0.45771169097686504, 0.4575850399082635, 0.45738092167624456, 0.45667022874852603, 0.4556599332055472, 0.45371370361063257, 0.44720103027361224, 0.4371343415552075, 0.4313364765415175, 0.426395991028685, 0.42298226778699055, 0.41943447743076523, 0.4174940909893232, 0.41612511442165456, 0.41578456874234715, 0.41572690442643445, 0.41572012007204306, 0.4157178849613068, 0.41571752232596826, 0.4157172882908253, 0.4157172118211816, 0.4157171996567589, 0.41571719689181763, 0.4157171965559061, 0.41571719644838745, 0.41571719640031435, 0.4157171963904832, 0.4157171963815923, 0.4157171963785976, 0.41571719637756965, 0.4157171963772275, 0.4157171963771562, 0.4157171963771398, 0.4157171963771398, 0.41571719637713567, 0.41571719637713567, 0.415717196377135, 0.4157171963771349, 0.4157171963771349, 0.4157171963771348]}, "10": {"maxiter": 1000, "fatol": 1e-10, "xatol": 1e-05, "duration": 0.33835482597351074, "fun": "0.4157171963807714", "nit": "657", "nfev": "1009", "status": "0", "success": "True", "message": "Optimization terminated successfully.", "x": "[ 7.29875232  2.54976487  4.55850383  4.89130498  0.56646388 -1.24932806]", "final_simplex": "(array([[ 7.29875232,  2.54976487,  4.55850383,  4.89130498,  0.56646388,\n        -1.24932806],\n       [ 7.29874604,  2.54976201,  4.55850551,  4.891301  ,  0.56646759,\n        -1.24932841],\n       [ 7.29874758,  2.54977233,  4.55850127,  4.89129813,  0.56645711,\n        -1.24932449],\n       [ 7.29874634,  2.54976969,  4.55849926,  4.8913055 ,  0.56646107,\n        -1.24932743],\n       [ 7.29874732,  2.54977229,  4.55849977,  4.89129984,  0.56646196,\n        -1.24932871],\n       [ 7.29875123,  2.54976143,  4.55850552,  4.89130362,  0.56646717,\n        -1.24932426],\n       [ 7.29874693,  2.54977292,  4.55850263,  4.89130403,  0.56645867,\n        -1.24932631]]), array([0.4157172, 0.4157172, 0.4157172, 0.4157172, 0.4157172, 0.4157172,\n       0.4157172]))", "callback": [0.7517385475467719, 0.5029564727684956, 0.4878561999358285, 0.484981933156461, 0.4830624492984532, 0.4813848213515568, 0.4799423639453686, 0.47912153186220396, 0.4789887105312517, 0.4789443167018814, 0.478901821353242, 0.4781175316836398, 0.47687507094787673, 0.475909396941566, 0.4751246308292958, 0.474825364451103, 0.47408242945909007, 0.4722678822797258, 0.47187371882876306, 0.471524429724701, 0.4710054180580654, 0.46931505952460273, 0.46762597570302156, 0.46373878987755635, 0.46194358484609666, 0.45985192040416367, 0.4584181113966942, 0.45838241106646105, 0.4582773382948442, 0.4581976226930632, 0.4581712857512925, 0.45805811122203166, 0.4579714364569707, 0.4578952864899628, 0.45784554470280603, 0.457783574588585, 0.4577623161950254, 0.45774412349136306, 0.45771169097686504, 0.4575850399082635, 0.45738092167624456, 0.45667022874852603, 0.4556599332055472, 0.45371370361063257, 0.44720103027361224, 0.4371343415552075, 0.4313364765415175, 0.426395991028685, 0.42298226778699055, 0.41943447743076523, 0.4174940909893232, 0.41612511442165456, 0.41578456874234715, 0.41572690442643445, 0.41572012007204306, 0.4157178849613068, 0.41571752232596826, 0.4157172882908253, 0.4157172118211816, 0.4157171996567589, 0.41571719689181763, 0.4157171965559061, 0.41571719644838745, 0.41571719640031435, 0.4157171963904832, 0.4157171963815923]}, "11": {"maxiter": 1000, "fatol": 1e-10, "xatol": 1e-10, "duration": 0.40427398681640625, "fun": "0.4157171963771348", "nit": "772", "nfev": "1246", "status": "0", "success": "True", "message": "Optimization terminated successfully.", "x": "[ 7.2987473   2.5497643   4.55850541  4.89130216  0.56646162 -1.24932851]", "final_simplex": "(array([[ 7.2987473 ,  2.5497643 ,  4.55850541,  4.89130216,  0.56646162,\n        -1.24932851],\n       [ 7.2987473 ,  2.5497643 ,  4.55850541,  4.89130216,  0.56646162,\n        -1.24932851],\n       [ 7.2987473 ,  2.5497643 ,  4.55850541,  4.89130216,  0.56646162,\n        -1.24932851],\n       [ 7.2987473 ,  2.5497643 ,  4.55850541,  4.89130216,  0.56646162,\n        -1.24932851],\n       [ 7.2987473 ,  2.5497643 ,  4.55850541,  4.89130216,  0.56646162,\n        -1.24932851],\n       [ 7.2987473 ,  2.5497643 ,  4.55850541,  4.89130216,  0.56646162,\n        -1.24932851],\n       [ 7.2987473 ,  2.5497643 ,  4.55850541,  4.89130216,  0.56646162,\n        -1.24932851]]), array([0.4157172, 0.4157172, 0.4157172, 0.4157172, 0.4157172, 0.4157172,\n       0.4157172]))", "callback": [0.7517385475467719, 0.5029564727684956, 0.4878561999358285, 0.484981933156461, 0.4830624492984532, 0.4813848213515568, 0.4799423639453686, 0.47912153186220396, 0.4789887105312517, 0.4789443167018814, 0.478901821353242, 0.4781175316836398, 0.47687507094787673, 0.475909396941566, 0.4751246308292958, 0.474825364451103, 0.47408242945909007, 0.4722678822797258, 0.47187371882876306, 0.471524429724701, 0.4710054180580654, 0.46931505952460273, 0.46762597570302156, 0.46373878987755635, 0.46194358484609666, 0.45985192040416367, 0.4584181113966942, 0.45838241106646105, 0.4582773382948442, 0.4581976226930632, 0.4581712857512925, 0.45805811122203166, 0.4579714364569707, 0.4578952864899628, 0.45784554470280603, 0.457783574588585, 0.4577623161950254, 0.45774412349136306, 0.45771169097686504, 0.4575850399082635, 0.45738092167624456, 0.45667022874852603, 0.4556599332055472, 0.45371370361063257, 0.44720103027361224, 0.4371343415552075, 0.4313364765415175, 0.426395991028685, 0.42298226778699055, 0.41943447743076523, 0.4174940909893232, 0.41612511442165456, 0.41578456874234715, 0.41572690442643445, 0.41572012007204306, 0.4157178849613068, 0.41571752232596826, 0.4157172882908253, 0.4157172118211816, 0.4157171996567589, 0.41571719689181763, 0.4157171965559061, 0.41571719644838745, 0.41571719640031435, 0.4157171963904832, 0.4157171963815923, 0.4157171963785976, 0.41571719637756965, 0.4157171963772275, 0.4157171963771562, 0.4157171963771398, 0.4157171963771398, 0.41571719637713567, 0.41571719637713567, 0.415717196377135, 0.4157171963771349, 0.4157171963771349, 0.4157171963771348]}}, "bfgs": {"type": "gradient", "0": {"maxiter": 100, "gtol": 1e-05, "xrtol": 1e-05, "eps": 1e-05, "duration": 0.10312604904174805, "fun": "0.41571719861142176", "jac": "[ 1.38765666e-06 -9.27660171e-06  2.19999574e-06 -8.20236101e-06\n  8.27604651e-07  7.29692973e-06]", "hess_inv": "[[ 6.01207616 -1.76410877 -0.06911999 -1.61104512  0.92555319  1.20712687]\n [-1.76410877 16.38845172 -6.06781977  5.52099327 -8.22353367 -1.71924745]\n [-0.06911999 -6.06781977  6.30754412 -0.3582649   3.12581309  0.90547881]\n [-1.61104512  5.52099327 -0.3582649   9.88221188 -2.59543244  1.50670822]\n [ 0.92555319 -8.22353367  3.12581309 -2.59543244  7.79768403  0.24343052]\n [ 1.20712687 -1.71924745  0.90547881  1.50670822  0.24343052  5.24384806]]", "nfev": "322", "njev": "46", "status": "0", "success": "True", "message": "Optimization terminated successfully.", "x": "[7.29879666 2.54949854 4.5585903  1.39172304 3.70818088 1.89230839]", "nit": "37", "callback": [0.5447318923253537, 0.5258487401059008, 0.4953435859947961, 0.4791403840474715, 0.47893920867729567, 0.47889719567594524, 0.4788265532659087, 0.4787257003494195, 0.4786671070635057, 0.4786326069505993, 0.4786161293290756, 0.4786103617397306, 0.4786030496521101, 0.47858979111902356, 0.4784828643630049, 0.4777325917715206, 0.4776543999733971, 0.4769828055256784, 0.4760564146789643, 0.47198768845914507, 0.4646561505155067, 0.4513166195845537, 0.43185542100704777, 0.42389322883366565, 0.41999089332266215, 0.4185701517363398, 0.416806104019526, 0.4164019662209024, 0.4161182490100901, 0.4160347169128221, 0.4159961679256192, 0.4159345793538052, 0.4158398808138366, 0.41575066701965, 0.4157233883122221, 0.4157174267942889, 0.41571719861142176]}, "1": {"maxiter": 100, "gtol": 1e-05, "xrtol": 1e-05, "eps": 1e-10, "duration": 0.11326479911804199, "fun": "0.415717196429621", "jac": "[ 3.33066880e-06  1.11022293e-06 -1.11022293e-06 -1.11022293e-06\n  1.11022293e-06  2.22044587e-06]", "hess_inv": "[[ 6.02398116 -2.08948291  0.09317968 -1.68137234  1.08250364  1.20996294]\n [-2.08948291 17.96783621 -6.66643364  6.59158018 -9.19615779 -1.68003425]\n [ 0.09317968 -6.66643364  6.51778666 -0.73689301  3.49880716  0.9222686 ]\n [-1.68137234  6.59158018 -0.73689301 10.50923004 -3.18304787  1.57119144]\n [ 1.08250364 -9.19615779  3.49880716 -3.18304787  8.33341859  0.34746759]\n [ 1.20996294 -1.68003425  0.9222686   1.57119144  0.34746759  5.11408373]]", "nfev": "329", "njev": "47", "status": "0", "success": "True", "message": "Optimization terminated successfully.", "x": "[7.29875973 2.54978398 4.55849719 1.39189736 3.70804594 1.89227779]", "nit": "38", "callback": [0.5447319732638785, 0.525848682925979, 0.4953433287063498, 0.47914045999089105, 0.4789391565082901, 0.47889712789022876, 0.47882646755222247, 0.4787257206230251, 0.47866714503409546, 0.47863256285910094, 0.478616056452179, 0.47861025918414823, 0.4786029298286739, 0.4785896444659882, 0.47848214925590304, 0.47772716749997524, 0.47764925743761655, 0.47697856520660353, 0.4760555068801138, 0.47197820669409196, 0.4646433844894393, 0.45133838236074886, 0.43202465584906735, 0.4235516713374379, 0.41990630779735305, 0.4185077407180682, 0.41681193519090476, 0.4163828578089619, 0.4161095108448579, 0.41602418927688334, 0.4159915311455188, 0.4159353602282414, 0.4158445339862996, 0.41574799600134416, 0.4157255618345824, 0.41571751328792406, 0.4157172010079141, 0.415717196429621]}, "2": {"maxiter": 100, "gtol": 1e-05, "xrtol": 1e-10, "eps": 1e-05, "duration": 0.11512088775634766, "fun": "0.41571719861142176", "jac": "[ 1.38765666e-06 -9.27660171e-06  2.19999574e-06 -8.20236101e-06\n  8.27604651e-07  7.29692973e-06]", "hess_inv": "[[ 6.01207616 -1.76410877 -0.06911999 -1.61104512  0.92555319  1.20712687]\n [-1.76410877 16.38845172 -6.06781977  5.52099327 -8.22353367 -1.71924745]\n [-0.06911999 -6.06781977  6.30754412 -0.3582649   3.12581309  0.90547881]\n [-1.61104512  5.52099327 -0.3582649   9.88221188 -2.59543244  1.50670822]\n [ 0.92555319 -8.22353367  3.12581309 -2.59543244  7.79768403  0.24343052]\n [ 1.20712687 -1.71924745  0.90547881  1.50670822  0.24343052  5.24384806]]", "nfev": "322", "njev": "46", "status": "0", "success": "True", "message": "Optimization terminated successfully.", "x": "[7.29879666 2.54949854 4.5585903  1.39172304 3.70818088 1.89230839]", "nit": "37", "callback": [0.5447318923253537, 0.5258487401059008, 0.4953435859947961, 0.4791403840474715, 0.47893920867729567, 0.47889719567594524, 0.4788265532659087, 0.4787257003494195, 0.4786671070635057, 0.4786326069505993, 0.4786161293290756, 0.4786103617397306, 0.4786030496521101, 0.47858979111902356, 0.4784828643630049, 0.4777325917715206, 0.4776543999733971, 0.4769828055256784, 0.4760564146789643, 0.47198768845914507, 0.4646561505155067, 0.4513166195845537, 0.43185542100704777, 0.42389322883366565, 0.41999089332266215, 0.4185701517363398, 0.416806104019526, 0.4164019662209024, 0.4161182490100901, 0.4160347169128221, 0.4159961679256192, 0.4159345793538052, 0.4158398808138366, 0.41575066701965, 0.4157233883122221, 0.4157174267942889, 0.41571719861142176]}, "3": {"maxiter": 100, "gtol": 1e-05, "xrtol": 1e-10, "eps": 1e-10, "duration": 0.1134037971496582, "fun": "0.415717196429621", "jac": "[ 3.33066880e-06  1.11022293e-06 -1.11022293e-06 -1.11022293e-06\n  1.11022293e-06  2.22044587e-06]", "hess_inv": "[[ 6.02398116 -2.08948291  0.09317968 -1.68137234  1.08250364  1.20996294]\n [-2.08948291 17.96783621 -6.66643364  6.59158018 -9.19615779 -1.68003425]\n [ 0.09317968 -6.66643364  6.51778666 -0.73689301  3.49880716  0.9222686 ]\n [-1.68137234  6.59158018 -0.73689301 10.50923004 -3.18304787  1.57119144]\n [ 1.08250364 -9.19615779  3.49880716 -3.18304787  8.33341859  0.34746759]\n [ 1.20996294 -1.68003425  0.9222686   1.57119144  0.34746759  5.11408373]]", "nfev": "329", "njev": "47", "status": "0", "success": "True", "message": "Optimization terminated successfully.", "x": "[7.29875973 2.54978398 4.55849719 1.39189736 3.70804594 1.89227779]", "nit": "38", "callback": [0.5447319732638785, 0.525848682925979, 0.4953433287063498, 0.47914045999089105, 0.4789391565082901, 0.47889712789022876, 0.47882646755222247, 0.4787257206230251, 0.47866714503409546, 0.47863256285910094, 0.478616056452179, 0.47861025918414823, 0.4786029298286739, 0.4785896444659882, 0.47848214925590304, 0.47772716749997524, 0.47764925743761655, 0.47697856520660353, 0.4760555068801138, 0.47197820669409196, 0.4646433844894393, 0.45133838236074886, 0.43202465584906735, 0.4235516713374379, 0.41990630779735305, 0.4185077407180682, 0.41681193519090476, 0.4163828578089619, 0.4161095108448579, 0.41602418927688334, 0.4159915311455188, 0.4159353602282414, 0.4158445339862996, 0.41574799600134416, 0.4157255618345824, 0.41571751328792406, 0.4157172010079141, 0.415717196429621]}, "4": {"maxiter": 100, "gtol": 1e-10, "xrtol": 1e-05, "eps": 1e-05, "duration": 0.1266648769378662, "fun": "0.4157171963973637", "jac": "[-5.62661029e-08  2.67896816e-08 -4.97824004e-08 -7.48734408e-08\n  3.99680289e-09  7.33746397e-08]", "hess_inv": "[[ 6.09326034 -2.18489536  0.06119926 -1.86913592  1.12745631  1.29856464]\n [-2.18489536 18.53233482 -6.74310932  6.84765762 -9.2957831  -2.12170839]\n [ 0.06119926 -6.74310932  6.51505074 -0.77794647  3.45346321  1.04727572]\n [-1.86913592  6.84765762 -0.77794647 10.6818666  -3.23389672  1.2222827 ]\n [ 1.12745631 -9.2957831   3.45346321 -3.23389672  8.27493233  0.5299467 ]\n [ 1.29856464 -2.12170839  1.04727572  1.2222827   0.5299467   5.196288  ]]", "nfev": "336", "njev": "48", "status": "0", "success": "True", "message": "Optimization terminated successfully.", "x": "[7.29874207 2.54976767 4.55849645 1.39187224 3.70804825 1.89225627]", "nit": "39", "callback": [0.5447318923253537, 0.5258487401059008, 0.4953435859947961, 0.4791403840474715, 0.47893920867729567, 0.47889719567594524, 0.4788265532659087, 0.4787257003494195, 0.4786671070635057, 0.4786326069505993, 0.4786161293290756, 0.4786103617397306, 0.4786030496521101, 0.47858979111902356, 0.4784828643630049, 0.4777325917715206, 0.4776543999733971, 0.4769828055256784, 0.4760564146789643, 0.47198768845914507, 0.4646561505155067, 0.4513166195845537, 0.43185542100704777, 0.42389322883366565, 0.41999089332266215, 0.4185701517363398, 0.416806104019526, 0.4164019662209024, 0.4161182490100901, 0.4160347169128221, 0.4159961679256192, 0.4159345793538052, 0.4158398808138366, 0.41575066701965, 0.4157233883122221, 0.4157174267942889, 0.41571719861142176, 0.4157171964080859, 0.4157171963973637]}, "5": {"maxiter": 100, "gtol": 1e-10, "xrtol": 1e-05, "eps": 1e-10, "duration": 0.12266921997070312, "fun": "0.4157171964179083", "jac": "[-1.11022293e-06  1.11022293e-06  3.33066880e-06  1.11022293e-06\n  1.11022293e-06  1.11022293e-06]", "hess_inv": "[[ 6.34933622 -3.0043976   0.37592965 -2.28658977  1.58792358  1.34977827]\n [-3.0043976  17.93083899 -6.33964243  6.91290753 -9.27979402 -2.11677204]\n [ 0.37592965 -6.33964243  6.281227   -0.66937373  3.36301985  1.06250518]\n [-2.28658977  6.91290753 -0.66937373 10.90471721 -3.4156118   1.28806185]\n [ 1.58792358 -9.27979402  3.36301985 -3.4156118   8.43296391  0.58699409]\n [ 1.34977827 -2.11677204  1.06250518  1.28806185  0.58699409  5.17343938]]", "nfev": "336", "njev": "48", "status": "0", "success": "True", "message": "Optimization terminated successfully.", "x": "[7.29873504 2.54978972 4.55850312 1.39190959 3.70804023 1.89226611]", "nit": "39", "callback": [0.5447319732638785, 0.525848682925979, 0.4953433287063498, 0.47914045999089105, 0.4789391565082901, 0.47889712789022876, 0.47882646755222247, 0.4787257206230251, 0.47866714503409546, 0.47863256285910094, 0.478616056452179, 0.47861025918414823, 0.4786029298286739, 0.4785896444659882, 0.47848214925590304, 0.47772716749997524, 0.47764925743761655, 0.47697856520660353, 0.4760555068801138, 0.47197820669409196, 0.4646433844894393, 0.45133838236074886, 0.43202465584906735, 0.4235516713374379, 0.41990630779735305, 0.4185077407180682, 0.41681193519090476, 0.4163828578089619, 0.4161095108448579, 0.41602418927688334, 0.4159915311455188, 0.4159353602282414, 0.4158445339862996, 0.41574799600134416, 0.4157255618345824, 0.41571751328792406, 0.4157172010079141, 0.415717196429621, 0.4157171964179083]}, "6": {"maxiter": 100, "gtol": 1e-10, "xrtol": 1e-10, "eps": 1e-05, "duration": 0.11878299713134766, "fun": "0.41571719639636096", "jac": "[-1.11022302e-11 -1.11022302e-11  1.11022302e-11  1.11022302e-11\n  2.22044605e-11 -4.44089210e-11]", "hess_inv": "[[ 6.1761577  -2.28139094  0.24626709 -1.58494419  1.13143888  1.31142392]\n [-2.28139094 18.51880736 -6.97436515  6.33171408 -9.23801059 -2.08712819]\n [ 0.24626709 -6.97436515  6.92584966 -0.16840746  3.47243324  1.07973702]\n [-1.58494419  6.33171408 -0.16840746 11.37375922 -3.1140119   1.3228663 ]\n [ 1.13143888 -9.23801059  3.47243324 -3.1140119   8.22333655  0.52972564]\n [ 1.31142392 -2.08712819  1.07973702  1.3228663   0.52972564  5.15172359]]", "nfev": "357", "njev": "51", "status": "0", "success": "True", "message": "Optimization terminated successfully.", "x": "[7.29874227 2.54976736 4.55849689 1.39187274 3.70804843 1.89225616]", "nit": "42", "callback": [0.5447318923253537, 0.5258487401059008, 0.4953435859947961, 0.4791403840474715, 0.47893920867729567, 0.47889719567594524, 0.4788265532659087, 0.4787257003494195, 0.4786671070635057, 0.4786326069505993, 0.4786161293290756, 0.4786103617397306, 0.4786030496521101, 0.47858979111902356, 0.4784828643630049, 0.4777325917715206, 0.4776543999733971, 0.4769828055256784, 0.4760564146789643, 0.47198768845914507, 0.4646561505155067, 0.4513166195845537, 0.43185542100704777, 0.42389322883366565, 0.41999089332266215, 0.4185701517363398, 0.416806104019526, 0.4164019662209024, 0.4161182490100901, 0.4160347169128221, 0.4159961679256192, 0.4159345793538052, 0.4158398808138366, 0.41575066701965, 0.4157233883122221, 0.4157174267942889, 0.41571719861142176, 0.4157171964080859, 0.4157171963973637, 0.4157171963965186, 0.4157171963963634, 0.41571719639636096]}, "7": {"maxiter": 100, "gtol": 1e-10, "xrtol": 1e-10, "eps": 1e-10, "duration": 0.26892733573913574, "fun": "0.41571719638572113", "jac": "[1.11022293e-06 1.11022293e-06 1.11022293e-06 0.00000000e+00\n 0.00000000e+00 0.00000000e+00]", "hess_inv": "[[ 1.12499525  0.09224656 -0.98589784  1.9364703  -0.21543814 -0.59969379]\n [ 0.09224656  0.01683037 -0.08143547  0.16915499 -0.0115265  -0.06554313]\n [-0.98589784 -0.08143547  0.86519109 -1.70118268  0.19109052  0.52609228]\n [ 1.9364703   0.16915499 -1.70118268  3.36920535 -0.37553002 -1.05400201]\n [-0.21543814 -0.0115265   0.19109052 -0.37553002  0.05797222  0.10053038]\n [-0.59969379 -0.06554313  0.52609228 -1.05400201  0.10053038  0.35399102]]", "nfev": "796", "njev": "112", "status": "2", "success": "False", "message": "Desired error not necessarily achieved due to precision loss.", "x": "[7.29874581 2.54977921 4.55850006 1.39188519 3.70804323 1.89226079]", "nit": "51", "callback": [0.5447319732638785, 0.525848682925979, 0.4953433287063498, 0.47914045999089105, 0.4789391565082901, 0.47889712789022876, 0.47882646755222247, 0.4787257206230251, 0.47866714503409546, 0.47863256285910094, 0.478616056452179, 0.47861025918414823, 0.4786029298286739, 0.4785896444659882, 0.47848214925590304, 0.47772716749997524, 0.47764925743761655, 0.47697856520660353, 0.4760555068801138, 0.47197820669409196, 0.4646433844894393, 0.45133838236074886, 0.43202465584906735, 0.4235516713374379, 0.41990630779735305, 0.4185077407180682, 0.41681193519090476, 0.4163828578089619, 0.4161095108448579, 0.41602418927688334, 0.4159915311455188, 0.4159353602282414, 0.4158445339862996, 0.41574799600134416, 0.4157255618345824, 0.41571751328792406, 0.4157172010079141, 0.415717196429621, 0.4157171964179083, 0.41571719641429483, 0.4157171964116284, 0.41571719640569604, 0.41571719639557125, 0.415717196386556, 0.4157171963865425, 0.41571719638653826, 0.41571719638653626, 0.4157171963865345, 0.4157171963865145, 0.4157171963857663, 0.41571719638572113]}, "8": {"maxiter": 500, "gtol": 1e-05, "xrtol": 1e-05, "eps": 1e-05, "duration": 0.1218729019165039, "fun": "0.41571719861142176", "jac": "[ 1.38765666e-06 -9.27660171e-06  2.19999574e-06 -8.20236101e-06\n  8.27604651e-07  7.29692973e-06]", "hess_inv": "[[ 6.01207616 -1.76410877 -0.06911999 -1.61104512  0.92555319  1.20712687]\n [-1.76410877 16.38845172 -6.06781977  5.52099327 -8.22353367 -1.71924745]\n [-0.06911999 -6.067