{"date": "2024/10/08/, 19:01:12", "conf_id": 22, "data_type": "random\n", "num_data_points": 2, "s_rank": 0, "unitary": "[[0.18663085-0.53122324j,-0.11886349-0.70040876j,0.28555095-0.02789305j,-0.12262021-0.2844587j],[-0.16702216+0.27758472j,0.27526351-0.29738586j,-0.01109314+0.22495461j,-0.77239203+0.28900673j],[0.61935415+0.12301792j,-0.31269928-0.03315917j,-0.61902762-0.19039079j,-0.27120731-0.0968989j],[0.42341754+0.0023929j,-0.05847358+0.47832119j,0.64900495-0.16218422j,-0.37182676-0.05229966j]]", "databatch_0": {"databatch": "[[[-0.01219503+0.19009235j,-0.36594094+0.115394j,-0.10128934-0.1949634j,-0.21900409+0.36866865j],[0.01828515-0.00456424j,0.02187674+0.03102603j,-0.01533321+0.01540798j,0.04133445+0.00956249j],[-0.09929985+0.08630659j,-0.23436314-0.12373223j,0.04659163-0.14441838j,-0.28743527+0.07142184j],[-0.16671345-0.07449823j,0.01864526-0.36735463j,0.20902392-0.02583439j,-0.25802726-0.31999941j]],[[0.05840079-0.17806603j,0.3106467+0.01650018j,-0.37512013+0.10265758j,-0.25175941-0.0574327j],[0.16158398-0.14438195j,0.30133732+0.19644129j,-0.43487885-0.11453187j,-0.2186948-0.20329865j],[0.00515193+0.03424945j,-0.05265662+0.02308412j,0.05340128-0.04811269j,0.04633533-0.01143413j],[0.01868798-0.12947889j,0.21558943-0.02610723j,-0.24555514+0.11581304j,-0.18003361-0.00913756j]]]", "initial param values": "[3.11454912,2.49524591,4.09721281,5.00405088,0.45622645,5.11389911]", "nelder_mead": {"type": "gradient-free", "0": {"maxiter": 100, "fatol": 1e-05, "xatol": 1e-05, "duration": 0.038578033447265625, "fun": "0.26654907742331635", "nit": "100", "nfev": "156", "status": "2", "success": "False", "message": "Maximum number of iterations has been exceeded.", "x": "[0.36761065 2.31044492 2.64255232 2.79350284 0.44236856 6.67551337]", "final_simplex": "(array([[0.36761065, 2.31044492, 2.64255232, 2.79350284, 0.44236856,\n        6.67551337],\n       [0.2856007 , 2.35263863, 2.4616613 , 2.70003362, 0.43708137,\n        6.74639884],\n       [0.33660283, 2.32399667, 2.59252994, 2.79013594, 0.4451855 ,\n        6.682116  ],\n       [0.38681197, 2.29102558, 2.57252294, 2.82948036, 0.43812347,\n        6.67279032],\n       [0.44761455, 2.2922259 , 2.68854841, 2.8878875 , 0.43730812,\n        6.6948917 ],\n       [0.3628594 , 2.24642689, 2.44072725, 2.73044276, 0.42416854,\n        6.86680559],\n       [0.3663871 , 2.30557848, 2.63766564, 2.86814746, 0.44006772,\n        6.73739633]]), array([0.26654908, 0.26691998, 0.26694391, 0.26818983, 0.26898719,\n       0.26933257, 0.26940975]))", "callback": [0.8751419310422879, 0.7561176671059765, 0.5736085956463592, 0.4903979110319273, 0.47405988634458573, 0.4706710553948491, 0.4320801958555184, 0.2813167882626262, 0.2808492229416826, 0.2689871861505986]}, "1": {"maxiter": 100, "fatol": 1e-05, "xatol": 1e-10, "duration": 0.041554927825927734, "fun": "0.26654907742331635", "nit": "100", "nfev": "156", "status": "2", "success": "False", "message": "Maximum number of iterations has been exceeded.", "x": "[0.36761065 2.31044492 2.64255232 2.79350284 0.44236856 6.67551337]", "final_simplex": "(array([[0.36761065, 2.31044492, 2.64255232, 2.79350284, 0.44236856,\n        6.67551337],\n       [0.2856007 , 2.35263863, 2.4616613 , 2.70003362, 0.43708137,\n        6.74639884],\n       [0.33660283, 2.32399667, 2.59252994, 2.79013594, 0.4451855 ,\n        6.682116  ],\n       [0.38681197, 2.29102558, 2.57252294, 2.82948036, 0.43812347,\n        6.67279032],\n       [0.44761455, 2.2922259 , 2.68854841, 2.8878875 , 0.43730812,\n        6.6948917 ],\n       [0.3628594 , 2.24642689, 2.44072725, 2.73044276, 0.42416854,\n        6.86680559],\n       [0.3663871 , 2.30557848, 2.63766564, 2.86814746, 0.44006772,\n        6.73739633]]), array([0.26654908, 0.26691998, 0.26694391, 0.26818983, 0.26898719,\n       0.26933257, 0.26940975]))", "callback": [0.8751419310422879, 0.7561176671059765, 0.5736085956463592, 0.4903979110319273, 0.47405988634458573, 0.4706710553948491, 0.4320801958555184, 0.2813167882626262, 0.2808492229416826, 0.2689871861505986]}, "2": {"maxiter": 100, "fatol": 1e-10, "xatol": 1e-05, "duration": 0.04747605323791504, "fun": "0.26654907742331635", "nit": "100", "nfev": "156", "status": "2", "success": "False", "message": "Maximum number of iterations has been exceeded.", "x": "[0.36761065 2.31044492 2.64255232 2.79350284 0.44236856 6.67551337]", "final_simplex": "(array([[0.36761065, 2.31044492, 2.64255232, 2.79350284, 0.44236856,\n        6.67551337],\n       [0.2856007 , 2.35263863, 2.4616613 , 2.70003362, 0.43708137,\n        6.74639884],\n       [0.33660283, 2.32399667, 2.59252994, 2.79013594, 0.4451855 ,\n        6.682116  ],\n       [0.38681197, 2.29102558, 2.57252294, 2.82948036, 0.43812347,\n        6.67279032],\n       [0.44761455, 2.2922259 , 2.68854841, 2.8878875 , 0.43730812,\n        6.6948917 ],\n       [0.3628594 , 2.24642689, 2.44072725, 2.73044276, 0.42416854,\n        6.86680559],\n       [0.3663871 , 2.30557848, 2.63766564, 2.86814746, 0.44006772,\n        6.73739633]]), array([0.26654908, 0.26691998, 0.26694391, 0.26818983, 0.26898719,\n       0.26933257, 0.26940975]))", "callback": [0.8751419310422879, 0.7561176671059765, 0.5736085956463592, 0.4903979110319273, 0.47405988634458573, 0.4706710553948491, 0.4320801958555184, 0.2813167882626262, 0.2808492229416826, 0.2689871861505986]}, "3": {"maxiter": 100, "fatol": 1e-10, "xatol": 1e-10, "duration": 0.04542279243469238, "fun": "0.26654907742331635", "nit": "100", "nfev": "156", "status": "2", "success": "False", "message": "Maximum number of iterations has been exceeded.", "x": "[0.36761065 2.31044492 2.64255232 2.79350284 0.44236856 6.67551337]", "final_simplex": "(array([[0.36761065, 2.31044492, 2.64255232, 2.79350284, 0.44236856,\n        6.67551337],\n       [0.2856007 , 2.35263863, 2.4616613 , 2.70003362, 0.43708137,\n        6.74639884],\n       [0.33660283, 2.32399667, 2.59252994, 2.79013594, 0.4451855 ,\n        6.682116  ],\n       [0.38681197, 2.29102558, 2.57252294, 2.82948036, 0.43812347,\n        6.67279032],\n       [0.44761455, 2.2922259 , 2.68854841, 2.8878875 , 0.43730812,\n        6.6948917 ],\n       [0.3628594 , 2.24642689, 2.44072725, 2.73044276, 0.42416854,\n        6.86680559],\n       [0.3663871 , 2.30557848, 2.63766564, 2.86814746, 0.44006772,\n        6.73739633]]), array([0.26654908, 0.26691998, 0.26694391, 0.26818983, 0.26898719,\n       0.26933257, 0.26940975]))", "callback": [0.8751419310422879, 0.7561176671059765, 0.5736085956463592, 0.4903979110319273, 0.47405988634458573, 0.4706710553948491, 0.4320801958555184, 0.2813167882626262, 0.2808492229416826, 0.2689871861505986]}, "4": {"maxiter": 500, "fatol": 1e-05, "xatol": 1e-05, "duration": 0.20642590522766113, "fun": "0.20370141429188382", "nit": "462", "nfev": "727", "status": "0", "success": "True", "message": "Optimization terminated successfully.", "x": "[0.48940347 0.28895609 4.00103013 2.167996   0.92164765 7.70358258]", "final_simplex": "(array([[0.48940347, 0.28895609, 4.00103013, 2.167996  , 0.92164765,\n        7.70358258],\n       [0.48940269, 0.28895916, 4.0010308 , 2.16799783, 0.92164742,\n        7.70358049],\n       [0.48940559, 0.28894871, 4.00103854, 2.16799609, 0.92164758,\n        7.7035813 ],\n       [0.48940295, 0.28895047, 4.00103665, 2.16799352, 0.92164729,\n        7.70358488],\n       [0.4894009 , 0.2889515 , 4.00103695, 2.16799428, 0.92164635,\n        7.70357852],\n       [0.48940437, 0.28895545, 4.00103334, 2.16799436, 0.92164863,\n        7.70358337],\n       [0.48940111, 0.28895784, 4.0010331 , 2.16799686, 0.92165003,\n        7.703582  ]]), array([0.20370141, 0.20370141, 0.20370141, 0.20370141, 0.20370141,\n       0.20370141, 0.20370141]))", "callback": [0.8751419310422879, 0.7561176671059765, 0.5736085956463592, 0.4903979110319273, 0.47405988634458573, 0.4706710553948491, 0.4320801958555184, 0.2813167882626262, 0.2808492229416826, 0.2689871861505986, 0.26654907742331635, 0.26512557008541915, 0.26296604142622815, 0.2562697243985682, 0.23778697512355662, 0.2280519646340462, 0.22729827254370483, 0.22706000186753417, 0.22688652895227046, 0.22659699675009526, 0.2252004179086443, 0.21894178658350294, 0.21616581247334743, 0.21136308749698796, 0.20866330256465193, 0.20634267120205974, 0.20481163060275576, 0.2044331399410778, 0.2041905619431028, 0.20381769344770517, 0.20371781938829714, 0.20371781938829714, 0.20371115330149658, 0.20370783257281455, 0.20370510206950676, 0.20370263353625062, 0.20370158239378955, 0.20370147250612347, 0.20370142498457255, 0.20370141845597878, 0.20370141514638884, 0.20370141466389058, 0.20370141434801736, 0.20370141434801736, 0.2037014143096214, 0.20370141429610644, 0.20370141429188382]}, "5": {"maxiter": 500, "fatol": 1e-05, "xatol": 1e-10, "duration": 0.2358992099761963, "fun": "0.20370141429138444", "nit": "500", "nfev": "791", "status": "2", "success": "False", "message": "Maximum number of iterations has been exceeded.", "x": "[0.48940309 0.28895189 4.0010342  2.16799581 0.92164797 7.7035823 ]", "final_simplex": "(array([[0.48940309, 0.28895189, 4.0010342 , 2.16799581, 0.92164797,\n        7.7035823 ],\n       [0.48940319, 0.28895189, 4.00103392, 2.16799582, 0.921648  ,\n        7.70358273],\n       [0.48940301, 0.28895235, 4.00103364, 2.16799594, 0.92164801,\n        7.70358238],\n       [0.48940324, 0.28895193, 4.00103395, 2.16799597, 0.92164788,\n        7.70358237],\n       [0.48940306, 0.2889524 , 4.00103345, 2.16799579, 0.92164795,\n        7.70358255],\n       [0.489403  , 0.28895185, 4.00103407, 2.16799588, 0.92164777,\n        7.70358232],\n       [0.48940307, 0.2889522 , 4.00103395, 2.16799594, 0.92164788,\n        7.70358248]]), array([0.20370141, 0.20370141, 0.20370141, 0.20370141, 0.20370141,\n       0.20370141, 0.20370141]))", "callback": [0.8751419310422879, 0.7561176671059765, 0.5736085956463592, 0.4903979110319273, 0.47405988634458573, 0.4706710553948491, 0.4320801958555184, 0.2813167882626262, 0.2808492229416826, 0.2689871861505986, 0.26654907742331635, 0.26512557008541915, 0.26296604142622815, 0.2562697243985682, 0.23778697512355662, 0.2280519646340462, 0.22729827254370483, 0.22706000186753417, 0.22688652895227046, 0.22659699675009526, 0.2252004179086443, 0.21894178658350294, 0.21616581247334743, 0.21136308749698796, 0.20866330256465193, 0.20634267120205974, 0.20481163060275576, 0.2044331399410778, 0.2041905619431028, 0.20381769344770517, 0.20371781938829714, 0.20371781938829714, 0.20371115330149658, 0.20370783257281455, 0.20370510206950676, 0.20370263353625062, 0.20370158239378955, 0.20370147250612347, 0.20370142498457255, 0.20370141845597878, 0.20370141514638884, 0.20370141466389058, 0.20370141434801736, 0.20370141434801736, 0.2037014143096214, 0.20370141429610644, 0.20370141429188382, 0.20370141429176902, 0.20370141429154076, 0.20370141429141508]}, "6": {"maxiter": 500, "fatol": 1e-10, "xatol": 1e-05, "duration": 0.20219802856445312, "fun": "0.20370141429188382", "nit": "462", "nfev": "727", "status": "0", "success": "True", "message": "Optimization terminated successfully.", "x": "[0.48940347 0.28895609 4.00103013 2.167996   0.92164765 7.70358258]", "final_simplex": "(array([[0.48940347, 0.28895609, 4.00103013, 2.167996  , 0.92164765,\n        7.70358258],\n       [0.48940269, 0.28895916, 4.0010308 , 2.16799783, 0.92164742,\n        7.70358049],\n       [0.48940559, 0.28894871, 4.00103854, 2.16799609, 0.92164758,\n        7.7035813 ],\n       [0.48940295, 0.28895047, 4.00103665, 2.16799352, 0.92164729,\n        7.70358488],\n       [0.4894009 , 0.2889515 , 4.00103695, 2.16799428, 0.92164635,\n        7.70357852],\n       [0.48940437, 0.28895545, 4.00103334, 2.16799436, 0.92164863,\n        7.70358337],\n       [0.48940111, 0.28895784, 4.0010331 , 2.16799686, 0.92165003,\n        7.703582  ]]), array([0.20370141, 0.20370141, 0.20370141, 0.20370141, 0.20370141,\n       0.20370141, 0.20370141]))", "callback": [0.8751419310422879, 0.7561176671059765, 0.5736085956463592, 0.4903979110319273, 0.47405988634458573, 0.4706710553948491, 0.4320801958555184, 0.2813167882626262, 0.2808492229416826, 0.2689871861505986, 0.26654907742331635, 0.26512557008541915, 0.26296604142622815, 0.2562697243985682, 0.23778697512355662, 0.2280519646340462, 0.22729827254370483, 0.22706000186753417, 0.22688652895227046, 0.22659699675009526, 0.2252004179086443, 0.21894178658350294, 0.21616581247334743, 0.21136308749698796, 0.20866330256465193, 0.20634267120205974, 0.20481163060275576, 0.2044331399410778, 0.2041905619431028, 0.20381769344770517, 0.20371781938829714, 0.20371781938829714, 0.20371115330149658, 0.20370783257281455, 0.20370510206950676, 0.20370263353625062, 0.20370158239378955, 0.20370147250612347, 0.20370142498457255, 0.20370141845597878, 0.20370141514638884, 0.20370141466389058, 0.20370141434801736, 0.20370141434801736, 0.2037014143096214, 0.20370141429610644, 0.20370141429188382]}, "7": {"maxiter": 500, "fatol": 1e-10, "xatol": 1e-10, "duration": 0.22790908813476562, "fun": "0.20370141429138444", "nit": "500", "nfev": "791", "status": "2", "success": "False", "message": "Maximum number of iterations has been exceeded.", "x": "[0.48940309 0.28895189 4.0010342  2.16799581 0.92164797 7.7035823 ]", "final_simplex": "(array([[0.48940309, 0.28895189, 4.0010342 , 2.16799581, 0.92164797,\n        7.7035823 ],\n       [0.48940319, 0.28895189, 4.00103392, 2.16799582, 0.921648  ,\n        7.70358273],\n       [0.48940301, 0.28895235, 4.00103364, 2.16799594, 0.92164801,\n        7.70358238],\n       [0.48940324, 0.28895193, 4.00103395, 2.16799597, 0.92164788,\n        7.70358237],\n       [0.48940306, 0.2889524 , 4.00103345, 2.16799579, 0.92164795,\n        7.70358255],\n       [0.489403  , 0.28895185, 4.00103407, 2.16799588, 0.92164777,\n        7.70358232],\n       [0.48940307, 0.2889522 , 4.00103395, 2.16799594, 0.92164788,\n        7.70358248]]), array([0.20370141, 0.20370141, 0.20370141, 0.20370141, 0.20370141,\n       0.20370141, 0.20370141]))", "callback": [0.8751419310422879, 0.7561176671059765, 0.5736085956463592, 0.4903979110319273, 0.47405988634458573, 0.4706710553948491, 0.4320801958555184, 0.2813167882626262, 0.2808492229416826, 0.2689871861505986, 0.26654907742331635, 0.26512557008541915, 0.26296604142622815, 0.2562697243985682, 0.23778697512355662, 0.2280519646340462, 0.22729827254370483, 0.22706000186753417, 0.22688652895227046, 0.22659699675009526, 0.2252004179086443, 0.21894178658350294, 0.21616581247334743, 0.21136308749698796, 0.20866330256465193, 0.20634267120205974, 0.20481163060275576, 0.2044331399410778, 0.2041905619431028, 0.20381769344770517, 0.20371781938829714, 0.20371781938829714, 0.20371115330149658, 0.20370783257281455, 0.20370510206950676, 0.20370263353625062, 0.20370158239378955, 0.20370147250612347, 0.20370142498457255, 0.20370141845597878, 0.20370141514638884, 0.20370141466389058, 0.20370141434801736, 0.20370141434801736, 0.2037014143096214, 0.20370141429610644, 0.20370141429188382, 0.20370141429176902, 0.20370141429154076, 0.20370141429141508]}, "8": {"maxiter": 1000, "fatol": 1e-05, "xatol": 1e-05, "duration": 0.21851491928100586, "fun": "0.20370141429188382", "nit": "462", "nfev": "727", "status": "0", "success": "True", "message": "Optimization terminated successfully.", "x": "[0.48940347 0.28895609 4.00103013 2.167996   0.92164765 7.70358258]", "final_simplex": "(array([[0.48940347, 0.28895609, 4.00103013, 2.167996  , 0.92164765,\n        7.70358258],\n       [0.48940269, 0.28895916, 4.0010308 , 2.16799783, 0.92164742,\n        7.70358049],\n       [0.48940559, 0.28894871, 4.00103854, 2.16799609, 0.92164758,\n        7.7035813 ],\n       [0.48940295, 0.28895047, 4.00103665, 2.16799352, 0.92164729,\n        7.70358488],\n       [0.4894009 , 0.2889515 , 4.00103695, 2.16799428, 0.92164635,\n        7.70357852],\n       [0.48940437, 0.28895545, 4.00103334, 2.16799436, 0.92164863,\n        7.70358337],\n       [0.48940111, 0.28895784, 4.0010331 , 2.16799686, 0.92165003,\n        7.703582  ]]), array([0.20370141, 0.20370141, 0.20370141, 0.20370141, 0.20370141,\n       0.20370141, 0.20370141]))", "callback": [0.8751419310422879, 0.7561176671059765, 0.5736085956463592, 0.4903979110319273, 0.47405988634458573, 0.4706710553948491, 0.4320801958555184, 0.2813167882626262, 0.2808492229416826, 0.2689871861505986, 0.26654907742331635, 0.26512557008541915, 0.26296604142622815, 0.2562697243985682, 0.23778697512355662, 0.2280519646340462, 0.22729827254370483, 0.22706000186753417, 0.22688652895227046, 0.22659699675009526, 0.2252004179086443, 0.21894178658350294, 0.21616581247334743, 0.21136308749698796, 0.20866330256465193, 0.20634267120205974, 0.20481163060275576, 0.2044331399410778, 0.2041905619431028, 0.20381769344770517, 0.20371781938829714, 0.20371781938829714, 0.20371115330149658, 0.20370783257281455, 0.20370510206950676, 0.20370263353625062, 0.20370158239378955, 0.20370147250612347, 0.20370142498457255, 0.20370141845597878, 0.20370141514638884, 0.20370141466389058, 0.20370141434801736, 0.20370141434801736, 0.2037014143096214, 0.20370141429610644, 0.20370141429188382]}, "9": {"maxiter": 1000, "fatol": 1e-05, "xatol": 1e-10, "duration": 0.29549169540405273, "fun": "0.20370141429137156", "nit": "566", "nfev": "962", "status": "0", "success": "True", "message": "Optimization terminated successfully.", "x": "[0.48940306 0.28895143 4.00103446 2.1679957  0.9216482  7.70358239]", "final_simplex": "(array([[0.48940306, 0.28895143, 4.00103446, 2.1679957 , 0.9216482 ,\n        7.70358239],\n       [0.48940306, 0.28895143, 4.00103446, 2.1679957 , 0.9216482 ,\n        7.70358239],\n       [0.48940306, 0.28895143, 4.00103446, 2.1679957 , 0.9216482 ,\n        7.70358239],\n       [0.48940306, 0.28895143, 4.00103446, 2.1679957 , 0.9216482 ,\n        7.70358239],\n       [0.48940306, 0.28895143, 4.00103446, 2.1679957 , 0.9216482 ,\n        7.70358239],\n       [0.48940306, 0.28895143, 4.00103446, 2.1679957 , 0.9216482 ,\n        7.70358239],\n       [0.48940306, 0.28895143, 4.00103446, 2.1679957 , 0.9216482 ,\n        7.70358239]]), array([0.20370141, 0.20370141, 0.20370141, 0.20370141, 0.20370141,\n       0.20370141, 0.20370141]))", "callback": [0.8751419310422879, 0.7561176671059765, 0.5736085956463592, 0.4903979110319273, 0.47405988634458573, 0.4706710553948491, 0.4320801958555184, 0.2813167882626262, 0.2808492229416826, 0.2689871861505986, 0.26654907742331635, 0.26512557008541915, 0.26296604142622815, 0.2562697243985682, 0.23778697512355662, 0.2280519646340462, 0.22729827254370483, 0.22706000186753417, 0.22688652895227046, 0.22659699675009526, 0.2252004179086443, 0.21894178658350294, 0.21616581247334743, 0.21136308749698796, 0.20866330256465193, 0.20634267120205974, 0.20481163060275576, 0.2044331399410778, 0.2041905619431028, 0.20381769344770517, 0.20371781938829714, 0.20371781938829714, 0.20371115330149658, 0.20370783257281455, 0.20370510206950676, 0.20370263353625062, 0.20370158239378955, 0.20370147250612347, 0.20370142498457255, 0.20370141845597878, 0.20370141514638884, 0.20370141466389058, 0.20370141434801736, 0.20370141434801736, 0.2037014143096214, 0.20370141429610644, 0.20370141429188382, 0.20370141429176902, 0.20370141429154076, 0.20370141429141508, 0.20370141429138444, 0.20370141429137534, 0.20370141429137356, 0.20370141429137245, 0.203701414291372, 0.20370141429137156, 0.20370141429137156]}, "10": {"maxiter": 1000, "fatol": 1e-10, "xatol": 1e-05, "duration": 0.21838116645812988, "fun": "0.20370141429188382", "nit": "462", "nfev": "727", "status": "0", "success": "True", "message": "Optimization terminated successfully.", "x": "[0.48940347 0.28895609 4.00103013 2.167996   0.92164765 7.70358258]", "final_simplex": "(array([[0.48940347, 0.28895609, 4.00103013, 2.167996  , 0.92164765,\n        7.70358258],\n       [0.48940269, 0.28895916, 4.0010308 , 2.16799783, 0.92164742,\n        7.70358049],\n       [0.48940559, 0.28894871, 4.00103854, 2.16799609, 0.92164758,\n        7.7035813 ],\n       [0.48940295, 0.28895047, 4.00103665, 2.16799352, 0.92164729,\n        7.70358488],\n       [0.4894009 , 0.2889515 , 4.00103695, 2.16799428, 0.92164635,\n        7.70357852],\n       [0.48940437, 0.28895545, 4.00103334, 2.16799436, 0.92164863,\n        7.70358337],\n       [0.48940111, 0.28895784, 4.0010331 , 2.16799686, 0.92165003,\n        7.703582  ]]), array([0.20370141, 0.20370141, 0.20370141, 0.20370141, 0.20370141,\n       0.20370141, 0.20370141]))", "callback": [0.8751419310422879, 0.7561176671059765, 0.5736085956463592, 0.4903979110319273, 0.47405988634458573, 0.4706710553948491, 0.4320801958555184, 0.2813167882626262, 0.2808492229416826, 0.2689871861505986, 0.26654907742331635, 0.26512557008541915, 0.26296604142622815, 0.2562697243985682, 0.23778697512355662, 0.2280519646340462, 0.22729827254370483, 0.22706000186753417, 0.22688652895227046, 0.22659699675009526, 0.2252004179086443, 0.21894178658350294, 0.21616581247334743, 0.21136308749698796, 0.20866330256465193, 0.20634267120205974, 0.20481163060275576, 0.2044331399410778, 0.2041905619431028, 0.20381769344770517, 0.20371781938829714, 0.20371781938829714, 0.20371115330149658, 0.20370783257281455, 0.20370510206950676, 0.20370263353625062, 0.20370158239378955, 0.20370147250612347, 0.20370142498457255, 0.20370141845597878, 0.20370141514638884, 0.20370141466389058, 0.20370141434801736, 0.20370141434801736, 0.2037014143096214, 0.20370141429610644, 0.20370141429188382]}, "11": {"maxiter": 1000, "fatol": 1e-10, "xatol": 1e-10, "duration": 0.2846541404724121, "fun": "0.20370141429137156", "nit": "566", "nfev": "962", "status": "0", "success": "True", "message": "Optimization terminated successfully.", "x": "[0.48940306 0.28895143 4.00103446 2.1679957  0.9216482  7.70358239]", "final_simplex": "(array([[0.48940306, 0.28895143, 4.00103446, 2.1679957 , 0.9216482 ,\n        7.70358239],\n       [0.48940306, 0.28895143, 4.00103446, 2.1679957 , 0.9216482 ,\n        7.70358239],\n       [0.48940306, 0.28895143, 4.00103446, 2.1679957 , 0.9216482 ,\n        7.70358239],\n       [0.48940306, 0.28895143, 4.00103446, 2.1679957 , 0.9216482 ,\n        7.70358239],\n       [0.48940306, 0.28895143, 4.00103446, 2.1679957 , 0.9216482 ,\n        7.70358239],\n       [0.48940306, 0.28895143, 4.00103446, 2.1679957 , 0.9216482 ,\n        7.70358239],\n       [0.48940306, 0.28895143, 4.00103446, 2.1679957 , 0.9216482 ,\n        7.70358239]]), array([0.20370141, 0.20370141, 0.20370141, 0.20370141, 0.20370141,\n       0.20370141, 0.20370141]))", "callback": [0.8751419310422879, 0.7561176671059765, 0.5736085956463592, 0.4903979110319273, 0.47405988634458573, 0.4706710553948491, 0.4320801958555184, 0.2813167882626262, 0.2808492229416826, 0.2689871861505986, 0.26654907742331635, 0.26512557008541915, 0.26296604142622815, 0.2562697243985682, 0.23778697512355662, 0.2280519646340462, 0.22729827254370483, 0.22706000186753417, 0.22688652895227046, 0.22659699675009526, 0.2252004179086443, 0.21894178658350294, 0.21616581247334743, 0.21136308749698796, 0.20866330256465193, 0.20634267120205974, 0.20481163060275576, 0.2044331399410778, 0.2041905619431028, 0.20381769344770517, 0.20371781938829714, 0.20371781938829714, 0.20371115330149658, 0.20370783257281455, 0.20370510206950676, 0.20370263353625062, 0.20370158239378955, 0.20370147250612347, 0.20370142498457255, 0.20370141845597878, 0.20370141514638884, 0.20370141466389058, 0.20370141434801736, 0.20370141434801736, 0.2037014143096214, 0.20370141429610644, 0.20370141429188382, 0.20370141429176902, 0.20370141429154076, 0.20370141429141508, 0.20370141429138444, 0.20370141429137534, 0.20370141429137356, 0.20370141429137245, 0.203701414291372, 0.20370141429137156, 0.20370141429137156]}}, "bfgs": {"type": "gradient", "0": {"maxiter": 100, "gtol": 1e-05, "xrtol": 1e-05, "eps": 1e-05, "duration": 0.07377290725708008, "fun": "0.20370141451080026", "jac": "[ 4.40812942e-06 -5.18455279e-06 -5.69601033e-06  1.70918835e-06\n  2.02656780e-06 -6.59721167e-06]", "hess_inv": "[[  4.0243573    1.34135506  -1.79169049   1.15855655  -0.5852759\n    1.17594179]\n [  1.34135506  29.9149094  -22.75235761   6.84203277  -2.25898974\n   -0.94392411]\n [ -1.79169049 -22.75235761  21.50884707  -4.19336706   2.78011575\n   -1.92618676]\n [  1.15855655   6.84203277  -4.19336706   5.55918411   0.14785014\n   -1.70228467]\n [ -0.5852759   -2.25898974   2.78011575   0.14785014   4.89568176\n    1.74041668]\n [  1.17594179  -0.94392411  -1.92618676  -1.70228467   1.74041668\n    7.90978913]]", "nfev": "238", "njev": "34", "status": "0", "success": "True", "message": "Optimization terminated successfully.", "x": "[0.48941154 0.28893927 4.00102729 2.1679978  7.20481574 1.4203585 ]", "nit": "26", "callback": [0.8259481731715195, 0.8055840138023396, 0.6544000244383137, 0.6282884249188124, 0.5776935423854963, 0.4962861299904555, 0.45944176577398, 0.40020993735978194, 0.283407501070141, 0.24196730701896607, 0.22802845148435424, 0.2186663582633286, 0.21398553922860453, 0.212288437732585, 0.21056914164943696, 0.20791810005448097, 0.20556293323718444, 0.20491638774562915, 0.20459689388137292, 0.20436989590165422, 0.2040380844187326, 0.2037635701383569, 0.20370661251402522, 0.20370156710422904, 0.20370142546231285, 0.20370141451080026]}, "1": {"maxiter": 100, "gtol": 1e-05, "xrtol": 1e-05, "eps": 1e-10, "duration": 0.07302594184875488, "fun": "0.20370141438515987", "jac": "[-3.33066880e-06 -4.44089173e-06 -2.22044587e-06  4.44089173e-06\n  0.00000000e+00 -2.22044587e-06]", "hess_inv": "[[  4.03812143   1.37353696  -1.855841     1.05510659  -0.69906392\n    1.27695315]\n [  1.37353696  29.84076493 -23.08511107   7.23505849  -2.47198674\n   -1.32107954]\n [ -1.855841   -23.08511107  21.91849308  -4.66048481   3.00696655\n   -1.35962633]\n [  1.05510659   7.23505849  -4.66048481   5.70367156  -0.15927154\n   -1.79549293]\n [ -0.69906392  -2.47198674   3.00696655  -0.15927154   4.67521687\n    1.80873222]\n [  1.27695315  -1.32107954  -1.35962633  -1.79549293   1.80873222\n    7.95940646]]", "nfev": "238", "njev": "34", "status": "0", "success": "True", "message": "Optimization terminated successfully.", "x": "[0.48939226 0.28888839 4.00108087 2.16798953 7.20483678 1.42039743]", "nit": "26", "callback": [0.825946885364006, 0.8053141207026866, 0.6549053974769811, 0.6287322590051428, 0.5783270079206979, 0.49755343742929026, 0.46004354789092416, 0.3917231261686194, 0.27924059123919065, 0.24945119201769905, 0.22936185317754032, 0.22152962973611268, 0.2161938524556135, 0.21375559232006536, 0.21228039154816836, 0.20982637790844372, 0.20652423224607364, 0.2053101286828306, 0.20488597103365613, 0.20459334348322322, 0.20429844841789824, 0.20387594601464154, 0.20372434501949077, 0.20370518538198445, 0.20370142800361934, 0.20370141438515987]}, "2": {"maxiter": 100, "gtol": 1e-05, "xrtol": 1e-10, "eps": 1e-05, "duration": 0.07079696655273438, "fun": "0.20370141451080026", "jac": "[ 4.40812942e-06 -5.18455279e-06 -5.69601033e-06  1.70918835e-06\n  2.02656780e-06 -6.59721167e-06]", "hess_inv": "[[  4.0243573    1.34135506  -1.79169049   1.15855655  -0.5852759\n    1.17594179]\n [  1.34135506  29.9149094  -22.75235761   6.84203277  -2.25898974\n   -0.94392411]\n [ -1.79169049 -22.75235761  21.50884707  -4.19336706   2.78011575\n   -1.92618676]\n [  1.15855655   6.84203277  -4.19336706   5.55918411   0.14785014\n   -1.70228467]\n [ -0.5852759   -2.25898974   2.78011575   0.14785014   4.89568176\n    1.74041668]\n [  1.17594179  -0.94392411  -1.92618676  -1.70228467   1.74041668\n    7.90978913]]", "nfev": "238", "njev": "34", "status": "0", "success": "True", "message": "Optimization terminated successfully.", "x": "[0.48941154 0.28893927 4.00102729 2.1679978  7.20481574 1.4203585 ]", "nit": "26", "callback": [0.8259481731715195, 0.8055840138023396, 0.6544000244383137, 0.6282884249188124, 0.5776935423854963, 0.4962861299904555, 0.45944176577398, 0.40020993735978194, 0.283407501070141, 0.24196730701896607, 0.22802845148435424, 0.2186663582633286, 0.21398553922860453, 0.212288437732585, 0.21056914164943696, 0.20791810005448097, 0.20556293323718444, 0.20491638774562915, 0.20459689388137292, 0.20436989590165422, 0.2040380844187326, 0.2037635701383569, 0.20370661251402522, 0.20370156710422904, 0.20370142546231285, 0.20370141451080026]}, "3": {"maxiter": 100, "gtol": 1e-05, "xrtol": 1e-10, "eps": 1e-10, "duration": 0.07691597938537598, "fun": "0.20370141438515987", "jac": "[-3.33066880e-06 -4.44089173e-06 -2.22044587e-06  4.44089173e-06\n  0.00000000e+00 -2.22044587e-06]", "hess_inv": "[[  4.03812143   1.37353696  -1.855841     1.05510659  -0.69906392\n    1.27695315]\n [  1.37353696  29.84076493 -23.08511107   7.23505849  -2.47198674\n   -1.32107954]\n [ -1.855841   -23.08511107  21.91849308  -4.66048481   3.00696655\n   -1.35962633]\n [  1.05510659   7.23505849  -4.66048481   5.70367156  -0.15927154\n   -1.79549293]\n [ -0.69906392  -2.47198674   3.00696655  -0.15927154   4.67521687\n    1.80873222]\n [  1.27695315  -1.32107954  -1.35962633  -1.79549293   1.80873222\n    7.95940646]]", "nfev": "238", "njev": "34", "status": "0", "success": "True", "message": "Optimization terminated successfully.", "x": "[0.48939226 0.28888839 4.00108087 2.16798953 7.20483678 1.42039743]", "nit": "26", "callback": [0.825946885364006, 0.8053141207026866, 0.6549053974769811, 0.6287322590051428, 0.5783270079206979, 0.49755343742929026, 0.46004354789092416, 0.3917231261686194, 0.27924059123919065, 0.24945119201769905, 0.22936185317754032, 0.22152962973611268, 0.2161938524556135, 0.21375559232006536, 0.21228039154816836, 0.20982637790844372, 0.20652423224607364, 0.2053101286828306, 0.20488597103365613, 0.20459334348322322, 0.20429844841789824, 0.20387594601464154, 0.20372434501949077, 0.20370518538198445, 0.20370142800361934, 0.20370141438515987]}, "4": {"maxiter": 100, "gtol": 1e-10, "xrtol": 1e-05, "eps": 1e-05, "duration": 0.07678604125976562, "fun": "0.2037014143285154", "jac": "[ 3.65563135e-07 -4.24327240e-08 -2.83506552e-07 -1.00317532e-06\n  6.89515112e-07 -8.54072368e-07]", "hess_inv": "[[  4.05483145   1.5324344   -2.11826481   1.1854642   -0.60232599\n    1.22737856]\n [  1.5324344   29.69889334 -22.56248444   7.04326335  -2.36834931\n   -1.4349784 ]\n [ -2.11826481 -22.56248444  21.46807254  -4.5331679    2.96671162\n   -1.19009098]\n [  1.1854642    7.04326335  -4.5331679    5.58219508   0.13285187\n   -1.6381618 ]\n [ -0.60232599  -2.36834931   2.96671162   0.13285187   4.90521691\n    1.71022749]\n [  1.22737856  -1.4349784   -1.19009098  -1.6381618    1.71022749\n    7.52854316]]", "nfev": "245", "njev": "35", "status": "0", "success": "True", "message": "Optimization terminated successfully.", "x": "[0.48939684 0.28894126 4.00103582 2.16798265 7.20482413 1.42038787]", "nit": "27", "callback": [0.8259481731715195, 0.8055840138023396, 0.6544000244383137, 0.6282884249188124, 0.5776935423854963, 0.4962861299904555, 0.45944176577398, 0.40020993735978194, 0.283407501070141, 0.24196730701896607, 0.22802845148435424, 0.2186663582633286, 0.21398553922860453, 0.212288437732585, 0.21056914164943696, 0.20791810005448097, 0.20556293323718444, 0.20491638774562915, 0.20459689388137292, 0.20436989590165422, 0.2040380844187326, 0.2037635701383569, 0.20370661251402522, 0.20370156710422904, 0.20370142546231285, 0.20370141451080026, 0.2037014143285154]}, "5": {"maxiter": 100, "gtol": 1e-10, "xrtol": 1e-05, "eps": 1e-10, "duration": 0.07204508781433105, "fun": "0.20370141432130495", "jac": "[2.22044587e-06 2.22044587e-06 3.33066880e-06 0.00000000e+00\n 2.22044587e-06 3.33066880e-06]", "hess_inv": "[[  4.01817987   1.21052453  -1.62837634   0.99357395  -0.72573477\n    1.12896488]\n [  1.21052453  28.92744921 -22.00902723   7.05170088  -2.55032466\n   -1.97564946]\n [ -1.62837634 -22.00902723  20.78754235  -4.5558554    3.05019285\n   -0.70890158]\n [  0.99357395   7.05170088  -4.5558554    5.75751343  -0.13506729\n   -1.82885116]\n [ -0.72573477  -2.55032466   3.05019285  -0.13506729   4.68608686\n    1.79577903]\n [  1.12896488  -1.97564946  -0.70890158  -1.82885116   1.79577903\n    7.59633699]]", "nfev": "245", "njev": "35", "status": "0", "success": "True", "message": "Optimization terminated successfully.", "x": "[0.4894055  0.28893631 4.00104252 2.16798441 7.20483439 1.42041583]", "nit": "27", "callback": [0.825946885364006, 0.8053141207026866, 0.6549053974769811, 0.6287322590051428, 0.5783270079206979, 0.49755343742929026, 0.46004354789092416, 0.3917231261686194, 0.27924059123919065, 0.24945119201769905, 0.22936185317754032, 0.22152962973611268, 0.2161938524556135, 0.21375559232006536, 0.21228039154816836, 0.20982637790844372, 0.20652423224607364, 0.2053101286828306, 0.20488597103365613, 0.20459334348322322, 0.20429844841789824, 0.20387594601464154, 0.20372434501949077, 0.20370518538198445, 0.20370142800361934, 0.20370141438515987, 0.20370141432130495]}, "6": {"maxiter": 100, "gtol": 1e-10, "xrtol": 1e-10, "eps": 1e-05, "duration": 0.1362769603729248, "fun": "0.20370141431913658", "jac": "[ 5.45119505e-09  7.88258347e-10  1.56541446e-09 -4.20774526e-09\n  4.10782519e-10  2.94209102e-09]", "hess_inv": "[[  4.03128383   1.21378677  -1.844328     0.79991445  -0.48081796\n    1.1476509 ]\n [  1.21378677  30.56907521 -23.11560034   7.64808551  -2.49940136\n   -1.30369331]\n [ -1.844328   -23.11560034  21.77345112  -4.83769085   3.01491834\n   -1.25024211]\n [  0.79991445   7.64808551  -4.83769085   5.80961057   0.1280873\n   -1.59070464]\n [ -0.48081796  -2.49940136   3.01491834   0.1280873    4.88679461\n    1.72135511]\n [  1.1476509   -1.30369331  -1.25024211  -1.59070464   1.72135511\n    7.80921248]]", "nfev": "487", "njev": "68", "status": "2", "success": "False", "message": "Desired error not necessarily achieved due to precision loss.", "x": "[0.48939708 0.28894375 4.0010337  2.16798565 7.20482329 1.42039114]", "nit": "29", "callback": [0.8259481731715195, 0.8055840138023396, 0.6544000244383137, 0.6282884249188124, 0.5776935423854963, 0.4962861299904555, 0.45944176577398, 0.40020993735978194, 0.283407501070141, 0.24196730701896607, 0.22802845148435424, 0.2186663582633286, 0.21398553922860453, 0.212288437732585, 0.21056914164943696, 0.20791810005448097, 0.20556293323718444, 0.20491638774562915, 0.20459689388137292, 0.20436989590165422, 0.2040380844187326, 0.2037635701383569, 0.20370661251402522, 0.20370156710422904, 0.20370142546231285, 0.20370141451080026, 0.2037014143285154, 0.20370141431932332, 0.20370141431913658]}, "7": {"maxiter": 100, "gtol": 1e-10, "xrtol": 1e-10, "eps": 1e-10, "duration": 0.15105295181274414, "fun": "0.20370141429593436", "jac": "[0.00000000e+00 0.00000000e+00 1.11022293e-06 0.00000000e+00\n 0.00000000e+00 2.22044587e-06]", "hess_inv": "[[ 0.08028683  0.02014316 -0.02065753 -0.03523502  0.04182479 -0.01223083]\n [ 0.02014316  0.07686451  0.05921047  0.12267763  0.25347874 -0.15527275]\n [-0.02065753  0.05921047  0.15695594  0.25696119  0.39147599 -0.22217423]\n [-0.03523502  0.12267763  0.25696119  0.49972984  0.76492564 -0.46155486]\n [ 0.04182479  0.25347874  0.39147599  0.76492564  1.34532364 -0.79633149]\n [-0.01223083 -0.15527275 -0.22217423 -0.46155486 -0.79633149  0.49979121]]", "nfev": "497", "njev": "71", "status": "0", "success": "True", "message": "Optimization terminated successfully.", "x": "[0.48939928 0.28894277 4.00103809 2.16799168 7.20483295 1.42039927]", "nit": "46", "callback": [0.825946885364006, 0.8053141207026866, 0.6549053974769811, 0.6287322590051428, 0.5783270079206979, 0.49755343742929026, 0.46004354789092416, 0.3917231261686194, 0.27924059123919065, 0.24945119201769905, 0.22936185317754032, 0.22152962973611268, 0.2161938524556135, 0.21375559232006536, 0.21228039154816836, 0.20982637790844372, 0.20652423224607364, 0.2053101286828306, 0.20488597103365613, 0.20459334348322322, 0.20429844841789824, 0.20387594601464154, 0.20372434501949077, 0.20370518538198445, 0.20370142800361934, 0.20370141438515987, 0.20370141432130495, 0.20370141431838396, 0.20370141431440292, 0.20370141430964495, 0.20370141430675226, 0.20370141430436772, 0.2037014143036363, 0.20370141430302913, 0.20370141430289124, 0.2037014143027962, 0.20370141430271382, 0.2037014143026129, 0.20370141430245847, 0.20370141430151512, 0.203701414300836, 0.20370141430020872, 0.20370141429976174, 0.203701414299015, 0.20370141429593436, 0.20370141429593436]}, "8": {"maxiter": 500, "gtol": 1e-05, "xrtol": 1e-05, "eps": 1e-05, "duration": 0.06827187538146973, "fun": "0.20370141451080026", "jac": "[ 4.40812942e-06 -5.18455279e-06 -5.69601033e-06  1.70918835e-06\n  2.02656780e-06 -6.59721167e-06]", "hess_inv": "[[  4.0243573    1.34135506  -1.79169049   1.15855655  -0.5852759\n    1.17594179]\n [  1.34135506  29.9149094  -22.75235761   6.84203277  -2.25898974\n   -0.94392411]\n [ -1.79169049 -22.75235761  21.50884707  -4.19336706   2.78011575\n   -1.92618676]\n [  1.15855655   6.84203277  -4.19336706   5.55918411   0.14785014\n   -1.70228467]\n [ -0.5852759   -2.25898974   2.78011575   0.14785014   4.89568176\n    1.74041668]\n [  1.17594179  -0.94392411  -1.92618676  -1.70228467   1.74041668\n    7.90978913]]", "nfev": "238", "njev": "34", "status": "0", "success": "True", "message": "Optimization terminated successfully.", "x": "[0.48941154 0.28893927 4.00102729 2.1679978  7.20481574 1.4203585 ]", "nit": "26", "callback": [0.8259481731715195, 0.8055840138023396, 0.6544000244383137, 0.6282884249188124, 0.5776935423854963, 0.4962861299904555, 0.45944176577398, 0.40020993735978194, 0.283407501070141, 0.24196730701896607, 0.22802845148435424, 0.2186663582633286, 0.21398553922860453, 0.212288437732585, 0.21056914164943696, 0.20791810005448097, 0.20556293323718444, 0.20491638774562915, 0.20459689388137292, 0.20436989590165422, 0.2040380844187326, 0.2037635701383569, 0.20370661251402522, 0.20370156710422904, 0.20370142546231285, 0.20370141451080026]}, "9": {"maxiter": 500, "gtol": 1e-05, "xrtol": 1e-05, "eps": 1e-10, "duration": 0.06750702857971191, "fun": "0.20370141438515987", "jac": "[-3.33066880e-06 -4.44089173e-06 -2.22044587e-06  4.44089173e-06\n  0.00000000e+00 -2.22044587e-06]", "hess_inv": "[[  4.03812143   1.37353696  -1.855841     1.05510659  -0.69906392\n    1.27695315]\n [  1.37353696  29.84076493 -23.08511107   7.23505849  -2.47198674\n   -1.32107954]\n [ -1.855841   -23.08511107  21.91849308  -4.66048481   3.00696655\n   -1.35962633]\n [  1.05510659   7.23505849  -4.66048481   5.70367156  -0.15927154\n   -1.79549293]\n [ -0.69906392  -2.47198674   3.00696655  -0.15927154   4.67521687\n    1.80873222]\n [  1.27695315  -1.32107954  -1.35962633  -1.79549293   1.80873222\n    7.95940646]]", "nfev": "238", "njev": "34", "status": "0", "success": "True", "message": "Optimization terminated successfully.", "x": "[0.48939226 0.28888839 4.00108087 2.16798953 7.20483678 1.42039743]", "nit": "26", "callback": [0.825946885364006, 0.8053141207026866, 0.6549053974769811, 0.6287322590051428, 0.5783270079206979, 0.49755343742929026, 0.46004354789092416, 0.3917231261686194, 0.27924059123919065, 0.24945119201769905, 0.22936185317754032, 0.22152962973611268, 0.2161938524556135, 0.21375559232006536, 0.21228039154816836, 0.20982637790844372, 0.20652423224607364, 0.2053101286828306, 0.20488597103365613, 0.20459334348322322, 0.20429844841789824, 0.20387594601464154, 0.20372434501949077, 0.20370518538198445, 0.20370142800361934, 0.20370141438515987]}, "10": {"maxiter": 500, "gtol": 1e-05, "xrtol": 1e-10, "eps": 1e-05, "duration": 0.0739591121673584, "fun": "0.20370141451080026", "jac": "[ 4.40812942e-06 -5.18455279e-06 -5.69601033e-06  1.70918835e-06\n  2.02656780e-06 -6.59721167e-06]", "hess_inv": "[[  4.0243573    1.34135506  -1.79169049   1.15855655  -0.5852759\n    1.17594179]\n [  1.34135506  29.9149094  -22.75235761   6.84203277  -2.25898974\n   -0.94392411]\n [ -1.79169049 -22.75235761  21.50884707  -4.19336706   2.78011575\n   -1.92618676]\n [  1.15855655   6.84203277  -4.19336706   5.55918411   0.14785014\n   -1.70228467]\n [ -0.5852759   -2.25898974   2.78011575   0.14785014   4.89568176\n    1.74041668]\n [  1.17594179