{"date": "2024/10/08/, 20:55:23", "conf_id": 29, "data_type": "random\n", "num_data_points": 2, "s_rank": 0, "unitary": "[[-0.24866696+0.58742286j,-0.44704345-0.43151574j,-0.35669027-0.20570733j,-0.10517633+0.1626036j],[0.10596805-0.19687975j,-0.30269685-0.15056416j,0.18246286+0.30440582j,-0.83484447-0.11310748j],[0.26054512-0.52548482j,0.0285017-0.50723956j,-0.43110112+0.17165838j,0.15243271+0.39915801j],[0.42978035+0.11991271j,-0.17224126-0.46030424j,0.6827807-0.15164662j,0.26483638+0.0061855j]]", "databatch_0": {"databatch": "[[[0.06621507-0.17891075j,0.01002237-0.02748951j,0.04498151-0.00305015j,-0.01166769-0.0968063j],[-0.2486384+0.67273031j,-0.01033233+0.1390138j,-0.1499171-0.02749768j,0.06387079+0.40707889j],[0.17861093+0.18060205j,-0.00914861+0.07266497j,0.03328978+0.06841132j,0.07501052+0.0783763j],[-0.02078083+0.16423466j,-0.05826693-0.17434476j,-0.18683896+0.14523209j,0.01853125-0.13923474j]],[[-0.07384579-0.03203949j,-0.24369597+0.0961282j,0.30072282+0.2981178j,0.04047496+0.09338703j],[-0.07108637+0.09320717j,-0.05219237+0.27686544j,0.38808347-0.09640143j,-0.04054691-0.0512136j],[0.03481192-0.01037106j,-0.08688432-0.06527719j,-0.0632813+0.22358243j,-0.16161798+0.13110296j],[-0.0533935+0.01801996j,-0.02305813+0.27301546j,0.46598273-0.13455987j,0.21048993+0.09852648j]]]", "initial param values": "[4.97024309,2.44904999,2.29570495,1.37262057,1.185617,5.24095102]", "nelder_mead": {"type": "gradient-free", "0": {"maxiter": 100, "fatol": 1e-05, "xatol": 1e-05, "duration": 0.052001953125, "fun": "0.45878501850273556", "nit": "100", "nfev": "163", "status": "2", "success": "False", "message": "Maximum number of iterations has been exceeded.", "x": "[5.48368743 3.74836873 0.89185731 0.63918627 1.82390914 2.9637936 ]", "final_simplex": "(array([[5.48368743, 3.74836873, 0.89185731, 0.63918627, 1.82390914,\n        2.9637936 ],\n       [5.45954721, 3.76375269, 0.9188331 , 0.64487318, 1.81223506,\n        2.98465311],\n       [5.46928705, 3.84727495, 0.81828009, 0.59140315, 1.83103682,\n        3.03321021],\n       [5.40778903, 3.73464602, 0.84837805, 0.63451823, 1.84797697,\n        2.99239822],\n       [5.47198117, 3.8127626 , 0.83689575, 0.61940871, 1.82853614,\n        2.98667818],\n       [5.47281304, 3.77642847, 0.78217846, 0.60650973, 1.86042808,\n        2.98998089],\n       [5.46543431, 3.75600856, 0.90031718, 0.64626276, 1.80915155,\n        3.03309511]]), array([0.45878502, 0.45907526, 0.45912228, 0.45958804, 0.4596235 ,\n       0.45963599, 0.45967993]))", "callback": [0.7962101520158212, 0.5940048855834326, 0.5917938689717985, 0.5670922436252127, 0.4813204774864914, 0.4695155822841639, 0.46214052897961033, 0.46177646601427735, 0.4607237238130679, 0.45962349731836394]}, "1": {"maxiter": 100, "fatol": 1e-05, "xatol": 1e-10, "duration": 0.04775810241699219, "fun": "0.45878501850273556", "nit": "100", "nfev": "163", "status": "2", "success": "False", "message": "Maximum number of iterations has been exceeded.", "x": "[5.48368743 3.74836873 0.89185731 0.63918627 1.82390914 2.9637936 ]", "final_simplex": "(array([[5.48368743, 3.74836873, 0.89185731, 0.63918627, 1.82390914,\n        2.9637936 ],\n       [5.45954721, 3.76375269, 0.9188331 , 0.64487318, 1.81223506,\n        2.98465311],\n       [5.46928705, 3.84727495, 0.81828009, 0.59140315, 1.83103682,\n        3.03321021],\n       [5.40778903, 3.73464602, 0.84837805, 0.63451823, 1.84797697,\n        2.99239822],\n       [5.47198117, 3.8127626 , 0.83689575, 0.61940871, 1.82853614,\n        2.98667818],\n       [5.47281304, 3.77642847, 0.78217846, 0.60650973, 1.86042808,\n        2.98998089],\n       [5.46543431, 3.75600856, 0.90031718, 0.64626276, 1.80915155,\n        3.03309511]]), array([0.45878502, 0.45907526, 0.45912228, 0.45958804, 0.4596235 ,\n       0.45963599, 0.45967993]))", "callback": [0.7962101520158212, 0.5940048855834326, 0.5917938689717985, 0.5670922436252127, 0.4813204774864914, 0.4695155822841639, 0.46214052897961033, 0.46177646601427735, 0.4607237238130679, 0.45962349731836394]}, "2": {"maxiter": 100, "fatol": 1e-10, "xatol": 1e-05, "duration": 0.04519295692443848, "fun": "0.45878501850273556", "nit": "100", "nfev": "163", "status": "2", "success": "False", "message": "Maximum number of iterations has been exceeded.", "x": "[5.48368743 3.74836873 0.89185731 0.63918627 1.82390914 2.9637936 ]", "final_simplex": "(array([[5.48368743, 3.74836873, 0.89185731, 0.63918627, 1.82390914,\n        2.9637936 ],\n       [5.45954721, 3.76375269, 0.9188331 , 0.64487318, 1.81223506,\n        2.98465311],\n       [5.46928705, 3.84727495, 0.81828009, 0.59140315, 1.83103682,\n        3.03321021],\n       [5.40778903, 3.73464602, 0.84837805, 0.63451823, 1.84797697,\n        2.99239822],\n       [5.47198117, 3.8127626 , 0.83689575, 0.61940871, 1.82853614,\n        2.98667818],\n       [5.47281304, 3.77642847, 0.78217846, 0.60650973, 1.86042808,\n        2.98998089],\n       [5.46543431, 3.75600856, 0.90031718, 0.64626276, 1.80915155,\n        3.03309511]]), array([0.45878502, 0.45907526, 0.45912228, 0.45958804, 0.4596235 ,\n       0.45963599, 0.45967993]))", "callback": [0.7962101520158212, 0.5940048855834326, 0.5917938689717985, 0.5670922436252127, 0.4813204774864914, 0.4695155822841639, 0.46214052897961033, 0.46177646601427735, 0.4607237238130679, 0.45962349731836394]}, "3": {"maxiter": 100, "fatol": 1e-10, "xatol": 1e-10, "duration": 0.04720115661621094, "fun": "0.45878501850273556", "nit": "100", "nfev": "163", "status": "2", "success": "False", "message": "Maximum number of iterations has been exceeded.", "x": "[5.48368743 3.74836873 0.89185731 0.63918627 1.82390914 2.9637936 ]", "final_simplex": "(array([[5.48368743, 3.74836873, 0.89185731, 0.63918627, 1.82390914,\n        2.9637936 ],\n       [5.45954721, 3.76375269, 0.9188331 , 0.64487318, 1.81223506,\n        2.98465311],\n       [5.46928705, 3.84727495, 0.81828009, 0.59140315, 1.83103682,\n        3.03321021],\n       [5.40778903, 3.73464602, 0.84837805, 0.63451823, 1.84797697,\n        2.99239822],\n       [5.47198117, 3.8127626 , 0.83689575, 0.61940871, 1.82853614,\n        2.98667818],\n       [5.47281304, 3.77642847, 0.78217846, 0.60650973, 1.86042808,\n        2.98998089],\n       [5.46543431, 3.75600856, 0.90031718, 0.64626276, 1.80915155,\n        3.03309511]]), array([0.45878502, 0.45907526, 0.45912228, 0.45958804, 0.4596235 ,\n       0.45963599, 0.45967993]))", "callback": [0.7962101520158212, 0.5940048855834326, 0.5917938689717985, 0.5670922436252127, 0.4813204774864914, 0.4695155822841639, 0.46214052897961033, 0.46177646601427735, 0.4607237238130679, 0.45962349731836394]}, "4": {"maxiter": 500, "fatol": 1e-05, "xatol": 1e-05, "duration": 0.21265196800231934, "fun": "0.2663499694392861", "nit": "500", "nfev": "772", "status": "2", "success": "False", "message": "Maximum number of iterations has been exceeded.", "x": "[ 5.40033537  2.12705858  4.10206708 -1.92226008  1.6426565   1.81394762]", "final_simplex": "(array([[ 5.40033537,  2.12705858,  4.10206708, -1.92226008,  1.6426565 ,\n         1.81394762],\n       [ 5.40032727,  2.12705092,  4.10207061, -1.92229689,  1.64263798,\n         1.81394364],\n       [ 5.40033184,  2.12706539,  4.10204916, -1.92224244,  1.64264184,\n         1.81397212],\n       [ 5.40031157,  2.12705581,  4.10205707, -1.92225557,  1.64265624,\n         1.81400167],\n       [ 5.40035067,  2.12705031,  4.10202087, -1.92227234,  1.64265219,\n         1.81395871],\n       [ 5.4003045 ,  2.12703627,  4.10205357, -1.92225335,  1.64264811,\n         1.8139479 ],\n       [ 5.40034083,  2.12700405,  4.10207629, -1.92227282,  1.64263131,\n         1.81399071]]), array([0.26634997, 0.26634997, 0.26634997, 0.26634997, 0.26634997,\n       0.26634997, 0.26634997]))", "callback": [0.7962101520158212, 0.5940048855834326, 0.5917938689717985, 0.5670922436252127, 0.4813204774864914, 0.4695155822841639, 0.46214052897961033, 0.46177646601427735, 0.4607237238130679, 0.45962349731836394, 0.45878501850273556, 0.4531040914088599, 0.43004436507561383, 0.41598829028923223, 0.4145643416741861, 0.41191695649957916, 0.3967215486647986, 0.39404750573625646, 0.39186510930410656, 0.3907050833652974, 0.38534559710782024, 0.3800416344753501, 0.3751209554803365, 0.37212745549794557, 0.3695483492111472, 0.3680519201987471, 0.36664506372022876, 0.36618415434438645, 0.3659662900874596, 0.36536979193287, 0.3645587549755296, 0.3601055364746495, 0.34722053160126376, 0.31496028123647235, 0.277402428083642, 0.27306096768682886, 0.26911316405655683, 0.26814330431896727, 0.2669397453048228, 0.2666167586968031, 0.26641097042749395, 0.26636349932265324, 0.26635320734531776, 0.26635052063009756, 0.26635006820686535, 0.2663499968942178, 0.26634997615334555, 0.2663499719782273, 0.26634997013002437, 0.26634996980647074]}, "5": {"maxiter": 500, "fatol": 1e-05, "xatol": 1e-10, "duration": 0.23256778717041016, "fun": "0.2663499694392861", "nit": "500", "nfev": "772", "status": "2", "success": "False", "message": "Maximum number of iterations has been exceeded.", "x": "[ 5.40033537  2.12705858  4.10206708 -1.92226008  1.6426565   1.81394762]", "final_simplex": "(array([[ 5.40033537,  2.12705858,  4.10206708, -1.92226008,  1.6426565 ,\n         1.81394762],\n       [ 5.40032727,  2.12705092,  4.10207061, -1.92229689,  1.64263798,\n         1.81394364],\n       [ 5.40033184,  2.12706539,  4.10204916, -1.92224244,  1.64264184,\n         1.81397212],\n       [ 5.40031157,  2.12705581,  4.10205707, -1.92225557,  1.64265624,\n         1.81400167],\n       [ 5.40035067,  2.12705031,  4.10202087, -1.92227234,  1.64265219,\n         1.81395871],\n       [ 5.4003045 ,  2.12703627,  4.10205357, -1.92225335,  1.64264811,\n         1.8139479 ],\n       [ 5.40034083,  2.12700405,  4.10207629, -1.92227282,  1.64263131,\n         1.81399071]]), array([0.26634997, 0.26634997, 0.26634997, 0.26634997, 0.26634997,\n       0.26634997, 0.26634997]))", "callback": [0.7962101520158212, 0.5940048855834326, 0.5917938689717985, 0.5670922436252127, 0.4813204774864914, 0.4695155822841639, 0.46214052897961033, 0.46177646601427735, 0.4607237238130679, 0.45962349731836394, 0.45878501850273556, 0.4531040914088599, 0.43004436507561383, 0.41598829028923223, 0.4145643416741861, 0.41191695649957916, 0.3967215486647986, 0.39404750573625646, 0.39186510930410656, 0.3907050833652974, 0.38534559710782024, 0.3800416344753501, 0.3751209554803365, 0.37212745549794557, 0.3695483492111472, 0.3680519201987471, 0.36664506372022876, 0.36618415434438645, 0.3659662900874596, 0.36536979193287, 0.3645587549755296, 0.3601055364746495, 0.34722053160126376, 0.31496028123647235, 0.277402428083642, 0.27306096768682886, 0.26911316405655683, 0.26814330431896727, 0.2669397453048228, 0.2666167586968031, 0.26641097042749395, 0.26636349932265324, 0.26635320734531776, 0.26635052063009756, 0.26635006820686535, 0.2663499968942178, 0.26634997615334555, 0.2663499719782273, 0.26634997013002437, 0.26634996980647074]}, "6": {"maxiter": 500, "fatol": 1e-10, "xatol": 1e-05, "duration": 0.2033710479736328, "fun": "0.2663499694392861", "nit": "500", "nfev": "772", "status": "2", "success": "False", "message": "Maximum number of iterations has been exceeded.", "x": "[ 5.40033537  2.12705858  4.10206708 -1.92226008  1.6426565   1.81394762]", "final_simplex": "(array([[ 5.40033537,  2.12705858,  4.10206708, -1.92226008,  1.6426565 ,\n         1.81394762],\n       [ 5.40032727,  2.12705092,  4.10207061, -1.92229689,  1.64263798,\n         1.81394364],\n       [ 5.40033184,  2.12706539,  4.10204916, -1.92224244,  1.64264184,\n         1.81397212],\n       [ 5.40031157,  2.12705581,  4.10205707, -1.92225557,  1.64265624,\n         1.81400167],\n       [ 5.40035067,  2.12705031,  4.10202087, -1.92227234,  1.64265219,\n         1.81395871],\n       [ 5.4003045 ,  2.12703627,  4.10205357, -1.92225335,  1.64264811,\n         1.8139479 ],\n       [ 5.40034083,  2.12700405,  4.10207629, -1.92227282,  1.64263131,\n         1.81399071]]), array([0.26634997, 0.26634997, 0.26634997, 0.26634997, 0.26634997,\n       0.26634997, 0.26634997]))", "callback": [0.7962101520158212, 0.5940048855834326, 0.5917938689717985, 0.5670922436252127, 0.4813204774864914, 0.4695155822841639, 0.46214052897961033, 0.46177646601427735, 0.4607237238130679, 0.45962349731836394, 0.45878501850273556, 0.4531040914088599, 0.43004436507561383, 0.41598829028923223, 0.4145643416741861, 0.41191695649957916, 0.3967215486647986, 0.39404750573625646, 0.39186510930410656, 0.3907050833652974, 0.38534559710782024, 0.3800416344753501, 0.3751209554803365, 0.37212745549794557, 0.3695483492111472, 0.3680519201987471, 0.36664506372022876, 0.36618415434438645, 0.3659662900874596, 0.36536979193287, 0.3645587549755296, 0.3601055364746495, 0.34722053160126376, 0.31496028123647235, 0.277402428083642, 0.27306096768682886, 0.26911316405655683, 0.26814330431896727, 0.2669397453048228, 0.2666167586968031, 0.26641097042749395, 0.26636349932265324, 0.26635320734531776, 0.26635052063009756, 0.26635006820686535, 0.2663499968942178, 0.26634997615334555, 0.2663499719782273, 0.26634997013002437, 0.26634996980647074]}, "7": {"maxiter": 500, "fatol": 1e-10, "xatol": 1e-10, "duration": 0.2091681957244873, "fun": "0.2663499694392861", "nit": "500", "nfev": "772", "status": "2", "success": "False", "message": "Maximum number of iterations has been exceeded.", "x": "[ 5.40033537  2.12705858  4.10206708 -1.92226008  1.6426565   1.81394762]", "final_simplex": "(array([[ 5.40033537,  2.12705858,  4.10206708, -1.92226008,  1.6426565 ,\n         1.81394762],\n       [ 5.40032727,  2.12705092,  4.10207061, -1.92229689,  1.64263798,\n         1.81394364],\n       [ 5.40033184,  2.12706539,  4.10204916, -1.92224244,  1.64264184,\n         1.81397212],\n       [ 5.40031157,  2.12705581,  4.10205707, -1.92225557,  1.64265624,\n         1.81400167],\n       [ 5.40035067,  2.12705031,  4.10202087, -1.92227234,  1.64265219,\n         1.81395871],\n       [ 5.4003045 ,  2.12703627,  4.10205357, -1.92225335,  1.64264811,\n         1.8139479 ],\n       [ 5.40034083,  2.12700405,  4.10207629, -1.92227282,  1.64263131,\n         1.81399071]]), array([0.26634997, 0.26634997, 0.26634997, 0.26634997, 0.26634997,\n       0.26634997, 0.26634997]))", "callback": [0.7962101520158212, 0.5940048855834326, 0.5917938689717985, 0.5670922436252127, 0.4813204774864914, 0.4695155822841639, 0.46214052897961033, 0.46177646601427735, 0.4607237238130679, 0.45962349731836394, 0.45878501850273556, 0.4531040914088599, 0.43004436507561383, 0.41598829028923223, 0.4145643416741861, 0.41191695649957916, 0.3967215486647986, 0.39404750573625646, 0.39186510930410656, 0.3907050833652974, 0.38534559710782024, 0.3800416344753501, 0.3751209554803365, 0.37212745549794557, 0.3695483492111472, 0.3680519201987471, 0.36664506372022876, 0.36618415434438645, 0.3659662900874596, 0.36536979193287, 0.3645587549755296, 0.3601055364746495, 0.34722053160126376, 0.31496028123647235, 0.277402428083642, 0.27306096768682886, 0.26911316405655683, 0.26814330431896727, 0.2669397453048228, 0.2666167586968031, 0.26641097042749395, 0.26636349932265324, 0.26635320734531776, 0.26635052063009756, 0.26635006820686535, 0.2663499968942178, 0.26634997615334555, 0.2663499719782273, 0.26634997013002437, 0.26634996980647074]}, "8": {"maxiter": 1000, "fatol": 1e-05, "xatol": 1e-05, "duration": 0.21211695671081543, "fun": "0.2663499693358483", "nit": "527", "nfev": "819", "status": "0", "success": "True", "message": "Optimization terminated successfully.", "x": "[ 5.4003303   2.12706592  4.10205384 -1.92227384  1.64266275  1.81396646]", "final_simplex": "(array([[ 5.4003303 ,  2.12706592,  4.10205384, -1.92227384,  1.64266275,\n         1.81396646],\n       [ 5.40033141,  2.12705979,  4.10205529, -1.92227665,  1.64266185,\n         1.81396683],\n       [ 5.40032924,  2.12706343,  4.10205645, -1.92226874,  1.64266331,\n         1.81396496],\n       [ 5.40033228,  2.1270635 ,  4.10205075, -1.92227428,  1.64266521,\n         1.81396388],\n       [ 5.4003325 ,  2.12706213,  4.10205891, -1.9222815 ,  1.64266536,\n         1.81395992],\n       [ 5.40033235,  2.12706687,  4.10205433, -1.92227713,  1.64266087,\n         1.81395996],\n       [ 5.40032396,  2.12706068,  4.10205825, -1.92228208,  1.64266301,\n         1.81396158]]), array([0.26634997, 0.26634997, 0.26634997, 0.26634997, 0.26634997,\n       0.26634997, 0.26634997]))", "callback": [0.7962101520158212, 0.5940048855834326, 0.5917938689717985, 0.5670922436252127, 0.4813204774864914, 0.4695155822841639, 0.46214052897961033, 0.46177646601427735, 0.4607237238130679, 0.45962349731836394, 0.45878501850273556, 0.4531040914088599, 0.43004436507561383, 0.41598829028923223, 0.4145643416741861, 0.41191695649957916, 0.3967215486647986, 0.39404750573625646, 0.39186510930410656, 0.3907050833652974, 0.38534559710782024, 0.3800416344753501, 0.3751209554803365, 0.37212745549794557, 0.3695483492111472, 0.3680519201987471, 0.36664506372022876, 0.36618415434438645, 0.3659662900874596, 0.36536979193287, 0.3645587549755296, 0.3601055364746495, 0.34722053160126376, 0.31496028123647235, 0.277402428083642, 0.27306096768682886, 0.26911316405655683, 0.26814330431896727, 0.2669397453048228, 0.2666167586968031, 0.26641097042749395, 0.26636349932265324, 0.26635320734531776, 0.26635052063009756, 0.26635006820686535, 0.2663499968942178, 0.26634997615334555, 0.2663499719782273, 0.26634997013002437, 0.26634996980647074, 0.2663499694392861, 0.2663499693592808, 0.2663499693396928]}, "9": {"maxiter": 1000, "fatol": 1e-05, "xatol": 1e-10, "duration": 0.2712712287902832, "fun": "0.26634996933066923", "nit": "628", "nfev": "1043", "status": "0", "success": "True", "message": "Optimization terminated successfully.", "x": "[ 5.40032808  2.1270605   4.10205973 -1.92227536  1.64266648  1.8139653 ]", "final_simplex": "(array([[ 5.40032808,  2.1270605 ,  4.10205973, -1.92227536,  1.64266648,\n         1.8139653 ],\n       [ 5.40032808,  2.1270605 ,  4.10205973, -1.92227536,  1.64266648,\n         1.8139653 ],\n       [ 5.40032808,  2.1270605 ,  4.10205973, -1.92227536,  1.64266648,\n         1.8139653 ],\n       [ 5.40032808,  2.1270605 ,  4.10205973, -1.92227536,  1.64266648,\n         1.8139653 ],\n       [ 5.40032808,  2.1270605 ,  4.10205973, -1.92227536,  1.64266648,\n         1.8139653 ],\n       [ 5.40032808,  2.1270605 ,  4.10205973, -1.92227536,  1.64266648,\n         1.8139653 ],\n       [ 5.40032808,  2.1270605 ,  4.10205973, -1.92227536,  1.64266648,\n         1.8139653 ]]), array([0.26634997, 0.26634997, 0.26634997, 0.26634997, 0.26634997,\n       0.26634997, 0.26634997]))", "callback": [0.7962101520158212, 0.5940048855834326, 0.5917938689717985, 0.5670922436252127, 0.4813204774864914, 0.4695155822841639, 0.46214052897961033, 0.46177646601427735, 0.4607237238130679, 0.45962349731836394, 0.45878501850273556, 0.4531040914088599, 0.43004436507561383, 0.41598829028923223, 0.4145643416741861, 0.41191695649957916, 0.3967215486647986, 0.39404750573625646, 0.39186510930410656, 0.3907050833652974, 0.38534559710782024, 0.3800416344753501, 0.3751209554803365, 0.37212745549794557, 0.3695483492111472, 0.3680519201987471, 0.36664506372022876, 0.36618415434438645, 0.3659662900874596, 0.36536979193287, 0.3645587549755296, 0.3601055364746495, 0.34722053160126376, 0.31496028123647235, 0.277402428083642, 0.27306096768682886, 0.26911316405655683, 0.26814330431896727, 0.2669397453048228, 0.2666167586968031, 0.26641097042749395, 0.26636349932265324, 0.26635320734531776, 0.26635052063009756, 0.26635006820686535, 0.2663499968942178, 0.26634997615334555, 0.2663499719782273, 0.26634997013002437, 0.26634996980647074, 0.2663499694392861, 0.2663499693592808, 0.2663499693396928, 0.2663499693326171, 0.26634996933111377, 0.2663499693307402, 0.26634996933068433, 0.26634996933067434, 0.2663499693306701, 0.26634996933066946, 0.26634996933066923, 0.26634996933066923, 0.26634996933066923]}, "10": {"maxiter": 1000, "fatol": 1e-10, "xatol": 1e-05, "duration": 0.21787810325622559, "fun": "0.2663499693358483", "nit": "527", "nfev": "819", "status": "0", "success": "True", "message": "Optimization terminated successfully.", "x": "[ 5.4003303   2.12706592  4.10205384 -1.92227384  1.64266275  1.81396646]", "final_simplex": "(array([[ 5.4003303 ,  2.12706592,  4.10205384, -1.92227384,  1.64266275,\n         1.81396646],\n       [ 5.40033141,  2.12705979,  4.10205529, -1.92227665,  1.64266185,\n         1.81396683],\n       [ 5.40032924,  2.12706343,  4.10205645, -1.92226874,  1.64266331,\n         1.81396496],\n       [ 5.40033228,  2.1270635 ,  4.10205075, -1.92227428,  1.64266521,\n         1.81396388],\n       [ 5.4003325 ,  2.12706213,  4.10205891, -1.9222815 ,  1.64266536,\n         1.81395992],\n       [ 5.40033235,  2.12706687,  4.10205433, -1.92227713,  1.64266087,\n         1.81395996],\n       [ 5.40032396,  2.12706068,  4.10205825, -1.92228208,  1.64266301,\n         1.81396158]]), array([0.26634997, 0.26634997, 0.26634997, 0.26634997, 0.26634997,\n       0.26634997, 0.26634997]))", "callback": [0.7962101520158212, 0.5940048855834326, 0.5917938689717985, 0.5670922436252127, 0.4813204774864914, 0.4695155822841639, 0.46214052897961033, 0.46177646601427735, 0.4607237238130679, 0.45962349731836394, 0.45878501850273556, 0.4531040914088599, 0.43004436507561383, 0.41598829028923223, 0.4145643416741861, 0.41191695649957916, 0.3967215486647986, 0.39404750573625646, 0.39186510930410656, 0.3907050833652974, 0.38534559710782024, 0.3800416344753501, 0.3751209554803365, 0.37212745549794557, 0.3695483492111472, 0.3680519201987471, 0.36664506372022876, 0.36618415434438645, 0.3659662900874596, 0.36536979193287, 0.3645587549755296, 0.3601055364746495, 0.34722053160126376, 0.31496028123647235, 0.277402428083642, 0.27306096768682886, 0.26911316405655683, 0.26814330431896727, 0.2669397453048228, 0.2666167586968031, 0.26641097042749395, 0.26636349932265324, 0.26635320734531776, 0.26635052063009756, 0.26635006820686535, 0.2663499968942178, 0.26634997615334555, 0.2663499719782273, 0.26634997013002437, 0.26634996980647074, 0.2663499694392861, 0.2663499693592808, 0.2663499693396928]}, "11": {"maxiter": 1000, "fatol": 1e-10, "xatol": 1e-10, "duration": 0.29274797439575195, "fun": "0.26634996933066923", "nit": "628", "nfev": "1043", "status": "0", "success": "True", "message": "Optimization terminated successfully.", "x": "[ 5.40032808  2.1270605   4.10205973 -1.92227536  1.64266648  1.8139653 ]", "final_simplex": "(array([[ 5.40032808,  2.1270605 ,  4.10205973, -1.92227536,  1.64266648,\n         1.8139653 ],\n       [ 5.40032808,  2.1270605 ,  4.10205973, -1.92227536,  1.64266648,\n         1.8139653 ],\n       [ 5.40032808,  2.1270605 ,  4.10205973, -1.92227536,  1.64266648,\n         1.8139653 ],\n       [ 5.40032808,  2.1270605 ,  4.10205973, -1.92227536,  1.64266648,\n         1.8139653 ],\n       [ 5.40032808,  2.1270605 ,  4.10205973, -1.92227536,  1.64266648,\n         1.8139653 ],\n       [ 5.40032808,  2.1270605 ,  4.10205973, -1.92227536,  1.64266648,\n         1.8139653 ],\n       [ 5.40032808,  2.1270605 ,  4.10205973, -1.92227536,  1.64266648,\n         1.8139653 ]]), array([0.26634997, 0.26634997, 0.26634997, 0.26634997, 0.26634997,\n       0.26634997, 0.26634997]))", "callback": [0.7962101520158212, 0.5940048855834326, 0.5917938689717985, 0.5670922436252127, 0.4813204774864914, 0.4695155822841639, 0.46214052897961033, 0.46177646601427735, 0.4607237238130679, 0.45962349731836394, 0.45878501850273556, 0.4531040914088599, 0.43004436507561383, 0.41598829028923223, 0.4145643416741861, 0.41191695649957916, 0.3967215486647986, 0.39404750573625646, 0.39186510930410656, 0.3907050833652974, 0.38534559710782024, 0.3800416344753501, 0.3751209554803365, 0.37212745549794557, 0.3695483492111472, 0.3680519201987471, 0.36664506372022876, 0.36618415434438645, 0.3659662900874596, 0.36536979193287, 0.3645587549755296, 0.3601055364746495, 0.34722053160126376, 0.31496028123647235, 0.277402428083642, 0.27306096768682886, 0.26911316405655683, 0.26814330431896727, 0.2669397453048228, 0.2666167586968031, 0.26641097042749395, 0.26636349932265324, 0.26635320734531776, 0.26635052063009756, 0.26635006820686535, 0.2663499968942178, 0.26634997615334555, 0.2663499719782273, 0.26634997013002437, 0.26634996980647074, 0.2663499694392861, 0.2663499693592808, 0.2663499693396928, 0.2663499693326171, 0.26634996933111377, 0.2663499693307402, 0.26634996933068433, 0.26634996933067434, 0.2663499693306701, 0.26634996933066946, 0.26634996933066923, 0.26634996933066923, 0.26634996933066923]}}, "bfgs": {"type": "gradient", "0": {"maxiter": 100, "gtol": 1e-05, "xrtol": 1e-05, "eps": 1e-05, "duration": 0.09926176071166992, "fun": "0.26634996936106115", "jac": "[ 1.55629953e-06  6.82720547e-07  4.75142148e-07 -1.48869805e-06\n  4.11115586e-08  4.95714580e-07]", "hess_inv": "[[ 3.73277521 -1.08072993  1.56113638 -0.21672949 -0.03713774  0.02821649]\n [-1.08072993  8.21890358 -4.80699053  2.54497223  0.42693978 -2.73426945]\n [ 1.56113638 -4.80699053  8.60476976 -2.64234315 -0.20334802 -0.86384298]\n [-0.21672949  2.54497223 -2.64234315  4.95761488  0.64069409  0.63868069]\n [-0.03713774  0.42693978 -0.20334802  0.64069409  4.09446608  0.62829186]\n [ 0.02821649 -2.73426945 -0.86384298  0.63868069  0.62829186  6.34945457]]", "nfev": "315", "njev": "45", "status": "0", "success": "True", "message": "Optimization terminated successfully.", "x": "[ 7.16604498 -1.01454113  7.24365954  4.36089329  1.64265916  1.8139606 ]", "nit": "37", "callback": [0.6491490479361841, 0.6229331617614287, 0.6049341631649363, 0.5724978933988782, 0.5471125777363234, 0.5175212003961451, 0.48500749701871226, 0.48285668030090634, 0.4793835157889791, 0.4766325183572311, 0.47281447933875154, 0.44988967862531115, 0.4449091885767642, 0.43628943662273745, 0.42094623709364143, 0.39430142448413696, 0.36127740861519664, 0.35540347159375807, 0.3460022887675117, 0.3369810132682075, 0.33151428990784104, 0.3213502611595831, 0.3036534555212096, 0.29182771637347993, 0.28361879942015666, 0.2784124078506731, 0.2765773799739557, 0.2742759152226071, 0.27302366021770264, 0.2708657336592487, 0.2677115137802879, 0.2664498504005469, 0.2663612206798811, 0.2663504387832798, 0.26635002107837735, 0.26634996974094993, 0.26634996936106115]}, "1": {"maxiter": 100, "gtol": 1e-05, "xrtol": 1e-05, "eps": 1e-10, "duration": 0.09055280685424805, "fun": "0.2663499695201369", "jac": "[ 7.77156053e-06 -1.11022293e-06 -3.33066880e-06 -4.44089173e-06\n -1.11022293e-06  2.22044587e-06]", "hess_inv": "[[ 3.87742584 -1.08081911  1.61839871 -0.15427628  0.06566498 -0.08605904]\n [-1.08081911  8.26190408 -4.86521542  2.49505332  0.35358698 -2.69011829]\n [ 1.61839871 -4.86521542  8.70270574 -2.79194427 -0.13998161 -0.95625507]\n [-0.15427628  2.49505332 -2.79194427  4.83631479  0.49435374  0.78845893]\n [ 0.06566498  0.35358698 -0.13998161  0.49435374  4.07606855  0.62680585]\n [-0.08605904 -2.69011829 -0.95625507  0.78845893  0.62680585  6.45446005]]", "nfev": "308", "njev": "44", "status": "0", "success": "True", "message": "Optimization terminated successfully.", "x": "[ 7.16607387 -1.0145447   7.24365571  4.36088677  1.64266357  1.81397599]", "nit": "36", "callback": [0.6491472212407212, 0.6229321994380522, 0.6049339921831252, 0.5724992333419456, 0.5471151112443267, 0.5175271340976934, 0.4850120200090273, 0.4828598650539381, 0.47938505188581915, 0.47663370832809426, 0.47282120687213935, 0.44980968976505487, 0.4448550022995498, 0.43628071535160373, 0.421015932948142, 0.39448684708242165, 0.3614529806265834, 0.35535756911208505, 0.3457048736528383, 0.3369113596529437, 0.3313986934801416, 0.32117995468858496, 0.3035503715636987, 0.292280640621682, 0.2839535066770341, 0.2786444436730052, 0.2767203244239298, 0.27437461771564364, 0.27313295839093277, 0.27096631735820575, 0.26775883163732095, 0.26644501649437635, 0.26636203719716345, 0.2663506240032809, 0.2663500112241206, 0.2663499695201369]}, "2": {"maxiter": 100, "gtol": 1e-05, "xrtol": 1e-10, "eps": 1e-05, "duration": 0.08060193061828613, "fun": "0.26634996936106115", "jac": "[ 1.55629953e-06  6.82720547e-07  4.75142148e-07 -1.48869805e-06\n  4.11115586e-08  4.95714580e-07]", "hess_inv": "[[ 3.73277521 -1.08072993  1.56113638 -0.21672949 -0.03713774  0.02821649]\n [-1.08072993  8.21890358 -4.80699053  2.54497223  0.42693978 -2.73426945]\n [ 1.56113638 -4.80699053  8.60476976 -2.64234315 -0.20334802 -0.86384298]\n [-0.21672949  2.54497223 -2.64234315  4.95761488  0.64069409  0.63868069]\n [-0.03713774  0.42693978 -0.20334802  0.64069409  4.09446608  0.62829186]\n [ 0.02821649 -2.73426945 -0.86384298  0.63868069  0.62829186  6.34945457]]", "nfev": "315", "njev": "45", "status": "0", "success": "True", "message": "Optimization terminated successfully.", "x": "[ 7.16604498 -1.01454113  7.24365954  4.36089329  1.64265916  1.8139606 ]", "nit": "37", "callback": [0.6491490479361841, 0.6229331617614287, 0.6049341631649363, 0.5724978933988782, 0.5471125777363234, 0.5175212003961451, 0.48500749701871226, 0.48285668030090634, 0.4793835157889791, 0.4766325183572311, 0.47281447933875154, 0.44988967862531115, 0.4449091885767642, 0.43628943662273745, 0.42094623709364143, 0.39430142448413696, 0.36127740861519664, 0.35540347159375807, 0.3460022887675117, 0.3369810132682075, 0.33151428990784104, 0.3213502611595831, 0.3036534555212096, 0.29182771637347993, 0.28361879942015666, 0.2784124078506731, 0.2765773799739557, 0.2742759152226071, 0.27302366021770264, 0.2708657336592487, 0.2677115137802879, 0.2664498504005469, 0.2663612206798811, 0.2663504387832798, 0.26635002107837735, 0.26634996974094993, 0.26634996936106115]}, "3": {"maxiter": 100, "gtol": 1e-05, "xrtol": 1e-10, "eps": 1e-10, "duration": 0.09130406379699707, "fun": "0.2663499695201369", "jac": "[ 7.77156053e-06 -1.11022293e-06 -3.33066880e-06 -4.44089173e-06\n -1.11022293e-06  2.22044587e-06]", "hess_inv": "[[ 3.87742584 -1.08081911  1.61839871 -0.15427628  0.06566498 -0.08605904]\n [-1.08081911  8.26190408 -4.86521542  2.49505332  0.35358698 -2.69011829]\n [ 1.61839871 -4.86521542  8.70270574 -2.79194427 -0.13998161 -0.95625507]\n [-0.15427628  2.49505332 -2.79194427  4.83631479  0.49435374  0.78845893]\n [ 0.06566498  0.35358698 -0.13998161  0.49435374  4.07606855  0.62680585]\n [-0.08605904 -2.69011829 -0.95625507  0.78845893  0.62680585  6.45446005]]", "nfev": "308", "njev": "44", "status": "0", "success": "True", "message": "Optimization terminated successfully.", "x": "[ 7.16607387 -1.0145447   7.24365571  4.36088677  1.64266357  1.81397599]", "nit": "36", "callback": [0.6491472212407212, 0.6229321994380522, 0.6049339921831252, 0.5724992333419456, 0.5471151112443267, 0.5175271340976934, 0.4850120200090273, 0.4828598650539381, 0.47938505188581915, 0.47663370832809426, 0.47282120687213935, 0.44980968976505487, 0.4448550022995498, 0.43628071535160373, 0.421015932948142, 0.39448684708242165, 0.3614529806265834, 0.35535756911208505, 0.3457048736528383, 0.3369113596529437, 0.3313986934801416, 0.32117995468858496, 0.3035503715636987, 0.292280640621682, 0.2839535066770341, 0.2786444436730052, 0.2767203244239298, 0.27437461771564364, 0.27313295839093277, 0.27096631735820575, 0.26775883163732095, 0.26644501649437635, 0.26636203719716345, 0.2663506240032809, 0.2663500112241206, 0.2663499695201369]}, "4": {"maxiter": 100, "gtol": 1e-10, "xrtol": 1e-05, "eps": 1e-05, "duration": 0.0827798843383789, "fun": "0.26634996936106115", "jac": "[ 1.55629953e-06  6.82720547e-07  4.75142148e-07 -1.48869805e-06\n  4.11115586e-08  4.95714580e-07]", "hess_inv": "[[ 3.73277521 -1.08072993  1.56113638 -0.21672949 -0.03713774  0.02821649]\n [-1.08072993  8.21890358 -4.80699053  2.54497223  0.42693978 -2.73426945]\n [ 1.56113638 -4.80699053  8.60476976 -2.64234315 -0.20334802 -0.86384298]\n [-0.21672949  2.54497223 -2.64234315  4.95761488  0.64069409  0.63868069]\n [-0.03713774  0.42693978 -0.20334802  0.64069409  4.09446608  0.62829186]\n [ 0.02821649 -2.73426945 -0.86384298  0.63868069  0.62829186  6.34945457]]", "nfev": "315", "njev": "45", "status": "0", "success": "True", "message": "Optimization terminated successfully.", "x": "[ 7.16604498 -1.01454113  7.24365954  4.36089329  1.64265916  1.8139606 ]", "nit": "37", "callback": [0.6491490479361841, 0.6229331617614287, 0.6049341631649363, 0.5724978933988782, 0.5471125777363234, 0.5175212003961451, 0.48500749701871226, 0.48285668030090634, 0.4793835157889791, 0.4766325183572311, 0.47281447933875154, 0.44988967862531115, 0.4449091885767642, 0.43628943662273745, 0.42094623709364143, 0.39430142448413696, 0.36127740861519664, 0.35540347159375807, 0.3460022887675117, 0.3369810132682075, 0.33151428990784104, 0.3213502611595831, 0.3036534555212096, 0.29182771637347993, 0.28361879942015666, 0.2784124078506731, 0.2765773799739557, 0.2742759152226071, 0.27302366021770264, 0.2708657336592487, 0.2677115137802879, 0.2664498504005469, 0.2663612206798811, 0.2663504387832798, 0.26635002107837735, 0.26634996974094993, 0.26634996936106115]}, "5": {"maxiter": 100, "gtol": 1e-10, "xrtol": 1e-05, "eps": 1e-10, "duration": 0.08490514755249023, "fun": "0.2663499693499425", "jac": "[ 1.11022293e-06  2.22044587e-06  1.11022293e-06 -2.22044587e-06\n  1.11022293e-06 -2.22044587e-06]", "hess_inv": "[[ 3.72033651 -0.99374946  1.51489341 -0.19245244 -0.01446943 -0.03548685]\n [-0.99374946  8.21709463 -4.79310433  2.5337516   0.41294683 -2.73796412]\n [ 1.51489341 -4.79310433  8.69748551 -2.74216975 -0.12893778 -1.00758905]\n [-0.19245244  2.5337516  -2.74216975  4.91618284  0.55083716  0.70003061]\n [-0.01446943  0.41294683 -0.12893778  0.55083716  4.09991134  0.56678514]\n [-0.03548685 -2.73796412 -1.00758905  0.70003061  0.56678514  6.55197283]]", "nfev": "315", "njev": "45", "status": "0", "success": "True", "message": "Optimization terminated successfully.", "x": "[ 7.16604811 -1.01452602  7.2436575   4.36090283  1.64266945  1.81395906]", "nit": "37", "callback": [0.6491472212407212, 0.6229321994380522, 0.6049339921831252, 0.5724992333419456, 0.5471151112443267, 0.5175271340976934, 0.4850120200090273, 0.4828598650539381, 0.47938505188581915, 0.47663370832809426, 0.47282120687213935, 0.44980968976505487, 0.4448550022995498, 0.43628071535160373, 0.421015932948142, 0.39448684708242165, 0.3614529806265834, 0.35535756911208505, 0.3457048736528383, 0.3369113596529437, 0.3313986934801416, 0.32117995468858496, 0.3035503715636987, 0.292280640621682, 0.2839535066770341, 0.2786444436730052, 0.2767203244239298, 0.27437461771564364, 0.27313295839093277, 0.27096631735820575, 0.26775883163732095, 0.26644501649437635, 0.26636203719716345, 0.2663506240032809, 0.2663500112241206, 0.2663499695201369, 0.2663499693499425]}, "6": {"maxiter": 100, "gtol": 1e-10, "xrtol": 1e-10, "eps": 1e-05, "duration": 0.1613469123840332, "fun": "0.26634996935030986", "jac": "[ 4.53193039e-08  3.55604435e-08 -1.00919273e-08  2.10942375e-09\n  1.69309011e-08 -1.65756298e-08]", "hess_inv": "[[ 4.22928641e+00 -1.26156800e+00  1.96513689e+00 -7.49011225e-01\n  -6.18819335e-02 -8.37634777e-03]\n [-1.26156800e+00  8.25054454e+00 -4.95300959e+00  2.70564710e+00\n   4.22758949e-01 -2.70310426e+00]\n [ 1.96513689e+00 -4.95300959e+00  8.84198517e+00 -3.12324669e+00\n  -2.47313318e-01 -8.83111060e-01]\n [-7.49011225e-01  2.70564710e+00 -3.12324669e+00  5.46992518e+00\n   6.41457149e-01  7.01138088e-01]\n [-6.18819335e-02  4.22758949e-01 -2.47313318e-01  6.41457149e-01\n   4.08417654e+00  6.39934465e-01]\n [-8.37634777e-03 -2.70310426e+00 -8.83111060e-01  7.01138088e-01\n   6.39934465e-01  6.34150922e+00]]", "nfev": "558", "njev": "78", "status": "2", "success": "False", "message": "Desired error not necessarily achieved due to precision loss.", "x": "[ 7.16603734 -1.01453675  7.24365128  4.36090196  1.64265963  1.81396057]", "nit": "38", "callback": [0.6491490479361841, 0.6229331617614287, 0.6049341631649363, 0.5724978933988782, 0.5471125777363234, 0.5175212003961451, 0.48500749701871226, 0.48285668030090634, 0.4793835157889791, 0.4766325183572311, 0.47281447933875154, 0.44988967862531115, 0.4449091885767642, 0.43628943662273745, 0.42094623709364143, 0.39430142448413696, 0.36127740861519664, 0.35540347159375807, 0.3460022887675117, 0.3369810132682075, 0.33151428990784104, 0.3213502611595831, 0.3036534555212096, 0.29182771637347993, 0.28361879942015666, 0.2784124078506731, 0.2765773799739557, 0.2742759152226071, 0.27302366021770264, 0.2708657336592487, 0.2677115137802879, 0.2664498504005469, 0.2663612206798811, 0.2663504387832798, 0.26635002107837735, 0.26634996974094993, 0.26634996936106115, 0.26634996935030986]}, "7": {"maxiter": 100, "gtol": 1e-10, "xrtol": 1e-10, "eps": 1e-10, "duration": 0.13384318351745605, "fun": "0.26634996933503186", "jac": "[ 1.11022293e-06  1.11022293e-06 -1.11022293e-06  0.00000000e+00\n  1.11022293e-06 -2.22044587e-06]", "hess_inv": "[[ 0.01130251 -0.00353834  0.00291563  0.00228239 -0.02188636  0.00627347]\n [-0.00353834  0.00553538 -0.00227894  0.00736912  0.00524785 -0.01495896]\n [ 0.00291563 -0.00227894  0.01008001 -0.01970382  0.0081642   0.00551925]\n [ 0.00228239  0.00736912 -0.01970382  0.09129318 -0.05168663 -0.06504235]\n [-0.02188636  0.00524785  0.0081642  -0.05168663  0.07209581  0.00968572]\n [ 0.00627347 -0.01495896  0.00551925 -0.06504235  0.00968572  0.08845621]]", "nfev": "483", "njev": "69", "status": "0", "success": "True", "message": "Optimization terminated successfully.", "x": "[ 7.16604116 -1.01453597  7.24364999  4.36090731  1.6426652   1.81397033]", "nit": "49", "callback": [0.6491472212407212, 0.6229321994380522, 0.6049339921831252, 0.5724992333419456, 0.5471151112443267, 0.5175271340976934, 0.4850120200090273, 0.4828598650539381, 0.47938505188581915, 0.47663370832809426, 0.47282120687213935, 0.44980968976505487, 0.4448550022995498, 0.43628071535160373, 0.421015932948142, 0.39448684708242165, 0.3614529806265834, 0.35535756911208505, 0.3457048736528383, 0.3369113596529437, 0.3313986934801416, 0.32117995468858496, 0.3035503715636987, 0.292280640621682, 0.2839535066770341, 0.2786444436730052, 0.2767203244239298, 0.27437461771564364, 0.27313295839093277, 0.27096631735820575, 0.26775883163732095, 0.26644501649437635, 0.26636203719716345, 0.2663506240032809, 0.2663500112241206, 0.2663499695201369, 0.2663499693499425, 0.26634996934626043, 0.2663499693434661, 0.2663499693353695, 0.26634996933535215, 0.2663499693353448, 0.26634996933533805, 0.2663499693353307, 0.2663499693353224, 0.2663499693350373, 0.2663499693350322, 0.26634996933503197, 0.26634996933503186]}, "8": {"maxiter": 500, "gtol": 1e-05, "xrtol": 1e-05, "eps": 1e-05, "duration": 0.09058213233947754, "fun": "0.26634996936106115", "jac": "[ 1.55629953e-06  6.82720547e-07  4.75142148e-07 -1.48869805e-06\n  4.11115586e-08  4.95714580e-07]", "hess_inv": "[[ 3.73277521 -1.08072993  1.56113638 -0.21672949 -0.03713774  0.02821649]\n [-1.08072993  8.21890358 -4.80699053  2.54497223  0.42693978 -2.73426945]\n [ 1.56113638 -4.80699053  8.60476976 -2.64234315 -0.20334802 -0.86384298]\n [-0.21672949  2.54497223 -2.64234315  4.95761488  0.64069409  0.63868069]\n [-0.03713774  0.42693978 -0.20334802  0.64069409  4.09446608  0.62829186]\n [ 0.02821649 -2.73426945 -0.86384298  0.63868069  0.62829186  6.34945457]]", "nfev": "315", "njev": "45", "status": "0", "success": "True", "message": "Optimization terminated successfully.", "x": "[ 7.16604498 -1.01454113  7.24365954  4.36089329  1.64265916  1.8139606 ]", "nit": "37", "callback": [0.6491490479361841, 0.6229331617614287, 0.6049341631649363, 0.5724978933988782, 0.5471125777363234, 0.5175212003961451, 0.48500749701871226, 0.48285668030090634, 0.4793835157889791, 0.4766325183572311, 0.47281447933875154, 0.44988967862531115, 0.4449091885767642, 0.43628943662273745, 0.42094623709364143, 0.39430142448413696, 0.36127740861519664, 0.35540347159375807, 0.3460022887675117, 0.3369810132682075, 0.33151428990784104, 0.3213502611595831, 0.3036534555212096, 0.29182771637347993, 0.28361879942015666, 0.2784124078506731, 0.2765773799739557, 0.27427