{"date": "2024/10/08/, 19:51:07", "conf_id": 25, "data_type": "random\n", "num_data_points": 2, "s_rank": 0, "unitary": "[[-0.45070455-0.02711853j,0.78437395-0.06613086j,0.06358678+0.19963393j,-0.07343613+0.35668523j],[-0.01890143-0.03813363j,0.32408202+0.25557629j,0.05872864-0.68979805j,0.55466693-0.20227297j],[-0.11215405+0.64023111j,-0.13344055+0.29565494j,-0.49012687-0.19046288j,-0.04241254+0.44046348j],[0.55771659+0.24656916j,0.31851997-0.05798805j,0.28761525-0.34294258j,-0.56718418+0.03616933j]]", "databatch_0": {"databatch": "[[[-0.12778013-0.43886437j,-0.08094243-0.23253382j,0.15326139-0.16396138j,-0.07043013+0.0266035j],[0.17638663+0.00410025j,0.04793947+0.05065442j,-0.07075337+0.00193461j,-0.04839257-0.06368894j],[-0.32482096+0.06899533j,-0.06007311-0.03644456j,0.07580858+0.06894052j,0.09073027+0.13867266j],[0.19067832-0.12476006j,-0.19319213-0.14024552j,0.1467408-0.51843189j,0.01202126-0.27289738j]],[[0.04132262+0.04107102j,0.05508871-0.05433065j,-0.01387878+0.07497709j,0.07132992+0.04414447j],[0.01112669+0.02504513j,0.01750795+0.0015736j,-0.01702596+0.01411888j,0.01149121+0.0223104j],[0.02736504-0.2267915j,-0.25284014-0.02612563j,0.2318194-0.12362916j,-0.03986633-0.29346972j],[0.38238345+0.01969608j,0.05293426-0.39166783j,0.19593269+0.37129883j,0.46679111-0.07141285j]]]", "initial param values": "[4.43865003,2.23089128,6.1043173,1.30983875,5.47064952,5.13694108]", "nelder_mead": {"type": "gradient-free", "0": {"maxiter": 100, "fatol": 1e-05, "xatol": 1e-05, "duration": 0.04140162467956543, "fun": "0.12080280960349132", "nit": "100", "nfev": "159", "status": "2", "success": "False", "message": "Maximum number of iterations has been exceeded.", "x": "[7.48680553 1.4032864  7.59811365 1.30352645 4.64898355 4.1831336 ]", "final_simplex": "(array([[7.48680553, 1.4032864 , 7.59811365, 1.30352645, 4.64898355,\n        4.1831336 ],\n       [7.50067646, 1.44082349, 7.54158804, 1.27441803, 4.70677973,\n        4.18939458],\n       [7.52816797, 1.39252363, 7.55916105, 1.30746216, 4.66405183,\n        4.15827443],\n       [7.48692773, 1.40169233, 7.60499603, 1.29015456, 4.7247191 ,\n        4.19610992],\n       [7.48183793, 1.3410318 , 7.58712606, 1.33109579, 4.73054175,\n        4.17930905],\n       [7.52760863, 1.37546886, 7.592727  , 1.29508654, 4.72423244,\n        4.19129998],\n       [7.4755157 , 1.39578755, 7.59725213, 1.31198845, 4.65190566,\n        4.1591519 ]]), array([0.12080281, 0.12112276, 0.12113734, 0.1212198 , 0.12141823,\n       0.1214185 , 0.12149233]))", "callback": [0.8883257087905966, 0.64689518404824, 0.5089982086415813, 0.3969097485621512, 0.37704615112250817, 0.29978459664760526, 0.14269937522292642, 0.1298517274844827, 0.12265957544303796, 0.1214923278911395]}, "1": {"maxiter": 100, "fatol": 1e-05, "xatol": 1e-10, "duration": 0.04060721397399902, "fun": "0.12080280960349132", "nit": "100", "nfev": "159", "status": "2", "success": "False", "message": "Maximum number of iterations has been exceeded.", "x": "[7.48680553 1.4032864  7.59811365 1.30352645 4.64898355 4.1831336 ]", "final_simplex": "(array([[7.48680553, 1.4032864 , 7.59811365, 1.30352645, 4.64898355,\n        4.1831336 ],\n       [7.50067646, 1.44082349, 7.54158804, 1.27441803, 4.70677973,\n        4.18939458],\n       [7.52816797, 1.39252363, 7.55916105, 1.30746216, 4.66405183,\n        4.15827443],\n       [7.48692773, 1.40169233, 7.60499603, 1.29015456, 4.7247191 ,\n        4.19610992],\n       [7.48183793, 1.3410318 , 7.58712606, 1.33109579, 4.73054175,\n        4.17930905],\n       [7.52760863, 1.37546886, 7.592727  , 1.29508654, 4.72423244,\n        4.19129998],\n       [7.4755157 , 1.39578755, 7.59725213, 1.31198845, 4.65190566,\n        4.1591519 ]]), array([0.12080281, 0.12112276, 0.12113734, 0.1212198 , 0.12141823,\n       0.1214185 , 0.12149233]))", "callback": [0.8883257087905966, 0.64689518404824, 0.5089982086415813, 0.3969097485621512, 0.37704615112250817, 0.29978459664760526, 0.14269937522292642, 0.1298517274844827, 0.12265957544303796, 0.1214923278911395]}, "2": {"maxiter": 100, "fatol": 1e-10, "xatol": 1e-05, "duration": 0.04106497764587402, "fun": "0.12080280960349132", "nit": "100", "nfev": "159", "status": "2", "success": "False", "message": "Maximum number of iterations has been exceeded.", "x": "[7.48680553 1.4032864  7.59811365 1.30352645 4.64898355 4.1831336 ]", "final_simplex": "(array([[7.48680553, 1.4032864 , 7.59811365, 1.30352645, 4.64898355,\n        4.1831336 ],\n       [7.50067646, 1.44082349, 7.54158804, 1.27441803, 4.70677973,\n        4.18939458],\n       [7.52816797, 1.39252363, 7.55916105, 1.30746216, 4.66405183,\n        4.15827443],\n       [7.48692773, 1.40169233, 7.60499603, 1.29015456, 4.7247191 ,\n        4.19610992],\n       [7.48183793, 1.3410318 , 7.58712606, 1.33109579, 4.73054175,\n        4.17930905],\n       [7.52760863, 1.37546886, 7.592727  , 1.29508654, 4.72423244,\n        4.19129998],\n       [7.4755157 , 1.39578755, 7.59725213, 1.31198845, 4.65190566,\n        4.1591519 ]]), array([0.12080281, 0.12112276, 0.12113734, 0.1212198 , 0.12141823,\n       0.1214185 , 0.12149233]))", "callback": [0.8883257087905966, 0.64689518404824, 0.5089982086415813, 0.3969097485621512, 0.37704615112250817, 0.29978459664760526, 0.14269937522292642, 0.1298517274844827, 0.12265957544303796, 0.1214923278911395]}, "3": {"maxiter": 100, "fatol": 1e-10, "xatol": 1e-10, "duration": 0.04467892646789551, "fun": "0.12080280960349132", "nit": "100", "nfev": "159", "status": "2", "success": "False", "message": "Maximum number of iterations has been exceeded.", "x": "[7.48680553 1.4032864  7.59811365 1.30352645 4.64898355 4.1831336 ]", "final_simplex": "(array([[7.48680553, 1.4032864 , 7.59811365, 1.30352645, 4.64898355,\n        4.1831336 ],\n       [7.50067646, 1.44082349, 7.54158804, 1.27441803, 4.70677973,\n        4.18939458],\n       [7.52816797, 1.39252363, 7.55916105, 1.30746216, 4.66405183,\n        4.15827443],\n       [7.48692773, 1.40169233, 7.60499603, 1.29015456, 4.7247191 ,\n        4.19610992],\n       [7.48183793, 1.3410318 , 7.58712606, 1.33109579, 4.73054175,\n        4.17930905],\n       [7.52760863, 1.37546886, 7.592727  , 1.29508654, 4.72423244,\n        4.19129998],\n       [7.4755157 , 1.39578755, 7.59725213, 1.31198845, 4.65190566,\n        4.1591519 ]]), array([0.12080281, 0.12112276, 0.12113734, 0.1212198 , 0.12141823,\n       0.1214185 , 0.12149233]))", "callback": [0.8883257087905966, 0.64689518404824, 0.5089982086415813, 0.3969097485621512, 0.37704615112250817, 0.29978459664760526, 0.14269937522292642, 0.1298517274844827, 0.12265957544303796, 0.1214923278911395]}, "4": {"maxiter": 500, "fatol": 1e-05, "xatol": 1e-05, "duration": 0.1561291217803955, "fun": "0.11256486358675932", "nit": "394", "nfev": "617", "status": "0", "success": "True", "message": "Optimization terminated successfully.", "x": "[7.56715253 1.46391189 7.49367486 1.4570591  4.71158265 4.32101627]", "final_simplex": "(array([[7.56715253, 1.46391189, 7.49367486, 1.4570591 , 4.71158265,\n        4.32101627],\n       [7.56715154, 1.46391682, 7.49366626, 1.45706032, 4.71158397,\n        4.32102334],\n       [7.56715865, 1.46391624, 7.49367062, 1.45706534, 4.71157642,\n        4.32101974],\n       [7.56715189, 1.46391157, 7.49366648, 1.45705898, 4.71158349,\n        4.32101804],\n       [7.56714591, 1.46391148, 7.49367227, 1.45706359, 4.71158006,\n        4.32102068],\n       [7.56715234, 1.46390556, 7.4936666 , 1.45706547, 4.71158482,\n        4.32102611],\n       [7.56715314, 1.46391634, 7.4936692 , 1.45705853, 4.7115749 ,\n        4.32102476]]), array([0.11256486, 0.11256486, 0.11256486, 0.11256486, 0.11256486,\n       0.11256486, 0.11256486]))", "callback": [0.8883257087905966, 0.64689518404824, 0.5089982086415813, 0.3969097485621512, 0.37704615112250817, 0.29978459664760526, 0.14269937522292642, 0.1298517274844827, 0.12265957544303796, 0.1214923278911395, 0.12056089653885427, 0.120181875970099, 0.11975531167168418, 0.11857645253585258, 0.1182944918781037, 0.11790086803362565, 0.11766975613457664, 0.11718476539417932, 0.11690100588530628, 0.11686895774967487, 0.11662834157213697, 0.11620520919863164, 0.11587558497520789, 0.11401131048183533, 0.11356749951907341, 0.11322491202983698, 0.11288688611932429, 0.11265468615995389, 0.11260647924642297, 0.1125782851354109, 0.11257007013169984, 0.11256648625809751, 0.11256530518915575, 0.11256495689897217, 0.11256488525274844, 0.11256486716002156, 0.11256486455369119, 0.11256486372556163, 0.11256486360132778, 0.11256486358921824]}, "5": {"maxiter": 500, "fatol": 1e-05, "xatol": 1e-10, "duration": 0.21279478073120117, "fun": "0.11256486357777507", "nit": "496", "nfev": "846", "status": "0", "success": "True", "message": "Optimization terminated successfully.", "x": "[7.56715332 1.46391235 7.49367314 1.45706571 4.71158324 4.3210174 ]", "final_simplex": "(array([[7.56715332, 1.46391235, 7.49367314, 1.45706571, 4.71158324,\n        4.3210174 ],\n       [7.56715332, 1.46391235, 7.49367314, 1.45706571, 4.71158324,\n        4.3210174 ],\n       [7.56715332, 1.46391235, 7.49367314, 1.45706571, 4.71158324,\n        4.3210174 ],\n       [7.56715332, 1.46391235, 7.49367314, 1.45706571, 4.71158324,\n        4.3210174 ],\n       [7.56715332, 1.46391235, 7.49367314, 1.45706571, 4.71158324,\n        4.3210174 ],\n       [7.56715332, 1.46391235, 7.49367314, 1.45706571, 4.71158324,\n        4.3210174 ],\n       [7.56715332, 1.46391235, 7.49367314, 1.45706571, 4.71158324,\n        4.3210174 ]]), array([0.11256486, 0.11256486, 0.11256486, 0.11256486, 0.11256486,\n       0.11256486, 0.11256486]))", "callback": [0.8883257087905966, 0.64689518404824, 0.5089982086415813, 0.3969097485621512, 0.37704615112250817, 0.29978459664760526, 0.14269937522292642, 0.1298517274844827, 0.12265957544303796, 0.1214923278911395, 0.12056089653885427, 0.120181875970099, 0.11975531167168418, 0.11857645253585258, 0.1182944918781037, 0.11790086803362565, 0.11766975613457664, 0.11718476539417932, 0.11690100588530628, 0.11686895774967487, 0.11662834157213697, 0.11620520919863164, 0.11587558497520789, 0.11401131048183533, 0.11356749951907341, 0.11322491202983698, 0.11288688611932429, 0.11265468615995389, 0.11260647924642297, 0.1125782851354109, 0.11257007013169984, 0.11256648625809751, 0.11256530518915575, 0.11256495689897217, 0.11256488525274844, 0.11256486716002156, 0.11256486455369119, 0.11256486372556163, 0.11256486360132778, 0.11256486358921824, 0.1125648635793226, 0.11256486357801487, 0.11256486357790019, 0.11256486357779183, 0.11256486357777895, 0.11256486357777629, 0.1125648635777754, 0.11256486357777529, 0.11256486357777518, 0.11256486357777518]}, "6": {"maxiter": 500, "fatol": 1e-10, "xatol": 1e-05, "duration": 0.14791011810302734, "fun": "0.11256486358675932", "nit": "394", "nfev": "617", "status": "0", "success": "True", "message": "Optimization terminated successfully.", "x": "[7.56715253 1.46391189 7.49367486 1.4570591  4.71158265 4.32101627]", "final_simplex": "(array([[7.56715253, 1.46391189, 7.49367486, 1.4570591 , 4.71158265,\n        4.32101627],\n       [7.56715154, 1.46391682, 7.49366626, 1.45706032, 4.71158397,\n        4.32102334],\n       [7.56715865, 1.46391624, 7.49367062, 1.45706534, 4.71157642,\n        4.32101974],\n       [7.56715189, 1.46391157, 7.49366648, 1.45705898, 4.71158349,\n        4.32101804],\n       [7.56714591, 1.46391148, 7.49367227, 1.45706359, 4.71158006,\n        4.32102068],\n       [7.56715234, 1.46390556, 7.4936666 , 1.45706547, 4.71158482,\n        4.32102611],\n       [7.56715314, 1.46391634, 7.4936692 , 1.45705853, 4.7115749 ,\n        4.32102476]]), array([0.11256486, 0.11256486, 0.11256486, 0.11256486, 0.11256486,\n       0.11256486, 0.11256486]))", "callback": [0.8883257087905966, 0.64689518404824, 0.5089982086415813, 0.3969097485621512, 0.37704615112250817, 0.29978459664760526, 0.14269937522292642, 0.1298517274844827, 0.12265957544303796, 0.1214923278911395, 0.12056089653885427, 0.120181875970099, 0.11975531167168418, 0.11857645253585258, 0.1182944918781037, 0.11790086803362565, 0.11766975613457664, 0.11718476539417932, 0.11690100588530628, 0.11686895774967487, 0.11662834157213697, 0.11620520919863164, 0.11587558497520789, 0.11401131048183533, 0.11356749951907341, 0.11322491202983698, 0.11288688611932429, 0.11265468615995389, 0.11260647924642297, 0.1125782851354109, 0.11257007013169984, 0.11256648625809751, 0.11256530518915575, 0.11256495689897217, 0.11256488525274844, 0.11256486716002156, 0.11256486455369119, 0.11256486372556163, 0.11256486360132778, 0.11256486358921824]}, "7": {"maxiter": 500, "fatol": 1e-10, "xatol": 1e-10, "duration": 0.2021489143371582, "fun": "0.11256486357777507", "nit": "496", "nfev": "846", "status": "0", "success": "True", "message": "Optimization terminated successfully.", "x": "[7.56715332 1.46391235 7.49367314 1.45706571 4.71158324 4.3210174 ]", "final_simplex": "(array([[7.56715332, 1.46391235, 7.49367314, 1.45706571, 4.71158324,\n        4.3210174 ],\n       [7.56715332, 1.46391235, 7.49367314, 1.45706571, 4.71158324,\n        4.3210174 ],\n       [7.56715332, 1.46391235, 7.49367314, 1.45706571, 4.71158324,\n        4.3210174 ],\n       [7.56715332, 1.46391235, 7.49367314, 1.45706571, 4.71158324,\n        4.3210174 ],\n       [7.56715332, 1.46391235, 7.49367314, 1.45706571, 4.71158324,\n        4.3210174 ],\n       [7.56715332, 1.46391235, 7.49367314, 1.45706571, 4.71158324,\n        4.3210174 ],\n       [7.56715332, 1.46391235, 7.49367314, 1.45706571, 4.71158324,\n        4.3210174 ]]), array([0.11256486, 0.11256486, 0.11256486, 0.11256486, 0.11256486,\n       0.11256486, 0.11256486]))", "callback": [0.8883257087905966, 0.64689518404824, 0.5089982086415813, 0.3969097485621512, 0.37704615112250817, 0.29978459664760526, 0.14269937522292642, 0.1298517274844827, 0.12265957544303796, 0.1214923278911395, 0.12056089653885427, 0.120181875970099, 0.11975531167168418, 0.11857645253585258, 0.1182944918781037, 0.11790086803362565, 0.11766975613457664, 0.11718476539417932, 0.11690100588530628, 0.11686895774967487, 0.11662834157213697, 0.11620520919863164, 0.11587558497520789, 0.11401131048183533, 0.11356749951907341, 0.11322491202983698, 0.11288688611932429, 0.11265468615995389, 0.11260647924642297, 0.1125782851354109, 0.11257007013169984, 0.11256648625809751, 0.11256530518915575, 0.11256495689897217, 0.11256488525274844, 0.11256486716002156, 0.11256486455369119, 0.11256486372556163, 0.11256486360132778, 0.11256486358921824, 0.1125648635793226, 0.11256486357801487, 0.11256486357790019, 0.11256486357779183, 0.11256486357777895, 0.11256486357777629, 0.1125648635777754, 0.11256486357777529, 0.11256486357777518, 0.11256486357777518]}, "8": {"maxiter": 1000, "fatol": 1e-05, "xatol": 1e-05, "duration": 0.15328001976013184, "fun": "0.11256486358675932", "nit": "394", "nfev": "617", "status": "0", "success": "True", "message": "Optimization terminated successfully.", "x": "[7.56715253 1.46391189 7.49367486 1.4570591  4.71158265 4.32101627]", "final_simplex": "(array([[7.56715253, 1.46391189, 7.49367486, 1.4570591 , 4.71158265,\n        4.32101627],\n       [7.56715154, 1.46391682, 7.49366626, 1.45706032, 4.71158397,\n        4.32102334],\n       [7.56715865, 1.46391624, 7.49367062, 1.45706534, 4.71157642,\n        4.32101974],\n       [7.56715189, 1.46391157, 7.49366648, 1.45705898, 4.71158349,\n        4.32101804],\n       [7.56714591, 1.46391148, 7.49367227, 1.45706359, 4.71158006,\n        4.32102068],\n       [7.56715234, 1.46390556, 7.4936666 , 1.45706547, 4.71158482,\n        4.32102611],\n       [7.56715314, 1.46391634, 7.4936692 , 1.45705853, 4.7115749 ,\n        4.32102476]]), array([0.11256486, 0.11256486, 0.11256486, 0.11256486, 0.11256486,\n       0.11256486, 0.11256486]))", "callback": [0.8883257087905966, 0.64689518404824, 0.5089982086415813, 0.3969097485621512, 0.37704615112250817, 0.29978459664760526, 0.14269937522292642, 0.1298517274844827, 0.12265957544303796, 0.1214923278911395, 0.12056089653885427, 0.120181875970099, 0.11975531167168418, 0.11857645253585258, 0.1182944918781037, 0.11790086803362565, 0.11766975613457664, 0.11718476539417932, 0.11690100588530628, 0.11686895774967487, 0.11662834157213697, 0.11620520919863164, 0.11587558497520789, 0.11401131048183533, 0.11356749951907341, 0.11322491202983698, 0.11288688611932429, 0.11265468615995389, 0.11260647924642297, 0.1125782851354109, 0.11257007013169984, 0.11256648625809751, 0.11256530518915575, 0.11256495689897217, 0.11256488525274844, 0.11256486716002156, 0.11256486455369119, 0.11256486372556163, 0.11256486360132778, 0.11256486358921824]}, "9": {"maxiter": 1000, "fatol": 1e-05, "xatol": 1e-10, "duration": 0.2111210823059082, "fun": "0.11256486357777507", "nit": "496", "nfev": "846", "status": "0", "success": "True", "message": "Optimization terminated successfully.", "x": "[7.56715332 1.46391235 7.49367314 1.45706571 4.71158324 4.3210174 ]", "final_simplex": "(array([[7.56715332, 1.46391235, 7.49367314, 1.45706571, 4.71158324,\n        4.3210174 ],\n       [7.56715332, 1.46391235, 7.49367314, 1.45706571, 4.71158324,\n        4.3210174 ],\n       [7.56715332, 1.46391235, 7.49367314, 1.45706571, 4.71158324,\n        4.3210174 ],\n       [7.56715332, 1.46391235, 7.49367314, 1.45706571, 4.71158324,\n        4.3210174 ],\n       [7.56715332, 1.46391235, 7.49367314, 1.45706571, 4.71158324,\n        4.3210174 ],\n       [7.56715332, 1.46391235, 7.49367314, 1.45706571, 4.71158324,\n        4.3210174 ],\n       [7.56715332, 1.46391235, 7.49367314, 1.45706571, 4.71158324,\n        4.3210174 ]]), array([0.11256486, 0.11256486, 0.11256486, 0.11256486, 0.11256486,\n       0.11256486, 0.11256486]))", "callback": [0.8883257087905966, 0.64689518404824, 0.5089982086415813, 0.3969097485621512, 0.37704615112250817, 0.29978459664760526, 0.14269937522292642, 0.1298517274844827, 0.12265957544303796, 0.1214923278911395, 0.12056089653885427, 0.120181875970099, 0.11975531167168418, 0.11857645253585258, 0.1182944918781037, 0.11790086803362565, 0.11766975613457664, 0.11718476539417932, 0.11690100588530628, 0.11686895774967487, 0.11662834157213697, 0.11620520919863164, 0.11587558497520789, 0.11401131048183533, 0.11356749951907341, 0.11322491202983698, 0.11288688611932429, 0.11265468615995389, 0.11260647924642297, 0.1125782851354109, 0.11257007013169984, 0.11256648625809751, 0.11256530518915575, 0.11256495689897217, 0.11256488525274844, 0.11256486716002156, 0.11256486455369119, 0.11256486372556163, 0.11256486360132778, 0.11256486358921824, 0.1125648635793226, 0.11256486357801487, 0.11256486357790019, 0.11256486357779183, 0.11256486357777895, 0.11256486357777629, 0.1125648635777754, 0.11256486357777529, 0.11256486357777518, 0.11256486357777518]}, "10": {"maxiter": 1000, "fatol": 1e-10, "xatol": 1e-05, "duration": 0.16050219535827637, "fun": "0.11256486358675932", "nit": "394", "nfev": "617", "status": "0", "success": "True", "message": "Optimization terminated successfully.", "x": "[7.56715253 1.46391189 7.49367486 1.4570591  4.71158265 4.32101627]", "final_simplex": "(array([[7.56715253, 1.46391189, 7.49367486, 1.4570591 , 4.71158265,\n        4.32101627],\n       [7.56715154, 1.46391682, 7.49366626, 1.45706032, 4.71158397,\n        4.32102334],\n       [7.56715865, 1.46391624, 7.49367062, 1.45706534, 4.71157642,\n        4.32101974],\n       [7.56715189, 1.46391157, 7.49366648, 1.45705898, 4.71158349,\n        4.32101804],\n       [7.56714591, 1.46391148, 7.49367227, 1.45706359, 4.71158006,\n        4.32102068],\n       [7.56715234, 1.46390556, 7.4936666 , 1.45706547, 4.71158482,\n        4.32102611],\n       [7.56715314, 1.46391634, 7.4936692 , 1.45705853, 4.7115749 ,\n        4.32102476]]), array([0.11256486, 0.11256486, 0.11256486, 0.11256486, 0.11256486,\n       0.11256486, 0.11256486]))", "callback": [0.8883257087905966, 0.64689518404824, 0.5089982086415813, 0.3969097485621512, 0.37704615112250817, 0.29978459664760526, 0.14269937522292642, 0.1298517274844827, 0.12265957544303796, 0.1214923278911395, 0.12056089653885427, 0.120181875970099, 0.11975531167168418, 0.11857645253585258, 0.1182944918781037, 0.11790086803362565, 0.11766975613457664, 0.11718476539417932, 0.11690100588530628, 0.11686895774967487, 0.11662834157213697, 0.11620520919863164, 0.11587558497520789, 0.11401131048183533, 0.11356749951907341, 0.11322491202983698, 0.11288688611932429, 0.11265468615995389, 0.11260647924642297, 0.1125782851354109, 0.11257007013169984, 0.11256648625809751, 0.11256530518915575, 0.11256495689897217, 0.11256488525274844, 0.11256486716002156, 0.11256486455369119, 0.11256486372556163, 0.11256486360132778, 0.11256486358921824]}, "11": {"maxiter": 1000, "fatol": 1e-10, "xatol": 1e-10, "duration": 0.22961997985839844, "fun": "0.11256486357777507", "nit": "496", "nfev": "846", "status": "0", "success": "True", "message": "Optimization terminated successfully.", "x": "[7.56715332 1.46391235 7.49367314 1.45706571 4.71158324 4.3210174 ]", "final_simplex": "(array([[7.56715332, 1.46391235, 7.49367314, 1.45706571, 4.71158324,\n        4.3210174 ],\n       [7.56715332, 1.46391235, 7.49367314, 1.45706571, 4.71158324,\n        4.3210174 ],\n       [7.56715332, 1.46391235, 7.49367314, 1.45706571, 4.71158324,\n        4.3210174 ],\n       [7.56715332, 1.46391235, 7.49367314, 1.45706571, 4.71158324,\n        4.3210174 ],\n       [7.56715332, 1.46391235, 7.49367314, 1.45706571, 4.71158324,\n        4.3210174 ],\n       [7.56715332, 1.46391235, 7.49367314, 1.45706571, 4.71158324,\n        4.3210174 ],\n       [7.56715332, 1.46391235, 7.49367314, 1.45706571, 4.71158324,\n        4.3210174 ]]), array([0.11256486, 0.11256486, 0.11256486, 0.11256486, 0.11256486,\n       0.11256486, 0.11256486]))", "callback": [0.8883257087905966, 0.64689518404824, 0.5089982086415813, 0.3969097485621512, 0.37704615112250817, 0.29978459664760526, 0.14269937522292642, 0.1298517274844827, 0.12265957544303796, 0.1214923278911395, 0.12056089653885427, 0.120181875970099, 0.11975531167168418, 0.11857645253585258, 0.1182944918781037, 0.11790086803362565, 0.11766975613457664, 0.11718476539417932, 0.11690100588530628, 0.11686895774967487, 0.11662834157213697, 0.11620520919863164, 0.11587558497520789, 0.11401131048183533, 0.11356749951907341, 0.11322491202983698, 0.11288688611932429, 0.11265468615995389, 0.11260647924642297, 0.1125782851354109, 0.11257007013169984, 0.11256648625809751, 0.11256530518915575, 0.11256495689897217, 0.11256488525274844, 0.11256486716002156, 0.11256486455369119, 0.11256486372556163, 0.11256486360132778, 0.11256486358921824, 0.1125648635793226, 0.11256486357801487, 0.11256486357790019, 0.11256486357779183, 0.11256486357777895, 0.11256486357777629, 0.1125648635777754, 0.11256486357777529, 0.11256486357777518, 0.11256486357777518]}}, "bfgs": {"type": "gradient", "0": {"maxiter": 100, "gtol": 1e-05, "xrtol": 1e-05, "eps": 1e-05, "duration": 0.04964709281921387, "fun": "0.11256486380999275", "jac": "[ 6.61634081e-06 -7.40696393e-07 -1.68192127e-06  9.70370451e-06\n -2.70223843e-06 -6.27198293e-06]", "hess_inv": "[[ 2.46236132  0.01035795 -0.42082416 -0.52167913  0.60534289 -0.023935  ]\n [ 0.01035795  3.2956749  -1.20000024 -0.69909756 -0.66248495  0.60475737]\n [-0.42082416 -1.20000024  7.5176273   0.79251107  0.46878598 -2.98684092]\n [-0.52167913 -0.69909756  0.79251107  2.52029499  0.59818727  0.02594767]\n [ 0.60534289 -0.66248495  0.46878598  0.59818727  4.18932515  0.03973414]\n [-0.023935    0.60475737 -2.98684092  0.02594767  0.03973414  3.62539829]]", "nfev": "182", "njev": "26", "status": "0", "success": "True", "message": "Optimization terminated successfully.", "x": "[4.99922603 4.60548975 4.35209358 1.4570842  4.71157295 4.32098877]", "nit": "19", "callback": [0.4960037951336169, 0.4841604143281125, 0.3874766650740149, 0.30655738042899516, 0.24310877188870073, 0.15180336733245758, 0.12414994186241768, 0.11910537272137245, 0.11631924938794103, 0.11466270473912799, 0.11347151190120297, 0.11299202267495068, 0.1126785646414985, 0.11258035852918713, 0.11256656437409474, 0.11256533986173034, 0.11256497756899875, 0.11256487164939699, 0.11256486380999275]}, "1": {"maxiter": 100, "gtol": 1e-05, "xrtol": 1e-05, "eps": 1e-10, "duration": 0.04811215400695801, "fun": "0.11256486361281959", "jac": "[0.00000000e+00 0.00000000e+00 1.11022293e-06 0.00000000e+00\n 1.11022293e-06 5.55111466e-06]", "hess_inv": "[[ 2.45712946 -0.07175476 -0.24826231 -0.37764553  0.52986889 -0.27528285]\n [-0.07175476  3.28558432 -1.28311509 -0.74217428 -0.75335289  0.72639482]\n [-0.24826231 -1.28311509  7.7983158   1.02396912  0.6223583  -3.34661189]\n [-0.37764553 -0.74217428  1.02396912  2.68075023  0.73293323 -0.28763702]\n [ 0.52986889 -0.75335289  0.6223583   0.73293323  4.0574337  -0.17203232]\n [-0.27528285  0.72639482 -3.34661189 -0.28763702 -0.17203232  4.07991006]]", "nfev": "189", "njev": "27", "status": "0", "success": "True", "message": "Optimization terminated successfully.", "x": "[4.99921877 4.60550632 4.35206682 1.45706096 4.71157815 4.32103211]", "nit": "20", "callback": [0.4960059839722035, 0.4841623686055062, 0.3874761811300893, 0.30655589812325823, 0.24310739683893512, 0.15179866390387442, 0.12414837333426232, 0.11910447356800447, 0.11631911630135627, 0.11466256519239959, 0.11347156665203606, 0.11299208614520584, 0.11267853824575669, 0.11258036796319992, 0.11256656260370446, 0.1125653426609643, 0.11256497899272466, 0.1125648731145894, 0.11256486381161424, 0.11256486361281959]}, "2": {"maxiter": 100, "gtol": 1e-05, "xrtol": 1e-10, "eps": 1e-05, "duration": 0.05949711799621582, "fun": "0.11256486380999275", "jac": "[ 6.61634081e-06 -7.40696393e-07 -1.68192127e-06  9.70370451e-06\n -2.70223843e-06 -6.27198293e-06]", "hess_inv": "[[ 2.46236132  0.01035795 -0.42082416 -0.52167913  0.60534289 -0.023935  ]\n [ 0.01035795  3.2956749  -1.20000024 -0.69909756 -0.66248495  0.60475737]\n [-0.42082416 -1.20000024  7.5176273   0.79251107  0.46878598 -2.98684092]\n [-0.52167913 -0.69909756  0.79251107  2.52029499  0.59818727  0.02594767]\n [ 0.60534289 -0.66248495  0.46878598  0.59818727  4.18932515  0.03973414]\n [-0.023935    0.60475737 -2.98684092  0.02594767  0.03973414  3.62539829]]", "nfev": "182", "njev": "26", "status": "0", "success": "True", "message": "Optimization terminated successfully.", "x": "[4.99922603 4.60548975 4.35209358 1.4570842  4.71157295 4.32098877]", "nit": "19", "callback": [0.4960037951336169, 0.4841604143281125, 0.3874766650740149, 0.30655738042899516, 0.24310877188870073, 0.15180336733245758, 0.12414994186241768, 0.11910537272137245, 0.11631924938794103, 0.11466270473912799, 0.11347151190120297, 0.11299202267495068, 0.1126785646414985, 0.11258035852918713, 0.11256656437409474, 0.11256533986173034, 0.11256497756899875, 0.11256487164939699, 0.11256486380999275]}, "3": {"maxiter": 100, "gtol": 1e-05, "xrtol": 1e-10, "eps": 1e-10, "duration": 0.046157121658325195, "fun": "0.11256486361281959", "jac": "[0.00000000e+00 0.00000000e+00 1.11022293e-06 0.00000000e+00\n 1.11022293e-06 5.55111466e-06]", "hess_inv": "[[ 2.45712946 -0.07175476 -0.24826231 -0.37764553  0.52986889 -0.27528285]\n [-0.07175476  3.28558432 -1.28311509 -0.74217428 -0.75335289  0.72639482]\n [-0.24826231 -1.28311509  7.7983158   1.02396912  0.6223583  -3.34661189]\n [-0.37764553 -0.74217428  1.02396912  2.68075023  0.73293323 -0.28763702]\n [ 0.52986889 -0.75335289  0.6223583   0.73293323  4.0574337  -0.17203232]\n [-0.27528285  0.72639482 -3.34661189 -0.28763702 -0.17203232  4.07991006]]", "nfev": "189", "njev": "27", "status": "0", "success": "True", "message": "Optimization terminated successfully.", "x": "[4.99921877 4.60550632 4.35206682 1.45706096 4.71157815 4.32103211]", "nit": "20", "callback": [0.4960059839722035, 0.4841623686055062, 0.3874761811300893, 0.30655589812325823, 0.24310739683893512, 0.15179866390387442, 0.12414837333426232, 0.11910447356800447, 0.11631911630135627, 0.11466256519239959, 0.11347156665203606, 0.11299208614520584, 0.11267853824575669, 0.11258036796319992, 0.11256656260370446, 0.1125653426609643, 0.11256497899272466, 0.1125648731145894, 0.11256486381161424, 0.11256486361281959]}, "4": {"maxiter": 100, "gtol": 1e-10, "xrtol": 1e-05, "eps": 1e-05, "duration": 0.05210590362548828, "fun": "0.11256486360610884", "jac": "[ 1.37390099e-07 -3.33322259e-07 -1.47293289e-07  6.73638922e-07\n -5.92781380e-07 -1.78856929e-07]", "hess_inv": "[[ 2.54362212 -0.06594802 -0.33708114 -0.37169387  0.58164878 -0.16895699]\n [-0.06594802  3.29661679 -1.2631759  -0.74797023 -0.74503778  0.69187677]\n [-0.33708114 -1.2631759   7.60054775  0.92696899  0.46728332 -3.12556575]\n [-0.37169387 -0.74797023  0.92696899  2.67751397  0.69076035 -0.17791589]\n [ 0.58164878 -0.74503778  0.46728332  0.69076035  4.04090524  0.00930743]\n [-0.16895699  0.69187677 -3.12556575 -0.17791589  0.00930743  3.85017355]]", "nfev": "189", "njev": "27", "status": "0", "success": "True", "message": "Optimization terminated successfully.", "x": "[4.99921271 4.60550008 4.35208032 1.45706243 4.71157361 4.32101104]", "nit": "20", "callback": [0.4960037951336169, 0.4841604143281125, 0.3874766650740149, 0.30655738042899516, 0.24310877188870073, 0.15180336733245758, 0.12414994186241768, 0.11910537272137245, 0.11631924938794103, 0.11466270473912799, 0.11347151190120297, 0.11299202267495068, 0.1126785646414985, 0.11258035852918713, 0.11256656437409474, 0.11256533986173034, 0.11256497756899875, 0.11256487164939699, 0.11256486380999275, 0.11256486360610884]}, "5": {"maxiter": 100, "gtol": 1e-10, "xrtol": 1e-05, "eps": 1e-10, "duration": 0.04561591148376465, "fun": "0.11256486361281959", "jac": "[0.00000000e+00 0.00000000e+00 1.11022293e-06 0.00000000e+00\n 1.11022293e-06 5.55111466e-06]", "hess_inv": "[[ 2.45712946 -0.07175476 -0.24826231 -0.37764553  0.52986889 -0.27528285]\n [-0.07175476  3.28558432 -1.28311509 -0.74217428 -0.75335289  0.72639482]\n [-0.24826231 -1.28311509  7.7983158   1.02396912  0.6223583  -3.34661189]\n [-0.37764553 -0.74217428  1.02396912  2.68075023  0.73293323 -0.28763702]\n [ 0.52986889 -0.75335289  0.6223583   0.73293323  4.0574337  -0.17203232]\n [-0.27528285  0.72639482 -3.34661189 -0.28763702 -0.17203232  4.07991006]]", "nfev": "189", "njev": "27", "status": "0", "success": "True", "message": "Optimization terminated successfully.", "x": "[4.99921877 4.60550632 4.35206682 1.45706096 4.71157815 4.32103211]", "nit": "20", "callback": [0.4960059839722035, 0.4841623686055062, 0.3874761811300893, 0.30655589812325823, 0.24310739683893512, 0.15179866390387442, 0.12414837333426232, 0.11910447356800447, 0.11631911630135627, 0.11466256519239959, 0.11347156665203606, 0.11299208614520584, 0.11267853824575669, 0.11258036796319992, 0.11256656260370446, 0.1125653426609643, 0.11256497899272466, 0.1125648731145894, 0.11256486381161424, 0.11256486361281959]}, "6": {"maxiter": 100, "gtol": 1e-10, "xrtol": 1e-10, "eps": 1e-05, "duration": 0.057929039001464844, "fun": "0.11256486360180873", "jac": "[ 1.11022302e-11  1.11022302e-11 -1.11022302e-11  6.66133815e-11\n  4.44089210e-11  5.55111512e-11]", "hess_inv": "[[ 2.54822786 -0.05078919 -0.32443028 -0.41346533  0.59093277 -0.17209579]\n [-0.05078919  3.34975259 -1.25539914 -0.83256573 -0.66901126  0.70556025]\n [-0.32443028 -1.25539914  7.61757528  0.90509325  0.47827484 -3.14054745]\n [-0.41346533 -0.83256573  0.90509325  2.79678622  0.54750985 -0.18255639]\n [ 0.59093277 -0.66901126  0.47827484  0.54750985  4.12594658  0.036637  ]\n [-0.17209579  0.70556025 -3.14054745 -0.18255639  0.036637    3.86926706]]", "nfev": "210", "njev": "30", "status": "0", "success": "True", "message": "Optimization terminated successfully.", "x": "[4.99921287 4.60550133 4.35208015 1.45706075 4.71157548 4.32101172]", "nit": "23", "callback": [0.4960037951336169, 0.4841604143281125, 0.3874766650740149, 0.30655738042899516, 0.24310877188870073, 0.15180336733245758, 0.12414994186241768, 0.11910537272137245, 0.11631924938794103, 0.11466270473912799, 0.11347151190120297, 0.11299202267495068, 0.1126785646414985, 0.11258035852918713, 0.11256656437409474, 0.11256533986173034, 0.11256497756899875, 0.11256487164939699, 0.11256486380999275, 0.11256486360610884, 0.11256486360201612, 0.11256486360180884, 0.11256486360180873]}, "7": {"maxiter": 100, "gtol": 1e-10, "xrtol": 1e-10, "eps": 1e-10, "duration": 0.06412291526794434, "fun": "0.11256486359311735", "jac": "[ 2.22044587e-06 -1.11022293e-06  0.00000000e+00 -2.22044587e-06\n -2.22044587e-06  0.00000000e+00]", "hess_inv": "[[ 7.70065651  4.78543023  3.2671496   1.54269336 -0.95737145 -4.06902531]\n [ 4.78543023  3.30253252  2.2587846   1.06814863 -0.79843631 -2.35130075]\n [ 3.2671496   2.2587846   1.75760558  0.55097874 -0.79678632 -1.34881622]\n [ 1.54269336  1.06814863  0.55097874  0.55946606 -0.02149412 -1.04364239]\n [-0.95737145 -0.79843631 -0.79678632 -0.02149412  0.55177968  0.06573613]\n [-4.06902531 -2.35130075 -1.34881622 -1.04364239  0.06573613  2.63690932]]", "nfev": "273", "njev": "39", "status": "0", "success": "True", "message": "Optimization terminated successfully.", "x": "[4.99921958 4.60550514 4.35207393 1.45706002 4.71157488 4.32101794]", "nit": "26", "callback": [0.4960059839722035, 0.4841623686055062, 0.3874761811300893, 0.30655589812325823, 0.24310739683893512, 0.15179866390387442, 0.12414837333426232, 0.11910447356800447, 0.11631911630135627, 0.11466256519239959, 0.11347156665203606, 0.11299208614520584, 0.11267853824575669, 0.11258036796319992, 0.11256656260370446, 0.1125653426609643, 0.11256497899272466, 0.1125648731145894, 0.11256486381161424, 0.11256486361281959, 0.11256486359322504, 0.1125648635931733, 0.11256486359314644, 0.11256486359312445, 0.11256486359311746, 0.11256486359311735]}, "8": {"maxiter": 500, "gtol": 1e-05, "xrtol": 1e-05, "eps": 1e-05, "duration": 0.06068229675292969, "fun": "0.11256486380999275", "jac": "[ 6.61634081e-06 -7.40696393e-07 -1.68192127e-06  9.70370451e-06\n -2.70223843e-06 -6.27198293e-06]", "hess_inv": "[[ 2.46236132  0.01035795 -0.42082416 -0.52167913  0.60534289 -0.023935  ]\n [ 0.01035795  3.2956749  -1.20000024 -0.69909756 -0.66248495  0.60475737]\n [-0.42082416 -1.20000024  7.5176273   0.79251107  0.46878598 -2.98684092]\n [-0.52167913 -0.69909756  0.79251107  2.52029499  0.59818727  0.02594767]\n [ 0.60534289 -0.66248495  0.46878598  0.59818727  4.18932515  0.03973414]\n [-0.023935    0.60475737 -2.98684092  0.02594767  0.03973414  3.62539829]]", "nfev": "182", "njev": "26", "status": "0", "success": "True", "message": "Optimization terminated successfully.", "x": "[4.99922603 4.60548975 4.35209358 1.4570842  4.71157295 4.32098877]", "nit": "19", "callback": [0.4960037951336169, 0.4841604143281125, 0.3874766650740149, 0.30655738042899516, 0.24310877188870073, 0.15180336733245758, 0.12414994186241768, 0.11910537272137245, 0.11631924938794103, 0.11466270473912799, 0.11347151190120297, 0.11299202267495068, 0.1126785646414985, 0.11258035852918713, 0.11256656437409474, 0.11256533986173034, 0.11256497756899875, 0.11256487164939699, 0.11256486380999275]}, "9": {"maxiter": 500, "gtol": 1e-05, "xrtol": 1e-05, "eps": 1e-10, "duration": 0.047348976135253906, "fun": "0.11256486361281959", "jac": "[0.00000000e+00 0.00000000e+00 1.11022293e-06 0.00000000e+00\n 1.11022293e-06 5.55111466e-06]", "hess_inv": "[[ 2.45712946 -0.07175476 -0.24826231 -0.37764553  0.52986889 -0.27528285]\n [-0.07175476  3.28558432 -1.28311509 -0.74217428 -0.75335289  0.72639482]\n [-0.24826231 -1.28311509  7.7983158   1.02396912  0.6223583  -3.34661189]\n [-0.37764553 -0.74217428  1.02396912  2.68075023  0.73293323 -0.28763702]\n [ 0.52986889 -0.75335289  0.6223583   0.73293323  4.0574337  -0.17203232]\n [-0.27528285  0.72639482 -3.34661189 -0.28763702 -0.17203232  4.07991006]]", "nfev": "189", "njev": "27", "status": "0", "success": "True", "message": "Optimization terminated successfully.", "x": "[4.99921877 4.60550632 4.35206682 1.45706096 4.71157815 4.32103211]", "nit": "20", "callback": [0.4960059839722035, 0.4841623686055062, 0.3874761811300893, 0.30655589812325823, 0.24310739683893512, 0.15179866390387442, 0.12414837333426232, 0.11910447356800447, 0.11631911630135627, 0.11466256519239959, 0.11347156665203606, 0.11299208614520584, 0.11267853824575669, 0.11258036796319992, 0.11256656260370446, 0.1125653426609643, 0.11256497899272466, 0.1125648731145894, 0.11256486381161424, 0.11256486361281959]}, "10": {"maxiter": 500, "gtol": 1e-05, "xrtol": 1e-10, "eps": 1e-05, "duration": 0.04577898979187012, "fun": "0.11256486380999275", "jac": "[ 6.61634081e-06 -7.40696393e-07 -1.68192127e-06  9.70370451e-06\n -2.70223843e-06 -6.27198293e-06]", "hess_inv": "[[ 2.46236132  0.01035795 -0.42082416 -0.52167913  0.60534289 -0.023935  ]\n [ 0.01035795  3.2956749  -1.20000024 -0.69909756 -0.66248495  0.60475737]\n [-0.42082416 -1.20000024  7.5176273   0.79251107  0.46878598 -2.98684092]\n [-0.52167913 -0.69909756  0.79251107  2.52029499  0.59818727  0.02594767]\n [ 0.60534289 -0.66248495  0.46878598  0.59818727  4.18932515  0.03973414]\n [-0.023935    0.60475737 -2.98684092  0.02594767  0.03973414  3.62539829]]", "nfev": "182", "njev": "26", "status": "0", "success": "True", "message": "Optimization terminated successfully.", "x": "[4.99922603 4.60548975 4.35209358 1.4570842  4.71157295 4.32098877]", "nit": "19", "callback": [0.4960037951336169, 0.4841604143281125, 0.3874766650740149, 0.30655738042899516, 0.24310877188870073, 0.15180336733245758, 0.12414994186241768, 0.11910537272137245, 0.11631924938794103, 0.11466270473912799, 0.11347151190120297, 0.11299202267495068, 0.1126785646414985, 0.11258035852918713, 0.11256656437409474, 0.11256533986173034, 0.11256497756899875, 0.11256487164939699, 0.11256486380999275]}, "11": {"maxiter": 500, "gtol": 1e-05, "xrtol": 1e-10, "eps": 1e-10, "duration": 0.05179595947265625, "fun": "0.11256486361281959", "jac": "[0.00000000e+00 0.00000000e+00 1.11022293e-06 0.00000000e+00\n 1.11022293e-06 5.55111466e-06]", "hess_inv": "[[ 2.45712946 -0.07175476 -0.24826231 -0.37764553  0.52986889 -0.27528285]\n [-0.07175476  3.28558432 -1.28311509 -0.74217428 -0.75335289  0.72639482]\n [-0.24826231 -1.28311509  7.7983158   1.02396912  0.6223583  -3.34661189]\n [-0.37764553 -0.74217428  1.02396912  2.68075023  0.73293323 -0.28763702]\n [ 0.52986889 -0.75335289  0.6223583   0.73293323  4.0574337  -0.17203232]\n [-0.27528285  0.72639482 -3.34661189 -0.28763702 -0.17203232  4.07991006]]", "nfev": "189", "njev": "27", "status": "0", "success": "True", "message": "Optimization terminated successfully.", "x": "[4.99921877 4.60550632 4.35206682 1.45706096 4.71157815 4.32103211]", "nit": "20", "callback": [0.4960059839722035, 0.4841623686055062, 0.3874761811300893, 0.30655589812325823, 0.24310739683893512, 0.15179866390387442, 0.12414837333426232, 0.11910447356800447, 0.11631911630135627, 0.11466256519239959, 0.11347156665203606, 0.11299208614520584, 0.11267853824575669, 0.11258036796319992, 0.11256656260370446, 0.1125653426609643, 0.11256497899272466, 0.1125648731145894, 0.11256486381161424, 0.11256486361281959]}, "12": {"maxiter": 500, "gtol": 1e-10, "xrtol": 1e-05, "eps": 1e-05, "duration": 0.04910731315612793, "fun": "0.11256486360610884", "jac": "[ 1.37390099e-07 -3.33322259e-07 -1.47293289e-07  6.73638922e-07\n -5.92781380e-07 -1.78856929e-07]", "hess_inv": "[[ 2.54362212 -0.06594802 -0.33708114 -0.37169387  0.58164878 -0.16895699]\n [-0.06594802  3.29661679 -1.2631759  -0.74797023 -0.74503778  0.69187677]\n [-0.33708114 -1.2631759   7.60054775  0.92696899  0.46728332 -3.12556575]\n [-0.37169387 -0.74797023  0.92696899  2.67751397  0.69076035 -0.17791589]\n [ 0.58164878 -0.74503778  0.46728332  0.69076035  4.04090524  0.00930743]\n [-0.16895699  0.69187677 -3.12556575 -0.17791589  0.00930743  3.85017355]]", "nfev": "189", "njev": "27", "status": "0", "success": "True", "message": "Optimization terminated successfully.", "x": "[4.99921271 4.60550008 4.35208032 1.45706243 4.71157361 4.32101104]", "nit": "20", "callback": [0.4960037951336169, 0.4841604143281125, 0.3874766650740149, 0.3065573