{"date": "2024/09/24/, 04:31:44", "conf_id": 260, "data_type": "var_s_rank\n", "num_data_points": 2, "s_rank": 0, "unitary": "[[-0.45070455-0.02711853j,0.78437395-0.06613086j,0.06358678+0.19963393j,-0.07343613+0.35668523j],[-0.01890143-0.03813363j,0.32408202+0.25557629j,0.05872864-0.68979805j,0.55466693-0.20227297j],[-0.11215405+0.64023111j,-0.13344055+0.29565494j,-0.49012687-0.19046288j,-0.04241254+0.44046348j],[0.55771659+0.24656916j,0.31851997-0.05798805j,0.28761525-0.34294258j,-0.56718418+0.03616933j]]", "databatch_0": {"databatch": "[[[0.11067842-0.23369059j,0.29543997+0.05163451j,-0.40118674-0.12629645j,0.01409141+0.16147315j],[-0.09237282+0.10788091j,-0.14912507-0.0699903j,0.19439578+0.12481593j,0.01582896-0.08760926j],[0.04025872-0.28018594j,0.3256953-0.04144857j,-0.46042296-0.00247708j,0.06690993+0.16433834j],[-0.10694303-0.08449051j,0.06146662-0.14564406j,-0.11232417+0.19112937j,0.0846067+0.01186113j]],[[-0.28443653-0.24598507j,-0.15779924-0.05559217j,0.31622179-0.39786681j,-0.17587857-0.13817764j],[-0.30383503-0.02256301j,-0.12948774+0.04008197j,0.01344165-0.41154138j,-0.1811459-0.0048952j],[0.14161285-0.11060425j,0.04064941-0.06883732j,0.15728752+0.18502597j,0.08103695-0.06967834j],[0.15272427+0.07850801j,0.07601377+0.00766612j,-0.09745346+0.2106272j,0.09293516+0.0423655j]]]", "initial param values": "[0.57980584,3.85456953,1.08303641,5.76394093,1.59153573,2.60694604]", "nelder_mead": {"type": "gradient-free", "0": {"maxiter": 100, "fatol": 1e-05, "xatol": 1e-05, "duration": 0.037445783615112305, "fun": "0.38942503795794914", "nit": "100", "nfev": "156", "status": "2", "success": "False", "message": "Maximum number of iterations has been exceeded.", "x": "[ 0.75452878  6.91758155 -0.28067741  3.57296095  1.2215978   2.64457892]", "final_simplex": "(array([[ 7.54528781e-01,  6.91758155e+00, -2.80677408e-01,\n         3.57296095e+00,  1.22159780e+00,  2.64457892e+00],\n       [ 7.33029976e-01,  6.96283430e+00, -2.72253612e-01,\n         3.62675063e+00,  1.15525950e+00,  2.52361155e+00],\n       [ 7.59348704e-01,  6.81311029e+00, -2.54219155e-01,\n         3.47159864e+00,  1.23760309e+00,  2.61185741e+00],\n       [ 7.06979157e-01,  7.08366782e+00, -1.46143052e-01,\n         3.56430182e+00,  1.26095410e+00,  2.63200120e+00],\n       [ 7.22550932e-01,  6.54399223e+00,  5.10017000e-02,\n         3.62753914e+00,  1.33060076e+00,  2.56208502e+00],\n       [ 7.45035463e-01,  6.58576659e+00, -4.55596146e-03,\n         3.39064353e+00,  1.31307135e+00,  2.58816636e+00],\n       [ 7.54638087e-01,  7.08988144e+00, -2.63310554e-01,\n         3.55009623e+00,  1.25286013e+00,  2.53499594e+00]]), array([0.38942504, 0.39139208, 0.39235772, 0.39261495, 0.39541077,\n       0.39627934, 0.39700694]))", "callback": [0.5284716213223365, 0.5053519320686026, 0.4670524338831995, 0.4661352394551702, 0.46270090417378884, 0.44759779272965683, 0.4140996125767453, 0.4088282764294534, 0.3954107716429016]}, "1": {"maxiter": 100, "fatol": 1e-05, "xatol": 1e-10, "duration": 0.03526782989501953, "fun": "0.38942503795794914", "nit": "100", "nfev": "156", "status": "2", "success": "False", "message": "Maximum number of iterations has been exceeded.", "x": "[ 0.75452878  6.91758155 -0.28067741  3.57296095  1.2215978   2.64457892]", "final_simplex": "(array([[ 7.54528781e-01,  6.91758155e+00, -2.80677408e-01,\n         3.57296095e+00,  1.22159780e+00,  2.64457892e+00],\n       [ 7.33029976e-01,  6.96283430e+00, -2.72253612e-01,\n         3.62675063e+00,  1.15525950e+00,  2.52361155e+00],\n       [ 7.59348704e-01,  6.81311029e+00, -2.54219155e-01,\n         3.47159864e+00,  1.23760309e+00,  2.61185741e+00],\n       [ 7.06979157e-01,  7.08366782e+00, -1.46143052e-01,\n         3.56430182e+00,  1.26095410e+00,  2.63200120e+00],\n       [ 7.22550932e-01,  6.54399223e+00,  5.10017000e-02,\n         3.62753914e+00,  1.33060076e+00,  2.56208502e+00],\n       [ 7.45035463e-01,  6.58576659e+00, -4.55596146e-03,\n         3.39064353e+00,  1.31307135e+00,  2.58816636e+00],\n       [ 7.54638087e-01,  7.08988144e+00, -2.63310554e-01,\n         3.55009623e+00,  1.25286013e+00,  2.53499594e+00]]), array([0.38942504, 0.39139208, 0.39235772, 0.39261495, 0.39541077,\n       0.39627934, 0.39700694]))", "callback": [0.5284716213223365, 0.5053519320686026, 0.4670524338831995, 0.4661352394551702, 0.46270090417378884, 0.44759779272965683, 0.4140996125767453, 0.4088282764294534, 0.3954107716429016]}, "2": {"maxiter": 100, "fatol": 1e-10, "xatol": 1e-05, "duration": 0.035624027252197266, "fun": "0.38942503795794914", "nit": "100", "nfev": "156", "status": "2", "success": "False", "message": "Maximum number of iterations has been exceeded.", "x": "[ 0.75452878  6.91758155 -0.28067741  3.57296095  1.2215978   2.64457892]", "final_simplex": "(array([[ 7.54528781e-01,  6.91758155e+00, -2.80677408e-01,\n         3.57296095e+00,  1.22159780e+00,  2.64457892e+00],\n       [ 7.33029976e-01,  6.96283430e+00, -2.72253612e-01,\n         3.62675063e+00,  1.15525950e+00,  2.52361155e+00],\n       [ 7.59348704e-01,  6.81311029e+00, -2.54219155e-01,\n         3.47159864e+00,  1.23760309e+00,  2.61185741e+00],\n       [ 7.06979157e-01,  7.08366782e+00, -1.46143052e-01,\n         3.56430182e+00,  1.26095410e+00,  2.63200120e+00],\n       [ 7.22550932e-01,  6.54399223e+00,  5.10017000e-02,\n         3.62753914e+00,  1.33060076e+00,  2.56208502e+00],\n       [ 7.45035463e-01,  6.58576659e+00, -4.55596146e-03,\n         3.39064353e+00,  1.31307135e+00,  2.58816636e+00],\n       [ 7.54638087e-01,  7.08988144e+00, -2.63310554e-01,\n         3.55009623e+00,  1.25286013e+00,  2.53499594e+00]]), array([0.38942504, 0.39139208, 0.39235772, 0.39261495, 0.39541077,\n       0.39627934, 0.39700694]))", "callback": [0.5284716213223365, 0.5053519320686026, 0.4670524338831995, 0.4661352394551702, 0.46270090417378884, 0.44759779272965683, 0.4140996125767453, 0.4088282764294534, 0.3954107716429016]}, "3": {"maxiter": 100, "fatol": 1e-10, "xatol": 1e-10, "duration": 0.03519272804260254, "fun": "0.38942503795794914", "nit": "100", "nfev": "156", "status": "2", "success": "False", "message": "Maximum number of iterations has been exceeded.", "x": "[ 0.75452878  6.91758155 -0.28067741  3.57296095  1.2215978   2.64457892]", "final_simplex": "(array([[ 7.54528781e-01,  6.91758155e+00, -2.80677408e-01,\n         3.57296095e+00,  1.22159780e+00,  2.64457892e+00],\n       [ 7.33029976e-01,  6.96283430e+00, -2.72253612e-01,\n         3.62675063e+00,  1.15525950e+00,  2.52361155e+00],\n       [ 7.59348704e-01,  6.81311029e+00, -2.54219155e-01,\n         3.47159864e+00,  1.23760309e+00,  2.61185741e+00],\n       [ 7.06979157e-01,  7.08366782e+00, -1.46143052e-01,\n         3.56430182e+00,  1.26095410e+00,  2.63200120e+00],\n       [ 7.22550932e-01,  6.54399223e+00,  5.10017000e-02,\n         3.62753914e+00,  1.33060076e+00,  2.56208502e+00],\n       [ 7.45035463e-01,  6.58576659e+00, -4.55596146e-03,\n         3.39064353e+00,  1.31307135e+00,  2.58816636e+00],\n       [ 7.54638087e-01,  7.08988144e+00, -2.63310554e-01,\n         3.55009623e+00,  1.25286013e+00,  2.53499594e+00]]), array([0.38942504, 0.39139208, 0.39235772, 0.39261495, 0.39541077,\n       0.39627934, 0.39700694]))", "callback": [0.5284716213223365, 0.5053519320686026, 0.4670524338831995, 0.4661352394551702, 0.46270090417378884, 0.44759779272965683, 0.4140996125767453, 0.4088282764294534, 0.3954107716429016]}, "4": {"maxiter": 500, "fatol": 1e-05, "xatol": 1e-05, "duration": 0.16385698318481445, "fun": "0.23437692392940268", "nit": "474", "nfev": "741", "status": "0", "success": "True", "message": "Optimization terminated successfully.", "x": "[ 1.3679525   8.17939784  0.27020566  5.23996069 -0.03541012  2.12858396]", "final_simplex": "(array([[ 1.3679525 ,  8.17939784,  0.27020566,  5.23996069, -0.03541012,\n         2.12858396],\n       [ 1.36795712,  8.17938965,  0.27020854,  5.23995773, -0.03541279,\n         2.12859071],\n       [ 1.36795637,  8.17939947,  0.27019989,  5.23995673, -0.03540448,\n         2.1285834 ],\n       [ 1.36795855,  8.17939879,  0.27020409,  5.23996562, -0.03541086,\n         2.12858051],\n       [ 1.36795707,  8.17939576,  0.27020048,  5.23996118, -0.03540528,\n         2.12858448],\n       [ 1.36795304,  8.17940294,  0.27020705,  5.23996234, -0.03540511,\n         2.12858368],\n       [ 1.3679541 ,  8.17939116,  0.27021229,  5.23995251, -0.03540797,\n         2.12858417]]), array([0.23437692, 0.23437692, 0.23437692, 0.23437692, 0.23437692,\n       0.23437692, 0.23437692]))", "callback": [0.5284716213223365, 0.5053519320686026, 0.4670524338831995, 0.4661352394551702, 0.46270090417378884, 0.44759779272965683, 0.4140996125767453, 0.4088282764294534, 0.3954107716429016, 0.38942503795794914, 0.3880003509325991, 0.3870142998990287, 0.38554717863880306, 0.3811360208291037, 0.3565056219267896, 0.3467555618357101, 0.3353422657973044, 0.3259960383615368, 0.3210216186898335, 0.316463699865872, 0.30777279986745176, 0.2987433840233191, 0.2877149023201422, 0.2522718689628831, 0.23682799125164955, 0.23613324953821668, 0.2353507122218501, 0.234901401397555, 0.23478286995505027, 0.23472033752294907, 0.23469552680541228, 0.234677903113665, 0.23461871177809335, 0.23446930523836973, 0.23439200387735615, 0.23438105504858298, 0.23437782038726973, 0.23437703486761807, 0.234376953474968, 0.23437693387571001, 0.2343769271990631, 0.23437692484601036, 0.23437692428058754, 0.23437692406833488, 0.23437692397051424, 0.23437692394714094, 0.23437692394190013]}, "5": {"maxiter": 500, "fatol": 1e-05, "xatol": 1e-10, "duration": 0.17216110229492188, "fun": "0.23437692391456366", "nit": "500", "nfev": "778", "status": "2", "success": "False", "message": "Maximum number of iterations has been exceeded.", "x": "[ 1.36795128  8.17938683  0.27020082  5.23995802 -0.0354187   2.12858879]", "final_simplex": "(array([[ 1.36795128,  8.17938683,  0.27020082,  5.23995802, -0.0354187 ,\n         2.12858879],\n       [ 1.36795031,  8.17939139,  0.2701975 ,  5.2399602 , -0.03541655,\n         2.12858695],\n       [ 1.36795055,  8.17939208,  0.27020152,  5.23996173, -0.03541537,\n         2.12858598],\n       [ 1.36794821,  8.17939429,  0.2701989 ,  5.23995753, -0.0354124 ,\n         2.12858422],\n       [ 1.36795097,  8.1793887 ,  0.27020143,  5.23996083, -0.03542158,\n         2.12858613],\n       [ 1.3679485 ,  8.17938853,  0.27020036,  5.2399577 , -0.0354189 ,\n         2.12859146],\n       [ 1.36795187,  8.17939226,  0.27020019,  5.23996072, -0.03541839,\n         2.1285874 ]]), array([0.23437692, 0.23437692, 0.23437692, 0.23437692, 0.23437692,\n       0.23437692, 0.23437692]))", "callback": [0.5284716213223365, 0.5053519320686026, 0.4670524338831995, 0.4661352394551702, 0.46270090417378884, 0.44759779272965683, 0.4140996125767453, 0.4088282764294534, 0.3954107716429016, 0.38942503795794914, 0.3880003509325991, 0.3870142998990287, 0.38554717863880306, 0.3811360208291037, 0.3565056219267896, 0.3467555618357101, 0.3353422657973044, 0.3259960383615368, 0.3210216186898335, 0.316463699865872, 0.30777279986745176, 0.2987433840233191, 0.2877149023201422, 0.2522718689628831, 0.23682799125164955, 0.23613324953821668, 0.2353507122218501, 0.234901401397555, 0.23478286995505027, 0.23472033752294907, 0.23469552680541228, 0.234677903113665, 0.23461871177809335, 0.23446930523836973, 0.23439200387735615, 0.23438105504858298, 0.23437782038726973, 0.23437703486761807, 0.234376953474968, 0.23437693387571001, 0.2343769271990631, 0.23437692484601036, 0.23437692428058754, 0.23437692406833488, 0.23437692397051424, 0.23437692394714094, 0.23437692394190013, 0.23437692392427834, 0.2343769239157385]}, "6": {"maxiter": 500, "fatol": 1e-10, "xatol": 1e-05, "duration": 0.17251992225646973, "fun": "0.23437692392940268", "nit": "474", "nfev": "741", "status": "0", "success": "True", "message": "Optimization terminated successfully.", "x": "[ 1.3679525   8.17939784  0.27020566  5.23996069 -0.03541012  2.12858396]", "final_simplex": "(array([[ 1.3679525 ,  8.17939784,  0.27020566,  5.23996069, -0.03541012,\n         2.12858396],\n       [ 1.36795712,  8.17938965,  0.27020854,  5.23995773, -0.03541279,\n         2.12859071],\n       [ 1.36795637,  8.17939947,  0.27019989,  5.23995673, -0.03540448,\n         2.1285834 ],\n       [ 1.36795855,  8.17939879,  0.27020409,  5.23996562, -0.03541086,\n         2.12858051],\n       [ 1.36795707,  8.17939576,  0.27020048,  5.23996118, -0.03540528,\n         2.12858448],\n       [ 1.36795304,  8.17940294,  0.27020705,  5.23996234, -0.03540511,\n         2.12858368],\n       [ 1.3679541 ,  8.17939116,  0.27021229,  5.23995251, -0.03540797,\n         2.12858417]]), array([0.23437692, 0.23437692, 0.23437692, 0.23437692, 0.23437692,\n       0.23437692, 0.23437692]))", "callback": [0.5284716213223365, 0.5053519320686026, 0.4670524338831995, 0.4661352394551702, 0.46270090417378884, 0.44759779272965683, 0.4140996125767453, 0.4088282764294534, 0.3954107716429016, 0.38942503795794914, 0.3880003509325991, 0.3870142998990287, 0.38554717863880306, 0.3811360208291037, 0.3565056219267896, 0.3467555618357101, 0.3353422657973044, 0.3259960383615368, 0.3210216186898335, 0.316463699865872, 0.30777279986745176, 0.2987433840233191, 0.2877149023201422, 0.2522718689628831, 0.23682799125164955, 0.23613324953821668, 0.2353507122218501, 0.234901401397555, 0.23478286995505027, 0.23472033752294907, 0.23469552680541228, 0.234677903113665, 0.23461871177809335, 0.23446930523836973, 0.23439200387735615, 0.23438105504858298, 0.23437782038726973, 0.23437703486761807, 0.234376953474968, 0.23437693387571001, 0.2343769271990631, 0.23437692484601036, 0.23437692428058754, 0.23437692406833488, 0.23437692397051424, 0.23437692394714094, 0.23437692394190013]}, "7": {"maxiter": 500, "fatol": 1e-10, "xatol": 1e-10, "duration": 0.18178510665893555, "fun": "0.23437692391456366", "nit": "500", "nfev": "778", "status": "2", "success": "False", "message": "Maximum number of iterations has been exceeded.", "x": "[ 1.36795128  8.17938683  0.27020082  5.23995802 -0.0354187   2.12858879]", "final_simplex": "(array([[ 1.36795128,  8.17938683,  0.27020082,  5.23995802, -0.0354187 ,\n         2.12858879],\n       [ 1.36795031,  8.17939139,  0.2701975 ,  5.2399602 , -0.03541655,\n         2.12858695],\n       [ 1.36795055,  8.17939208,  0.27020152,  5.23996173, -0.03541537,\n         2.12858598],\n       [ 1.36794821,  8.17939429,  0.2701989 ,  5.23995753, -0.0354124 ,\n         2.12858422],\n       [ 1.36795097,  8.1793887 ,  0.27020143,  5.23996083, -0.03542158,\n         2.12858613],\n       [ 1.3679485 ,  8.17938853,  0.27020036,  5.2399577 , -0.0354189 ,\n         2.12859146],\n       [ 1.36795187,  8.17939226,  0.27020019,  5.23996072, -0.03541839,\n         2.1285874 ]]), array([0.23437692, 0.23437692, 0.23437692, 0.23437692, 0.23437692,\n       0.23437692, 0.23437692]))", "callback": [0.5284716213223365, 0.5053519320686026, 0.4670524338831995, 0.4661352394551702, 0.46270090417378884, 0.44759779272965683, 0.4140996125767453, 0.4088282764294534, 0.3954107716429016, 0.38942503795794914, 0.3880003509325991, 0.3870142998990287, 0.38554717863880306, 0.3811360208291037, 0.3565056219267896, 0.3467555618357101, 0.3353422657973044, 0.3259960383615368, 0.3210216186898335, 0.316463699865872, 0.30777279986745176, 0.2987433840233191, 0.2877149023201422, 0.2522718689628831, 0.23682799125164955, 0.23613324953821668, 0.2353507122218501, 0.234901401397555, 0.23478286995505027, 0.23472033752294907, 0.23469552680541228, 0.234677903113665, 0.23461871177809335, 0.23446930523836973, 0.23439200387735615, 0.23438105504858298, 0.23437782038726973, 0.23437703486761807, 0.234376953474968, 0.23437693387571001, 0.2343769271990631, 0.23437692484601036, 0.23437692428058754, 0.23437692406833488, 0.23437692397051424, 0.23437692394714094, 0.23437692394190013, 0.23437692392427834, 0.2343769239157385]}, "8": {"maxiter": 1000, "fatol": 1e-05, "xatol": 1e-05, "duration": 0.1643829345703125, "fun": "0.23437692392940268", "nit": "474", "nfev": "741", "status": "0", "success": "True", "message": "Optimization terminated successfully.", "x": "[ 1.3679525   8.17939784  0.27020566  5.23996069 -0.03541012  2.12858396]", "final_simplex": "(array([[ 1.3679525 ,  8.17939784,  0.27020566,  5.23996069, -0.03541012,\n         2.12858396],\n       [ 1.36795712,  8.17938965,  0.27020854,  5.23995773, -0.03541279,\n         2.12859071],\n       [ 1.36795637,  8.17939947,  0.27019989,  5.23995673, -0.03540448,\n         2.1285834 ],\n       [ 1.36795855,  8.17939879,  0.27020409,  5.23996562, -0.03541086,\n         2.12858051],\n       [ 1.36795707,  8.17939576,  0.27020048,  5.23996118, -0.03540528,\n         2.12858448],\n       [ 1.36795304,  8.17940294,  0.27020705,  5.23996234, -0.03540511,\n         2.12858368],\n       [ 1.3679541 ,  8.17939116,  0.27021229,  5.23995251, -0.03540797,\n         2.12858417]]), array([0.23437692, 0.23437692, 0.23437692, 0.23437692, 0.23437692,\n       0.23437692, 0.23437692]))", "callback": [0.5284716213223365, 0.5053519320686026, 0.4670524338831995, 0.4661352394551702, 0.46270090417378884, 0.44759779272965683, 0.4140996125767453, 0.4088282764294534, 0.3954107716429016, 0.38942503795794914, 0.3880003509325991, 0.3870142998990287, 0.38554717863880306, 0.3811360208291037, 0.3565056219267896, 0.3467555618357101, 0.3353422657973044, 0.3259960383615368, 0.3210216186898335, 0.316463699865872, 0.30777279986745176, 0.2987433840233191, 0.2877149023201422, 0.2522718689628831, 0.23682799125164955, 0.23613324953821668, 0.2353507122218501, 0.234901401397555, 0.23478286995505027, 0.23472033752294907, 0.23469552680541228, 0.234677903113665, 0.23461871177809335, 0.23446930523836973, 0.23439200387735615, 0.23438105504858298, 0.23437782038726973, 0.23437703486761807, 0.234376953474968, 0.23437693387571001, 0.2343769271990631, 0.23437692484601036, 0.23437692428058754, 0.23437692406833488, 0.23437692397051424, 0.23437692394714094, 0.23437692394190013]}, "9": {"maxiter": 1000, "fatol": 1e-05, "xatol": 1e-10, "duration": 0.28586292266845703, "fun": "0.23437692391242582", "nit": "591", "nfev": "993", "status": "0", "success": "True", "message": "Optimization terminated successfully.", "x": "[ 1.36794865  8.1793868   0.27020045  5.23995827 -0.03541623  2.12858609]", "final_simplex": "(array([[ 1.36794865,  8.1793868 ,  0.27020045,  5.23995827, -0.03541623,\n         2.12858609],\n       [ 1.36794865,  8.1793868 ,  0.27020045,  5.23995827, -0.03541623,\n         2.12858609],\n       [ 1.36794865,  8.1793868 ,  0.27020045,  5.23995827, -0.03541623,\n         2.12858609],\n       [ 1.36794865,  8.1793868 ,  0.27020045,  5.23995827, -0.03541623,\n         2.12858609],\n       [ 1.36794865,  8.1793868 ,  0.27020045,  5.23995827, -0.03541623,\n         2.12858609],\n       [ 1.36794865,  8.1793868 ,  0.27020045,  5.23995827, -0.03541623,\n         2.12858609],\n       [ 1.36794865,  8.1793868 ,  0.27020045,  5.23995827, -0.03541623,\n         2.12858609]]), array([0.23437692, 0.23437692, 0.23437692, 0.23437692, 0.23437692,\n       0.23437692, 0.23437692]))", "callback": [0.5284716213223365, 0.5053519320686026, 0.4670524338831995, 0.4661352394551702, 0.46270090417378884, 0.44759779272965683, 0.4140996125767453, 0.4088282764294534, 0.3954107716429016, 0.38942503795794914, 0.3880003509325991, 0.3870142998990287, 0.38554717863880306, 0.3811360208291037, 0.3565056219267896, 0.3467555618357101, 0.3353422657973044, 0.3259960383615368, 0.3210216186898335, 0.316463699865872, 0.30777279986745176, 0.2987433840233191, 0.2877149023201422, 0.2522718689628831, 0.23682799125164955, 0.23613324953821668, 0.2353507122218501, 0.234901401397555, 0.23478286995505027, 0.23472033752294907, 0.23469552680541228, 0.234677903113665, 0.23461871177809335, 0.23446930523836973, 0.23439200387735615, 0.23438105504858298, 0.23437782038726973, 0.23437703486761807, 0.234376953474968, 0.23437693387571001, 0.2343769271990631, 0.23437692484601036, 0.23437692428058754, 0.23437692406833488, 0.23437692397051424, 0.23437692394714094, 0.23437692394190013, 0.23437692392427834, 0.2343769239157385, 0.2343769239127601, 0.2343769239127601, 0.23437692391254483, 0.23437692391244613, 0.23437692391242892, 0.23437692391242693, 0.23437692391242604, 0.23437692391242582, 0.23437692391242582, 0.23437692391242582]}, "10": {"maxiter": 1000, "fatol": 1e-10, "xatol": 1e-05, "duration": 0.17603802680969238, "fun": "0.23437692392940268", "nit": "474", "nfev": "741", "status": "0", "success": "True", "message": "Optimization terminated successfully.", "x": "[ 1.3679525   8.17939784  0.27020566  5.23996069 -0.03541012  2.12858396]", "final_simplex": "(array([[ 1.3679525 ,  8.17939784,  0.27020566,  5.23996069, -0.03541012,\n         2.12858396],\n       [ 1.36795712,  8.17938965,  0.27020854,  5.23995773, -0.03541279,\n         2.12859071],\n       [ 1.36795637,  8.17939947,  0.27019989,  5.23995673, -0.03540448,\n         2.1285834 ],\n       [ 1.36795855,  8.17939879,  0.27020409,  5.23996562, -0.03541086,\n         2.12858051],\n       [ 1.36795707,  8.17939576,  0.27020048,  5.23996118, -0.03540528,\n         2.12858448],\n       [ 1.36795304,  8.17940294,  0.27020705,  5.23996234, -0.03540511,\n         2.12858368],\n       [ 1.3679541 ,  8.17939116,  0.27021229,  5.23995251, -0.03540797,\n         2.12858417]]), array([0.23437692, 0.23437692, 0.23437692, 0.23437692, 0.23437692,\n       0.23437692, 0.23437692]))", "callback": [0.5284716213223365, 0.5053519320686026, 0.4670524338831995, 0.4661352394551702, 0.46270090417378884, 0.44759779272965683, 0.4140996125767453, 0.4088282764294534, 0.3954107716429016, 0.38942503795794914, 0.3880003509325991, 0.3870142998990287, 0.38554717863880306, 0.3811360208291037, 0.3565056219267896, 0.3467555618357101, 0.3353422657973044, 0.3259960383615368, 0.3210216186898335, 0.316463699865872, 0.30777279986745176, 0.2987433840233191, 0.2877149023201422, 0.2522718689628831, 0.23682799125164955, 0.23613324953821668, 0.2353507122218501, 0.234901401397555, 0.23478286995505027, 0.23472033752294907, 0.23469552680541228, 0.234677903113665, 0.23461871177809335, 0.23446930523836973, 0.23439200387735615, 0.23438105504858298, 0.23437782038726973, 0.23437703486761807, 0.234376953474968, 0.23437693387571001, 0.2343769271990631, 0.23437692484601036, 0.23437692428058754, 0.23437692406833488, 0.23437692397051424, 0.23437692394714094, 0.23437692394190013]}, "11": {"maxiter": 1000, "fatol": 1e-10, "xatol": 1e-10, "duration": 0.226668119430542, "fun": "0.23437692391242582", "nit": "591", "nfev": "993", "status": "0", "success": "True", "message": "Optimization terminated successfully.", "x": "[ 1.36794865  8.1793868   0.27020045  5.23995827 -0.03541623  2.12858609]", "final_simplex": "(array([[ 1.36794865,  8.1793868 ,  0.27020045,  5.23995827, -0.03541623,\n         2.12858609],\n       [ 1.36794865,  8.1793868 ,  0.27020045,  5.23995827, -0.03541623,\n         2.12858609],\n       [ 1.36794865,  8.1793868 ,  0.27020045,  5.23995827, -0.03541623,\n         2.12858609],\n       [ 1.36794865,  8.1793868 ,  0.27020045,  5.23995827, -0.03541623,\n         2.12858609],\n       [ 1.36794865,  8.1793868 ,  0.27020045,  5.23995827, -0.03541623,\n         2.12858609],\n       [ 1.36794865,  8.1793868 ,  0.27020045,  5.23995827, -0.03541623,\n         2.12858609],\n       [ 1.36794865,  8.1793868 ,  0.27020045,  5.23995827, -0.03541623,\n         2.12858609]]), array([0.23437692, 0.23437692, 0.23437692, 0.23437692, 0.23437692,\n       0.23437692, 0.23437692]))", "callback": [0.5284716213223365, 0.5053519320686026, 0.4670524338831995, 0.4661352394551702, 0.46270090417378884, 0.44759779272965683, 0.4140996125767453, 0.4088282764294534, 0.3954107716429016, 0.38942503795794914, 0.3880003509325991, 0.3870142998990287, 0.38554717863880306, 0.3811360208291037, 0.3565056219267896, 0.3467555618357101, 0.3353422657973044, 0.3259960383615368, 0.3210216186898335, 0.316463699865872, 0.30777279986745176, 0.2987433840233191, 0.2877149023201422, 0.2522718689628831, 0.23682799125164955, 0.23613324953821668, 0.2353507122218501, 0.234901401397555, 0.23478286995505027, 0.23472033752294907, 0.23469552680541228, 0.234677903113665, 0.23461871177809335, 0.23446930523836973, 0.23439200387735615, 0.23438105504858298, 0.23437782038726973, 0.23437703486761807, 0.234376953474968, 0.23437693387571001, 0.2343769271990631, 0.23437692484601036, 0.23437692428058754, 0.23437692406833488, 0.23437692397051424, 0.23437692394714094, 0.23437692394190013, 0.23437692392427834, 0.2343769239157385, 0.2343769239127601, 0.2343769239127601, 0.23437692391254483, 0.23437692391244613, 0.23437692391242892, 0.23437692391242693, 0.23437692391242604, 0.23437692391242582, 0.23437692391242582, 0.23437692391242582]}}, "bfgs": {"type": "gradient", "0": {"maxiter": 100, "gtol": 1e-05, "xrtol": 1e-05, "eps": 1e-05, "duration": 0.03938007354736328, "fun": "0.2343769240442799", "jac": "[ 3.14097637e-06 -2.44346765e-06 -1.35869094e-07  2.14749329e-06\n  6.79178935e-07 -3.22816218e-06]", "hess_inv": "[[ 3.59222602 -0.75422281 -0.01052014  1.84964405 -2.40161328 -0.36327926]\n [-0.75422281  8.70836387 -1.8007909   0.24482098  4.58973518 -1.1588827 ]\n [-0.01052014 -1.8007909   4.30852347 -0.09933717 -1.24723187  1.00482552]\n [ 1.84964405  0.24482098 -0.09933717  7.54610778 -3.01082125 -1.05530785]\n [-2.40161328  4.58973518 -1.24723187 -3.01082125  8.26444944 -1.31317726]\n [-0.36327926 -1.1588827   1.00482552 -1.05530785 -1.31317726  4.62830822]]", "nfev": "168", "njev": "24", "status": "0", "success": "True", "message": "Optimization terminated successfully.", "x": "[ 1.36796393  1.89617212  0.27019576  5.23997926 -0.03543852  2.12856359]", "nit": "20", "callback": [0.23467107272151466, 0.2343769240442799]}, "1": {"maxiter": 100, "gtol": 1e-05, "xrtol": 1e-05, "eps": 1e-10, "duration": 0.040409088134765625, "fun": "0.2343769240037259", "jac": "[ 4.44089173e-06  2.22044587e-06  0.00000000e+00  2.22044587e-06\n  0.00000000e+00 -5.55111466e-06]", "hess_inv": "[[ 3.65728918 -0.78830272  0.05028339  1.91008849 -2.46085285 -0.31192099]\n [-0.78830272  8.69756888 -1.87855475  0.15867065  4.59105924 -1.18263499]\n [ 0.05028339 -1.87855475  4.3241188  -0.11855372 -1.33145109  1.0828209 ]\n [ 1.91008849  0.15867065 -0.11855372  7.49452264 -3.11498955 -0.98106312]\n [-2.46085285  4.59105924 -1.33145109 -3.11498955  8.2946926  -1.3490755 ]\n [-0.31192099 -1.18263499  1.0828209  -0.98106312 -1.3490755   4.67441125]]", "nfev": "168", "njev": "24", "status": "0", "success": "True", "message": "Optimization terminated successfully.", "x": "[ 1.36796163  1.89620416  0.27018729  5.23997529 -0.03542353  2.12856065]", "nit": "20", "callback": [0.23467082067080813, 0.2343769240037259]}, "2": {"maxiter": 100, "gtol": 1e-05, "xrtol": 1e-10, "eps": 1e-05, "duration": 0.03918313980102539, "fun": "0.2343769240442799", "jac": "[ 3.14097637e-06 -2.44346765e-06 -1.35869094e-07  2.14749329e-06\n  6.79178935e-07 -3.22816218e-06]", "hess_inv": "[[ 3.59222602 -0.75422281 -0.01052014  1.84964405 -2.40161328 -0.36327926]\n [-0.75422281  8.70836387 -1.8007909   0.24482098  4.58973518 -1.1588827 ]\n [-0.01052014 -1.8007909   4.30852347 -0.09933717 -1.24723187  1.00482552]\n [ 1.84964405  0.24482098 -0.09933717  7.54610778 -3.01082125 -1.05530785]\n [-2.40161328  4.58973518 -1.24723187 -3.01082125  8.26444944 -1.31317726]\n [-0.36327926 -1.1588827   1.00482552 -1.05530785 -1.31317726  4.62830822]]", "nfev": "168", "njev": "24", "status": "0", "success": "True", "message": "Optimization terminated successfully.", "x": "[ 1.36796393  1.89617212  0.27019576  5.23997926 -0.03543852  2.12856359]", "nit": "20", "callback": [0.23467107272151466, 0.2343769240442799]}, "3": {"maxiter": 100, "gtol": 1e-05, "xrtol": 1e-10, "eps": 1e-10, "duration": 0.039227962493896484, "fun": "0.2343769240037259", "jac": "[ 4.44089173e-06  2.22044587e-06  0.00000000e+00  2.22044587e-06\n  0.00000000e+00 -5.55111466e-06]", "hess_inv": "[[ 3.65728918 -0.78830272  0.05028339  1.91008849 -2.46085285 -0.31192099]\n [-0.78830272  8.69756888 -1.87855475  0.15867065  4.59105924 -1.18263499]\n [ 0.05028339 -1.87855475  4.3241188  -0.11855372 -1.33145109  1.0828209 ]\n [ 1.91008849  0.15867065 -0.11855372  7.49452264 -3.11498955 -0.98106312]\n [-2.46085285  4.59105924 -1.33145109 -3.11498955  8.2946926  -1.3490755 ]\n [-0.31192099 -1.18263499  1.0828209  -0.98106312 -1.3490755   4.67441125]]", "nfev": "168", "njev": "24", "status": "0", "success": "True", "message": "Optimization terminated successfully.", "x": "[ 1.36796163  1.89620416  0.27018729  5.23997529 -0.03542353  2.12856065]", "nit": "20", "callback": [0.23467082067080813, 0.2343769240037259]}, "4": {"maxiter": 100, "gtol": 1e-10, "xrtol": 1e-05, "eps": 1e-05, "duration": 0.04013490676879883, "fun": "0.2343769239323208", "jac": "[-2.62678768e-08 -1.90647498e-07  1.99840144e-10  1.88771221e-07\n  1.38977718e-07 -4.38604708e-07]", "hess_inv": "[[ 3.84734128 -1.00679751 -0.01113748  2.15381968 -2.65354594 -0.55160463]\n [-1.00679751  8.95563743 -1.79723764 -0.07433028  4.83164631 -0.94643535]\n [-0.01113748 -1.79723764  4.30541793 -0.081059   -1.23868836  0.97782622]\n [ 2.15381968 -0.07433028 -0.081059    7.79241639 -3.3597555  -1.11183202]\n [-2.65354594  4.83164631 -1.23868836 -3.3597555   8.49297987 -1.0570943 ]\n [-0.55160463 -0.94643535  0.97782622 -1.11183202 -1.0570943   4.52472581]]", "nfev": "175", "njev": "25", "status": "0", "success": "True", "message": "Optimization terminated successfully.", "x": "[ 1.36794478  1.89619075  0.27019616  5.23995426 -0.03542052  2.12858085]", "nit": "21", "callback": [0.23467107272151466, 0.2343769240442799]}, "5": {"maxiter": 100, "gtol": 1e-10, "xrtol": 1e-05, "eps": 1e-10, "duration": 0.04106307029724121, "fun": "0.23437692396468224", "jac": "[-4.44089173e-06 -4.44089173e-06 -2.22044587e-06  0.00000000e+00\n -2.22044602e-06  0.00000000e+00]", "hess_inv": "[[ 4.10967049 -0.75062705 -0.01377477  2.39831665 -2.72749167 -0.61564475]\n [-0.75062705  8.16275123 -1.69648423 -0.02676445  4.26437564 -0.73717081]\n [-0.01377477 -1.69648423  4.26790384 -0.10892359 -1.18762493  0.96183223]\n [ 2.39831665 -0.02676445 -0.10892359  7.92641263 -3.53072501 -1.1109996 ]\n [-2.72749167  4.26437564 -1.18762493 -3.53072501  8.27952178 -0.9036124 ]\n [-0.61564475 -0.73717081  0.96183223 -1.1109996  -0.9036124   4.46637147]]", "nfev": "175", "njev": "25", "status": "0", "success": "True", "message": "Optimization terminated successfully.", "x": "[ 1.36793631  1.89618534  0.2701967   5.23994093 -0.03541806  2.12859228]", "nit": "21", "callback": [0.23467082067080813, 0.2343769240037259]}, "6": {"maxiter": 100, "gtol": 1e-10, "xrtol": 1e-10, "eps": 1e-05, "duration": 0.04749894142150879, "fun": "0.234376923929982", "jac": "[3.33066907e-11 3.33066907e-11 0.00000000e+00 0.00000000e+00\n 1.11022302e-11 2.22044605e-11]", "hess_inv": "[[ 3.84313776 -0.7009433   0.0602485   2.33787492 -2.53968453 -0.65668372]\n [-0.7009433   9.54177962 -1.51448796  0.42729641  4.53521035 -0.68202023]\n [ 0.0602485  -1.51448796  4.41137976  0.09612854 -1.27640173  1.045452  ]\n [ 2.33787492  0.42729641  0.09612854  8.31540071 -3.36790579 -1.26893604]\n [-2.53968453  4.53521035 -1.27640173 -3.36790579  8.26592772 -0.99409451]\n [-0.65668372 -0.68202023  1.045452   -1.26893604 -0.99409451  4.79553239]]", "nfev": "203", "njev": "29", "status": "0", "success": "True", "message": "Optimization terminated successfully.", "x": "[ 1.36794438  1.8961915   0.27019649  5.23995271 -0.03542072  2.12858326]", "nit": "25", "callback": [0.23467107272151466, 0.2343769240442799]}, "7": {"maxiter": 100, "gtol": 1e-10, "xrtol": 1e-10, "eps": 1e-10, "duration": 0.09180092811584473, "fun": "0.2343769239306993", "jac": "[1.11022293e-06 2.22044587e-06 1.11022293e-06 1.11022293e-06\n 1.11022301e-06 2.22044587e-06]", "hess_inv": "[[ 0.7913928  -0.52940617 -0.42684246 -0.53948224 -0.49456561  0.40421982]\n [-0.52940617  0.99744946  0.12016376  0.40870731 -0.22977568  0.20359148]\n [-0.42684246  0.12016376  1.07787524  0.65271044  0.89260386 -1.31739441]\n [-0.53948224  0.40870731  0.65271044  0.59380382  0.46487585 -0.71932487]\n [-0.49456561 -0.22977568  0.89260386  0.46487585  1.31108339 -1.28737156]\n [ 0.40421982  0.20359148 -1.31739441 -0.71932487 -1.28737156  1.83246953]]", "nfev": "406", "njev": "58", "status": "0", "success": "True", "message": "Optimization terminated successfully.", "x": "[ 1.36794325  1.89620488  0.27020512  5.23994428 -0.03540632  2.12859286]", "nit": "31", "callback": [0.23467082067080813, 0.2343769240037259, 0.23437692393069953]}, "8": {"maxiter": 500, "gtol": 1e-05, "xrtol": 1e-05, "eps": 1e-05, "duration": 0.038719892501831055, "fun": "0.2343769240442799", "jac": "[ 3.14097637e-06 -2.44346765e-06 -1.35869094e-07  2.14749329e-06\n  6.79178935e-07 -3.22816218e-06]", "hess_inv": "[[ 3.59222602 -0.75422281 -0.01052014  1.84964405 -2.40161328 -0.36327926]\n [-0.75422281  8.70836387 -1.8007909   0.24482098  4.58973518 -1.1588827 ]\n [-0.01052014 -1.8007909   4.30852347 -0.09933717 -1.24723187  1.00482552]\n [ 1.84964405  0.24482098 -0.09933717  7.54610778 -3.01082125 -1.05530785]\n [-2.40161328  4.58973518 -1.24723187 -3.01082125  8.26444944 -1.31317726]\n [-0.36327926 -1.1588827   1.00482552 -1.05530785 -1.31317726  4.62830822]]", "nfev": "168", "njev": "24", "status": "0", "success": "True", "message": "Optimization terminated successfully.", "x": "[ 1.36796393  1.89617212  0.27019576  5.23997926 -0.03543852  2.12856359]", "nit": "20", "callback": [0.23467107272151466, 0.2343769240442799]}, "9": {"maxiter": 500, "gtol": 1e-05, "xrtol": 1e-05, "eps": 1e-10, "duration": 0.038147687911987305, "fun": "0.2343769240037259", "jac": "[ 4.44089173e-06  2.22044587e-06  0.00000000e+00  2.22044587e-06\n  0.00000000e+00 -5.55111466e-06]", "hess_inv": "[[ 3.65728918 -0.78830272  0.05028339  1.91008849 -2.46085285 -0.31192099]\n [-0.78830272  8.69756888 -1.87855475  0.15867065  4.59105924 -1.18263499]\n [ 0.05028339 -1.87855475  4.3241188  -0.11855372 -1.33145109  1.0828209 ]\n [ 1.91008849  0.15867065 -0.11855372  7.49452264 -3.11498955 -0.98106312]\n [-2.46085285  4.59105924 -1.33145109 -3.11498955  8.2946926  -1.3490755 ]\n [-0.31192099 -1.18263499  1.0828209  -0.98106312 -1.3490755   4.67441125]]", "nfev": "168", "njev": "24", "status": "0", "success": "True", "message": "Optimization terminated successfully.", "x": "[ 1.36796163  1.89620416  0.27018729  5.23997529 -0.03542353  2.12856065]", "nit": "20", "callback": [0.23467082067080813, 0.2343769240037259]}, "10": {"maxiter": 500, "gtol": 1e-05, "xrtol": 1e-10, "eps": 1e-05, "duration": 0.037988901138305664, "fun": "0.2343769240442799", "jac": "[ 3.14097637e-06 -2.44346765e-06 -1.35869094e-07  2.14749329e-06\n  6.79178935e-07 -3.22816218e-06]", "hess_inv": "[[ 3.59222602 -0.75422281 -0.01052014  1.84964405 -2.40161328 -0.36327926]\n [-0.75422281  8.70836387 -1.8007909   0.24482098  4.58973518 -1.1588827 ]\n [-0.01052014 -1.8007909   4.30852347 -0.09933717 -1.24723187  1.00482552]\n [ 1.84964405  0.24482098 -0.09933717  7.54610778 -3.01082125 -1.05530785]\n [-2.40161328  4.58973518 -1.24723187 -3.01082125  8.26444944 -1.31317726]\n [-0.36327926 -1.1588827   1.00482552 -1.05530785 -1.31317726  4.62830822]]", "nfev": "168", "njev": "24", "status": "0", "success": "True", "message": "Optimization terminated successfully.", "x": "[ 1.36796393  1.89617212  0.27019576  5.23997926 -0.03543852  2.12856359]", "nit": "20", "callback": [0.23467107272151466, 0.2343769240442799]}, "11": {"maxiter": 500, "gtol": 1e-05, "xrtol": 1e-10, "eps": 1e-10, "duration": 0.03874778747558594, "fun": "0.2343769240037259", "jac": "[ 4.44089173e-06  2.22044587e-06  0.00000000e+00  2.22044587e-06\n  0.00000000e+00 -5.55111466e-06]", "hess_inv": "[[ 3.65728918 -0.78830272  0.05028339  1.91008849 -2.46085285 -0.31192099]\n [-0.78830272  8.69756888 -1.87855475  0.15867065  4.59105924 -1.18263499]\n [ 0.05028339 -1.87855475  4.3241188  -0.11855372 -1.33145109  1.0828209 ]\n [ 1.91008849  0.15867065 -0.11855372  7.49452264 -3.11498955 -0.98106312]\n [-2.46085285  4.59105924 -1.33145109 -3.11498955  8.2946926  -1.3490755 ]\n [-0.31192099 -1.18263499  1.0828209  -0.98106312 -1.3490755   4.67441125]]", "nfev": "168", "njev": "24", "status": "0", "success": "True", "message": "Optimization terminated successfully.", "x": "[ 1.36796163  1.89620416  0.27018729  5.23997529 -0.03542353  2.12856065]", "nit": "20", "callback": [0.23467082067080813, 0.2343769240037259]}, "12": {"maxiter": 500, "gtol": 1e-10, "xrtol": 1e-05, "eps": 1e-05, "duration": 0.03984689712524414, "fun": "0.2343769239323208", "jac": "[-2.62678768e-08 -1.90647498e-07  1.99840144e-10  1.88771221e-07\n  1.38977718e-07 -4.38604708e-07]", "hess_inv": "[[ 3.84734128 -1.00679751 -0.01113748  2.15381968 -2.65354594 -0.55160463]\n [-1.00679751  8.95563743 -1.79723764 -0.07433028  4.83164631 -0.94643535]\n [-0.01113748 -1.79723764  4.30541793 -0.081059   -1.23868836  0.97782622]\n [ 2.15381968 -0.07433028 -0.081059    7.79241639 -3.3597555  -1.11183202]\n [-2.65354594  4.83164631 -1.23868836 -3.3597555   8.49297987 -1.0570943 ]\n [-0.55160463 -0.94643535  0.97782622 -1.11183202 -1.0570943   4.52472581]]", "nfev": "175", "njev": "25", "status": "0", "success": "True", "message": "Optimization terminated successfully.", "x": "[ 1.36794478  1.89619075  0.27019616  5.23995426 -0.03542052  2.12858085]", "nit": "21", "callback": [0.23467107272151466, 0.2343769240442799]}, "13": {"maxiter": 500, "gtol": 1e-10, "xrtol": 1e-05, "eps": 1e-10, "duration": 0.03992199897766113, "fun": "0.23437692396468224", "jac": "[-4.44089173e-06 -4.44089173e-06 -2.22044587e-06  0.00000000e+00\n -2.22044602e-06  0.00000000e+00]", "hess_inv": "[[ 4.10967049 -0.75062705 -0.01377477  2.39831665 -2.72749167 -0.61564475]\n [-0.75062705  8.16275123 -1.69648423 -0.02676445  4.26437564 -0.73717081]\n [-0.01377477 -1.69648423  4.26790384 -0.10892359 -1.18762493  0.96183223]\n [ 2.39831665 -0.02676445 -0.10892359  7.92641263 -3.53072501 -1.1109996 ]\n [-2.72749167  4.26437564 -1.18762493 -3.53072501  8.27952178 -0.9036124 ]\n [-0.61564475 -0.73717081  0.96183223 -1.1109996  -0.9036124   4.46637147]]", "nfev": "175", "njev": "25", "status": "0", "success": "True", "message": "Optimization terminated successfully.", "x": "[ 1.36793631  1.89618534  0.2701967   5.23994093 -0.03541806  2.12859228]", "nit": "21", "callback": [0.23467082067080813, 0.2343769240037259]}, "14": {"maxiter": 500, "gtol": 1e-10, "xrtol": 1e-10, "eps": 1e-05, "duration": 0.04648017883300781, "fun": "0.234376923929982", "jac": "[3.33066907e-11 3.33066907e-11 0.00000000e+00 0.00000000e+00\n 1.11022302e-11 2.22044605e-11]", "hess_inv": "[[ 3.84313776 -0.7009433   0.0602485   2.33787492 -2.53968453 -0.65668372]\n [-0.7009433   9.54177962 -1.51448796  0.42729641  4.53521035 -0.68202023]\n [ 0.0602485  -1.51448796  4.41137976  0.09612854 -1.27640173  1.045452  ]\n [ 2.33787492  0.42729641  0.09612854  8.31540071 -3.36790579 -1.26893604]\n [-2.53968453  4.53521035 -1.27640173 -3.36790579  8.26592772 -0.99409451]\n [-0.65668372 -0.68202023  1.045452   -1.26893604 -0.99409451  4.79553239]]", "nfev": "203", "njev": "29", "status": "0", "success": "True", "message": "Optimization terminated successfully.", "x": "[ 1.36794438  1.8961915   0.27019649  5.23995271 -0.03542072  2.12858326]", "nit": "25", "callback": [0.23467107272151466, 0.2343769240442799]}, "15": {"maxiter": 500, "gtol": 1e-10, "xrtol": 1e-10, "eps": 1e-10, "duration": 0.09251785278320312, "fun": "0.2343769239306993", "jac": "[1.11022293e-06 2.22044587e-06 1.11022293e-06 1.11022293e-06\n 1.11022301e-06 2.22044587e-06]", "hess_inv": "[[ 0.7913928  -0.52940617 -0.42684246 -0.53948224 -0.49456561  0.40421982]\n [-0.52940617  0.99744946  0.12016376  0.40870731 -0.22977568  0.20359148]\n [-0.42684246  0.12016376  1.07787524  0.65271044  0.89260386 -1.31739441]\n [-0.53948224  0.40870731  0.65271044  0.59380382  0.46487585 -0.71932487]\n [-0.49456561 -0.22977568