{"date": "2024/10/08/, 17:00:11", "conf_id": 14, "data_type": "random\n", "num_data_points": 1, "s_rank": 0, "unitary": "[[-0.24866696+0.58742286j,-0.44704345-0.43151574j,-0.35669027-0.20570733j,-0.10517633+0.1626036j],[0.10596805-0.19687975j,-0.30269685-0.15056416j,0.18246286+0.30440582j,-0.83484447-0.11310748j],[0.26054512-0.52548482j,0.0285017-0.50723956j,-0.43110112+0.17165838j,0.15243271+0.39915801j],[0.42978035+0.11991271j,-0.17224126-0.46030424j,0.6827807-0.15164662j,0.26483638+0.0061855j]]", "databatch_0": {"databatch": "[[[0.15169572-0.09500404j,0.04355583+0.05107387j,-0.1302028+0.01970885j,-0.04737121+0.06704456j],[0.11428584-0.13513436j,0.05028393+0.08793043j,-0.09232017-0.00222247j,-0.07440784+0.08119812j],[-0.65663537-0.21386257j,0.2183777-0.37342643j,0.27817202+0.12417652j,0.13061599+0.12095881j],[0.23683184+0.08193342j,0.03608788+0.05901949j,-0.1232546-0.01767372j,-0.03685959-0.06443045j]]]", "initial param values": "[0.71713443,3.20664373,1.86726049,5.28932748,6.10389105,3.01843904]", "nelder_mead": {"type": "gradient-free", "0": {"maxiter": 100, "fatol": 1e-05, "xatol": 1e-05, "duration": 0.041892051696777344, "fun": "0.07750893333617492", "nit": "100", "nfev": "152", "status": "2", "success": "False", "message": "Maximum number of iterations has been exceeded.", "x": "[ 1.41655635  5.49767588 -0.52739201  4.32066499  5.29853133  3.82206873]", "final_simplex": "(array([[ 1.41655635,  5.49767588, -0.52739201,  4.32066499,  5.29853133,\n         3.82206873],\n       [ 1.4314607 ,  5.53958242, -0.47415077,  4.34006647,  5.32230344,\n         3.62608937],\n       [ 1.51737748,  5.58893831, -0.65457183,  4.16584187,  5.3057949 ,\n         3.57826639],\n       [ 1.39323849,  5.5647255 , -0.57071398,  4.24321261,  5.34939212,\n         3.90650252],\n       [ 1.46901342,  5.51395544, -0.58233885,  4.22693825,  5.36895393,\n         3.68506659],\n       [ 1.36181689,  5.48526641, -0.4302989 ,  4.35242899,  5.27102281,\n         3.79869449],\n       [ 1.34274666,  5.46649475, -0.40788907,  4.31668282,  5.33814494,\n         3.86946926]]), array([0.07750893, 0.07836724, 0.07863281, 0.07922425, 0.07936487,\n       0.07948286, 0.08086464]))", "callback": [0.6059818502170888, 0.5583142558225309, 0.48224360013799017, 0.48224360013799017, 0.4628085868347309, 0.45092712994842277, 0.39062238458729825, 0.2726059296847979, 0.08185270930627353, 0.08185270930627353]}, "1": {"maxiter": 100, "fatol": 1e-05, "xatol": 1e-10, "duration": 0.04729413986206055, "fun": "0.07750893333617492", "nit": "100", "nfev": "152", "status": "2", "success": "False", "message": "Maximum number of iterations has been exceeded.", "x": "[ 1.41655635  5.49767588 -0.52739201  4.32066499  5.29853133  3.82206873]", "final_simplex": "(array([[ 1.41655635,  5.49767588, -0.52739201,  4.32066499,  5.29853133,\n         3.82206873],\n       [ 1.4314607 ,  5.53958242, -0.47415077,  4.34006647,  5.32230344,\n         3.62608937],\n       [ 1.51737748,  5.58893831, -0.65457183,  4.16584187,  5.3057949 ,\n         3.57826639],\n       [ 1.39323849,  5.5647255 , -0.57071398,  4.24321261,  5.34939212,\n         3.90650252],\n       [ 1.46901342,  5.51395544, -0.58233885,  4.22693825,  5.36895393,\n         3.68506659],\n       [ 1.36181689,  5.48526641, -0.4302989 ,  4.35242899,  5.27102281,\n         3.79869449],\n       [ 1.34274666,  5.46649475, -0.40788907,  4.31668282,  5.33814494,\n         3.86946926]]), array([0.07750893, 0.07836724, 0.07863281, 0.07922425, 0.07936487,\n       0.07948286, 0.08086464]))", "callback": [0.6059818502170888, 0.5583142558225309, 0.48224360013799017, 0.48224360013799017, 0.4628085868347309, 0.45092712994842277, 0.39062238458729825, 0.2726059296847979, 0.08185270930627353, 0.08185270930627353]}, "2": {"maxiter": 100, "fatol": 1e-10, "xatol": 1e-05, "duration": 0.044384002685546875, "fun": "0.07750893333617492", "nit": "100", "nfev": "152", "status": "2", "success": "False", "message": "Maximum number of iterations has been exceeded.", "x": "[ 1.41655635  5.49767588 -0.52739201  4.32066499  5.29853133  3.82206873]", "final_simplex": "(array([[ 1.41655635,  5.49767588, -0.52739201,  4.32066499,  5.29853133,\n         3.82206873],\n       [ 1.4314607 ,  5.53958242, -0.47415077,  4.34006647,  5.32230344,\n         3.62608937],\n       [ 1.51737748,  5.58893831, -0.65457183,  4.16584187,  5.3057949 ,\n         3.57826639],\n       [ 1.39323849,  5.5647255 , -0.57071398,  4.24321261,  5.34939212,\n         3.90650252],\n       [ 1.46901342,  5.51395544, -0.58233885,  4.22693825,  5.36895393,\n         3.68506659],\n       [ 1.36181689,  5.48526641, -0.4302989 ,  4.35242899,  5.27102281,\n         3.79869449],\n       [ 1.34274666,  5.46649475, -0.40788907,  4.31668282,  5.33814494,\n         3.86946926]]), array([0.07750893, 0.07836724, 0.07863281, 0.07922425, 0.07936487,\n       0.07948286, 0.08086464]))", "callback": [0.6059818502170888, 0.5583142558225309, 0.48224360013799017, 0.48224360013799017, 0.4628085868347309, 0.45092712994842277, 0.39062238458729825, 0.2726059296847979, 0.08185270930627353, 0.08185270930627353]}, "3": {"maxiter": 100, "fatol": 1e-10, "xatol": 1e-10, "duration": 0.04517316818237305, "fun": "0.07750893333617492", "nit": "100", "nfev": "152", "status": "2", "success": "False", "message": "Maximum number of iterations has been exceeded.", "x": "[ 1.41655635  5.49767588 -0.52739201  4.32066499  5.29853133  3.82206873]", "final_simplex": "(array([[ 1.41655635,  5.49767588, -0.52739201,  4.32066499,  5.29853133,\n         3.82206873],\n       [ 1.4314607 ,  5.53958242, -0.47415077,  4.34006647,  5.32230344,\n         3.62608937],\n       [ 1.51737748,  5.58893831, -0.65457183,  4.16584187,  5.3057949 ,\n         3.57826639],\n       [ 1.39323849,  5.5647255 , -0.57071398,  4.24321261,  5.34939212,\n         3.90650252],\n       [ 1.46901342,  5.51395544, -0.58233885,  4.22693825,  5.36895393,\n         3.68506659],\n       [ 1.36181689,  5.48526641, -0.4302989 ,  4.35242899,  5.27102281,\n         3.79869449],\n       [ 1.34274666,  5.46649475, -0.40788907,  4.31668282,  5.33814494,\n         3.86946926]]), array([0.07750893, 0.07836724, 0.07863281, 0.07922425, 0.07936487,\n       0.07948286, 0.08086464]))", "callback": [0.6059818502170888, 0.5583142558225309, 0.48224360013799017, 0.48224360013799017, 0.4628085868347309, 0.45092712994842277, 0.39062238458729825, 0.2726059296847979, 0.08185270930627353, 0.08185270930627353]}, "4": {"maxiter": 500, "fatol": 1e-05, "xatol": 1e-05, "duration": 0.20644688606262207, "fun": "0.04371551175939792", "nit": "463", "nfev": "723", "status": "0", "success": "True", "message": "Optimization terminated successfully.", "x": "[ 1.5958986   6.06988898 -2.21171928  4.49601471  4.73948098  2.30365638]", "final_simplex": "(array([[ 1.5958986 ,  6.06988898, -2.21171928,  4.49601471,  4.73948098,\n         2.30365638],\n       [ 1.5958958 ,  6.06989017, -2.2117201 ,  4.49601463,  4.7394833 ,\n         2.3036614 ],\n       [ 1.5958986 ,  6.06989104, -2.21172081,  4.49601749,  4.73948145,\n         2.30365482],\n       [ 1.59589865,  6.06989246, -2.21171714,  4.49601424,  4.73948407,\n         2.30366071],\n       [ 1.59589936,  6.06988867, -2.21172186,  4.49601516,  4.73948067,\n         2.30365763],\n       [ 1.59589425,  6.06988813, -2.21171053,  4.49601594,  4.73948261,\n         2.30366374],\n       [ 1.59589641,  6.06989249, -2.21172073,  4.49602012,  4.73947987,\n         2.30365011]]), array([0.04371551, 0.04371551, 0.04371551, 0.04371551, 0.04371551,\n       0.04371551, 0.04371551]))", "callback": [0.6059818502170888, 0.5583142558225309, 0.48224360013799017, 0.48224360013799017, 0.4628085868347309, 0.45092712994842277, 0.39062238458729825, 0.2726059296847979, 0.08185270930627353, 0.08185270930627353, 0.07638386816557408, 0.07474353178311866, 0.0741874047318376, 0.0736637591124979, 0.07343335723502942, 0.07325024221658805, 0.07311930163957081, 0.07291960197627623, 0.07250878313164644, 0.07019434373534461, 0.0630310802244729, 0.05932578979720171, 0.052252858638440314, 0.0462082812034571, 0.04573650670547058, 0.045083893089531535, 0.04485890202345222, 0.04451554064382801, 0.0442075762626396, 0.04403870088583861, 0.04397807169633983, 0.04384493255510702, 0.0438120932316991, 0.04376137329329777, 0.04372833809387844, 0.043721193160266125, 0.04371650895104606, 0.04371576737795868, 0.04371555855121634, 0.04371552201308948, 0.04371551390463835, 0.04371551204128388, 0.04371551188812661, 0.043715511804290674, 0.04371551176753574, 0.04371551176173061, 0.04371551175978772]}, "5": {"maxiter": 500, "fatol": 1e-05, "xatol": 1e-10, "duration": 0.21959614753723145, "fun": "0.043715511756317604", "nit": "500", "nfev": "783", "status": "2", "success": "False", "message": "Maximum number of iterations has been exceeded.", "x": "[ 1.59589301  6.06988983 -2.21170996  4.49601181  4.7394834   2.30366494]", "final_simplex": "(array([[ 1.59589301,  6.06988983, -2.21170996,  4.49601181,  4.7394834 ,\n         2.30366494],\n       [ 1.59589304,  6.06988964, -2.21170916,  4.49601152,  4.73948332,\n         2.30366513],\n       [ 1.59589383,  6.06988972, -2.21171056,  4.49601182,  4.73948328,\n         2.30366443],\n       [ 1.59589365,  6.06989018, -2.21171013,  4.49601197,  4.73948334,\n         2.30366402],\n       [ 1.5958936 ,  6.06988992, -2.21171028,  4.49601196,  4.73948311,\n         2.30366362],\n       [ 1.59589317,  6.06989006, -2.2117092 ,  4.4960117 ,  4.73948382,\n         2.30366531],\n       [ 1.59589313,  6.0698902 , -2.21170972,  4.49601154,  4.73948386,\n         2.30366534]]), array([0.04371551, 0.04371551, 0.04371551, 0.04371551, 0.04371551,\n       0.04371551, 0.04371551]))", "callback": [0.6059818502170888, 0.5583142558225309, 0.48224360013799017, 0.48224360013799017, 0.4628085868347309, 0.45092712994842277, 0.39062238458729825, 0.2726059296847979, 0.08185270930627353, 0.08185270930627353, 0.07638386816557408, 0.07474353178311866, 0.0741874047318376, 0.0736637591124979, 0.07343335723502942, 0.07325024221658805, 0.07311930163957081, 0.07291960197627623, 0.07250878313164644, 0.07019434373534461, 0.0630310802244729, 0.05932578979720171, 0.052252858638440314, 0.0462082812034571, 0.04573650670547058, 0.045083893089531535, 0.04485890202345222, 0.04451554064382801, 0.0442075762626396, 0.04403870088583861, 0.04397807169633983, 0.04384493255510702, 0.0438120932316991, 0.04376137329329777, 0.04372833809387844, 0.043721193160266125, 0.04371650895104606, 0.04371576737795868, 0.04371555855121634, 0.04371552201308948, 0.04371551390463835, 0.04371551204128388, 0.04371551188812661, 0.043715511804290674, 0.04371551176753574, 0.04371551176173061, 0.04371551175978772, 0.04371551175718558, 0.043715511756534986, 0.04371551175639565]}, "6": {"maxiter": 500, "fatol": 1e-10, "xatol": 1e-05, "duration": 0.21144819259643555, "fun": "0.04371551175939792", "nit": "463", "nfev": "723", "status": "0", "success": "True", "message": "Optimization terminated successfully.", "x": "[ 1.5958986   6.06988898 -2.21171928  4.49601471  4.73948098  2.30365638]", "final_simplex": "(array([[ 1.5958986 ,  6.06988898, -2.21171928,  4.49601471,  4.73948098,\n         2.30365638],\n       [ 1.5958958 ,  6.06989017, -2.2117201 ,  4.49601463,  4.7394833 ,\n         2.3036614 ],\n       [ 1.5958986 ,  6.06989104, -2.21172081,  4.49601749,  4.73948145,\n         2.30365482],\n       [ 1.59589865,  6.06989246, -2.21171714,  4.49601424,  4.73948407,\n         2.30366071],\n       [ 1.59589936,  6.06988867, -2.21172186,  4.49601516,  4.73948067,\n         2.30365763],\n       [ 1.59589425,  6.06988813, -2.21171053,  4.49601594,  4.73948261,\n         2.30366374],\n       [ 1.59589641,  6.06989249, -2.21172073,  4.49602012,  4.73947987,\n         2.30365011]]), array([0.04371551, 0.04371551, 0.04371551, 0.04371551, 0.04371551,\n       0.04371551, 0.04371551]))", "callback": [0.6059818502170888, 0.5583142558225309, 0.48224360013799017, 0.48224360013799017, 0.4628085868347309, 0.45092712994842277, 0.39062238458729825, 0.2726059296847979, 0.08185270930627353, 0.08185270930627353, 0.07638386816557408, 0.07474353178311866, 0.0741874047318376, 0.0736637591124979, 0.07343335723502942, 0.07325024221658805, 0.07311930163957081, 0.07291960197627623, 0.07250878313164644, 0.07019434373534461, 0.0630310802244729, 0.05932578979720171, 0.052252858638440314, 0.0462082812034571, 0.04573650670547058, 0.045083893089531535, 0.04485890202345222, 0.04451554064382801, 0.0442075762626396, 0.04403870088583861, 0.04397807169633983, 0.04384493255510702, 0.0438120932316991, 0.04376137329329777, 0.04372833809387844, 0.043721193160266125, 0.04371650895104606, 0.04371576737795868, 0.04371555855121634, 0.04371552201308948, 0.04371551390463835, 0.04371551204128388, 0.04371551188812661, 0.043715511804290674, 0.04371551176753574, 0.04371551176173061, 0.04371551175978772]}, "7": {"maxiter": 500, "fatol": 1e-10, "xatol": 1e-10, "duration": 0.23278284072875977, "fun": "0.043715511756317604", "nit": "500", "nfev": "783", "status": "2", "success": "False", "message": "Maximum number of iterations has been exceeded.", "x": "[ 1.59589301  6.06988983 -2.21170996  4.49601181  4.7394834   2.30366494]", "final_simplex": "(array([[ 1.59589301,  6.06988983, -2.21170996,  4.49601181,  4.7394834 ,\n         2.30366494],\n       [ 1.59589304,  6.06988964, -2.21170916,  4.49601152,  4.73948332,\n         2.30366513],\n       [ 1.59589383,  6.06988972, -2.21171056,  4.49601182,  4.73948328,\n         2.30366443],\n       [ 1.59589365,  6.06989018, -2.21171013,  4.49601197,  4.73948334,\n         2.30366402],\n       [ 1.5958936 ,  6.06988992, -2.21171028,  4.49601196,  4.73948311,\n         2.30366362],\n       [ 1.59589317,  6.06989006, -2.2117092 ,  4.4960117 ,  4.73948382,\n         2.30366531],\n       [ 1.59589313,  6.0698902 , -2.21170972,  4.49601154,  4.73948386,\n         2.30366534]]), array([0.04371551, 0.04371551, 0.04371551, 0.04371551, 0.04371551,\n       0.04371551, 0.04371551]))", "callback": [0.6059818502170888, 0.5583142558225309, 0.48224360013799017, 0.48224360013799017, 0.4628085868347309, 0.45092712994842277, 0.39062238458729825, 0.2726059296847979, 0.08185270930627353, 0.08185270930627353, 0.07638386816557408, 0.07474353178311866, 0.0741874047318376, 0.0736637591124979, 0.07343335723502942, 0.07325024221658805, 0.07311930163957081, 0.07291960197627623, 0.07250878313164644, 0.07019434373534461, 0.0630310802244729, 0.05932578979720171, 0.052252858638440314, 0.0462082812034571, 0.04573650670547058, 0.045083893089531535, 0.04485890202345222, 0.04451554064382801, 0.0442075762626396, 0.04403870088583861, 0.04397807169633983, 0.04384493255510702, 0.0438120932316991, 0.04376137329329777, 0.04372833809387844, 0.043721193160266125, 0.04371650895104606, 0.04371576737795868, 0.04371555855121634, 0.04371552201308948, 0.04371551390463835, 0.04371551204128388, 0.04371551188812661, 0.043715511804290674, 0.04371551176753574, 0.04371551176173061, 0.04371551175978772, 0.04371551175718558, 0.043715511756534986, 0.04371551175639565]}, "8": {"maxiter": 1000, "fatol": 1e-05, "xatol": 1e-05, "duration": 0.20432209968566895, "fun": "0.04371551175939792", "nit": "463", "nfev": "723", "status": "0", "success": "True", "message": "Optimization terminated successfully.", "x": "[ 1.5958986   6.06988898 -2.21171928  4.49601471  4.73948098  2.30365638]", "final_simplex": "(array([[ 1.5958986 ,  6.06988898, -2.21171928,  4.49601471,  4.73948098,\n         2.30365638],\n       [ 1.5958958 ,  6.06989017, -2.2117201 ,  4.49601463,  4.7394833 ,\n         2.3036614 ],\n       [ 1.5958986 ,  6.06989104, -2.21172081,  4.49601749,  4.73948145,\n         2.30365482],\n       [ 1.59589865,  6.06989246, -2.21171714,  4.49601424,  4.73948407,\n         2.30366071],\n       [ 1.59589936,  6.06988867, -2.21172186,  4.49601516,  4.73948067,\n         2.30365763],\n       [ 1.59589425,  6.06988813, -2.21171053,  4.49601594,  4.73948261,\n         2.30366374],\n       [ 1.59589641,  6.06989249, -2.21172073,  4.49602012,  4.73947987,\n         2.30365011]]), array([0.04371551, 0.04371551, 0.04371551, 0.04371551, 0.04371551,\n       0.04371551, 0.04371551]))", "callback": [0.6059818502170888, 0.5583142558225309, 0.48224360013799017, 0.48224360013799017, 0.4628085868347309, 0.45092712994842277, 0.39062238458729825, 0.2726059296847979, 0.08185270930627353, 0.08185270930627353, 0.07638386816557408, 0.07474353178311866, 0.0741874047318376, 0.0736637591124979, 0.07343335723502942, 0.07325024221658805, 0.07311930163957081, 0.07291960197627623, 0.07250878313164644, 0.07019434373534461, 0.0630310802244729, 0.05932578979720171, 0.052252858638440314, 0.0462082812034571, 0.04573650670547058, 0.045083893089531535, 0.04485890202345222, 0.04451554064382801, 0.0442075762626396, 0.04403870088583861, 0.04397807169633983, 0.04384493255510702, 0.0438120932316991, 0.04376137329329777, 0.04372833809387844, 0.043721193160266125, 0.04371650895104606, 0.04371576737795868, 0.04371555855121634, 0.04371552201308948, 0.04371551390463835, 0.04371551204128388, 0.04371551188812661, 0.043715511804290674, 0.04371551176753574, 0.04371551176173061, 0.04371551175978772]}, "9": {"maxiter": 1000, "fatol": 1e-05, "xatol": 1e-10, "duration": 0.29139208793640137, "fun": "0.043715511756128755", "nit": "599", "nfev": "998", "status": "0", "success": "True", "message": "Optimization terminated successfully.", "x": "[ 1.59589374  6.06989013 -2.21171113  4.49601225  4.7394825   2.30366408]", "final_simplex": "(array([[ 1.59589374,  6.06989013, -2.21171113,  4.49601225,  4.7394825 ,\n         2.30366408],\n       [ 1.59589374,  6.06989013, -2.21171113,  4.49601225,  4.7394825 ,\n         2.30366408],\n       [ 1.59589374,  6.06989013, -2.21171113,  4.49601225,  4.7394825 ,\n         2.30366408],\n       [ 1.59589374,  6.06989013, -2.21171113,  4.49601225,  4.7394825 ,\n         2.30366408],\n       [ 1.59589374,  6.06989013, -2.21171113,  4.49601225,  4.7394825 ,\n         2.30366408],\n       [ 1.59589374,  6.06989013, -2.21171113,  4.49601225,  4.7394825 ,\n         2.30366408],\n       [ 1.59589374,  6.06989013, -2.21171113,  4.49601225,  4.7394825 ,\n         2.30366408]]), array([0.04371551, 0.04371551, 0.04371551, 0.04371551, 0.04371551,\n       0.04371551, 0.04371551]))", "callback": [0.6059818502170888, 0.5583142558225309, 0.48224360013799017, 0.48224360013799017, 0.4628085868347309, 0.45092712994842277, 0.39062238458729825, 0.2726059296847979, 0.08185270930627353, 0.08185270930627353, 0.07638386816557408, 0.07474353178311866, 0.0741874047318376, 0.0736637591124979, 0.07343335723502942, 0.07325024221658805, 0.07311930163957081, 0.07291960197627623, 0.07250878313164644, 0.07019434373534461, 0.0630310802244729, 0.05932578979720171, 0.052252858638440314, 0.0462082812034571, 0.04573650670547058, 0.045083893089531535, 0.04485890202345222, 0.04451554064382801, 0.0442075762626396, 0.04403870088583861, 0.04397807169633983, 0.04384493255510702, 0.0438120932316991, 0.04376137329329777, 0.04372833809387844, 0.043721193160266125, 0.04371650895104606, 0.04371576737795868, 0.04371555855121634, 0.04371552201308948, 0.04371551390463835, 0.04371551204128388, 0.04371551188812661, 0.043715511804290674, 0.04371551176753574, 0.04371551176173061, 0.04371551175978772, 0.04371551175718558, 0.043715511756534986, 0.04371551175639565, 0.043715511756317604, 0.04371551175624633, 0.043715511756167946, 0.04371551175613908, 0.04371551175613042, 0.043715511756129866, 0.0437155117561292, 0.043715511756128866, 0.043715511756128866, 0.043715511756128755]}, "10": {"maxiter": 1000, "fatol": 1e-10, "xatol": 1e-05, "duration": 0.20959091186523438, "fun": "0.04371551175939792", "nit": "463", "nfev": "723", "status": "0", "success": "True", "message": "Optimization terminated successfully.", "x": "[ 1.5958986   6.06988898 -2.21171928  4.49601471  4.73948098  2.30365638]", "final_simplex": "(array([[ 1.5958986 ,  6.06988898, -2.21171928,  4.49601471,  4.73948098,\n         2.30365638],\n       [ 1.5958958 ,  6.06989017, -2.2117201 ,  4.49601463,  4.7394833 ,\n         2.3036614 ],\n       [ 1.5958986 ,  6.06989104, -2.21172081,  4.49601749,  4.73948145,\n         2.30365482],\n       [ 1.59589865,  6.06989246, -2.21171714,  4.49601424,  4.73948407,\n         2.30366071],\n       [ 1.59589936,  6.06988867, -2.21172186,  4.49601516,  4.73948067,\n         2.30365763],\n       [ 1.59589425,  6.06988813, -2.21171053,  4.49601594,  4.73948261,\n         2.30366374],\n       [ 1.59589641,  6.06989249, -2.21172073,  4.49602012,  4.73947987,\n         2.30365011]]), array([0.04371551, 0.04371551, 0.04371551, 0.04371551, 0.04371551,\n       0.04371551, 0.04371551]))", "callback": [0.6059818502170888, 0.5583142558225309, 0.48224360013799017, 0.48224360013799017, 0.4628085868347309, 0.45092712994842277, 0.39062238458729825, 0.2726059296847979, 0.08185270930627353, 0.08185270930627353, 0.07638386816557408, 0.07474353178311866, 0.0741874047318376, 0.0736637591124979, 0.07343335723502942, 0.07325024221658805, 0.07311930163957081, 0.07291960197627623, 0.07250878313164644, 0.07019434373534461, 0.0630310802244729, 0.05932578979720171, 0.052252858638440314, 0.0462082812034571, 0.04573650670547058, 0.045083893089531535, 0.04485890202345222, 0.04451554064382801, 0.0442075762626396, 0.04403870088583861, 0.04397807169633983, 0.04384493255510702, 0.0438120932316991, 0.04376137329329777, 0.04372833809387844, 0.043721193160266125, 0.04371650895104606, 0.04371576737795868, 0.04371555855121634, 0.04371552201308948, 0.04371551390463835, 0.04371551204128388, 0.04371551188812661, 0.043715511804290674, 0.04371551176753574, 0.04371551176173061, 0.04371551175978772]}, "11": {"maxiter": 1000, "fatol": 1e-10, "xatol": 1e-10, "duration": 0.30211424827575684, "fun": "0.043715511756128755", "nit": "599", "nfev": "998", "status": "0", "success": "True", "message": "Optimization terminated successfully.", "x": "[ 1.59589374  6.06989013 -2.21171113  4.49601225  4.7394825   2.30366408]", "final_simplex": "(array([[ 1.59589374,  6.06989013, -2.21171113,  4.49601225,  4.7394825 ,\n         2.30366408],\n       [ 1.59589374,  6.06989013, -2.21171113,  4.49601225,  4.7394825 ,\n         2.30366408],\n       [ 1.59589374,  6.06989013, -2.21171113,  4.49601225,  4.7394825 ,\n         2.30366408],\n       [ 1.59589374,  6.06989013, -2.21171113,  4.49601225,  4.7394825 ,\n         2.30366408],\n       [ 1.59589374,  6.06989013, -2.21171113,  4.49601225,  4.7394825 ,\n         2.30366408],\n       [ 1.59589374,  6.06989013, -2.21171113,  4.49601225,  4.7394825 ,\n         2.30366408],\n       [ 1.59589374,  6.06989013, -2.21171113,  4.49601225,  4.7394825 ,\n         2.30366408]]), array([0.04371551, 0.04371551, 0.04371551, 0.04371551, 0.04371551,\n       0.04371551, 0.04371551]))", "callback": [0.6059818502170888, 0.5583142558225309, 0.48224360013799017, 0.48224360013799017, 0.4628085868347309, 0.45092712994842277, 0.39062238458729825, 0.2726059296847979, 0.08185270930627353, 0.08185270930627353, 0.07638386816557408, 0.07474353178311866, 0.0741874047318376, 0.0736637591124979, 0.07343335723502942, 0.07325024221658805, 0.07311930163957081, 0.07291960197627623, 0.07250878313164644, 0.07019434373534461, 0.0630310802244729, 0.05932578979720171, 0.052252858638440314, 0.0462082812034571, 0.04573650670547058, 0.045083893089531535, 0.04485890202345222, 0.04451554064382801, 0.0442075762626396, 0.04403870088583861, 0.04397807169633983, 0.04384493255510702, 0.0438120932316991, 0.04376137329329777, 0.04372833809387844, 0.043721193160266125, 0.04371650895104606, 0.04371576737795868, 0.04371555855121634, 0.04371552201308948, 0.04371551390463835, 0.04371551204128388, 0.04371551188812661, 0.043715511804290674, 0.04371551176753574, 0.04371551176173061, 0.04371551175978772, 0.04371551175718558, 0.043715511756534986, 0.04371551175639565, 0.043715511756317604, 0.04371551175624633, 0.043715511756167946, 0.04371551175613908, 0.04371551175613042, 0.043715511756129866, 0.0437155117561292, 0.043715511756128866, 0.043715511756128866, 0.043715511756128755]}}, "bfgs": {"type": "gradient", "0": {"maxiter": 100, "gtol": 1e-05, "xrtol": 1e-05, "eps": 1e-05, "duration": 0.05230522155761719, "fun": "0.043715511838102405", "jac": "[ 8.64253114e-07 -7.49378337e-07 -2.10675921e-07  1.49180668e-07\n  1.67881264e-06 -5.93569638e-07]", "hess_inv": "[[  5.64322836  -1.11551354   9.11352262  -2.2345228    1.98881795\n    8.59377974]\n [ -1.11551354   2.91064819  -3.16814579   1.59026036   0.12450227\n   -2.95720544]\n [  9.11352262  -3.16814579  29.4278625   -9.8190242    6.88681278\n   23.97372253]\n [ -2.2345228    1.59026036  -9.8190242    6.74436917  -2.92051813\n  -10.45000896]\n [  1.98881795   0.12450227   6.88681278  -2.92051813   4.51746634\n    7.96523434]\n [  8.59377974  -2.95720544  23.97372253 -10.45000896   7.96523434\n   28.70405625]]", "nfev": "175", "njev": "25", "status": "0", "success": "True", "message": "Optimization terminated successfully.", "x": "[-1.59591774  2.92829377  0.92982635  4.49602568  4.73946174  2.30360973]", "nit": "24", "callback": [0.5498978688356275, 0.4129498805153503, 0.3240636371610981, 0.2296247609453449, 0.12117422931355248, 0.07119072712705687, 0.06168391052879563, 0.05664965592295457, 0.051695519802526624, 0.05063688560952362, 0.04962502642423505, 0.04917706860181559, 0.04877130882825775, 0.04830684509393146, 0.04756213130278342, 0.046474761607463555, 0.045296184966839625, 0.044049512951297, 0.0437582248796341, 0.043725366713321834, 0.04371615789208416, 0.043715566167559006, 0.04371551266381313, 0.043715511838102405]}, "1": {"maxiter": 100, "gtol": 1e-05, "xrtol": 1e-05, "eps": 1e-10, "duration": 0.05164480209350586, "fun": "0.04371551179439859", "jac": "[ 0.00000000e+00  1.11022293e-06  2.22044587e-06 -3.33066880e-06\n  1.11022293e-06  3.33066880e-06]", "hess_inv": "[[  5.49934488  -1.06847744   8.67650913  -2.13829621   1.7888457\n    8.06160943]\n [ -1.06847744   2.89639064  -3.05166908   1.5625104    0.160801\n   -2.83458662]\n [  8.67650913  -3.05166908  28.04035692  -9.46128975   6.33982765\n   22.34759393]\n [ -2.13829621   1.5625104   -9.46128975   6.64806632  -2.77259661\n  -10.01845982]\n [  1.7888457    0.160801     6.33982765  -2.77259661   4.35460779\n    7.37849945]\n [  8.06160943  -2.83458662  22.34759393 -10.01845982   7.37849945\n   26.84604944]]", "nfev": "175", "njev": "25", "status": "0", "success": "True", "message": "Optimization terminated successfully.", "x": "[-1.59590598  2.92829416  0.92984824  4.49601892  4.73947003  2.30362865]", "nit": "24", "callback": [0.5498983317465341, 0.41295122325655487, 0.32406680997781867, 0.22962567998404726, 0.12117545607576341, 0.07119404499815407, 0.061684747787248306, 0.056651555912053175, 0.05169592902535669, 0.05063699989855752, 0.04962589174623111, 0.04917705165267361, 0.04877232697938538, 0.048307290045337625, 0.04756129031071166, 0.04647321080245259, 0.045296215030053544, 0.04404658970216657, 0.04375839465636644, 0.043725441614089644, 0.043716136911836956, 0.04371557288802408, 0.04371551230475568, 0.04371551179439859]}, "2": {"maxiter": 100, "gtol": 1e-05, "xrtol": 1e-10, "eps": 1e-05, "duration": 0.05168485641479492, "fun": "0.043715511838102405", "jac": "[ 8.64253114e-07 -7.49378337e-07 -2.10675921e-07  1.49180668e-07\n  1.67881264e-06 -5.93569638e-07]", "hess_inv": "[[  5.64322836  -1.11551354   9.11352262  -2.2345228    1.98881795\n    8.59377974]\n [ -1.11551354   2.91064819  -3.16814579   1.59026036   0.12450227\n   -2.95720544]\n [  9.11352262  -3.16814579  29.4278625   -9.8190242    6.88681278\n   23.97372253]\n [ -2.2345228    1.59026036  -9.8190242    6.74436917  -2.92051813\n  -10.45000896]\n [  1.98881795   0.12450227   6.88681278  -2.92051813   4.51746634\n    7.96523434]\n [  8.59377974  -2.95720544  23.97372253 -10.45000896   7.96523434\n   28.70405625]]", "nfev": "175", "njev": "25", "status": "0", "success": "True", "message": "Optimization terminated successfully.", "x": "[-1.59591774  2.92829377  0.92982635  4.49602568  4.73946174  2.30360973]", "nit": "24", "callback": [0.5498978688356275, 0.4129498805153503, 0.3240636371610981, 0.2296247609453449, 0.12117422931355248, 0.07119072712705687, 0.06168391052879563, 0.05664965592295457, 0.051695519802526624, 0.05063688560952362, 0.04962502642423505, 0.04917706860181559, 0.04877130882825775, 0.04830684509393146, 0.04756213130278342, 0.046474761607463555, 0.045296184966839625, 0.044049512951297, 0.0437582248796341, 0.043725366713321834, 0.04371615789208416, 0.043715566167559006, 0.04371551266381313, 0.043715511838102405]}, "3": {"maxiter": 100, "gtol": 1e-05, "xrtol": 1e-10, "eps": 1e-10, "duration": 0.05605626106262207, "fun": "0.04371551179439859", "jac": "[ 0.00000000e+00  1.11022293e-06  2.22044587e-06 -3.33066880e-06\n  1.11022293e-06  3.33066880e-06]", "hess_inv": "[[  5.49934488  -1.06847744   8.67650913  -2.13829621   1.7888457\n    8.06160943]\n [ -1.06847744   2.89639064  -3.05166908   1.5625104    0.160801\n   -2.83458662]\n [  8.67650913  -3.05166908  28.04035692  -9.46128975   6.33982765\n   22.34759393]\n [ -2.13829621   1.5625104   -9.46128975   6.64806632  -2.77259661\n  -10.01845982]\n [  1.7888457    0.160801     6.33982765  -2.77259661   4.35460779\n    7.37849945]\n [  8.06160943  -2.83458662  22.34759393 -10.01845982   7.37849945\n   26.84604944]]", "nfev": "175", "njev": "25", "status": "0", "success": "True", "message": "Optimization terminated successfully.", "x": "[-1.59590598  2.92829416  0.92984824  4.49601892  4.73947003  2.30362865]", "nit": "24", "callback": [0.5498983317465341, 0.41295122325655487, 0.32406680997781867, 0.22962567998404726, 0.12117545607576341, 0.07119404499815407, 0.061684747787248306, 0.056651555912053175, 0.05169592902535669, 0.05063699989855752, 0.04962589174623111, 0.04917705165267361, 0.04877232697938538, 0.048307290045337625, 0.04756129031071166, 0.04647321080245259, 0.045296215030053544, 0.04404658970216657, 0.04375839465636644, 0.043725441614089644, 0.043716136911836956, 0.04371557288802408, 0.04371551230475568, 0.04371551179439859]}, "4": {"maxiter": 100, "gtol": 1e-10, "xrtol": 1e-05, "eps": 1e-05, "duration": 0.1266632080078125, "fun": "0.043715511838102405", "jac": "[ 8.64253114e-07 -7.49378337e-07 -2.10675921e-07  1.49180668e-07\n  1.67881264e-06 -5.93569638e-07]", "hess_inv": "[[  5.52700939  -1.10748238   8.86695001  -2.12102874   1.92245749\n    8.30452931]\n [ -1.10748238   2.91037864  -3.14449059   1.57719252   0.12616851\n   -2.92849442]\n [  8.86695001  -3.14449059  29.05808697  -9.69934495   6.67834855\n   23.56223106]\n [ -2.12102874   1.57719252  -9.69934495   6.72918251  -2.8022703\n  -10.32721543]\n [  1.92245749   0.12616851   6.67834855  -2.8022703    4.50943676\n    7.71085391]\n [  8.30452931  -2.92849442  23.56223106 -10.32721543   7.71085391\n   28.25072461]]", "nfev": "423", "njev": "59", "status": "2", "success": "False", "message": "Desired error not necessarily achieved due to precision loss.", "x": "[-1.59591774  2.92829377  0.92982635  4.49602568  4.73946174  2.30360973]", "nit": "24", "callback": [0.5498978688356275, 0.4129498805153503, 0.3240636371610981, 0.2296247609453449, 0.12117422931355248, 0.07119072712705687, 0.06168391052879563, 0.05664965592295457, 0.051695519802526624, 0.05063688560952362, 0.04962502642423505, 0.04917706860181559, 0.04877130882825775, 0.04830684509393146, 0.04756213130278342, 0.046474761607463555, 0.045296184966839625, 0.044049512951297, 0.0437582248796341, 0.043725366713321834, 0.04371615789208416, 0.043715566167559006, 0.04371551266381313, 0.043715511838102405]}, "5": {"maxiter": 100, "gtol": 1e-10, "xrtol": 1e-05, "eps": 1e-10, "duration": 0.04974198341369629, "fun": "0.04371551179439859", "jac": "[ 0.00000000e+00  1.11022293e-06  2.22044587e-06 -3.33066880e-06\n  1.11022293e-06  3.33066880e-06]", "hess_inv": "[[  5.49934488  -1.06847744   8.67650913  -2.13829621   1.7888457\n    8.06160943]\n [ -1.06847744   2.89639064  -3.05166908   1.5625104    0.160801\n   -2.83458662]\n [  8.67650913  -3.05166908  28.04035692  -9.46128975   6.33982765\n   22.34759393]\n [ -2.13829621   1.5625104   -9.46128975   6.64806632  -2.77259661\n  -10.01845982]\n [  1.7888457    0.160801     6.33982765  -2.77259661   4.35460779\n    7.37849945]\n [  8.06160943  -2.83458662  22.34759393 -10.01845982   7.37849945\n   26.84604944]]", "nfev": "175", "njev": "25", "status": "0", "success": "True", "message": "Optimization terminated successfully.", "x": "[-1.59590598  2.92829416  0.92984824  4.49601892  4.73947003  2.30362865]", "nit": "24", "callback": [0.5498983317465341, 0.41295122325655487, 0.32406680997781867, 0.22962567998404726, 0.12117545607576341, 0.07119404499815407, 0.061684747787248306, 0.056651555912053175, 0.05169592902535669, 0.05063699989855752, 0.04962589174623111, 0.04917705165267361, 0.04877232697938538, 0.048307290045337625, 0.04756129031071166, 0.04647321080245259, 0.045296215030053544, 0.04404658970216657, 0.04375839465636644, 0.043725441614089644, 0.043716136911836956, 0.04371557288802408, 0.04371551230475568, 0.04371551179439859]}, "6": {"maxiter": 100, "gtol": 1e-10, "xrtol": 1e-10, "eps": 1e-05, "duration": 0.1252129077911377, "fun": "0.043715511838102405", "jac": "[ 8.64253114e-07 -7.49378337e-07 -2.10675921e-07  1.49180668e-07\n  1.67881264e-06 -5.93569638e-07]", "hess_inv": "[[  5.52700939  -1.10748238   8.86695001  -2.12102874   1.92245749\n    8.30452931]\n [ -1.10748238   2.91037864  -3.14449059   1.57719252   0.12616851\n   -2.92849442]\n [  8.86695001  -3.14449059  29.05808697  -9.69934495   6.67834855\n   23.56223106]\n [ -2.12102874   1.57719252  -9.69934495   6.72918251  -2.8022703\n  -10.32721543]\n [  1.92245749   0.12616851   6.67834855  -2.8022703    4.50943676\n    7.71085391]\n [  8.30452931  -2.92849442  23.56223106 -10.32721543   7.71085391\n   28.25072461]]", "nfev": "423", "njev": "59", "status": "2", "success": "False", "message": "Desired error not necessarily achieved due to precision loss.", "x": "[-1.59591774  2.92829377  0.92982635  4.49602568  4.73946174  2.30360973]", "nit": "24", "callback": [0.5498978688356275, 0.4129498805153503, 0.3240636371610981, 0.2296247609453449, 0.12117422931355248, 0.07119072712705687, 0.06168391052879563, 0.05664965592295457, 0.051695519802526624, 0.05063688560952362, 0.04962502642423505, 0.04917706860181559, 0.04877130882825775, 0.04830684509393146, 0.04756213130278342, 0.046474761607463555, 0.045296184966839625, 0.044049512951297, 0.0437582248796341, 0.043725366713321834, 0.04371615789208416, 0.043715566167559006, 0.04371551266381313, 0.043715511838102405]}, "7": {"maxiter": 100, "gtol": 1e-10, "xrtol": 1e-10, "eps": 1e-10, "duration": 0.07103610038757324, "fun": "0.04371551179439859", "jac": "[ 1.11022293e-06 -3.33066880e-06  0.00000000e+00  0.00000000e+00\n -2.22044587e-06 -2.22044587e-06]", "hess_inv": "[[ 4.52079934 -0.84628149  6.13618924 -0.27312012  1.81741942  4.79927452]\n [-0.84628149  2.86977043 -2.6055598   1.03492032 -0.07122427 -2.0826163 ]\n [ 6.13618924 -2.6055598  22.16255926 -4.04848999  7.65097628 13.8170938 ]\n [-0.27312012  1.03492032 -4.04848999  3.547333   -1.8422421  -3.84912669]\n [ 1.81741942 -0.07122427  7.65097628 -1.8422421   6.48805727  7.3677743 ]\n [ 4.79927452 -2.0826163  13.8170938  -3.84912669  7.3677743  15.97514111]]", "nfev": "252", "njev": "36", "status": "0", "success": "True", "message": "Optimization terminated successfully.", "x": "[-1.59590598  2.92829416  0.92984824  4.49601892  4.73947003  2.30362865]", "nit": "25", "callback": [0.5498983317465341, 0.41295122325655487, 0.32406680997781867, 0.22962567998404726, 0.12117545607576341, 0.07119404499815407, 0.061684747787248306, 0.056651555912053175, 0.05169592902535669, 0.05063699989855752, 0.04962589174623111, 0.04917705165267361, 0.04877232697938538, 0.048307290045337625, 0.04756129031071166, 0.04647321080245259, 0.045296215030053544, 0.04404658970216657, 0.04375839465636644, 0.043725441614089644, 0.043716136911836956, 0.04371557288802408, 0.04371551230475568, 0.04371551179439859, 0.04371551179439859]}, "8": {"maxiter": 500, "gtol": 1e-05, "xrtol": 1e-05, "eps": 1e-05, "duration": 0.05244278907775879, "fun": "0.043715511838102405", "jac": "[ 8.64253114e-07 -7.49378337e-07 -2.10675921e-07  1.49180668e-07\n  1.67881264e-06 -5.93569638e-07]", "hess_inv": "[[  5.64322836  -1.11551354   9.11352262  -2.2345228    1.98881795\n    8.59377974]\n [ -1.11551354   2.91064819  -3.16814579   1.59026036   0.12450227\n   -2.95720544]\n [  9.11352262  -3.16814579  29.4278625   -9.8190242    6.88681278\n   23.97372253]\n [ -2.2345228    1.59026036  -9.8190242    6.74436917  -2.92051813\n  -10.45000896]\n [  1.98881795   0.12450227   6.88681278  -2.92051813   4.51746634\n    7.96523434]\n [  8.59377974  -2.95720544  23.97372253 -10.45000896   7.96523434\n   28.70405625]]", "nfev": "175", "njev": "25", "status": "0", "success": "True", "message": "Optimization terminated successfully.", "x": "[-1.59591774  2.92829377  0.92982635  4.49602568  4.73946174  2.30360973]", "nit": "24", "callback": [0.5498978688356275, 0.4129498805153503, 0.3240636371610981, 0.2296247609453449, 0.12117422931355248, 0.07119072712705687, 0.06168391052879563, 0.05664965592295457, 0.051695519802526624, 0.05063688560952362, 0.04962502642423505, 0.04917706860181559, 0.04877130882825775, 0.04830684509393146, 0.04756213130278342, 0.046474761607463555, 0.045296184966839625, 0.044049512951297, 0.0437582248796341, 0.043725366713321834, 0.04371615789208416, 0.043715566167559006, 0.04371551266381313, 0.043715511838102405]}, "9": {"maxiter": 500, "gtol": 1e-05, "xrtol": 1e-05, "eps": 1e-10, "duration": 0.04838705062866211, "fun": "0.04371551179439859", "jac": "[ 0.00000000e+00  1.11022293e-06  2.22044587e-06 -3.33066880e-06\n  1.11022293e-06  3.33066880e-06]", "hess_inv": "[[  5.49934488  -1.06847744   8.67650913  -2.13829621   1.7888457\n    8.06160943]\n [ -1.06847744   2.89639064  -3.05166908   1.5625104    0.160801\n   -2.83458662]\n [  8.67650913  -3.05166908  28.04035692  -9.46128975   6.33982765\n   22.34759393]\n [ -2.13829621   1.5625104   -9.46128975   6.64806632  -2.77259661\n  -10.01845982]\n [  1.7888457    0.160801     6.33982765  -2.77259661   4.35460779\n    7.37849945]\n [  8.06160943  -2.83458662  22.34759393 -10.01845982   7.37849945\n   26.84604944]]", "nfev": "175", "njev": "25", "status": "0", "success": "True", "message": "Optimization terminated successfully.", "x": "[-1.59590598  2.92829416  0.92984824  4.49601892  4.73947003  2.30362865]", "nit": "24", "callback": [0.5498983317465341, 0.41295122325655487, 0.32406680997781867, 0.22962567998404726, 0.12117545607576341, 0.07119404499815407, 0.061684747787248306, 0.056651555912053175, 0.05169592902535669, 0.05063699989855752, 0.04962589174623111, 0.04917705165267361, 0.04877232697938538, 0.048307290045337625, 0.04756129031071166, 0.04647321080245259, 0.045296215030053544, 0.04404658970216657, 0.04375839465636644, 0.043725441614089644, 0.043716136911836956, 0.04371557288802408, 0.04371551230475568, 0.04371551179439859]}, "10": {"maxiter": 500, "gtol": 1e-05, "xrtol": 1e-10, "eps": 1e-05, "duration": 0.05907583236694336, "fun": "0.043715511838102405", "jac": "[ 8.64253114e-07 -7.49378337e-07 -2.10675921e-07  1.49180668e-07\n  1.67881264e-06 -5.93569638e-07]", "hess_inv": "[[  5.64322836  -1.11551354   9.11352262  -2.2345228    1.98881795\n    8.59377974]\n [ -1.11551354   2.91064819  -3.16814579   1.59026036   0.12450227\n   -2.95720544]\n [  9.11352262  -3.16814579  29.4278625   -9.8190242    6.88681278\n   23.97372253]\n [ -2.2345228    1.59026036  -9.8190242    6.74436917  -2.92051813\n  -10.45000896]\n [  1.98881795   0.12450227   6.88681278  -2.92051813   4.51746634\n    7.96523434]\n [  8.59377974  -2.95720544  23.97372253 -10.45000896   7.96523434\n   28.70405625]]", "nfev": "175", "njev": "25", "status": "0", "success": "True", "message": "Optimization terminated successfully.", "x": "[-1.59591774  2.92829377  0.92982635  4.49602568  4