{"date": "2024/10/29/, 14:51:37", "conf_id": 260, "data_type": "var_s_rank\n", "num_data_points": 2, "s_rank": 0, "unitary": "[[-0.45070455-0.02711853j,0.78437395-0.06613086j,0.06358678+0.19963393j,-0.07343613+0.35668523j],[-0.01890143-0.03813363j,0.32408202+0.25557629j,0.05872864-0.68979805j,0.55466693-0.20227297j],[-0.11215405+0.64023111j,-0.13344055+0.29565494j,-0.49012687-0.19046288j,-0.04241254+0.44046348j],[0.55771659+0.24656916j,0.31851997-0.05798805j,0.28761525-0.34294258j,-0.56718418+0.03616933j]]", "databatch_0": {"databatch": "[[[0.11067842-0.23369059j,0.29543997+0.05163451j,-0.40118674-0.12629645j,0.01409141+0.16147315j],[-0.09237282+0.10788091j,-0.14912507-0.0699903j,0.19439578+0.12481593j,0.01582896-0.08760926j],[0.04025872-0.28018594j,0.3256953-0.04144857j,-0.46042296-0.00247708j,0.06690993+0.16433834j],[-0.10694303-0.08449051j,0.06146662-0.14564406j,-0.11232417+0.19112937j,0.0846067+0.01186113j]],[[-0.28443653-0.24598507j,-0.15779924-0.05559217j,0.31622179-0.39786681j,-0.17587857-0.13817764j],[-0.30383503-0.02256301j,-0.12948774+0.04008197j,0.01344165-0.41154138j,-0.1811459-0.0048952j],[0.14161285-0.11060425j,0.04064941-0.06883732j,0.15728752+0.18502597j,0.08103695-0.06967834j],[0.15272427+0.07850801j,0.07601377+0.00766612j,-0.09745346+0.2106272j,0.09293516+0.0423655j]]]", "initial param values": "[3.72299766,3.90701198,1.78368661,0.28461202,1.15767073,0.21376244]", "nelder_mead": {"type": "gradient-free", "0": {"maxiter": 100, "fatol": 1e-05, "xatol": 1e-05, "duration": 0.3719453811645508, "fun": "0.283310207691004", "nit": "100", "nfev": "157", "status": "2", "success": "False", "message": "Maximum number of iterations has been exceeded.", "x": "[4.68576703 4.89439917 3.40770566 0.15846674 1.39410609 0.1379813 ]", "final_simplex": "(array([[4.68576703, 4.89439917, 3.40770566, 0.15846674, 1.39410609,\n        0.1379813 ],\n       [4.70019868, 4.82453029, 3.43837221, 0.16802296, 1.3674819 ,\n        0.1232264 ],\n       [4.6466909 , 4.83154662, 3.33792461, 0.14158595, 1.36151717,\n        0.16061423],\n       [4.67999035, 4.81511835, 3.34097115, 0.14427569, 1.35784678,\n        0.14803679],\n       [4.62717684, 4.8919368 , 3.46628568, 0.14452918, 1.34000618,\n        0.14194604],\n       [4.62947917, 4.93502914, 3.43739799, 0.13654747, 1.43289683,\n        0.16562634],\n       [4.67026689, 4.85950222, 3.38454092, 0.11942176, 1.34139047,\n        0.18094715]]), array([0.28331021, 0.28344897, 0.28364689, 0.28380177, 0.28448477,\n       0.28449972, 0.28481206]))", "callback": [0.5563841619608375, 0.45053544945147694, 0.38658427538821916, 0.33094120709640995, 0.30141557364344873, 0.2933362883402808, 0.2901089280936402, 0.28790480393250273, 0.2862161659188174, 0.2854481012379644]}, "1": {"maxiter": 100, "fatol": 1e-05, "xatol": 1e-10, "duration": 0.12068510055541992, "fun": "0.283310207691004", "nit": "100", "nfev": "157", "status": "2", "success": "False", "message": "Maximum number of iterations has been exceeded.", "x": "[4.68576703 4.89439917 3.40770566 0.15846674 1.39410609 0.1379813 ]", "final_simplex": "(array([[4.68576703, 4.89439917, 3.40770566, 0.15846674, 1.39410609,\n        0.1379813 ],\n       [4.70019868, 4.82453029, 3.43837221, 0.16802296, 1.3674819 ,\n        0.1232264 ],\n       [4.6466909 , 4.83154662, 3.33792461, 0.14158595, 1.36151717,\n        0.16061423],\n       [4.67999035, 4.81511835, 3.34097115, 0.14427569, 1.35784678,\n        0.14803679],\n       [4.62717684, 4.8919368 , 3.46628568, 0.14452918, 1.34000618,\n        0.14194604],\n       [4.62947917, 4.93502914, 3.43739799, 0.13654747, 1.43289683,\n        0.16562634],\n       [4.67026689, 4.85950222, 3.38454092, 0.11942176, 1.34139047,\n        0.18094715]]), array([0.28331021, 0.28344897, 0.28364689, 0.28380177, 0.28448477,\n       0.28449972, 0.28481206]))", "callback": [0.5563841619608375, 0.45053544945147694, 0.38658427538821916, 0.33094120709640995, 0.30141557364344873, 0.2933362883402808, 0.2901089280936402, 0.28790480393250273, 0.2862161659188174, 0.2854481012379644]}, "2": {"maxiter": 100, "fatol": 1e-10, "xatol": 1e-05, "duration": 0.12148070335388184, "fun": "0.283310207691004", "nit": "100", "nfev": "157", "status": "2", "success": "False", "message": "Maximum number of iterations has been exceeded.", "x": "[4.68576703 4.89439917 3.40770566 0.15846674 1.39410609 0.1379813 ]", "final_simplex": "(array([[4.68576703, 4.89439917, 3.40770566, 0.15846674, 1.39410609,\n        0.1379813 ],\n       [4.70019868, 4.82453029, 3.43837221, 0.16802296, 1.3674819 ,\n        0.1232264 ],\n       [4.6466909 , 4.83154662, 3.33792461, 0.14158595, 1.36151717,\n        0.16061423],\n       [4.67999035, 4.81511835, 3.34097115, 0.14427569, 1.35784678,\n        0.14803679],\n       [4.62717684, 4.8919368 , 3.46628568, 0.14452918, 1.34000618,\n        0.14194604],\n       [4.62947917, 4.93502914, 3.43739799, 0.13654747, 1.43289683,\n        0.16562634],\n       [4.67026689, 4.85950222, 3.38454092, 0.11942176, 1.34139047,\n        0.18094715]]), array([0.28331021, 0.28344897, 0.28364689, 0.28380177, 0.28448477,\n       0.28449972, 0.28481206]))", "callback": [0.5563841619608375, 0.45053544945147694, 0.38658427538821916, 0.33094120709640995, 0.30141557364344873, 0.2933362883402808, 0.2901089280936402, 0.28790480393250273, 0.2862161659188174, 0.2854481012379644]}, "3": {"maxiter": 100, "fatol": 1e-10, "xatol": 1e-10, "duration": 0.1206216812133789, "fun": "0.283310207691004", "nit": "100", "nfev": "157", "status": "2", "success": "False", "message": "Maximum number of iterations has been exceeded.", "x": "[4.68576703 4.89439917 3.40770566 0.15846674 1.39410609 0.1379813 ]", "final_simplex": "(array([[4.68576703, 4.89439917, 3.40770566, 0.15846674, 1.39410609,\n        0.1379813 ],\n       [4.70019868, 4.82453029, 3.43837221, 0.16802296, 1.3674819 ,\n        0.1232264 ],\n       [4.6466909 , 4.83154662, 3.33792461, 0.14158595, 1.36151717,\n        0.16061423],\n       [4.67999035, 4.81511835, 3.34097115, 0.14427569, 1.35784678,\n        0.14803679],\n       [4.62717684, 4.8919368 , 3.46628568, 0.14452918, 1.34000618,\n        0.14194604],\n       [4.62947917, 4.93502914, 3.43739799, 0.13654747, 1.43289683,\n        0.16562634],\n       [4.67026689, 4.85950222, 3.38454092, 0.11942176, 1.34139047,\n        0.18094715]]), array([0.28331021, 0.28344897, 0.28364689, 0.28380177, 0.28448477,\n       0.28449972, 0.28481206]))", "callback": [0.5563841619608375, 0.45053544945147694, 0.38658427538821916, 0.33094120709640995, 0.30141557364344873, 0.2933362883402808, 0.2901089280936402, 0.28790480393250273, 0.2862161659188174, 0.2854481012379644]}, "4": {"maxiter": 500, "fatol": 1e-05, "xatol": 1e-05, "duration": 0.5318472385406494, "fun": "0.23437692392461085", "nit": "426", "nfev": "682", "status": "0", "success": "True", "message": "Optimization terminated successfully.", "x": "[ 4.91523187  5.03779364  3.41178733  1.04322055  3.10617099 -1.01300235]", "final_simplex": "(array([[ 4.91523187,  5.03779364,  3.41178733,  1.04322055,  3.10617099,\n        -1.01300235],\n       [ 4.91523445,  5.03778907,  3.41178718,  1.04321876,  3.10617128,\n        -1.01300482],\n       [ 4.9152337 ,  5.03779113,  3.41178838,  1.04321966,  3.10616741,\n        -1.01300175],\n       [ 4.91523797,  5.0377977 ,  3.41178717,  1.04322296,  3.10617526,\n        -1.01299913],\n       [ 4.9152337 ,  5.03779571,  3.41178438,  1.04321605,  3.10617298,\n        -1.0130065 ],\n       [ 4.91523487,  5.03779888,  3.41178408,  1.04322897,  3.10617154,\n        -1.01300718],\n       [ 4.91523888,  5.03778965,  3.41178216,  1.04322661,  3.10617983,\n        -1.01300655]]), array([0.23437692, 0.23437692, 0.23437692, 0.23437692, 0.23437692,\n       0.23437692, 0.23437692]))", "callback": [0.5563841619608375, 0.45053544945147694, 0.38658427538821916, 0.33094120709640995, 0.30141557364344873, 0.2933362883402808, 0.2901089280936402, 0.28790480393250273, 0.2862161659188174, 0.2854481012379644, 0.28074119574317, 0.2744608433428891, 0.26533292324252433, 0.2517919778814629, 0.24445986922352492, 0.23681601037939304, 0.2361376235170387, 0.23604143138666245, 0.2359720242931156, 0.23594846196960972, 0.2358647209020589, 0.23561645163906597, 0.23509595973368014, 0.23476495518544427, 0.2347541933475561, 0.23472927260702847, 0.23472161370440314, 0.23470358016810366, 0.2346771505341525, 0.2346535991378298, 0.23463346453007872, 0.2345146807946914, 0.23440007137123264, 0.23438578586070902, 0.23437849080620532, 0.23437755552412565, 0.2343769601937984, 0.2343769601937984, 0.23437693133107995, 0.23437692488306316, 0.23437692405430455, 0.2343769239480895, 0.234376923926779]}, "5": {"maxiter": 500, "fatol": 1e-05, "xatol": 1e-10, "duration": 0.8059239387512207, "fun": "0.23437692391262155", "nit": "500", "nfev": "798", "status": "2", "success": "False", "message": "Maximum number of iterations has been exceeded.", "x": "[ 4.91523634  5.03779379  3.41179308  1.04322643  3.10617588 -1.01300548]", "final_simplex": "(array([[ 4.91523634,  5.03779379,  3.41179308,  1.04322643,  3.10617588,\n        -1.01300548],\n       [ 4.91523599,  5.03779361,  3.41179228,  1.04322661,  3.10617584,\n        -1.01300612],\n       [ 4.91523572,  5.03779369,  3.41179299,  1.04322623,  3.10617499,\n        -1.0130059 ],\n       [ 4.91523647,  5.03779317,  3.41179254,  1.04322717,  3.10617576,\n        -1.01300564],\n       [ 4.91523621,  5.03779429,  3.41179191,  1.04322667,  3.10617613,\n        -1.01300625],\n       [ 4.91523658,  5.03779373,  3.41179285,  1.0432284 ,  3.10617632,\n        -1.01300525],\n       [ 4.91523604,  5.03779374,  3.41179264,  1.04322649,  3.10617538,\n        -1.01300518]]), array([0.23437692, 0.23437692, 0.23437692, 0.23437692, 0.23437692,\n       0.23437692, 0.23437692]))", "callback": [0.5563841619608375, 0.45053544945147694, 0.38658427538821916, 0.33094120709640995, 0.30141557364344873, 0.2933362883402808, 0.2901089280936402, 0.28790480393250273, 0.2862161659188174, 0.2854481012379644, 0.28074119574317, 0.2744608433428891, 0.26533292324252433, 0.2517919778814629, 0.24445986922352492, 0.23681601037939304, 0.2361376235170387, 0.23604143138666245, 0.2359720242931156, 0.23594846196960972, 0.2358647209020589, 0.23561645163906597, 0.23509595973368014, 0.23476495518544427, 0.2347541933475561, 0.23472927260702847, 0.23472161370440314, 0.23470358016810366, 0.2346771505341525, 0.2346535991378298, 0.23463346453007872, 0.2345146807946914, 0.23440007137123264, 0.23438578586070902, 0.23437849080620532, 0.23437755552412565, 0.2343769601937984, 0.2343769601937984, 0.23437693133107995, 0.23437692488306316, 0.23437692405430455, 0.2343769239480895, 0.234376923926779, 0.23437692392176268, 0.2343769239198994, 0.2343769239184701, 0.23437692391659626, 0.23437692391423148, 0.2343769239130833, 0.23437692391274167]}, "6": {"maxiter": 500, "fatol": 1e-10, "xatol": 1e-05, "duration": 0.582815408706665, "fun": "0.23437692392461085", "nit": "426", "nfev": "682", "status": "0", "success": "True", "message": "Optimization terminated successfully.", "x": "[ 4.91523187  5.03779364  3.41178733  1.04322055  3.10617099 -1.01300235]", "final_simplex": "(array([[ 4.91523187,  5.03779364,  3.41178733,  1.04322055,  3.10617099,\n        -1.01300235],\n       [ 4.91523445,  5.03778907,  3.41178718,  1.04321876,  3.10617128,\n        -1.01300482],\n       [ 4.9152337 ,  5.03779113,  3.41178838,  1.04321966,  3.10616741,\n        -1.01300175],\n       [ 4.91523797,  5.0377977 ,  3.41178717,  1.04322296,  3.10617526,\n        -1.01299913],\n       [ 4.9152337 ,  5.03779571,  3.41178438,  1.04321605,  3.10617298,\n        -1.0130065 ],\n       [ 4.91523487,  5.03779888,  3.41178408,  1.04322897,  3.10617154,\n        -1.01300718],\n       [ 4.91523888,  5.03778965,  3.41178216,  1.04322661,  3.10617983,\n        -1.01300655]]), array([0.23437692, 0.23437692, 0.23437692, 0.23437692, 0.23437692,\n       0.23437692, 0.23437692]))", "callback": [0.5563841619608375, 0.45053544945147694, 0.38658427538821916, 0.33094120709640995, 0.30141557364344873, 0.2933362883402808, 0.2901089280936402, 0.28790480393250273, 0.2862161659188174, 0.2854481012379644, 0.28074119574317, 0.2744608433428891, 0.26533292324252433, 0.2517919778814629, 0.24445986922352492, 0.23681601037939304, 0.2361376235170387, 0.23604143138666245, 0.2359720242931156, 0.23594846196960972, 0.2358647209020589, 0.23561645163906597, 0.23509595973368014, 0.23476495518544427, 0.2347541933475561, 0.23472927260702847, 0.23472161370440314, 0.23470358016810366, 0.2346771505341525, 0.2346535991378298, 0.23463346453007872, 0.2345146807946914, 0.23440007137123264, 0.23438578586070902, 0.23437849080620532, 0.23437755552412565, 0.2343769601937984, 0.2343769601937984, 0.23437693133107995, 0.23437692488306316, 0.23437692405430455, 0.2343769239480895, 0.234376923926779]}, "7": {"maxiter": 500, "fatol": 1e-10, "xatol": 1e-10, "duration": 0.6419734954833984, "fun": "0.23437692391262155", "nit": "500", "nfev": "798", "status": "2", "success": "False", "message": "Maximum number of iterations has been exceeded.", "x": "[ 4.91523634  5.03779379  3.41179308  1.04322643  3.10617588 -1.01300548]", "final_simplex": "(array([[ 4.91523634,  5.03779379,  3.41179308,  1.04322643,  3.10617588,\n        -1.01300548],\n       [ 4.91523599,  5.03779361,  3.41179228,  1.04322661,  3.10617584,\n        -1.01300612],\n       [ 4.91523572,  5.03779369,  3.41179299,  1.04322623,  3.10617499,\n        -1.0130059 ],\n       [ 4.91523647,  5.03779317,  3.41179254,  1.04322717,  3.10617576,\n        -1.01300564],\n       [ 4.91523621,  5.03779429,  3.41179191,  1.04322667,  3.10617613,\n        -1.01300625],\n       [ 4.91523658,  5.03779373,  3.41179285,  1.0432284 ,  3.10617632,\n        -1.01300525],\n       [ 4.91523604,  5.03779374,  3.41179264,  1.04322649,  3.10617538,\n        -1.01300518]]), array([0.23437692, 0.23437692, 0.23437692, 0.23437692, 0.23437692,\n       0.23437692, 0.23437692]))", "callback": [0.5563841619608375, 0.45053544945147694, 0.38658427538821916, 0.33094120709640995, 0.30141557364344873, 0.2933362883402808, 0.2901089280936402, 0.28790480393250273, 0.2862161659188174, 0.2854481012379644, 0.28074119574317, 0.2744608433428891, 0.26533292324252433, 0.2517919778814629, 0.24445986922352492, 0.23681601037939304, 0.2361376235170387, 0.23604143138666245, 0.2359720242931156, 0.23594846196960972, 0.2358647209020589, 0.23561645163906597, 0.23509595973368014, 0.23476495518544427, 0.2347541933475561, 0.23472927260702847, 0.23472161370440314, 0.23470358016810366, 0.2346771505341525, 0.2346535991378298, 0.23463346453007872, 0.2345146807946914, 0.23440007137123264, 0.23438578586070902, 0.23437849080620532, 0.23437755552412565, 0.2343769601937984, 0.2343769601937984, 0.23437693133107995, 0.23437692488306316, 0.23437692405430455, 0.2343769239480895, 0.234376923926779, 0.23437692392176268, 0.2343769239198994, 0.2343769239184701, 0.23437692391659626, 0.23437692391423148, 0.2343769239130833, 0.23437692391274167]}, "8": {"maxiter": 1000, "fatol": 1e-05, "xatol": 1e-05, "duration": 0.5594604015350342, "fun": "0.23437692392461085", "nit": "426", "nfev": "682", "status": "0", "success": "True", "message": "Optimization terminated successfully.", "x": "[ 4.91523187  5.03779364  3.41178733  1.04322055  3.10617099 -1.01300235]", "final_simplex": "(array([[ 4.91523187,  5.03779364,  3.41178733,  1.04322055,  3.10617099,\n        -1.01300235],\n       [ 4.91523445,  5.03778907,  3.41178718,  1.04321876,  3.10617128,\n        -1.01300482],\n       [ 4.9152337 ,  5.03779113,  3.41178838,  1.04321966,  3.10616741,\n        -1.01300175],\n       [ 4.91523797,  5.0377977 ,  3.41178717,  1.04322296,  3.10617526,\n        -1.01299913],\n       [ 4.9152337 ,  5.03779571,  3.41178438,  1.04321605,  3.10617298,\n        -1.0130065 ],\n       [ 4.91523487,  5.03779888,  3.41178408,  1.04322897,  3.10617154,\n        -1.01300718],\n       [ 4.91523888,  5.03778965,  3.41178216,  1.04322661,  3.10617983,\n        -1.01300655]]), array([0.23437692, 0.23437692, 0.23437692, 0.23437692, 0.23437692,\n       0.23437692, 0.23437692]))", "callback": [0.5563841619608375, 0.45053544945147694, 0.38658427538821916, 0.33094120709640995, 0.30141557364344873, 0.2933362883402808, 0.2901089280936402, 0.28790480393250273, 0.2862161659188174, 0.2854481012379644, 0.28074119574317, 0.2744608433428891, 0.26533292324252433, 0.2517919778814629, 0.24445986922352492, 0.23681601037939304, 0.2361376235170387, 0.23604143138666245, 0.2359720242931156, 0.23594846196960972, 0.2358647209020589, 0.23561645163906597, 0.23509595973368014, 0.23476495518544427, 0.2347541933475561, 0.23472927260702847, 0.23472161370440314, 0.23470358016810366, 0.2346771505341525, 0.2346535991378298, 0.23463346453007872, 0.2345146807946914, 0.23440007137123264, 0.23438578586070902, 0.23437849080620532, 0.23437755552412565, 0.2343769601937984, 0.2343769601937984, 0.23437693133107995, 0.23437692488306316, 0.23437692405430455, 0.2343769239480895, 0.234376923926779]}, "9": {"maxiter": 1000, "fatol": 1e-05, "xatol": 1e-10, "duration": 0.9470484256744385, "fun": "0.2343769239124256", "nit": "590", "nfev": "999", "status": "0", "success": "True", "message": "Optimization terminated successfully.", "x": "[ 4.91523666  5.03779416  3.4117931   1.04322704  3.10617642 -1.01300656]", "final_simplex": "(array([[ 4.91523666,  5.03779416,  3.4117931 ,  1.04322704,  3.10617642,\n        -1.01300656],\n       [ 4.91523666,  5.03779416,  3.4117931 ,  1.04322704,  3.10617642,\n        -1.01300656],\n       [ 4.91523666,  5.03779416,  3.4117931 ,  1.04322704,  3.10617642,\n        -1.01300656],\n       [ 4.91523666,  5.03779416,  3.4117931 ,  1.04322704,  3.10617642,\n        -1.01300656],\n       [ 4.91523666,  5.03779416,  3.4117931 ,  1.04322704,  3.10617642,\n        -1.01300656],\n       [ 4.91523666,  5.03779416,  3.4117931 ,  1.04322704,  3.10617642,\n        -1.01300656],\n       [ 4.91523666,  5.03779416,  3.4117931 ,  1.04322704,  3.10617642,\n        -1.01300656]]), array([0.23437692, 0.23437692, 0.23437692, 0.23437692, 0.23437692,\n       0.23437692, 0.23437692]))", "callback": [0.5563841619608375, 0.45053544945147694, 0.38658427538821916, 0.33094120709640995, 0.30141557364344873, 0.2933362883402808, 0.2901089280936402, 0.28790480393250273, 0.2862161659188174, 0.2854481012379644, 0.28074119574317, 0.2744608433428891, 0.26533292324252433, 0.2517919778814629, 0.24445986922352492, 0.23681601037939304, 0.2361376235170387, 0.23604143138666245, 0.2359720242931156, 0.23594846196960972, 0.2358647209020589, 0.23561645163906597, 0.23509595973368014, 0.23476495518544427, 0.2347541933475561, 0.23472927260702847, 0.23472161370440314, 0.23470358016810366, 0.2346771505341525, 0.2346535991378298, 0.23463346453007872, 0.2345146807946914, 0.23440007137123264, 0.23438578586070902, 0.23437849080620532, 0.23437755552412565, 0.2343769601937984, 0.2343769601937984, 0.23437693133107995, 0.23437692488306316, 0.23437692405430455, 0.2343769239480895, 0.234376923926779, 0.23437692392176268, 0.2343769239198994, 0.2343769239184701, 0.23437692391659626, 0.23437692391423148, 0.2343769239130833, 0.23437692391274167, 0.23437692391250775, 0.234376923912469, 0.2343769239124467, 0.23437692391243048, 0.23437692391242726, 0.23437692391242615, 0.23437692391242593, 0.2343769239124256, 0.2343769239124256]}, "10": {"maxiter": 1000, "fatol": 1e-10, "xatol": 1e-05, "duration": 0.6713228225708008, "fun": "0.23437692392461085", "nit": "426", "nfev": "682", "status": "0", "success": "True", "message": "Optimization terminated successfully.", "x": "[ 4.91523187  5.03779364  3.41178733  1.04322055  3.10617099 -1.01300235]", "final_simplex": "(array([[ 4.91523187,  5.03779364,  3.41178733,  1.04322055,  3.10617099,\n        -1.01300235],\n       [ 4.91523445,  5.03778907,  3.41178718,  1.04321876,  3.10617128,\n        -1.01300482],\n       [ 4.9152337 ,  5.03779113,  3.41178838,  1.04321966,  3.10616741,\n        -1.01300175],\n       [ 4.91523797,  5.0377977 ,  3.41178717,  1.04322296,  3.10617526,\n        -1.01299913],\n       [ 4.9152337 ,  5.03779571,  3.41178438,  1.04321605,  3.10617298,\n        -1.0130065 ],\n       [ 4.91523487,  5.03779888,  3.41178408,  1.04322897,  3.10617154,\n        -1.01300718],\n       [ 4.91523888,  5.03778965,  3.41178216,  1.04322661,  3.10617983,\n        -1.01300655]]), array([0.23437692, 0.23437692, 0.23437692, 0.23437692, 0.23437692,\n       0.23437692, 0.23437692]))", "callback": [0.5563841619608375, 0.45053544945147694, 0.38658427538821916, 0.33094120709640995, 0.30141557364344873, 0.2933362883402808, 0.2901089280936402, 0.28790480393250273, 0.2862161659188174, 0.2854481012379644, 0.28074119574317, 0.2744608433428891, 0.26533292324252433, 0.2517919778814629, 0.24445986922352492, 0.23681601037939304, 0.2361376235170387, 0.23604143138666245, 0.2359720242931156, 0.23594846196960972, 0.2358647209020589, 0.23561645163906597, 0.23509595973368014, 0.23476495518544427, 0.2347541933475561, 0.23472927260702847, 0.23472161370440314, 0.23470358016810366, 0.2346771505341525, 0.2346535991378298, 0.23463346453007872, 0.2345146807946914, 0.23440007137123264, 0.23438578586070902, 0.23437849080620532, 0.23437755552412565, 0.2343769601937984, 0.2343769601937984, 0.23437693133107995, 0.23437692488306316, 0.23437692405430455, 0.2343769239480895, 0.234376923926779]}, "11": {"maxiter": 1000, "fatol": 1e-10, "xatol": 1e-10, "duration": 1.5482220649719238, "fun": "0.2343769239124256", "nit": "590", "nfev": "999", "status": "0", "success": "True", "message": "Optimization terminated successfully.", "x": "[ 4.91523666  5.03779416  3.4117931   1.04322704  3.10617642 -1.01300656]", "final_simplex": "(array([[ 4.91523666,  5.03779416,  3.4117931 ,  1.04322704,  3.10617642,\n        -1.01300656],\n       [ 4.91523666,  5.03779416,  3.4117931 ,  1.04322704,  3.10617642,\n        -1.01300656],\n       [ 4.91523666,  5.03779416,  3.4117931 ,  1.04322704,  3.10617642,\n        -1.01300656],\n       [ 4.91523666,  5.03779416,  3.4117931 ,  1.04322704,  3.10617642,\n        -1.01300656],\n       [ 4.91523666,  5.03779416,  3.4117931 ,  1.04322704,  3.10617642,\n        -1.01300656],\n       [ 4.91523666,  5.03779416,  3.4117931 ,  1.04322704,  3.10617642,\n        -1.01300656],\n       [ 4.91523666,  5.03779416,  3.4117931 ,  1.04322704,  3.10617642,\n        -1.01300656]]), array([0.23437692, 0.23437692, 0.23437692, 0.23437692, 0.23437692,\n       0.23437692, 0.23437692]))", "callback": [0.5563841619608375, 0.45053544945147694, 0.38658427538821916, 0.33094120709640995, 0.30141557364344873, 0.2933362883402808, 0.2901089280936402, 0.28790480393250273, 0.2862161659188174, 0.2854481012379644, 0.28074119574317, 0.2744608433428891, 0.26533292324252433, 0.2517919778814629, 0.24445986922352492, 0.23681601037939304, 0.2361376235170387, 0.23604143138666245, 0.2359720242931156, 0.23594846196960972, 0.2358647209020589, 0.23561645163906597, 0.23509595973368014, 0.23476495518544427, 0.2347541933475561, 0.23472927260702847, 0.23472161370440314, 0.23470358016810366, 0.2346771505341525, 0.2346535991378298, 0.23463346453007872, 0.2345146807946914, 0.23440007137123264, 0.23438578586070902, 0.23437849080620532, 0.23437755552412565, 0.2343769601937984, 0.2343769601937984, 0.23437693133107995, 0.23437692488306316, 0.23437692405430455, 0.2343769239480895, 0.234376923926779, 0.23437692392176268, 0.2343769239198994, 0.2343769239184701, 0.23437692391659626, 0.23437692391423148, 0.2343769239130833, 0.23437692391274167, 0.23437692391250775, 0.234376923912469, 0.2343769239124467, 0.23437692391243048, 0.23437692391242726, 0.23437692391242615, 0.23437692391242593, 0.2343769239124256, 0.2343769239124256]}}, "bfgs": {"type": "gradient", "0": {"maxiter": 100, "gtol": 1e-05, "xrtol": 1e-05, "eps": 1e-05, "duration": 0.3508589267730713, "fun": "0.23437692400113064", "jac": "[ 6.94311275e-07 -3.54849483e-07  1.18040022e-06  1.24846800e-06\n -2.10056417e-06 -1.11113341e-06]", "hess_inv": "[[ 3.94432163  0.92639584  0.04017062  2.36793023  2.49080939  0.71806425]\n [ 0.92639584  8.44942337 -0.82415265 -0.13166425  3.57608829 -0.40001596]\n [ 0.04017062 -0.82415265  5.13025135  0.02826348 -0.98460642  1.24186269]\n [ 2.36793023 -0.13166425  0.02826348  8.6923525   3.91658391  1.37134458]\n [ 2.49080939  3.57608829 -0.98460642  3.91658391  7.77486338 -1.07493322]\n [ 0.71806425 -0.40001596  1.24186269  1.37134458 -1.07493322  4.72960565]]", "nfev": "224", "njev": "32", "status": "0", "success": "True", "message": "Optimization terminated successfully.", "x": "[ 4.91522129  5.03776772  3.41179692  1.04321231  3.10614237 -1.01301357]", "nit": "28", "callback": [0.4126935858031636, 0.33783387533025544, 0.31684094922841766, 0.29167610307816105, 0.288736000316701, 0.28520164807587123, 0.2820903029257378, 0.2801545140033306, 0.27904270789421504, 0.27820860145589865, 0.2774142307079387, 0.27608771796930665, 0.273724282084191, 0.26952018607820527, 0.26451354869618915, 0.26011187504163513, 0.25210100896972054, 0.24085629700691347, 0.2361361879260595, 0.23465737186227265, 0.23444642999510612, 0.23440214305491724, 0.23437768673733772, 0.23437711477887035, 0.2343769866724953, 0.23437694044301294, 0.23437692498105367, 0.23437692400113064]}, "1": {"maxiter": 100, "gtol": 1e-05, "xrtol": 1e-05, "eps": 1e-10, "duration": 0.35037875175476074, "fun": "0.23437692412900946", "jac": "[-2.22044587e-06  5.55111466e-06  8.88178346e-06  6.66133760e-06\n  2.22044587e-06  2.22044587e-06]", "hess_inv": "[[ 3.34747301  0.29928251  0.03326138  1.89439897  1.86557279  0.51714614]\n [ 0.29928251  8.23651571 -0.58458687 -0.29106023  3.40922795 -0.48690341]\n [ 0.03326138 -0.58458687  5.1766703   0.14005468 -0.73353559  1.25515837]\n [ 1.89439897 -0.29106023  0.14005468  8.53682977  3.78134013  1.26575496]\n [ 1.86557279  3.40922795 -0.73353559  3.78134013  7.63437643 -1.15435255]\n [ 0.51714614 -0.48690341  1.25515837  1.26575496 -1.15435255  4.64579825]]", "nfev": "224", "njev": "32", "status": "0", "success": "True", "message": "Optimization terminated successfully.", "x": "[ 4.91524789  5.03781865  3.41181456  1.04327047  3.10620706 -1.01300009]", "nit": "28", "callback": [0.4126927380920259, 0.337832929243978, 0.31683968172399213, 0.291675418406917, 0.2887354631973562, 0.2852012051464792, 0.28208924169657357, 0.2801550775357502, 0.2790424042078662, 0.27820858085869793, 0.2774136198007364, 0.27608633522185055, 0.2737219234435344, 0.26951646295454124, 0.26451301353204903, 0.2601091635336963, 0.25209297089296034, 0.24082002548757242, 0.2361680632473403, 0.2346584103178515, 0.23444691619157043, 0.23440225693519856, 0.23437771098138216, 0.23437711806186323, 0.2343769875503483, 0.23437694145806853, 0.23437692553163458, 0.23437692412900946]}, "2": {"maxiter": 100, "gtol": 1e-05, "xrtol": 1e-10, "eps": 1e-05, "duration": 0.3469715118408203, "fun": "0.23437692400113064", "jac": "[ 6.94311275e-07 -3.54849483e-07  1.18040022e-06  1.24846800e-06\n -2.10056417e-06 -1.11113341e-06]", "hess_inv": "[[ 3.94432163  0.92639584  0.04017062  2.36793023  2.49080939  0.71806425]\n [ 0.92639584  8.44942337 -0.82415265 -0.13166425  3.57608829 -0.40001596]\n [ 0.04017062 -0.82415265  5.13025135  0.02826348 -0.98460642  1.24186269]\n [ 2.36793023 -0.13166425  0.02826348  8.6923525   3.91658391  1.37134458]\n [ 2.49080939  3.57608829 -0.98460642  3.91658391  7.77486338 -1.07493322]\n [ 0.71806425 -0.40001596  1.24186269  1.37134458 -1.07493322  4.72960565]]", "nfev": "224", "njev": "32", "status": "0", "success": "True", "message": "Optimization terminated successfully.", "x": "[ 4.91522129  5.03776772  3.41179692  1.04321231  3.10614237 -1.01301357]", "nit": "28", "callback": [0.4126935858031636, 0.33783387533025544, 0.31684094922841766, 0.29167610307816105, 0.288736000316701, 0.28520164807587123, 0.2820903029257378, 0.2801545140033306, 0.27904270789421504, 0.27820860145589865, 0.2774142307079387, 0.27608771796930665, 0.273724282084191, 0.26952018607820527, 0.26451354869618915, 0.26011187504163513, 0.25210100896972054, 0.24085629700691347, 0.2361361879260595, 0.23465737186227265, 0.23444642999510612, 0.23440214305491724, 0.23437768673733772, 0.23437711477887035, 0.2343769866724953, 0.23437694044301294, 0.23437692498105367, 0.23437692400113064]}, "3": {"maxiter": 100, "gtol": 1e-05, "xrtol": 1e-10, "eps": 1e-10, "duration": 0.3503410816192627, "fun": "0.23437692412900946", "jac": "[-2.22044587e-06  5.55111466e-06  8.88178346e-06  6.66133760e-06\n  2.22044587e-06  2.22044587e-06]", "hess_inv": "[[ 3.34747301  0.29928251  0.03326138  1.89439897  1.86557279  0.51714614]\n [ 0.29928251  8.23651571 -0.58458687 -0.29106023  3.40922795 -0.48690341]\n [ 0.03326138 -0.58458687  5.1766703   0.14005468 -0.73353559  1.25515837]\n [ 1.89439897 -0.29106023  0.14005468  8.53682977  3.78134013  1.26575496]\n [ 1.86557279  3.40922795 -0.73353559  3.78134013  7.63437643 -1.15435255]\n [ 0.51714614 -0.48690341  1.25515837  1.26575496 -1.15435255  4.64579825]]", "nfev": "224", "njev": "32", "status": "0", "success": "True", "message": "Optimization terminated successfully.", "x": "[ 4.91524789  5.03781865  3.41181456  1.04327047  3.10620706 -1.01300009]", "nit": "28", "callback": [0.4126927380920259, 0.337832929243978, 0.31683968172399213, 0.291675418406917, 0.2887354631973562, 0.2852012051464792, 0.28208924169657357, 0.2801550775357502, 0.2790424042078662, 0.27820858085869793, 0.2774136198007364, 0.27608633522185055, 0.2737219234435344, 0.26951646295454124, 0.26451301353204903, 0.2601091635336963, 0.25209297089296034, 0.24082002548757242, 0.2361680632473403, 0.2346584103178515, 0.23444691619157043, 0.23440225693519856, 0.23437771098138216, 0.23437711806186323, 0.2343769875503483, 0.23437694145806853, 0.23437692553163458, 0.23437692412900946]}, "4": {"maxiter": 100, "gtol": 1e-10, "xrtol": 1e-05, "eps": 1e-05, "duration": 0.35278916358947754, "fun": "0.23437692396260612", "jac": "[-2.95652391e-07 -1.18949295e-07 -2.02282635e-08  7.84816656e-08\n  9.10160836e-08 -5.55999691e-08]", "hess_inv": "[[ 3.89396338  0.90043921  0.17728806  2.38024224  2.41330772  0.74890179]\n [ 0.90043921  9.21194843 -1.16418653 -0.32795549  4.29376731 -0.4177391 ]\n [ 0.17728806 -1.16418653  4.97430361  0.10200195 -1.17461648  1.17569204]\n [ 2.38024224 -0.32795549  0.10200195  8.7422637   3.73766829  1.37258493]\n [ 2.41330772  4.29376731 -1.17461648  3.73766829  8.39536712 -1.06030014]\n [ 0.74890179 -0.4177391   1.17569204  1.37258493 -1.06030014  4.71217846]]", "nfev": "231", "njev": "33", "status": "0", "success": "True", "message": "Optimization terminated successfully.", "x": "[ 4.91522163  5.0377807   3.41178923  1.04320889  3.1061554  -1.01301433]", "nit": "29", "callback": [0.4126935858031636, 0.33783387533025544, 0.31684094922841766, 0.29167610307816105, 0.288736000316701, 0.28520164807587123, 0.2820903029257378, 0.2801545140033306, 0.27904270789421504, 0.27820860145589865, 0.2774142307079387, 0.27608771796930665, 0.273724282084191, 0.26952018607820527, 0.26451354869618915, 0.26011187504163513, 0.25210100896972054, 0.24085629700691347, 0.2361361879260595, 0.23465737186227265, 0.23444642999510612, 0.23440214305491724, 0.23437768673733772, 0.23437711477887035, 0.2343769866724953, 0.23437694044301294, 0.23437692498105367, 0.23437692400113064, 0.23437692396260612]}, "5": {"maxiter": 100, "gtol": 1e-10, "xrtol": 1e-05, "eps": 1e-10, "duration": 0.37622833251953125, "fun": "0.23437692393044884", "jac": "[ 1.11022293e-06 -1.11022293e-06 -3.33066880e-06  1.11022293e-06\n -1.11022293e-06 -2.22044587e-06]", "hess_inv": "[[ 3.29491179  0.10996611 -0.1539962   1.62878616  1.66251173  0.41833726]\n [ 0.10996611  7.7760684  -1.53058981 -1.64485171  2.79238442 -0.90693626]\n [-0.1539962  -1.53058981  4.84249903 -0.31929555 -1.59743371  0.98178731]\n [ 1.62878616 -1.64485171 -0.31929555  7.906696    2.54977614  0.88145633]\n [ 1.66251173  2.79238442 -1.59743371  2.54977614  6.90913964 -1.56926243]\n [ 0.41833726 -0.90693626  0.98178731  0.88145633 -1.56926243  4.47862783]]", "nfev": "231", "njev": "33", "status": "0", "success": "True", "message": "Optimization terminated successfully.", "x": "[ 4.91524049  5.03779609  3.4117832   1.04322577  3.1061806  -1.01301518]", "nit": "29", "callback": [0.4126927380920259, 0.337832929243978, 0.31683968172399213, 0.291675418406917, 0.2887354631973562, 0.2852012051464792, 0.28208924169657357, 0.2801550775357502, 0.2790424042078662, 0.27820858085869793, 0.2774136198007364, 0.27608633522185055, 0.2737219234435344, 0.26951646295454124, 0.26451301353204903, 0.2601091635336963, 0.25209297089296034, 0.24082002548757242, 0.2361680632473403, 0.2346584103178515, 0.23444691619157043, 0.23440225693519856, 0.23437771098138216, 0.23437711806186323, 0.2343769875503483, 0.23437694145806853, 0.23437692553163458, 0.23437692412900946, 0.23437692393044884]}, "6": {"maxiter": 100, "gtol": 1e-10, "xrtol": 1e-10, "eps": 1e-05, "duration": 0.7499561309814453, "fun": "0.23437692395919463", "jac": "[ 1.55431223e-08  2.51243470e-08  2.70783396e-08 -4.97379915e-09\n -1.03139719e-08  7.91589017e-09]", "hess_inv": "[[ 3.8942353   0.94215834 -0.19793586  2.35659853  2.67658047  0.64347138]\n [ 0.94215834  9.23337696 -1.558903   -0.35023155  4.53726399 -0.51753259]\n [-0.19793586 -1.558903    4.85676201  0.21825953 -1.18110766  0.97679183]\n [ 2.35659853 -0.35023155  0.21825953  8.75343969  3.66093289  1.3965718 ]\n [ 2.67658047  4.53726399 -1.18110766  3.66093289  8.43457389 -0.95038512]\n [ 0.64347138 -0.51753259  0.97679183  1.3965718  -0.95038512  4.60886341]]", "nfev": "488", "njev": "68", "status": "2", "success": "False", "message": "Desired error not necessarily achieved due to precision loss.", "x": "[ 4.91522254  5.03778179  3.41178933  1.04320857  3.10615561 -1.01301388]", "nit": "30", "callback": [0.4126935858031636, 0.33783387533025544, 0.31684094922841766, 0.29167610307816105, 0.288736000316701, 0.28520164807587123, 0.2820903029257378, 0.2801545140033306, 0.27904270789421504, 0.27820860145589865, 0.2774142307079387, 0.27608771796930665, 0.273724282084191, 0.26952018607820527, 0.26451354869618915, 0.26011187504163513, 0.25210100896972054, 0.24085629700691347, 0.2361361879260595, 0.23465737186227265, 0.23444642999510612, 0.23440214305491724, 0.23437768673733772, 0.23437711477887035, 0.2343769866724953, 0.23437694044301294, 0.23437692498105367, 0.23437692400113064, 0.23437692396260612, 0.23437692395919463]}, "7": {"maxiter": 100, "gtol": 1e-10, "xrtol": 1e-10, "eps": 1e-10, "duration": 0.45816755294799805, "fun": "0.2343769239241149", "jac": "[ 0.00000000e+00  0.00000000e+00  0.00000000e+00 -2.22044587e-06\n  1.11022293e-06  0.00000000e+00]", "hess_inv": "[[ 2.23661283  0.74361236  0.84034808 -0.71775506  0.94451425  0.53993066]\n [ 0.74361236  8.04348602  0.10498718 -0.97030782  2.8375954   0.69716996]\n [ 0.84034808  0.10498718 11.98343525 -1.04215587 -2.51007663  7.02668148]\n [-0.71775506 -0.97030782 -1.04215587  3.96678234  1.67169317 -1.14536202]\n [ 0.94451425  2.8375954  -2.51007663  1.67169317  6.82909722 -2.74099311]\n [ 0.53993066  0.69716996  7.02668148 -1.14536202 -2.74099311  9.18236216]]", "nfev": "301", "njev": "43", "status": "0", "success": "True", "message": "Optimization terminated successfully.", "x": "[ 4.91523741  5.03780012  3.41179439  1.04321564  3.10617668 -1.0130084 ]", "nit": "31", "callback": [0.4126927380920259, 0.337832929243978, 0.31683968172399213, 0.291675418406917, 0.2887354631973562, 0.2852012051464792, 0.28208924169657357, 0.2801550775357502, 0.2790424042078662, 0.27820858085869793, 0.2774136198007364, 0.27608633522185055, 0.2737219234435344, 0.26951646295454124, 0.26451301353204903, 0.2601091635336963, 0.25209297089296034, 0.24082002548757242, 0.2361680632473403, 0.2346584103178515, 0.23444691619157043, 0.23440225693519856, 0.23437771098138216, 0.23437711806186323, 0.2343769875503483, 0.23437694145806853, 0.23437692553163458, 0.23437692412900946, 0.23437692393044884, 0.2343769239241149, 0.2343769239241149]}, "8": {"maxiter": 500, "gtol": 1e-05, "xrtol": 1e-05, "eps": 1e-05, "duration": 0.25567030906677246, "fun": "0.23437692400113064", "jac": "[ 6.94311275e-07 -3.54849483e-07  1.18040022e-06  1.24846800e-06\n -2.10056417e-06 -1.11113341e-06]", "hess_inv": "[[ 3.94432163  0.92639584  0.04017062  2.36793023  2.49080939  0.71806425]\n [ 0.92639584  8.44942337 -0.82415265 -0.13166425  3.57608829 -0.40001596]\n [ 0.04017062 -0.82415265  5.13025135  0.02826348 -0.98460642  1.24186269]\n [ 2.36793023 -0.13166425  0.02826348  8.6923525   3.91658391  1.37134458]\n [ 2.49080939  3.57608829 -0.98460642  3.91658391  7.77486338 -1.07493322]\n [ 0.71806425 -0.40001596  1.24186269  1.37134458 -1.07493322  4.72960565]]", "nfev": "224", "njev": "32", "status": "0", "success": "True", "message": "Optimization terminated successfully.", "x": "[ 4.91522129  5.03776772  3.41179692  1.04321231  3.10614237 -1.01301357]", "nit": "28", "callback": [0.4126935858031636, 0.33783387533025544, 0.31684094922841766, 0.29167610307816105, 0.288736000316701, 0.28520164807587123, 0.2820903029257378, 0.2801545140033306, 0.27904270789421504, 0.27820860145589865, 0.2774142307079387, 0.27608771796930665, 0.273724282084191, 0.26952018607820527, 0.26451354869618915, 0.26011187504163513, 0.25210100896972054, 0.24085629700691347, 0.2361361879260595, 0.23465737186227265, 0.23444642999510612, 0.23440214305491724, 0.23437768673733772, 0.23437711477887035, 0.2343769866724953, 0.23437694044301294, 0.23437692498105367, 0.23437692400113064]}, "9": {"maxiter": 500, "gtol": 1e-05, "xrtol": 1e-05, "eps": 1e-10, "duration": 0.17614173889160156, "fun": "0.23437692412900946", "jac": "[-2.22044587e-06  5.55111466e-06  8.88178346e-06  6.66133760e-06\n  2.22044587e-06  2.22044587e-06]", "hess_inv": "[[ 3.34747301  0.29928251  0.03326138  1.89439897  1.86557279  0.51714614]\n [ 0.29928251  8.23651571 -0.58458687 -0.29106023  3.40922795 -0.48690341]\n [ 0.03326138 -0.58458687  5.1766703   0.14005468 -0.73353559  1.25515837]\n [ 1.89439897 -0.29106023  0.14005468  8.53682977  3.78134013  1.26575496]\n [ 1.86557279  3.40922795 -0.73353559  3.78134013  7.63437643 -1.15435255]\n [ 0.51714614 -0.48690341  1.25515837  1.26575496 -1.15435255  4.64579825]]", "nfev": "224", "njev": "32", "status": "0", "success": "True", "message": "Optimization terminated successfully.", "x": "[ 4.91524789  5.03781865  3.41181456  1.04327047  3.10620706 -1.01300009]", "nit": "28", "callback": [0.4126927380920259, 0.337832929243978, 0.31683968172399213, 0.291675418406917, 0.2887354631973562, 0.2852012051464792, 0.28208924169657357, 0.2801550775357502, 0.2790424042078662, 0.27820858085869793, 0.2774136198007364, 0.27608633522185055, 0.2737219234435344, 0.26951646295454124, 0.26451301353204903, 0.2601091635336963, 0.25209297089296034, 0.24082002548757242, 0.2361680632473403, 0.2346584103178515, 0.23444691619157043, 0.23440225693519856, 0.23437771098138216, 0.23437711806186323, 0.2343769875503483, 0.23437694145806853, 0.23437692553163458, 0.23437692412900946]}, "10": {"maxiter": 500, "gtol": 1e-05, "xrtol": 1e-10, "eps": 1e-05, "duration": 0.1749262809753418, "fun": "0.23437692400113064", "jac": "[ 6.94311275e-07 -3.54849483e-07  1.18040022e-06  1.24846800e-06\n -2.10056417e-06 -1.11113341e-06]", "hess_inv": "[[ 3.94432163  0.92639584  0.04017062  2.36793023  2.49080939  0.71806425]\n [ 0.92639584  8.44942337 -0.82415265 -0.13166425  3.57608829 -0.40001596]\n [ 0.04017062 -0.82415265  5.13025135  0.02826348 -0.98460642  1.24186269]\n [ 2.36793023 -0.13166425  0.02826348  8.6923525   3.91658391  1.37134458]\n [ 2.49080939  3.57608829 -0.98460642  3.91658391  7.77486338 -1.07493322]\n [ 0.71806425 -0.40001596  1.24186269  1.37134458 -1.07493322  4.72960565]]", "nfev": "224", "njev": "32", "status": "0", "success": "True", "message": "Optimization terminated successfully.", "x": "[ 4.91522129  5.03776772  3.41179692  1.04321231  3.10614237 -1.01301357]", "nit": "28", "callback": [0.4126935858031636, 0.33783387533025544, 0.31684094922841766, 0.291