{"date": "2024/09/25/, 01:42:14", "conf_id": 103, "data_type": "orthogonal\n", "num_data_points": 2, "s_rank": 0, "unitary": "[[-0.53618537-0.34368723j,-0.12107031-0.46226139j,-0.07699282-0.46603512j,0.36022595-0.11472301j],[0.26026499-0.63450712j,-0.56616638+0.37832564j,-0.14988651+0.08458591j,0.10363514-0.16008501j],[-0.32580188-0.11070003j,-0.36476308-0.23593218j,0.02559343+0.41761608j,-0.25598305+0.6725303j],[0.07406738-0.0126433j,0.28513701+0.19483972j,-0.74939717-0.10299659j,0.29798249+0.46269921j]]", "databatch_0": {"databatch": "[[[0.21343049-0.05502721j,0.06045188+0.08229457j,-0.07717666-0.10074769j,-0.08346961+0.0806593j],[-0.20731456-0.28264021j,0.08580644-0.13786833j,-0.10317494+0.17346284j,0.16839978+0.07560584j],[-0.37620316-0.10903966j,-0.01795679-0.18057046j,0.02683033+0.22392917j,0.20065862-0.04779589j],[0.10680396-0.46056924j,0.21646429-0.03346037j,-0.26814331+0.04699312j,0.07073973+0.23872352j]],[[-0.30588248+0.55464083j,-0.29123222-0.03593247j,0.36278647+0.03736465j,-0.00398876-0.33353908j],[-0.01520685-0.17676404j,0.07339106-0.03700809j,-0.09027057+0.04782248j,0.05289213+0.07701972j],[0.11160056+0.13948229j,-0.04074374+0.07203316j,0.04882655-0.09052824j,-0.08736099-0.03489727j],[-0.14510618-0.25052316j,0.08271829-0.1055814j,-0.10014526+0.13326558j,0.13155928+0.0770567j]]]", "initial param values": "[4.30925779,2.89584282,2.04930791,1.69587028,3.64256824,4.1392477]", "nelder_mead": {"type": "gradient-free", "0": {"maxiter": 100, "fatol": 1e-05, "xatol": 1e-05, "duration": 0.03910207748413086, "fun": "0.4431342523509466", "nit": "100", "nfev": "154", "status": "2", "success": "False", "message": "Maximum number of iterations has been exceeded.", "x": "[3.66193425 2.94971672 2.29564256 2.4073935  4.66069875 2.72249331]", "final_simplex": "(array([[3.66193425, 2.94971672, 2.29564256, 2.4073935 , 4.66069875,\n        2.72249331],\n       [3.5813789 , 2.89826009, 2.26389106, 2.41312849, 4.77400768,\n        2.84206997],\n       [3.64176821, 2.9696349 , 2.24889388, 2.38646697, 4.72115479,\n        2.88159606],\n       [3.67307397, 2.93134892, 2.25967586, 2.37010748, 4.57155003,\n        2.74399332],\n       [3.64470926, 2.95307099, 2.28400615, 2.29067761, 4.66064498,\n        2.80894205],\n       [3.71449834, 2.90204185, 2.2137447 , 2.39867985, 4.65111806,\n        2.82413915],\n       [3.56627327, 2.96470516, 2.27400681, 2.38643766, 4.70883787,\n        2.73639484]]), array([0.44313425, 0.44356149, 0.44410221, 0.44472659, 0.44492774,\n       0.44558418, 0.44568322]))", "callback": [0.7195550633192054, 0.5517853289466608, 0.4819957370385175, 0.47441018401729274, 0.47058144036510974, 0.469767744497102, 0.46547080100314253, 0.45432562361324147, 0.44824535872124216, 0.44584074077791724]}, "1": {"maxiter": 100, "fatol": 1e-05, "xatol": 1e-10, "duration": 0.03759479522705078, "fun": "0.4431342523509466", "nit": "100", "nfev": "154", "status": "2", "success": "False", "message": "Maximum number of iterations has been exceeded.", "x": "[3.66193425 2.94971672 2.29564256 2.4073935  4.66069875 2.72249331]", "final_simplex": "(array([[3.66193425, 2.94971672, 2.29564256, 2.4073935 , 4.66069875,\n        2.72249331],\n       [3.5813789 , 2.89826009, 2.26389106, 2.41312849, 4.77400768,\n        2.84206997],\n       [3.64176821, 2.9696349 , 2.24889388, 2.38646697, 4.72115479,\n        2.88159606],\n       [3.67307397, 2.93134892, 2.25967586, 2.37010748, 4.57155003,\n        2.74399332],\n       [3.64470926, 2.95307099, 2.28400615, 2.29067761, 4.66064498,\n        2.80894205],\n       [3.71449834, 2.90204185, 2.2137447 , 2.39867985, 4.65111806,\n        2.82413915],\n       [3.56627327, 2.96470516, 2.27400681, 2.38643766, 4.70883787,\n        2.73639484]]), array([0.44313425, 0.44356149, 0.44410221, 0.44472659, 0.44492774,\n       0.44558418, 0.44568322]))", "callback": [0.7195550633192054, 0.5517853289466608, 0.4819957370385175, 0.47441018401729274, 0.47058144036510974, 0.469767744497102, 0.46547080100314253, 0.45432562361324147, 0.44824535872124216, 0.44584074077791724]}, "2": {"maxiter": 100, "fatol": 1e-10, "xatol": 1e-05, "duration": 0.03803110122680664, "fun": "0.4431342523509466", "nit": "100", "nfev": "154", "status": "2", "success": "False", "message": "Maximum number of iterations has been exceeded.", "x": "[3.66193425 2.94971672 2.29564256 2.4073935  4.66069875 2.72249331]", "final_simplex": "(array([[3.66193425, 2.94971672, 2.29564256, 2.4073935 , 4.66069875,\n        2.72249331],\n       [3.5813789 , 2.89826009, 2.26389106, 2.41312849, 4.77400768,\n        2.84206997],\n       [3.64176821, 2.9696349 , 2.24889388, 2.38646697, 4.72115479,\n        2.88159606],\n       [3.67307397, 2.93134892, 2.25967586, 2.37010748, 4.57155003,\n        2.74399332],\n       [3.64470926, 2.95307099, 2.28400615, 2.29067761, 4.66064498,\n        2.80894205],\n       [3.71449834, 2.90204185, 2.2137447 , 2.39867985, 4.65111806,\n        2.82413915],\n       [3.56627327, 2.96470516, 2.27400681, 2.38643766, 4.70883787,\n        2.73639484]]), array([0.44313425, 0.44356149, 0.44410221, 0.44472659, 0.44492774,\n       0.44558418, 0.44568322]))", "callback": [0.7195550633192054, 0.5517853289466608, 0.4819957370385175, 0.47441018401729274, 0.47058144036510974, 0.469767744497102, 0.46547080100314253, 0.45432562361324147, 0.44824535872124216, 0.44584074077791724]}, "3": {"maxiter": 100, "fatol": 1e-10, "xatol": 1e-10, "duration": 0.035958051681518555, "fun": "0.4431342523509466", "nit": "100", "nfev": "154", "status": "2", "success": "False", "message": "Maximum number of iterations has been exceeded.", "x": "[3.66193425 2.94971672 2.29564256 2.4073935  4.66069875 2.72249331]", "final_simplex": "(array([[3.66193425, 2.94971672, 2.29564256, 2.4073935 , 4.66069875,\n        2.72249331],\n       [3.5813789 , 2.89826009, 2.26389106, 2.41312849, 4.77400768,\n        2.84206997],\n       [3.64176821, 2.9696349 , 2.24889388, 2.38646697, 4.72115479,\n        2.88159606],\n       [3.67307397, 2.93134892, 2.25967586, 2.37010748, 4.57155003,\n        2.74399332],\n       [3.64470926, 2.95307099, 2.28400615, 2.29067761, 4.66064498,\n        2.80894205],\n       [3.71449834, 2.90204185, 2.2137447 , 2.39867985, 4.65111806,\n        2.82413915],\n       [3.56627327, 2.96470516, 2.27400681, 2.38643766, 4.70883787,\n        2.73639484]]), array([0.44313425, 0.44356149, 0.44410221, 0.44472659, 0.44492774,\n       0.44558418, 0.44568322]))", "callback": [0.7195550633192054, 0.5517853289466608, 0.4819957370385175, 0.47441018401729274, 0.47058144036510974, 0.469767744497102, 0.46547080100314253, 0.45432562361324147, 0.44824535872124216, 0.44584074077791724]}, "4": {"maxiter": 500, "fatol": 1e-05, "xatol": 1e-05, "duration": 0.1506202220916748, "fun": "0.18669224811796747", "nit": "405", "nfev": "639", "status": "0", "success": "True", "message": "Optimization terminated successfully.", "x": "[5.24968136 4.01795644 4.51943712 1.78930527 6.00921209 1.59065203]", "final_simplex": "(array([[5.24968136, 4.01795644, 4.51943712, 1.78930527, 6.00921209,\n        1.59065203],\n       [5.24967657, 4.01795494, 4.51944497, 1.78930508, 6.00921928,\n        1.59065601],\n       [5.24968095, 4.01795467, 4.51943936, 1.78930657, 6.00921929,\n        1.59065448],\n       [5.24967674, 4.01795701, 4.5194381 , 1.78930231, 6.00921263,\n        1.59064837],\n       [5.24968307, 4.01796513, 4.51943071, 1.78931355, 6.00921247,\n        1.59064972],\n       [5.24969054, 4.01796115, 4.51943992, 1.78931248, 6.00921805,\n        1.5906436 ],\n       [5.24968013, 4.01796322, 4.51944004, 1.78930428, 6.00921619,\n        1.59065288]]), array([0.18669225, 0.18669225, 0.18669225, 0.18669225, 0.18669225,\n       0.18669225, 0.18669225]))", "callback": [0.7195550633192054, 0.5517853289466608, 0.4819957370385175, 0.47441018401729274, 0.47058144036510974, 0.469767744497102, 0.46547080100314253, 0.45432562361324147, 0.44824535872124216, 0.44584074077791724, 0.4418637118344869, 0.4375612544784746, 0.42589599710674, 0.415329242244282, 0.3454411248670646, 0.29145575820755387, 0.2736039720723469, 0.21589985764233965, 0.19859344881024632, 0.1896242528161195, 0.18846107691289382, 0.1878267206372748, 0.18766522992634416, 0.18757062022997528, 0.1875043398495908, 0.18743125993139742, 0.18718811852351902, 0.18687945040985254, 0.18680274154205678, 0.18673577522361917, 0.18671895455796395, 0.1866984544623007, 0.18669352721145271, 0.18669259495170332, 0.18669232978512518, 0.186692260361647, 0.18669225035479942, 0.18669224885836355, 0.18669224827725173, 0.18669224814593488, 0.18669224812195606]}, "5": {"maxiter": 500, "fatol": 1e-05, "xatol": 1e-10, "duration": 0.18651914596557617, "fun": "0.1866922481146236", "nit": "500", "nfev": "815", "status": "2", "success": "False", "message": "Maximum number of iterations has been exceeded.", "x": "[5.24968066 4.01795522 4.51944179 1.78930677 6.00921477 1.59065031]", "final_simplex": "(array([[5.24968066, 4.01795522, 4.51944179, 1.78930677, 6.00921477,\n        1.59065031],\n       [5.24968066, 4.01795522, 4.51944179, 1.78930677, 6.00921477,\n        1.5906503 ],\n       [5.24968066, 4.01795523, 4.51944179, 1.78930677, 6.00921477,\n        1.5906503 ],\n       [5.24968066, 4.01795523, 4.51944179, 1.78930677, 6.00921477,\n        1.5906503 ],\n       [5.24968066, 4.01795523, 4.51944179, 1.78930677, 6.00921477,\n        1.5906503 ],\n       [5.24968066, 4.01795523, 4.51944179, 1.78930677, 6.00921477,\n        1.5906503 ],\n       [5.24968066, 4.01795523, 4.51944179, 1.78930677, 6.00921477,\n        1.5906503 ]]), array([0.18669225, 0.18669225, 0.18669225, 0.18669225, 0.18669225,\n       0.18669225, 0.18669225]))", "callback": [0.7195550633192054, 0.5517853289466608, 0.4819957370385175, 0.47441018401729274, 0.47058144036510974, 0.469767744497102, 0.46547080100314253, 0.45432562361324147, 0.44824535872124216, 0.44584074077791724, 0.4418637118344869, 0.4375612544784746, 0.42589599710674, 0.415329242244282, 0.3454411248670646, 0.29145575820755387, 0.2736039720723469, 0.21589985764233965, 0.19859344881024632, 0.1896242528161195, 0.18846107691289382, 0.1878267206372748, 0.18766522992634416, 0.18757062022997528, 0.1875043398495908, 0.18743125993139742, 0.18718811852351902, 0.18687945040985254, 0.18680274154205678, 0.18673577522361917, 0.18671895455796395, 0.1866984544623007, 0.18669352721145271, 0.18669259495170332, 0.18669232978512518, 0.186692260361647, 0.18669225035479942, 0.18669224885836355, 0.18669224827725173, 0.18669224814593488, 0.18669224812195606, 0.18669224811713425, 0.18669224811525864, 0.18669224811472862, 0.18669224811466179, 0.18669224811463303, 0.18669224811462792, 0.18669224811462448, 0.18669224811462393, 0.1866922481146237]}, "6": {"maxiter": 500, "fatol": 1e-10, "xatol": 1e-05, "duration": 0.15885114669799805, "fun": "0.18669224811796747", "nit": "405", "nfev": "639", "status": "0", "success": "True", "message": "Optimization terminated successfully.", "x": "[5.24968136 4.01795644 4.51943712 1.78930527 6.00921209 1.59065203]", "final_simplex": "(array([[5.24968136, 4.01795644, 4.51943712, 1.78930527, 6.00921209,\n        1.59065203],\n       [5.24967657, 4.01795494, 4.51944497, 1.78930508, 6.00921928,\n        1.59065601],\n       [5.24968095, 4.01795467, 4.51943936, 1.78930657, 6.00921929,\n        1.59065448],\n       [5.24967674, 4.01795701, 4.5194381 , 1.78930231, 6.00921263,\n        1.59064837],\n       [5.24968307, 4.01796513, 4.51943071, 1.78931355, 6.00921247,\n        1.59064972],\n       [5.24969054, 4.01796115, 4.51943992, 1.78931248, 6.00921805,\n        1.5906436 ],\n       [5.24968013, 4.01796322, 4.51944004, 1.78930428, 6.00921619,\n        1.59065288]]), array([0.18669225, 0.18669225, 0.18669225, 0.18669225, 0.18669225,\n       0.18669225, 0.18669225]))", "callback": [0.7195550633192054, 0.5517853289466608, 0.4819957370385175, 0.47441018401729274, 0.47058144036510974, 0.469767744497102, 0.46547080100314253, 0.45432562361324147, 0.44824535872124216, 0.44584074077791724, 0.4418637118344869, 0.4375612544784746, 0.42589599710674, 0.415329242244282, 0.3454411248670646, 0.29145575820755387, 0.2736039720723469, 0.21589985764233965, 0.19859344881024632, 0.1896242528161195, 0.18846107691289382, 0.1878267206372748, 0.18766522992634416, 0.18757062022997528, 0.1875043398495908, 0.18743125993139742, 0.18718811852351902, 0.18687945040985254, 0.18680274154205678, 0.18673577522361917, 0.18671895455796395, 0.1866984544623007, 0.18669352721145271, 0.18669259495170332, 0.18669232978512518, 0.186692260361647, 0.18669225035479942, 0.18669224885836355, 0.18669224827725173, 0.18669224814593488, 0.18669224812195606]}, "7": {"maxiter": 500, "fatol": 1e-10, "xatol": 1e-10, "duration": 0.19371485710144043, "fun": "0.1866922481146236", "nit": "500", "nfev": "815", "status": "2", "success": "False", "message": "Maximum number of iterations has been exceeded.", "x": "[5.24968066 4.01795522 4.51944179 1.78930677 6.00921477 1.59065031]", "final_simplex": "(array([[5.24968066, 4.01795522, 4.51944179, 1.78930677, 6.00921477,\n        1.59065031],\n       [5.24968066, 4.01795522, 4.51944179, 1.78930677, 6.00921477,\n        1.5906503 ],\n       [5.24968066, 4.01795523, 4.51944179, 1.78930677, 6.00921477,\n        1.5906503 ],\n       [5.24968066, 4.01795523, 4.51944179, 1.78930677, 6.00921477,\n        1.5906503 ],\n       [5.24968066, 4.01795523, 4.51944179, 1.78930677, 6.00921477,\n        1.5906503 ],\n       [5.24968066, 4.01795523, 4.51944179, 1.78930677, 6.00921477,\n        1.5906503 ],\n       [5.24968066, 4.01795523, 4.51944179, 1.78930677, 6.00921477,\n        1.5906503 ]]), array([0.18669225, 0.18669225, 0.18669225, 0.18669225, 0.18669225,\n       0.18669225, 0.18669225]))", "callback": [0.7195550633192054, 0.5517853289466608, 0.4819957370385175, 0.47441018401729274, 0.47058144036510974, 0.469767744497102, 0.46547080100314253, 0.45432562361324147, 0.44824535872124216, 0.44584074077791724, 0.4418637118344869, 0.4375612544784746, 0.42589599710674, 0.415329242244282, 0.3454411248670646, 0.29145575820755387, 0.2736039720723469, 0.21589985764233965, 0.19859344881024632, 0.1896242528161195, 0.18846107691289382, 0.1878267206372748, 0.18766522992634416, 0.18757062022997528, 0.1875043398495908, 0.18743125993139742, 0.18718811852351902, 0.18687945040985254, 0.18680274154205678, 0.18673577522361917, 0.18671895455796395, 0.1866984544623007, 0.18669352721145271, 0.18669259495170332, 0.18669232978512518, 0.186692260361647, 0.18669225035479942, 0.18669224885836355, 0.18669224827725173, 0.18669224814593488, 0.18669224812195606, 0.18669224811713425, 0.18669224811525864, 0.18669224811472862, 0.18669224811466179, 0.18669224811463303, 0.18669224811462792, 0.18669224811462448, 0.18669224811462393, 0.1866922481146237]}, "8": {"maxiter": 1000, "fatol": 1e-05, "xatol": 1e-05, "duration": 0.15175414085388184, "fun": "0.18669224811796747", "nit": "405", "nfev": "639", "status": "0", "success": "True", "message": "Optimization terminated successfully.", "x": "[5.24968136 4.01795644 4.51943712 1.78930527 6.00921209 1.59065203]", "final_simplex": "(array([[5.24968136, 4.01795644, 4.51943712, 1.78930527, 6.00921209,\n        1.59065203],\n       [5.24967657, 4.01795494, 4.51944497, 1.78930508, 6.00921928,\n        1.59065601],\n       [5.24968095, 4.01795467, 4.51943936, 1.78930657, 6.00921929,\n        1.59065448],\n       [5.24967674, 4.01795701, 4.5194381 , 1.78930231, 6.00921263,\n        1.59064837],\n       [5.24968307, 4.01796513, 4.51943071, 1.78931355, 6.00921247,\n        1.59064972],\n       [5.24969054, 4.01796115, 4.51943992, 1.78931248, 6.00921805,\n        1.5906436 ],\n       [5.24968013, 4.01796322, 4.51944004, 1.78930428, 6.00921619,\n        1.59065288]]), array([0.18669225, 0.18669225, 0.18669225, 0.18669225, 0.18669225,\n       0.18669225, 0.18669225]))", "callback": [0.7195550633192054, 0.5517853289466608, 0.4819957370385175, 0.47441018401729274, 0.47058144036510974, 0.469767744497102, 0.46547080100314253, 0.45432562361324147, 0.44824535872124216, 0.44584074077791724, 0.4418637118344869, 0.4375612544784746, 0.42589599710674, 0.415329242244282, 0.3454411248670646, 0.29145575820755387, 0.2736039720723469, 0.21589985764233965, 0.19859344881024632, 0.1896242528161195, 0.18846107691289382, 0.1878267206372748, 0.18766522992634416, 0.18757062022997528, 0.1875043398495908, 0.18743125993139742, 0.18718811852351902, 0.18687945040985254, 0.18680274154205678, 0.18673577522361917, 0.18671895455796395, 0.1866984544623007, 0.18669352721145271, 0.18669259495170332, 0.18669232978512518, 0.186692260361647, 0.18669225035479942, 0.18669224885836355, 0.18669224827725173, 0.18669224814593488, 0.18669224812195606]}, "9": {"maxiter": 1000, "fatol": 1e-05, "xatol": 1e-10, "duration": 0.2111818790435791, "fun": "0.1866922481146236", "nit": "523", "nfev": "891", "status": "0", "success": "True", "message": "Optimization terminated successfully.", "x": "[5.24968066 4.01795522 4.51944179 1.78930677 6.00921477 1.59065031]", "final_simplex": "(array([[5.24968066, 4.01795522, 4.51944179, 1.78930677, 6.00921477,\n        1.59065031],\n       [5.24968066, 4.01795522, 4.51944179, 1.78930677, 6.00921477,\n        1.59065031],\n       [5.24968066, 4.01795522, 4.51944179, 1.78930677, 6.00921477,\n        1.59065031],\n       [5.24968066, 4.01795522, 4.51944179, 1.78930677, 6.00921477,\n        1.59065031],\n       [5.24968066, 4.01795522, 4.51944179, 1.78930677, 6.00921477,\n        1.59065031],\n       [5.24968066, 4.01795522, 4.51944179, 1.78930677, 6.00921477,\n        1.59065031],\n       [5.24968066, 4.01795522, 4.51944179, 1.78930677, 6.00921477,\n        1.59065031]]), array([0.18669225, 0.18669225, 0.18669225, 0.18669225, 0.18669225,\n       0.18669225, 0.18669225]))", "callback": [0.7195550633192054, 0.5517853289466608, 0.4819957370385175, 0.47441018401729274, 0.47058144036510974, 0.469767744497102, 0.46547080100314253, 0.45432562361324147, 0.44824535872124216, 0.44584074077791724, 0.4418637118344869, 0.4375612544784746, 0.42589599710674, 0.415329242244282, 0.3454411248670646, 0.29145575820755387, 0.2736039720723469, 0.21589985764233965, 0.19859344881024632, 0.1896242528161195, 0.18846107691289382, 0.1878267206372748, 0.18766522992634416, 0.18757062022997528, 0.1875043398495908, 0.18743125993139742, 0.18718811852351902, 0.18687945040985254, 0.18680274154205678, 0.18673577522361917, 0.18671895455796395, 0.1866984544623007, 0.18669352721145271, 0.18669259495170332, 0.18669232978512518, 0.186692260361647, 0.18669225035479942, 0.18669224885836355, 0.18669224827725173, 0.18669224814593488, 0.18669224812195606, 0.18669224811713425, 0.18669224811525864, 0.18669224811472862, 0.18669224811466179, 0.18669224811463303, 0.18669224811462792, 0.18669224811462448, 0.18669224811462393, 0.1866922481146237, 0.1866922481146236, 0.1866922481146236, 0.1866922481146236]}, "10": {"maxiter": 1000, "fatol": 1e-10, "xatol": 1e-05, "duration": 0.15085482597351074, "fun": "0.18669224811796747", "nit": "405", "nfev": "639", "status": "0", "success": "True", "message": "Optimization terminated successfully.", "x": "[5.24968136 4.01795644 4.51943712 1.78930527 6.00921209 1.59065203]", "final_simplex": "(array([[5.24968136, 4.01795644, 4.51943712, 1.78930527, 6.00921209,\n        1.59065203],\n       [5.24967657, 4.01795494, 4.51944497, 1.78930508, 6.00921928,\n        1.59065601],\n       [5.24968095, 4.01795467, 4.51943936, 1.78930657, 6.00921929,\n        1.59065448],\n       [5.24967674, 4.01795701, 4.5194381 , 1.78930231, 6.00921263,\n        1.59064837],\n       [5.24968307, 4.01796513, 4.51943071, 1.78931355, 6.00921247,\n        1.59064972],\n       [5.24969054, 4.01796115, 4.51943992, 1.78931248, 6.00921805,\n        1.5906436 ],\n       [5.24968013, 4.01796322, 4.51944004, 1.78930428, 6.00921619,\n        1.59065288]]), array([0.18669225, 0.18669225, 0.18669225, 0.18669225, 0.18669225,\n       0.18669225, 0.18669225]))", "callback": [0.7195550633192054, 0.5517853289466608, 0.4819957370385175, 0.47441018401729274, 0.47058144036510974, 0.469767744497102, 0.46547080100314253, 0.45432562361324147, 0.44824535872124216, 0.44584074077791724, 0.4418637118344869, 0.4375612544784746, 0.42589599710674, 0.415329242244282, 0.3454411248670646, 0.29145575820755387, 0.2736039720723469, 0.21589985764233965, 0.19859344881024632, 0.1896242528161195, 0.18846107691289382, 0.1878267206372748, 0.18766522992634416, 0.18757062022997528, 0.1875043398495908, 0.18743125993139742, 0.18718811852351902, 0.18687945040985254, 0.18680274154205678, 0.18673577522361917, 0.18671895455796395, 0.1866984544623007, 0.18669352721145271, 0.18669259495170332, 0.18669232978512518, 0.186692260361647, 0.18669225035479942, 0.18669224885836355, 0.18669224827725173, 0.18669224814593488, 0.18669224812195606]}, "11": {"maxiter": 1000, "fatol": 1e-10, "xatol": 1e-10, "duration": 0.20701885223388672, "fun": "0.1866922481146236", "nit": "523", "nfev": "891", "status": "0", "success": "True", "message": "Optimization terminated successfully.", "x": "[5.24968066 4.01795522 4.51944179 1.78930677 6.00921477 1.59065031]", "final_simplex": "(array([[5.24968066, 4.01795522, 4.51944179, 1.78930677, 6.00921477,\n        1.59065031],\n       [5.24968066, 4.01795522, 4.51944179, 1.78930677, 6.00921477,\n        1.59065031],\n       [5.24968066, 4.01795522, 4.51944179, 1.78930677, 6.00921477,\n        1.59065031],\n       [5.24968066, 4.01795522, 4.51944179, 1.78930677, 6.00921477,\n        1.59065031],\n       [5.24968066, 4.01795522, 4.51944179, 1.78930677, 6.00921477,\n        1.59065031],\n       [5.24968066, 4.01795522, 4.51944179, 1.78930677, 6.00921477,\n        1.59065031],\n       [5.24968066, 4.01795522, 4.51944179, 1.78930677, 6.00921477,\n        1.59065031]]), array([0.18669225, 0.18669225, 0.18669225, 0.18669225, 0.18669225,\n       0.18669225, 0.18669225]))", "callback": [0.7195550633192054, 0.5517853289466608, 0.4819957370385175, 0.47441018401729274, 0.47058144036510974, 0.469767744497102, 0.46547080100314253, 0.45432562361324147, 0.44824535872124216, 0.44584074077791724, 0.4418637118344869, 0.4375612544784746, 0.42589599710674, 0.415329242244282, 0.3454411248670646, 0.29145575820755387, 0.2736039720723469, 0.21589985764233965, 0.19859344881024632, 0.1896242528161195, 0.18846107691289382, 0.1878267206372748, 0.18766522992634416, 0.18757062022997528, 0.1875043398495908, 0.18743125993139742, 0.18718811852351902, 0.18687945040985254, 0.18680274154205678, 0.18673577522361917, 0.18671895455796395, 0.1866984544623007, 0.18669352721145271, 0.18669259495170332, 0.18669232978512518, 0.186692260361647, 0.18669225035479942, 0.18669224885836355, 0.18669224827725173, 0.18669224814593488, 0.18669224812195606, 0.18669224811713425, 0.18669224811525864, 0.18669224811472862, 0.18669224811466179, 0.18669224811463303, 0.18669224811462792, 0.18669224811462448, 0.18669224811462393, 0.1866922481146237, 0.1866922481146236, 0.1866922481146236, 0.1866922481146236]}}, "bfgs": {"type": "gradient", "0": {"maxiter": 100, "gtol": 1e-05, "xrtol": 1e-05, "eps": 1e-05, "duration": 0.07069087028503418, "fun": "0.09506025681154728", "jac": "[-8.58868532e-08  5.46471757e-06 -3.41633388e-06  5.84421400e-06\n  2.71263012e-06  1.67645897e-06]", "hess_inv": "[[  4.3304088    0.49390146  -0.61736675  -0.7287393    2.97833415\n    0.50228788]\n [  0.49390146  28.98375898  31.11700113  -6.28096552  -6.62059293\n    8.89571833]\n [ -0.61736675  31.11700113  36.35289124  -6.63893838 -10.29016269\n   11.30394081]\n [ -0.7287393   -6.28096552  -6.63893838   4.25945693   0.68711455\n   -2.73442001]\n [  2.97833415  -6.62059293 -10.29016269   0.68711455  17.3247831\n  -13.82873489]\n [  0.50228788   8.89571833  11.30394081  -2.73442001 -13.82873489\n   16.60669234]]", "nfev": "301", "njev": "43", "status": "0", "success": "True", "message": "Optimization terminated successfully.", "x": "[ 3.55896331  5.02390969  7.08420342 -0.4580366   7.34509595  1.74049873]", "nit": "36", "callback": [0.5434960691649872, 0.5222163369304509, 0.4987655392619753, 0.4886349663308479, 0.4706211456269901, 0.4565460216979781, 0.4519738670615423, 0.44922570866866773, 0.4460420867576689, 0.4431296031188444, 0.43825444367204613, 0.4302956757440126, 0.34928854187991343, 0.3433092963598041, 0.2863806076547166, 0.18871058193062007, 0.14641079847797267, 0.12847307096441396, 0.12436423683046671, 0.11734102643748434, 0.11004293326218206, 0.1093082376911666, 0.10380505642178317, 0.10031615726047738, 0.09863796608187825, 0.09787270832374317, 0.09760401761561222, 0.09714786530811126, 0.09640335602041472, 0.09544706287816629, 0.09513765621464776, 0.0950676555881188, 0.09506123089793117, 0.0950603229411392, 0.09506025795331041, 0.09506025681154728]}, "1": {"maxiter": 100, "gtol": 1e-05, "xrtol": 1e-05, "eps": 1e-10, "duration": 0.07148194313049316, "fun": "0.09506025697680665", "jac": "[ 0.00000000e+00  3.33066880e-06 -3.33066880e-06  3.33066880e-06\n  6.66133760e-06  7.77156053e-06]", "hess_inv": "[[  4.28672118  -0.03690842  -1.11576445  -0.62016724   2.97343836\n    0.36950474]\n [ -0.03690842  27.10957359  29.22369875  -5.38669377  -4.90030684\n    5.14976033]\n [ -1.11576445  29.22369875  34.42604643  -5.77817018  -8.36066982\n    7.23120107]\n [ -0.62016724  -5.38669377  -5.77817018   4.16026587   0.40066635\n   -2.12451867]\n [  2.97343836  -4.90030684  -8.36066982   0.40066635  16.21357618\n  -12.47183337]\n [  0.36950474   5.14976033   7.23120107  -2.12451867 -12.47183337\n   14.80117166]]", "nfev": "301", "njev": "43", "status": "0", "success": "True", "message": "Optimization terminated successfully.", "x": "[ 3.55899318  5.0238945   7.08418014 -0.45804577  7.3451165   1.74052243]", "nit": "36", "callback": [0.5434967303804942, 0.5222172349672358, 0.49876557841566005, 0.48863557095111676, 0.4706226026125794, 0.45654466606388955, 0.45197417128153883, 0.4492249327529223, 0.44604216320356094, 0.4431288263468842, 0.4382525880663455, 0.43029424575821673, 0.34921799684389465, 0.34323136241882624, 0.28623377732690436, 0.18851097507790748, 0.14622726168900568, 0.12850895751020952, 0.12438327635775437, 0.11734070867175328, 0.11007095737819594, 0.10933556231496988, 0.10376020813446984, 0.10026523031073298, 0.09864949501537668, 0.09787459326140513, 0.0975922568513592, 0.09713235336495774, 0.09639200210528154, 0.09542526536006135, 0.09511439947185407, 0.09506443376609064, 0.09506081463209792, 0.09506028110468623, 0.0950602576989581, 0.09506025697680665]}, "2": {"maxiter": 100, "gtol": 1e-05, "xrtol": 1e-10, "eps": 1e-05, "duration": 0.07128715515136719, "fun": "0.09506025681154728", "jac": "[-8.58868532e-08  5.46471757e-06 -3.41633388e-06  5.84421400e-06\n  2.71263012e-06  1.67645897e-06]", "hess_inv": "[[  4.3304088    0.49390146  -0.61736675  -0.7287393    2.97833415\n    0.50228788]\n [  0.49390146  28.98375898  31.11700113  -6.28096552  -6.62059293\n    8.89571833]\n [ -0.61736675  31.11700113  36.35289124  -6.63893838 -10.29016269\n   11.30394081]\n [ -0.7287393   -6.28096552  -6.63893838   4.25945693   0.68711455\n   -2.73442001]\n [  2.97833415  -6.62059293 -10.29016269   0.68711455  17.3247831\n  -13.82873489]\n [  0.50228788   8.89571833  11.30394081  -2.73442001 -13.82873489\n   16.60669234]]", "nfev": "301", "njev": "43", "status": "0", "success": "True", "message": "Optimization terminated successfully.", "x": "[ 3.55896331  5.02390969  7.08420342 -0.4580366   7.34509595  1.74049873]", "nit": "36", "callback": [0.5434960691649872, 0.5222163369304509, 0.4987655392619753, 0.4886349663308479, 0.4706211456269901, 0.4565460216979781, 0.4519738670615423, 0.44922570866866773, 0.4460420867576689, 0.4431296031188444, 0.43825444367204613, 0.4302956757440126, 0.34928854187991343, 0.3433092963598041, 0.2863806076547166, 0.18871058193062007, 0.14641079847797267, 0.12847307096441396, 0.12436423683046671, 0.11734102643748434, 0.11004293326218206, 0.1093082376911666, 0.10380505642178317, 0.10031615726047738, 0.09863796608187825, 0.09787270832374317, 0.09760401761561222, 0.09714786530811126, 0.09640335602041472, 0.09544706287816629, 0.09513765621464776, 0.0950676555881188, 0.09506123089793117, 0.0950603229411392, 0.09506025795331041, 0.09506025681154728]}, "3": {"maxiter": 100, "gtol": 1e-05, "xrtol": 1e-10, "eps": 1e-10, "duration": 0.07099604606628418, "fun": "0.09506025697680665", "jac": "[ 0.00000000e+00  3.33066880e-06 -3.33066880e-06  3.33066880e-06\n  6.66133760e-06  7.77156053e-06]", "hess_inv": "[[  4.28672118  -0.03690842  -1.11576445  -0.62016724   2.97343836\n    0.36950474]\n [ -0.03690842  27.10957359  29.22369875  -5.38669377  -4.90030684\n    5.14976033]\n [ -1.11576445  29.22369875  34.42604643  -5.77817018  -8.36066982\n    7.23120107]\n [ -0.62016724  -5.38669377  -5.77817018   4.16026587   0.40066635\n   -2.12451867]\n [  2.97343836  -4.90030684  -8.36066982   0.40066635  16.21357618\n  -12.47183337]\n [  0.36950474   5.14976033   7.23120107  -2.12451867 -12.47183337\n   14.80117166]]", "nfev": "301", "njev": "43", "status": "0", "success": "True", "message": "Optimization terminated successfully.", "x": "[ 3.55899318  5.0238945   7.08418014 -0.45804577  7.3451165   1.74052243]", "nit": "36", "callback": [0.5434967303804942, 0.5222172349672358, 0.49876557841566005, 0.48863557095111676, 0.4706226026125794, 0.45654466606388955, 0.45197417128153883, 0.4492249327529223, 0.44604216320356094, 0.4431288263468842, 0.4382525880663455, 0.43029424575821673, 0.34921799684389465, 0.34323136241882624, 0.28623377732690436, 0.18851097507790748, 0.14622726168900568, 0.12850895751020952, 0.12438327635775437, 0.11734070867175328, 0.11007095737819594, 0.10933556231496988, 0.10376020813446984, 0.10026523031073298, 0.09864949501537668, 0.09787459326140513, 0.0975922568513592, 0.09713235336495774, 0.09639200210528154, 0.09542526536006135, 0.09511439947185407, 0.09506443376609064, 0.09506081463209792, 0.09506028110468623, 0.0950602576989581, 0.09506025697680665]}, "4": {"maxiter": 100, "gtol": 1e-10, "xrtol": 1e-05, "eps": 1e-05, "duration": 0.07100176811218262, "fun": "0.09506025679239194", "jac": "[-2.36144437e-08  2.70095057e-07 -2.63933320e-07 -2.15272244e-08\n -2.55351296e-09  8.73634498e-08]", "hess_inv": "[[ 4.48349671e+00  6.88528611e-01 -7.15231687e-01 -4.58926845e-01\n   3.65921258e+00 -2.82634208e-02]\n [ 6.88528611e-01  2.92280009e+01  3.09749835e+01 -5.91374815e+00\n  -5.69309489e+00  8.15083988e+00]\n [-7.15231687e-01  3.09749835e+01  3.63185525e+01 -6.67820291e+00\n  -1.03847552e+01  1.12556413e+01]\n [-4.58926845e-01 -5.91374815e+00 -6.67820291e+00  4.55184340e+00\n   1.41878273e+00 -3.13681217e+00]\n [ 3.65921258e+00 -5.69309489e+00 -1.03847552e+01  1.41878273e+00\n   1.91553715e+01 -1.48262177e+01]\n [-2.82634208e-02  8.15083988e+00  1.12556413e+01 -3.13681217e+00\n  -1.48262177e+01  1.68960906e+01]]", "nfev": "308", "njev": "44", "status": "0", "success": "True", "message": "Optimization terminated successfully.", "x": "[ 3.5589503   5.02389219  7.0842065  -0.45805233  7.3450565   1.74052286]", "nit": "37", "callback": [0.5434960691649872, 0.5222163369304509, 0.4987655392619753, 0.4886349663308479, 0.4706211456269901, 0.4565460216979781, 0.4519738670615423, 0.44922570866866773, 0.4460420867576689, 0.4431296031188444, 0.43825444367204613, 0.4302956757440126, 0.34928854187991343, 0.3433092963598041, 0.2863806076547166, 0.18871058193062007, 0.14641079847797267, 0.12847307096441396, 0.12436423683046671, 0.11734102643748434, 0.11004293326218206, 0.1093082376911666, 0.10380505642178317, 0.10031615726047738, 0.09863796608187825, 0.09787270832374317, 0.09760401761561222, 0.09714786530811126, 0.09640335602041472, 0.09544706287816629, 0.09513765621464776, 0.0950676555881188, 0.09506123089793117, 0.0950603229411392, 0.09506025795331041, 0.09506025681154728, 0.09506025679239194]}, "5": {"maxiter": 100, "gtol": 1e-10, "xrtol": 1e-05, "eps": 1e-10, "duration": 0.07140612602233887, "fun": "0.09506025681304942", "jac": "[ 0.00000000e+00 -2.22044587e-06 -2.22044587e-06 -1.11022293e-06\n -1.11022293e-06 -2.22044587e-06]", "hess_inv": "[[  4.5881006    1.86925813   0.70154994  -0.70888218   3.20368402\n    0.44388987]\n [  1.86925813  26.58785794  27.30535467  -5.32563047  -3.04283178\n    6.50190389]\n [  0.70154994  27.30535467  31.08188211  -5.64966552  -6.54445105\n    8.61992154]\n [ -0.70888218  -5.32563047  -5.64966552   4.15560448   0.31304426\n   -2.19002714]\n [  3.20368402  -3.04283178  -6.54445105   0.31304426  16.37667937\n  -12.44312925]\n [  0.44388987   6.50190389   8.61992154  -2.19002714 -12.44312925\n   14.75772834]]", "nfev": "308", "njev": "44", "status": "0", "success": "True", "message": "Optimization terminated successfully.", "x": "[ 3.55896686  5.02388437  7.08418814 -0.45804576  7.34509141  1.74050498]", "nit": "37", "callback": [0.5434967303804942, 0.5222172349672358, 0.49876557841566005, 0.48863557095111676, 0.4706226026125794, 0.45654466606388955, 0.45197417128153883, 0.4492249327529223, 0.44604216320356094, 0.4431288263468842, 0.4382525880663455, 0.43029424575821673, 0.34921799684389465, 0.34323136241882624, 0.28623377732690436, 0.18851097507790748, 0.14622726168900568, 0.12850895751020952, 0.12438327635775437, 0.11734070867175328, 0.11007095737819594, 0.10933556231496988, 0.10376020813446984, 0.10026523031073298, 0.09864949501537668, 0.09787459326140513, 0.0975922568513592, 0.09713235336495774, 0.09639200210528154, 0.09542526536006135, 0.09511439947185407, 0.09506443376609064, 0.09506081463209792, 0.09506028110468623, 0.0950602576989581, 0.09506025697680665, 0.09506025681304942]}, "6": {"maxiter": 100, "gtol": 1e-10, "xrtol": 1e-10, "eps": 1e-05, "duration": 0.11032819747924805, "fun": "0.09506025679239194", "jac": "[-2.36144437e-08  2.70095057e-07 -2.63933320e-07 -2.15272244e-08\n -2.55351296e-09  8.73634498e-08]", "hess_inv": "[[ 4.50403646e+00  7.26015935e-01 -7.19381068e-01 -4.60162215e-01\n   3.66821229e+00 -1.07229303e-03]\n [ 7.26015935e-01  2.92916759e+01  3.09670732e+01 -5.90348238e+00\n  -5.65108130e+00  8.16910048e+00]\n [-7.19381068e-01  3.09670732e+01  3.63193668e+01 -6.67706318e+00\n  -1.03847540e+01  1.12479182e+01]\n [-4.60162215e-01 -5.90348238e+00 -6.67706318e+00  4.51887005e+00\n   1.35070180e+00 -3.05565670e+00]\n [ 3.66821229e+00 -5.65108130e+00 -1.03847540e+01  1.35070180e+00\n   1.90212837e+01 -1.46451035e+01]\n [-1.07229303e-03  8.16910048e+00  1.12479182e+01 -3.05565670e+00\n  -1.46451035e+01  1.67246796e+01]]", "nfev": "488", "njev": "68", "status": "2", "success": "False", "message": "Desired error not necessarily achieved due to precision loss.", "x": "[ 3.5589503   5.02389219  7.0842065  -0.45805233  7.3450565   1.74052286]", "nit": "37", "callback": [0.5434960691649872, 0.5222163369304509, 0.4987655392619753, 0.4886349663308479, 0.4706211456269901, 0.4565460216979781, 0.4519738670615423, 0.44922570866866773, 0.4460420867576689, 0.4431296031188444, 0.43825444367204613, 0.4302956757440126, 0.34928854187991343, 0.3433092963598041, 0.2863806076547166, 0.18871058193062007, 0.14641079847797267, 0.12847307096441396, 0.12436423683046671, 0.11734102643748434, 0.11004293326218206, 0.1093082376911666, 0.10380505642178317, 0.10031615726047738, 0.09863796608187825, 0.09787270832374317, 0.09760401761561222, 0.09714786530811126, 0.09640335602041472, 0.09544706287816629, 0.09513765621464776, 0.0950676555881188, 0.09506123089793117, 0.0950603229411392, 0.09506025795331041, 0.09506025681154728, 0.09506025679239194]}, "7": {"maxiter": 100, "gtol": 1e-10, "xrtol": 1e-10, "eps": 1e-10, "duration": 0.13408613204956055, "fun": "0.09506025659185802", "jac": "[-1.11022293e-06  0.00000000e+00 -1.11022293e-06 -3.33066880e-06\n  1.11022293e-06 -1.11022293e-06]", "hess_inv": "[[  5.58355884   3.04764551   0.21786223  10.83166116  17.18137153\n  -19.67995038]\n [  3.04764551   6.18267144   4.22991299   6.09378126  11.81921212\n  -15.24244865]\n [  0.21786223   4.22991299   5.79025069  -0.21955125   3.0328754\n   -5.47614802]\n [ 10.83166116   6.09378126  -0.21955125  22.75638924  35.74447975\n  -40.42487895]\n [ 17.18137153  11.81921212   3.0328754   35.74447975  59.01248784\n  -67.42060646]\n [-19.67995038 -15.24244865  -5.47614802 -40.42487895 -67.42060646\n   78.28548982]]", "nfev": "595", "njev": "85", "status": "0", "success": "True", "message": "Optimization terminated successfully.", "x": "[ 3.55896498  5.02397927  7.08429695 -0.45807563  7.34506316  1.74053597]", "nit": "47", "callback": [0.5434967303804942, 0.5222172349672358, 0.49876557841566005, 0.48863557095111676, 0.4706226026125794, 0.45654466606388955, 0.45197417128153883, 0.4492249327529223, 0.44604216320356094, 0.4431288263468842, 0.4382525880663455, 0.43029424575821673, 0.34921799684389465, 0.34323136241882624, 0.28623377732690436, 0.18851097507790748, 0.14622726168900568, 0.12850895751020952, 0.12438327635775437, 0.11734070867175328, 0.11007095737819594, 0.10933556231496988, 0.10376020813446984, 0.10026523031073298, 0.09864949501537668, 0.09787459326140513, 0.0975922568513592, 0.09713235336495774, 0.09639200210528154, 0.09542526536006135, 0.09511439947185407, 0.09506443376609064, 0.09506081463209792, 0.09506028110468623, 0.0950602576989581, 0.09506025697680665, 0.09506025681304942, 0.09506025667358786, 0.09506025665463413, 0.09506025662063666, 0.09506025661604567, 0.09506025661183592, 0.09506025659864692, 0.09506025659669426, 0.09506025659621586, 0.09506025659185802, 0.09506025659185802]}, "8": {"maxiter": 500, "gtol": 1e-05, "xrtol": 1e-05, "eps": 1e-05, "duration": 0.06777000427246094, "fun": "0.09506025681154728", "jac": "[-8.58868532e-08  5.46471757e-06 -3.41633388e-06  5.84421400e-06\n  2.71263012e-06  1.67645897e-06]", "hess_inv": "[[  4.3304088    0.49390146  -0.61736675  -0.7287393    2.97833415\n    0.50228788]\n [  0.49390146  28.98375898  31.11700113  -6.28096552  -6.62059293\n    8.89571833]\n [ -0.61736675  31.11700113  36.35289124  -6.63893838 -10.29016269\n   11.30394081]\n [ -0.7287393   -6.28096552  -6.63893838   4.25945693   0.68711455\n   -2.73442001]\n [  2.97833415  -6.62059293 -10.29016269   0.68711455  17.3247831\n  -13.82873489]\n [  0.50228788   8.89571833  11.30394081  -2.73442001 -13.82873489\n   16.60669234]]", "nfev": "301", "njev": "43", "status": "0", "success": "True", "message": "Optimization terminated successfully.", "x": "[ 3.55896331  5.02390969  7.08420342 -0.4580366   7.34509595  1.74049873]", "nit": "36", "callback": [0.5434960691649872, 0.5222163369304509, 0.4987655392619753, 0.4886349663308479, 0.4706211456269901, 0.4565460216979781, 0.4519738670615423, 0.44922570866866773, 0.4460420867576689, 0.4431296031188444, 0.43825444367204613, 0.4302956757440126, 0.34928854187991343, 0.3433092963598041, 0.2863806076547166, 0.18871058193062007, 0.14641079847797267, 0.12847307096441396, 0.12436423683046671, 0.11734102643748434, 0.11004293326218206, 0.1093082376911666, 0.10380505642178317, 0.10031615726047738, 0.09863796608187825, 0.09787270832374317, 0.09760401761561222, 0.09714786530811126, 0.09640335602041472, 0.09544706287816629, 0.09513765621464776, 0.0950676555881188, 0.09506123089793117, 0.0950603229411392, 0.09506025795331041, 0.09506025681154728]}, "9": {"maxiter": 500, "gtol": 1e-05, "xrtol": 1e-05, "eps": 1e-10, "duration": 0.06774592399597168, "fun": "0.09506025697680665", "jac": "[ 0.00000000e+00  3.33066880e-06 -3.33066880e-06  3.33066880e-06\n  6.66133760e-06  7.77156053e-06]", "hess_inv": "[[  4.28672118  -0.03690842  -1.11576445  -0.62016724   2.97343836\n    0.36950474]\n [ -0.03690842  27.10957359  29.22369875  -5.38669377  -4.90030684\n    5.14976033]\n [ -1.11576445  29.22369875  34.42604643  -5.77817018  -8.36066982\n    7.23120107]\n [ -0.62016724  -5.38669377  -5.77817018   4.16026587   0.40066635\n   -2.12451867]\n [  2.97343836  -4.90030684  -8.36066982   0.40066635  16.21357618\n  -12.47183337]\n [  0.36950474   5.14976033   7.23120107  -2.12451867 -12.47183337\n   14.80117166]]", "nfev": "301", "njev": "43", "status": "0", "success": "True", "message": "Optimization terminated successfully.", "x": "[ 3.55899318  5.