{"date": "2024/10/08/, 17:00:11", "conf_id": 14, "data_type": "random\n", "num_data_points": 1, "s_rank": 0, "unitary": "[[-0.24866696+0.58742286j,-0.44704345-0.43151574j,-0.35669027-0.20570733j,-0.10517633+0.1626036j],[0.10596805-0.19687975j,-0.30269685-0.15056416j,0.18246286+0.30440582j,-0.83484447-0.11310748j],[0.26054512-0.52548482j,0.0285017-0.50723956j,-0.43110112+0.17165838j,0.15243271+0.39915801j],[0.42978035+0.11991271j,-0.17224126-0.46030424j,0.6827807-0.15164662j,0.26483638+0.0061855j]]", "databatch_0": {"databatch": "[[[0.15169572-0.09500404j,0.04355583+0.05107387j,-0.1302028+0.01970885j,-0.04737121+0.06704456j],[0.11428584-0.13513436j,0.05028393+0.08793043j,-0.09232017-0.00222247j,-0.07440784+0.08119812j],[-0.65663537-0.21386257j,0.2183777-0.37342643j,0.27817202+0.12417652j,0.13061599+0.12095881j],[0.23683184+0.08193342j,0.03608788+0.05901949j,-0.1232546-0.01767372j,-0.03685959-0.06443045j]]]", "initial param values": "[2.60028408,0.52062284,0.66376581,1.1935869,6.11322864,0.62781513]", "nelder_mead": {"type": "gradient-free", "0": {"maxiter": 100, "fatol": 1e-05, "xatol": 1e-05, "duration": 0.05445504188537598, "fun": "0.1312399043215443", "nit": "100", "nfev": "156", "status": "2", "success": "False", "message": "Maximum number of iterations has been exceeded.", "x": "[ 1.49561418 -0.69254351  0.02155454  1.96237908  8.83671149  1.59039155]", "final_simplex": "(array([[ 1.49561418, -0.69254351,  0.02155454,  1.96237908,  8.83671149,\n         1.59039155],\n       [ 1.5373967 , -0.47941865,  0.07796666,  1.89986558,  9.08664313,\n         1.39135602],\n       [ 1.42352529, -0.59761747, -0.03894154,  1.93151536,  9.00824912,\n         1.5805433 ],\n       [ 1.72359021, -0.36408296,  0.05047345,  1.90769505,  9.11211914,\n         1.39379496],\n       [ 1.6955076 , -0.50037784,  0.12069944,  2.19152838,  8.80581785,\n         1.34609174],\n       [ 1.68927987, -0.33034087,  0.16354336,  2.09244296,  8.81529617,\n         1.23904316],\n       [ 1.31225965, -0.39081092,  0.23462247,  1.94262469,  9.03959197,\n         1.24161124]]), array([0.1312399 , 0.13271739, 0.14205614, 0.14805135, 0.15316576,\n       0.16165913, 0.16298441]))", "callback": [0.8833332789992453, 0.8449601371379264, 0.8013372672549933, 0.6539414172898552, 0.42802464809096963, 0.39338800339948277, 0.3796543089231096, 0.3543742148143896, 0.29070655057749095, 0.16298441391123286]}, "1": {"maxiter": 100, "fatol": 1e-05, "xatol": 1e-10, "duration": 0.05176877975463867, "fun": "0.1312399043215443", "nit": "100", "nfev": "156", "status": "2", "success": "False", "message": "Maximum number of iterations has been exceeded.", "x": "[ 1.49561418 -0.69254351  0.02155454  1.96237908  8.83671149  1.59039155]", "final_simplex": "(array([[ 1.49561418, -0.69254351,  0.02155454,  1.96237908,  8.83671149,\n         1.59039155],\n       [ 1.5373967 , -0.47941865,  0.07796666,  1.89986558,  9.08664313,\n         1.39135602],\n       [ 1.42352529, -0.59761747, -0.03894154,  1.93151536,  9.00824912,\n         1.5805433 ],\n       [ 1.72359021, -0.36408296,  0.05047345,  1.90769505,  9.11211914,\n         1.39379496],\n       [ 1.6955076 , -0.50037784,  0.12069944,  2.19152838,  8.80581785,\n         1.34609174],\n       [ 1.68927987, -0.33034087,  0.16354336,  2.09244296,  8.81529617,\n         1.23904316],\n       [ 1.31225965, -0.39081092,  0.23462247,  1.94262469,  9.03959197,\n         1.24161124]]), array([0.1312399 , 0.13271739, 0.14205614, 0.14805135, 0.15316576,\n       0.16165913, 0.16298441]))", "callback": [0.8833332789992453, 0.8449601371379264, 0.8013372672549933, 0.6539414172898552, 0.42802464809096963, 0.39338800339948277, 0.3796543089231096, 0.3543742148143896, 0.29070655057749095, 0.16298441391123286]}, "2": {"maxiter": 100, "fatol": 1e-10, "xatol": 1e-05, "duration": 0.051650047302246094, "fun": "0.1312399043215443", "nit": "100", "nfev": "156", "status": "2", "success": "False", "message": "Maximum number of iterations has been exceeded.", "x": "[ 1.49561418 -0.69254351  0.02155454  1.96237908  8.83671149  1.59039155]", "final_simplex": "(array([[ 1.49561418, -0.69254351,  0.02155454,  1.96237908,  8.83671149,\n         1.59039155],\n       [ 1.5373967 , -0.47941865,  0.07796666,  1.89986558,  9.08664313,\n         1.39135602],\n       [ 1.42352529, -0.59761747, -0.03894154,  1.93151536,  9.00824912,\n         1.5805433 ],\n       [ 1.72359021, -0.36408296,  0.05047345,  1.90769505,  9.11211914,\n         1.39379496],\n       [ 1.6955076 , -0.50037784,  0.12069944,  2.19152838,  8.80581785,\n         1.34609174],\n       [ 1.68927987, -0.33034087,  0.16354336,  2.09244296,  8.81529617,\n         1.23904316],\n       [ 1.31225965, -0.39081092,  0.23462247,  1.94262469,  9.03959197,\n         1.24161124]]), array([0.1312399 , 0.13271739, 0.14205614, 0.14805135, 0.15316576,\n       0.16165913, 0.16298441]))", "callback": [0.8833332789992453, 0.8449601371379264, 0.8013372672549933, 0.6539414172898552, 0.42802464809096963, 0.39338800339948277, 0.3796543089231096, 0.3543742148143896, 0.29070655057749095, 0.16298441391123286]}, "3": {"maxiter": 100, "fatol": 1e-10, "xatol": 1e-10, "duration": 0.04142117500305176, "fun": "0.1312399043215443", "nit": "100", "nfev": "156", "status": "2", "success": "False", "message": "Maximum number of iterations has been exceeded.", "x": "[ 1.49561418 -0.69254351  0.02155454  1.96237908  8.83671149  1.59039155]", "final_simplex": "(array([[ 1.49561418, -0.69254351,  0.02155454,  1.96237908,  8.83671149,\n         1.59039155],\n       [ 1.5373967 , -0.47941865,  0.07796666,  1.89986558,  9.08664313,\n         1.39135602],\n       [ 1.42352529, -0.59761747, -0.03894154,  1.93151536,  9.00824912,\n         1.5805433 ],\n       [ 1.72359021, -0.36408296,  0.05047345,  1.90769505,  9.11211914,\n         1.39379496],\n       [ 1.6955076 , -0.50037784,  0.12069944,  2.19152838,  8.80581785,\n         1.34609174],\n       [ 1.68927987, -0.33034087,  0.16354336,  2.09244296,  8.81529617,\n         1.23904316],\n       [ 1.31225965, -0.39081092,  0.23462247,  1.94262469,  9.03959197,\n         1.24161124]]), array([0.1312399 , 0.13271739, 0.14205614, 0.14805135, 0.15316576,\n       0.16165913, 0.16298441]))", "callback": [0.8833332789992453, 0.8449601371379264, 0.8013372672549933, 0.6539414172898552, 0.42802464809096963, 0.39338800339948277, 0.3796543089231096, 0.3543742148143896, 0.29070655057749095, 0.16298441391123286]}, "4": {"maxiter": 500, "fatol": 1e-05, "xatol": 1e-05, "duration": 0.22791504859924316, "fun": "0.04371551197372947", "nit": "500", "nfev": "787", "status": "2", "success": "False", "message": "Maximum number of iterations has been exceeded.", "x": "[ 1.59586305 -0.21328783 -2.21163294  1.78720807  7.88109543 -0.83784154]", "final_simplex": "(array([[ 1.59586305, -0.21328783, -2.21163294,  1.78720807,  7.88109543,\n        -0.83784154],\n       [ 1.59588407, -0.21331113, -2.21161911,  1.78720778,  7.88109884,\n        -0.8378486 ],\n       [ 1.59592637, -0.21328252, -2.21174409,  1.78719253,  7.88107533,\n        -0.83790749],\n       [ 1.59591059, -0.21328178, -2.21176388,  1.78715105,  7.88110096,\n        -0.83799979],\n       [ 1.59589733, -0.2133255 , -2.21172902,  1.78721516,  7.8810488 ,\n        -0.83792681],\n       [ 1.59585376, -0.21331758, -2.21160645,  1.78726202,  7.88114064,\n        -0.83776282],\n       [ 1.59591292, -0.21327365, -2.21167018,  1.78723757,  7.8811168 ,\n        -0.83790959]]), array([0.04371551, 0.04371551, 0.04371551, 0.04371551, 0.04371551,\n       0.04371551, 0.04371551]))", "callback": [0.8833332789992453, 0.8449601371379264, 0.8013372672549933, 0.6539414172898552, 0.42802464809096963, 0.39338800339948277, 0.3796543089231096, 0.3543742148143896, 0.29070655057749095, 0.16298441391123286, 0.1312399043215443, 0.11931264682665321, 0.11240167334233475, 0.10325434155627633, 0.09767262471696558, 0.0967844050911868, 0.0960834000996923, 0.09585217842920368, 0.0958512547486704, 0.0958401319141835, 0.09580178972710274, 0.09572000121035129, 0.09545433460217967, 0.09517965000903483, 0.0946427583589311, 0.09269127889535889, 0.08576448717926433, 0.08334740236139737, 0.07881429412124052, 0.0725279623784233, 0.06586035611242402, 0.05875362352460267, 0.054703102039661444, 0.047954250680208754, 0.04551608867308499, 0.04450057845082889, 0.04403088909509034, 0.043953094161512496, 0.04376259532925153, 0.043738716079034234, 0.04372688450480677, 0.04371890630759512, 0.04371703547546957, 0.043716187291645614, 0.043715799629961416, 0.04371568485633481, 0.043715539485168486, 0.04371552947450441, 0.04371551779070215, 0.043715512643009324]}, "5": {"maxiter": 500, "fatol": 1e-05, "xatol": 1e-10, "duration": 0.24565505981445312, "fun": "0.04371551197372947", "nit": "500", "nfev": "787", "status": "2", "success": "False", "message": "Maximum number of iterations has been exceeded.", "x": "[ 1.59586305 -0.21328783 -2.21163294  1.78720807  7.88109543 -0.83784154]", "final_simplex": "(array([[ 1.59586305, -0.21328783, -2.21163294,  1.78720807,  7.88109543,\n        -0.83784154],\n       [ 1.59588407, -0.21331113, -2.21161911,  1.78720778,  7.88109884,\n        -0.8378486 ],\n       [ 1.59592637, -0.21328252, -2.21174409,  1.78719253,  7.88107533,\n        -0.83790749],\n       [ 1.59591059, -0.21328178, -2.21176388,  1.78715105,  7.88110096,\n        -0.83799979],\n       [ 1.59589733, -0.2133255 , -2.21172902,  1.78721516,  7.8810488 ,\n        -0.83792681],\n       [ 1.59585376, -0.21331758, -2.21160645,  1.78726202,  7.88114064,\n        -0.83776282],\n       [ 1.59591292, -0.21327365, -2.21167018,  1.78723757,  7.8811168 ,\n        -0.83790959]]), array([0.04371551, 0.04371551, 0.04371551, 0.04371551, 0.04371551,\n       0.04371551, 0.04371551]))", "callback": [0.8833332789992453, 0.8449601371379264, 0.8013372672549933, 0.6539414172898552, 0.42802464809096963, 0.39338800339948277, 0.3796543089231096, 0.3543742148143896, 0.29070655057749095, 0.16298441391123286, 0.1312399043215443, 0.11931264682665321, 0.11240167334233475, 0.10325434155627633, 0.09767262471696558, 0.0967844050911868, 0.0960834000996923, 0.09585217842920368, 0.0958512547486704, 0.0958401319141835, 0.09580178972710274, 0.09572000121035129, 0.09545433460217967, 0.09517965000903483, 0.0946427583589311, 0.09269127889535889, 0.08576448717926433, 0.08334740236139737, 0.07881429412124052, 0.0725279623784233, 0.06586035611242402, 0.05875362352460267, 0.054703102039661444, 0.047954250680208754, 0.04551608867308499, 0.04450057845082889, 0.04403088909509034, 0.043953094161512496, 0.04376259532925153, 0.043738716079034234, 0.04372688450480677, 0.04371890630759512, 0.04371703547546957, 0.043716187291645614, 0.043715799629961416, 0.04371568485633481, 0.043715539485168486, 0.04371552947450441, 0.04371551779070215, 0.043715512643009324]}, "6": {"maxiter": 500, "fatol": 1e-10, "xatol": 1e-05, "duration": 0.24628710746765137, "fun": "0.04371551197372947", "nit": "500", "nfev": "787", "status": "2", "success": "False", "message": "Maximum number of iterations has been exceeded.", "x": "[ 1.59586305 -0.21328783 -2.21163294  1.78720807  7.88109543 -0.83784154]", "final_simplex": "(array([[ 1.59586305, -0.21328783, -2.21163294,  1.78720807,  7.88109543,\n        -0.83784154],\n       [ 1.59588407, -0.21331113, -2.21161911,  1.78720778,  7.88109884,\n        -0.8378486 ],\n       [ 1.59592637, -0.21328252, -2.21174409,  1.78719253,  7.88107533,\n        -0.83790749],\n       [ 1.59591059, -0.21328178, -2.21176388,  1.78715105,  7.88110096,\n        -0.83799979],\n       [ 1.59589733, -0.2133255 , -2.21172902,  1.78721516,  7.8810488 ,\n        -0.83792681],\n       [ 1.59585376, -0.21331758, -2.21160645,  1.78726202,  7.88114064,\n        -0.83776282],\n       [ 1.59591292, -0.21327365, -2.21167018,  1.78723757,  7.8811168 ,\n        -0.83790959]]), array([0.04371551, 0.04371551, 0.04371551, 0.04371551, 0.04371551,\n       0.04371551, 0.04371551]))", "callback": [0.8833332789992453, 0.8449601371379264, 0.8013372672549933, 0.6539414172898552, 0.42802464809096963, 0.39338800339948277, 0.3796543089231096, 0.3543742148143896, 0.29070655057749095, 0.16298441391123286, 0.1312399043215443, 0.11931264682665321, 0.11240167334233475, 0.10325434155627633, 0.09767262471696558, 0.0967844050911868, 0.0960834000996923, 0.09585217842920368, 0.0958512547486704, 0.0958401319141835, 0.09580178972710274, 0.09572000121035129, 0.09545433460217967, 0.09517965000903483, 0.0946427583589311, 0.09269127889535889, 0.08576448717926433, 0.08334740236139737, 0.07881429412124052, 0.0725279623784233, 0.06586035611242402, 0.05875362352460267, 0.054703102039661444, 0.047954250680208754, 0.04551608867308499, 0.04450057845082889, 0.04403088909509034, 0.043953094161512496, 0.04376259532925153, 0.043738716079034234, 0.04372688450480677, 0.04371890630759512, 0.04371703547546957, 0.043716187291645614, 0.043715799629961416, 0.04371568485633481, 0.043715539485168486, 0.04371552947450441, 0.04371551779070215, 0.043715512643009324]}, "7": {"maxiter": 500, "fatol": 1e-10, "xatol": 1e-10, "duration": 0.24490594863891602, "fun": "0.04371551197372947", "nit": "500", "nfev": "787", "status": "2", "success": "False", "message": "Maximum number of iterations has been exceeded.", "x": "[ 1.59586305 -0.21328783 -2.21163294  1.78720807  7.88109543 -0.83784154]", "final_simplex": "(array([[ 1.59586305, -0.21328783, -2.21163294,  1.78720807,  7.88109543,\n        -0.83784154],\n       [ 1.59588407, -0.21331113, -2.21161911,  1.78720778,  7.88109884,\n        -0.8378486 ],\n       [ 1.59592637, -0.21328252, -2.21174409,  1.78719253,  7.88107533,\n        -0.83790749],\n       [ 1.59591059, -0.21328178, -2.21176388,  1.78715105,  7.88110096,\n        -0.83799979],\n       [ 1.59589733, -0.2133255 , -2.21172902,  1.78721516,  7.8810488 ,\n        -0.83792681],\n       [ 1.59585376, -0.21331758, -2.21160645,  1.78726202,  7.88114064,\n        -0.83776282],\n       [ 1.59591292, -0.21327365, -2.21167018,  1.78723757,  7.8811168 ,\n        -0.83790959]]), array([0.04371551, 0.04371551, 0.04371551, 0.04371551, 0.04371551,\n       0.04371551, 0.04371551]))", "callback": [0.8833332789992453, 0.8449601371379264, 0.8013372672549933, 0.6539414172898552, 0.42802464809096963, 0.39338800339948277, 0.3796543089231096, 0.3543742148143896, 0.29070655057749095, 0.16298441391123286, 0.1312399043215443, 0.11931264682665321, 0.11240167334233475, 0.10325434155627633, 0.09767262471696558, 0.0967844050911868, 0.0960834000996923, 0.09585217842920368, 0.0958512547486704, 0.0958401319141835, 0.09580178972710274, 0.09572000121035129, 0.09545433460217967, 0.09517965000903483, 0.0946427583589311, 0.09269127889535889, 0.08576448717926433, 0.08334740236139737, 0.07881429412124052, 0.0725279623784233, 0.06586035611242402, 0.05875362352460267, 0.054703102039661444, 0.047954250680208754, 0.04551608867308499, 0.04450057845082889, 0.04403088909509034, 0.043953094161512496, 0.04376259532925153, 0.043738716079034234, 0.04372688450480677, 0.04371890630759512, 0.04371703547546957, 0.043716187291645614, 0.043715799629961416, 0.04371568485633481, 0.043715539485168486, 0.04371552947450441, 0.04371551779070215, 0.043715512643009324]}, "8": {"maxiter": 1000, "fatol": 1e-05, "xatol": 1e-05, "duration": 0.2903411388397217, "fun": "0.04371551175693855", "nit": "536", "nfev": "848", "status": "0", "success": "True", "message": "Optimization terminated successfully.", "x": "[ 1.59589545 -0.21329436 -2.21171464  1.78717027  7.88107451 -0.83793244]", "final_simplex": "(array([[ 1.59589545, -0.21329436, -2.21171464,  1.78717027,  7.88107451,\n        -0.83793244],\n       [ 1.59589225, -0.21329605, -2.21170477,  1.78717528,  7.88107575,\n        -0.83792245],\n       [ 1.5958945 , -0.21329459, -2.21171076,  1.78717222,  7.88107307,\n        -0.8379301 ],\n       [ 1.59589457, -0.21329394, -2.21171422,  1.78717227,  7.8810766 ,\n        -0.83793245],\n       [ 1.59589149, -0.21329675, -2.21171061,  1.78717105,  7.8810746 ,\n        -0.83792885],\n       [ 1.59589395, -0.21329405, -2.21171494,  1.78717151,  7.88107397,\n        -0.8379278 ],\n       [ 1.59589151, -0.21329411, -2.21170511,  1.78717186,  7.88107611,\n        -0.83792634]]), array([0.04371551, 0.04371551, 0.04371551, 0.04371551, 0.04371551,\n       0.04371551, 0.04371551]))", "callback": [0.8833332789992453, 0.8449601371379264, 0.8013372672549933, 0.6539414172898552, 0.42802464809096963, 0.39338800339948277, 0.3796543089231096, 0.3543742148143896, 0.29070655057749095, 0.16298441391123286, 0.1312399043215443, 0.11931264682665321, 0.11240167334233475, 0.10325434155627633, 0.09767262471696558, 0.0967844050911868, 0.0960834000996923, 0.09585217842920368, 0.0958512547486704, 0.0958401319141835, 0.09580178972710274, 0.09572000121035129, 0.09545433460217967, 0.09517965000903483, 0.0946427583589311, 0.09269127889535889, 0.08576448717926433, 0.08334740236139737, 0.07881429412124052, 0.0725279623784233, 0.06586035611242402, 0.05875362352460267, 0.054703102039661444, 0.047954250680208754, 0.04551608867308499, 0.04450057845082889, 0.04403088909509034, 0.043953094161512496, 0.04376259532925153, 0.043738716079034234, 0.04372688450480677, 0.04371890630759512, 0.04371703547546957, 0.043716187291645614, 0.043715799629961416, 0.04371568485633481, 0.043715539485168486, 0.04371552947450441, 0.04371551779070215, 0.043715512643009324, 0.04371551197372947, 0.04371551180969435, 0.0437155117651824, 0.04371551175751098]}, "9": {"maxiter": 1000, "fatol": 1e-05, "xatol": 1e-10, "duration": 0.3257322311401367, "fun": "0.04371551175612931", "nit": "635", "nfev": "1076", "status": "0", "success": "True", "message": "Optimization terminated successfully.", "x": "[ 1.59589375 -0.2132952  -2.21171106  1.78717305  7.88107517 -0.83792855]", "final_simplex": "(array([[ 1.59589375, -0.2132952 , -2.21171106,  1.78717305,  7.88107517,\n        -0.83792855],\n       [ 1.59589375, -0.2132952 , -2.21171106,  1.78717305,  7.88107517,\n        -0.83792855],\n       [ 1.59589375, -0.2132952 , -2.21171106,  1.78717305,  7.88107517,\n        -0.83792855],\n       [ 1.59589375, -0.2132952 , -2.21171106,  1.78717305,  7.88107517,\n        -0.83792855],\n       [ 1.59589375, -0.2132952 , -2.21171106,  1.78717305,  7.88107517,\n        -0.83792855],\n       [ 1.59589375, -0.2132952 , -2.21171106,  1.78717305,  7.88107517,\n        -0.83792855],\n       [ 1.59589375, -0.2132952 , -2.21171106,  1.78717305,  7.88107517,\n        -0.83792855]]), array([0.04371551, 0.04371551, 0.04371551, 0.04371551, 0.04371551,\n       0.04371551, 0.04371551]))", "callback": [0.8833332789992453, 0.8449601371379264, 0.8013372672549933, 0.6539414172898552, 0.42802464809096963, 0.39338800339948277, 0.3796543089231096, 0.3543742148143896, 0.29070655057749095, 0.16298441391123286, 0.1312399043215443, 0.11931264682665321, 0.11240167334233475, 0.10325434155627633, 0.09767262471696558, 0.0967844050911868, 0.0960834000996923, 0.09585217842920368, 0.0958512547486704, 0.0958401319141835, 0.09580178972710274, 0.09572000121035129, 0.09545433460217967, 0.09517965000903483, 0.0946427583589311, 0.09269127889535889, 0.08576448717926433, 0.08334740236139737, 0.07881429412124052, 0.0725279623784233, 0.06586035611242402, 0.05875362352460267, 0.054703102039661444, 0.047954250680208754, 0.04551608867308499, 0.04450057845082889, 0.04403088909509034, 0.043953094161512496, 0.04376259532925153, 0.043738716079034234, 0.04372688450480677, 0.04371890630759512, 0.04371703547546957, 0.043716187291645614, 0.043715799629961416, 0.04371568485633481, 0.043715539485168486, 0.04371552947450441, 0.04371551779070215, 0.043715512643009324, 0.04371551197372947, 0.04371551180969435, 0.0437155117651824, 0.04371551175751098, 0.043715511756444836, 0.04371551175617849, 0.04371551175613919, 0.04371551175613153, 0.04371551175612998, 0.043715511756129755, 0.04371551175612931, 0.04371551175612931, 0.04371551175612931, 0.04371551175612931]}, "10": {"maxiter": 1000, "fatol": 1e-10, "xatol": 1e-05, "duration": 0.25334978103637695, "fun": "0.04371551175693855", "nit": "536", "nfev": "848", "status": "0", "success": "True", "message": "Optimization terminated successfully.", "x": "[ 1.59589545 -0.21329436 -2.21171464  1.78717027  7.88107451 -0.83793244]", "final_simplex": "(array([[ 1.59589545, -0.21329436, -2.21171464,  1.78717027,  7.88107451,\n        -0.83793244],\n       [ 1.59589225, -0.21329605, -2.21170477,  1.78717528,  7.88107575,\n        -0.83792245],\n       [ 1.5958945 , -0.21329459, -2.21171076,  1.78717222,  7.88107307,\n        -0.8379301 ],\n       [ 1.59589457, -0.21329394, -2.21171422,  1.78717227,  7.8810766 ,\n        -0.83793245],\n       [ 1.59589149, -0.21329675, -2.21171061,  1.78717105,  7.8810746 ,\n        -0.83792885],\n       [ 1.59589395, -0.21329405, -2.21171494,  1.78717151,  7.88107397,\n        -0.8379278 ],\n       [ 1.59589151, -0.21329411, -2.21170511,  1.78717186,  7.88107611,\n        -0.83792634]]), array([0.04371551, 0.04371551, 0.04371551, 0.04371551, 0.04371551,\n       0.04371551, 0.04371551]))", "callback": [0.8833332789992453, 0.8449601371379264, 0.8013372672549933, 0.6539414172898552, 0.42802464809096963, 0.39338800339948277, 0.3796543089231096, 0.3543742148143896, 0.29070655057749095, 0.16298441391123286, 0.1312399043215443, 0.11931264682665321, 0.11240167334233475, 0.10325434155627633, 0.09767262471696558, 0.0967844050911868, 0.0960834000996923, 0.09585217842920368, 0.0958512547486704, 0.0958401319141835, 0.09580178972710274, 0.09572000121035129, 0.09545433460217967, 0.09517965000903483, 0.0946427583589311, 0.09269127889535889, 0.08576448717926433, 0.08334740236139737, 0.07881429412124052, 0.0725279623784233, 0.06586035611242402, 0.05875362352460267, 0.054703102039661444, 0.047954250680208754, 0.04551608867308499, 0.04450057845082889, 0.04403088909509034, 0.043953094161512496, 0.04376259532925153, 0.043738716079034234, 0.04372688450480677, 0.04371890630759512, 0.04371703547546957, 0.043716187291645614, 0.043715799629961416, 0.04371568485633481, 0.043715539485168486, 0.04371552947450441, 0.04371551779070215, 0.043715512643009324, 0.04371551197372947, 0.04371551180969435, 0.0437155117651824, 0.04371551175751098]}, "11": {"maxiter": 1000, "fatol": 1e-10, "xatol": 1e-10, "duration": 0.33186793327331543, "fun": "0.04371551175612931", "nit": "635", "nfev": "1076", "status": "0", "success": "True", "message": "Optimization terminated successfully.", "x": "[ 1.59589375 -0.2132952  -2.21171106  1.78717305  7.88107517 -0.83792855]", "final_simplex": "(array([[ 1.59589375, -0.2132952 , -2.21171106,  1.78717305,  7.88107517,\n        -0.83792855],\n       [ 1.59589375, -0.2132952 , -2.21171106,  1.78717305,  7.88107517,\n        -0.83792855],\n       [ 1.59589375, -0.2132952 , -2.21171106,  1.78717305,  7.88107517,\n        -0.83792855],\n       [ 1.59589375, -0.2132952 , -2.21171106,  1.78717305,  7.88107517,\n        -0.83792855],\n       [ 1.59589375, -0.2132952 , -2.21171106,  1.78717305,  7.88107517,\n        -0.83792855],\n       [ 1.59589375, -0.2132952 , -2.21171106,  1.78717305,  7.88107517,\n        -0.83792855],\n       [ 1.59589375, -0.2132952 , -2.21171106,  1.78717305,  7.88107517,\n        -0.83792855]]), array([0.04371551, 0.04371551, 0.04371551, 0.04371551, 0.04371551,\n       0.04371551, 0.04371551]))", "callback": [0.8833332789992453, 0.8449601371379264, 0.8013372672549933, 0.6539414172898552, 0.42802464809096963, 0.39338800339948277, 0.3796543089231096, 0.3543742148143896, 0.29070655057749095, 0.16298441391123286, 0.1312399043215443, 0.11931264682665321, 0.11240167334233475, 0.10325434155627633, 0.09767262471696558, 0.0967844050911868, 0.0960834000996923, 0.09585217842920368, 0.0958512547486704, 0.0958401319141835, 0.09580178972710274, 0.09572000121035129, 0.09545433460217967, 0.09517965000903483, 0.0946427583589311, 0.09269127889535889, 0.08576448717926433, 0.08334740236139737, 0.07881429412124052, 0.0725279623784233, 0.06586035611242402, 0.05875362352460267, 0.054703102039661444, 0.047954250680208754, 0.04551608867308499, 0.04450057845082889, 0.04403088909509034, 0.043953094161512496, 0.04376259532925153, 0.043738716079034234, 0.04372688450480677, 0.04371890630759512, 0.04371703547546957, 0.043716187291645614, 0.043715799629961416, 0.04371568485633481, 0.043715539485168486, 0.04371552947450441, 0.04371551779070215, 0.043715512643009324, 0.04371551197372947, 0.04371551180969435, 0.0437155117651824, 0.04371551175751098, 0.043715511756444836, 0.04371551175617849, 0.04371551175613919, 0.04371551175613153, 0.04371551175612998, 0.043715511756129755, 0.04371551175612931, 0.04371551175612931, 0.04371551175612931, 0.04371551175612931]}}, "bfgs": {"type": "gradient", "0": {"maxiter": 100, "gtol": 1e-05, "xrtol": 1e-05, "eps": 1e-05, "duration": 0.08602786064147949, "fun": "0.043715511857495226", "jac": "[ 2.38212783e-06  8.20750135e-06 -2.33935094e-07 -3.10342863e-06\n -6.57873755e-07 -1.98618899e-07]", "hess_inv": "[[  5.50596464   0.87190966  -8.83103903   2.45335411  -2.17519607\n   -8.28754235]\n [  0.87190966   3.17006777  -2.61311219   1.62235089   0.55601199\n   -3.10251933]\n [ -8.83103903  -2.61311219  28.28904673  -9.76659117   7.07576136\n   22.5619483 ]\n [  2.45335411   1.62235089  -9.76659117   6.64706502  -2.98391521\n  -10.1875577 ]\n [ -2.17519607   0.55601199   7.07576136  -2.98391521   5.06709944\n    7.74158651]\n [ -8.28754235  -3.10251933  22.5619483  -10.1875577    7.74158651\n   27.7848927 ]]", "nfev": "287", "njev": "41", "status": "0", "success": "True", "message": "Optimization terminated successfully.", "x": "[ 1.59591435 -0.2132805   4.07142931 -1.78716879  4.73946804  2.30362089]", "nit": "34", "callback": [0.2588409917546539, 0.2339622987522899, 0.18914439873373867, 0.13044845466595378, 0.1194967558420661, 0.11110652304800173, 0.10254343555854106, 0.10155817648192278, 0.10106512443139082, 0.10064977267101127, 0.10037463482165265, 0.1001454077838847, 0.09985702240814054, 0.09934009950402467, 0.09835262539975242, 0.09658973818264549, 0.09520790652890476, 0.0925777431684931, 0.07151322163676732, 0.05486141797266231, 0.05395830319739647, 0.052533713223382184, 0.05090187958475556, 0.04934668277208276, 0.046874881302001015, 0.044363972548776553, 0.04381069432537765, 0.04376914839662527, 0.04372139388832541, 0.043716780367187846, 0.043715959803190985, 0.043715572515568346, 0.04371551734844292, 0.043715511857495226]}, "1": {"maxiter": 100, "gtol": 1e-05, "xrtol": 1e-05, "eps": 1e-10, "duration": 0.08483099937438965, "fun": "0.043715511799228945", "jac": "[ 1.11022293e-06  1.11022293e-06 -1.11022293e-06  1.11022293e-06\n -4.44089173e-06  0.00000000e+00]", "hess_inv": "[[ 4.88481312  0.94756231 -7.9357674   2.25982631 -1.71863651 -7.2017714 ]\n [ 0.94756231  3.08293437 -2.6147975   1.53914873  0.30742425 -3.1815782 ]\n [-7.9357674  -2.6147975  27.69154398 -9.49677623  6.88712906 20.49186598]\n [ 2.25982631  1.53914873 -9.49677623  6.48986684 -2.8725568  -9.39704321]\n [-1.71863651  0.30742425  6.88712906 -2.8725568   4.94387529  6.76477257]\n [-7.2017714  -3.1815782  20.49186598 -9.39704321  6.76477257 25.0336742 ]]", "nfev": "294", "njev": "42", "status": "0", "success": "True", "message": "Optimization terminated successfully.", "x": "[ 1.59590786 -0.2132894   4.07144759 -1.78716691  4.73946699  2.30363943]", "nit": "35", "callback": [0.2588421534744991, 0.23396229801080604, 0.18914211686180016, 0.13044575041356676, 0.11949623787271424, 0.11110451257585807, 0.10254439764224155, 0.10155823924604623, 0.10106505032150825, 0.10064954801491732, 0.10037411547051622, 0.10014503150639797, 0.09985633207943667, 0.09933851546071382, 0.09834890083916092, 0.09658313320385936, 0.09520639144284981, 0.09258691603919589, 0.07141457587068056, 0.05509711987071797, 0.05404639437820613, 0.0524400594459532, 0.05085688361020946, 0.049131076255952144, 0.046491965488112186, 0.0443166428595152, 0.043806478393001336, 0.043740035511963926, 0.04373234598562192, 0.04372089331398077, 0.04371632717415208, 0.04371579173629392, 0.04371552377784671, 0.04371551209748836, 0.043715511799228945]}, "2": {"maxiter": 100, "gtol": 1e-05, "xrtol": 1e-10, "eps": 1e-05, "duration": 0.09951615333557129, "fun": "0.043715511857495226", "jac": "[ 2.38212783e-06  8.20750135e-06 -2.33935094e-07 -3.10342863e-06\n -6.57873755e-07 -1.98618899e-07]", "hess_inv": "[[  5.50596464   0.87190966  -8.83103903   2.45335411  -2.17519607\n   -8.28754235]\n [  0.87190966   3.17006777  -2.61311219   1.62235089   0.55601199\n   -3.10251933]\n [ -8.83103903  -2.61311219  28.28904673  -9.76659117   7.07576136\n   22.5619483 ]\n [  2.45335411   1.62235089  -9.76659117   6.64706502  -2.98391521\n  -10.1875577 ]\n [ -2.17519607   0.55601199   7.07576136  -2.98391521   5.06709944\n    7.74158651]\n [ -8.28754235  -3.10251933  22.5619483  -10.1875577    7.74158651\n   27.7848927 ]]", "nfev": "287", "njev": "41", "status": "0", "success": "True", "message": "Optimization terminated successfully.", "x": "[ 1.59591435 -0.2132805   4.07142931 -1.78716879  4.73946804  2.30362089]", "nit": "34", "callback": [0.2588409917546539, 0.2339622987522899, 0.18914439873373867, 0.13044845466595378, 0.1194967558420661, 0.11110652304800173, 0.10254343555854106, 0.10155817648192278, 0.10106512443139082, 0.10064977267101127, 0.10037463482165265, 0.1001454077838847, 0.09985702240814054, 0.09934009950402467, 0.09835262539975242, 0.09658973818264549, 0.09520790652890476, 0.0925777431684931, 0.07151322163676732, 0.05486141797266231, 0.05395830319739647, 0.052533713223382184, 0.05090187958475556, 0.04934668277208276, 0.046874881302001015, 0.044363972548776553, 0.04381069432537765, 0.04376914839662527, 0.04372139388832541, 0.043716780367187846, 0.043715959803190985, 0.043715572515568346, 0.04371551734844292, 0.043715511857495226]}, "3": {"maxiter": 100, "gtol": 1e-05, "xrtol": 1e-10, "eps": 1e-10, "duration": 0.09811091423034668, "fun": "0.043715511799228945", "jac": "[ 1.11022293e-06  1.11022293e-06 -1.11022293e-06  1.11022293e-06\n -4.44089173e-06  0.00000000e+00]", "hess_inv": "[[ 4.88481312  0.94756231 -7.9357674   2.25982631 -1.71863651 -7.2017714 ]\n [ 0.94756231  3.08293437 -2.6147975   1.53914873  0.30742425 -3.1815782 ]\n [-7.9357674  -2.6147975  27.69154398 -9.49677623  6.88712906 20.49186598]\n [ 2.25982631  1.53914873 -9.49677623  6.48986684 -2.8725568  -9.39704321]\n [-1.71863651  0.30742425  6.88712906 -2.8725568   4.94387529  6.76477257]\n [-7.2017714  -3.1815782  20.49186598 -9.39704321  6.76477257 25.0336742 ]]", "nfev": "294", "njev": "42", "status": "0", "success": "True", "message": "Optimization terminated successfully.", "x": "[ 1.59590786 -0.2132894   4.07144759 -1.78716691  4.73946699  2.30363943]", "nit": "35", "callback": [0.2588421534744991, 0.23396229801080604, 0.18914211686180016, 0.13044575041356676, 0.11949623787271424, 0.11110451257585807, 0.10254439764224155, 0.10155823924604623, 0.10106505032150825, 0.10064954801491732, 0.10037411547051622, 0.10014503150639797, 0.09985633207943667, 0.09933851546071382, 0.09834890083916092, 0.09658313320385936, 0.09520639144284981, 0.09258691603919589, 0.07141457587068056, 0.05509711987071797, 0.05404639437820613, 0.0524400594459532, 0.05085688361020946, 0.049131076255952144, 0.046491965488112186, 0.0443166428595152, 0.043806478393001336, 0.043740035511963926, 0.04373234598562192, 0.04372089331398077, 0.04371632717415208, 0.04371579173629392, 0.04371552377784671, 0.04371551209748836, 0.043715511799228945]}, "4": {"maxiter": 100, "gtol": 1e-10, "xrtol": 1e-05, "eps": 1e-05, "duration": 0.09127020835876465, "fun": "0.043715511803264606", "jac": "[-5.02187181e-07  2.21134222e-07 -3.06010772e-07 -1.77158288e-07\n -1.11193277e-06  4.89264185e-07]", "hess_inv": "[[  6.11517409   1.20810674  -9.59509389   2.46227314  -2.2312932\n   -8.86731031]\n [  1.20810674   2.95288915  -2.87474579   1.49754636   0.41779535\n   -3.06432432]\n [ -9.59509389  -2.87474579  29.18372284  -9.72623077   7.18873594\n   23.14677083]\n [  2.46227314   1.49754636  -9.72623077   6.60540644  -3.01928811\n  -10.08067566]\n [ -2.2312932    0.41779535   7.18873594  -3.01928811   5.0436974\n    7.89036151]\n [ -8.86731031  -3.06432432  23.14677083 -10.08067566   7.89036151\n   28.0181324 ]]", "nfev": "294", "njev": "42", "status": "0", "success": "True", "message": "Optimization terminated successfully.", "x": "[ 1.59589203 -0.21330397  4.07146173 -1.78717271  4.73946712  2.30365205]", "nit": "35", "callback": [0.2588409917546539, 0.2339622987522899, 0.18914439873373867, 0.13044845466595378, 0.1194967558420661, 0.11110652304800173, 0.10254343555854106, 0.10155817648192278, 0.10106512443139082, 0.10064977267101127, 0.10037463482165265, 0.1001454077838847, 0.09985702240814054, 0.09934009950402467, 0.09835262539975242, 0.09658973818264549, 0.09520790652890476, 0.0925777431684931, 0.07151322163676732, 0.05486141797266231, 0.05395830319739647, 0.052533713223382184, 0.05090187958475556, 0.04934668277208276, 0.046874881302001015, 0.044363972548776553, 0.04381069432537765, 0.04376914839662527, 0.04372139388832541, 0.043716780367187846, 0.043715959803190985, 0.043715572515568346, 0.04371551734844292, 0.043715511857495226, 0.043715511803264606]}, "5": {"maxiter": 100, "gtol": 1e-10, "xrtol": 1e-05, "eps": 1e-10, "duration": 0.10237979888916016, "fun": "0.043715511799228945", "jac": "[ 1.11022293e-06  1.11022293e-06 -1.11022293e-06  1.11022293e-06\n -4.44089173e-06  0.00000000e+00]", "hess_inv": "[[ 4.88481312  0.94756231 -7.9357674   2.25982631 -1.71863651 -7.2017714 ]\n [ 0.94756231  3.08293437 -2.6147975   1.53914873  0.30742425 -3.1815782 ]\n [-7.9357674  -2.6147975  27.69154398 -9.49677623  6.88712906 20.49186598]\n [ 2.25982631  1.53914873 -9.49677623  6.48986684 -2.8725568  -9.39704321]\n [-1.71863651  0.30742425  6.88712906 -2.8725568   4.94387529  6.76477257]\n [-7.2017714  -3.1815782  20.49186598 -9.39704321  6.76477257 25.0336742 ]]", "nfev": "294", "njev": "42", "status": "0", "success": "True", "message": "Optimization terminated successfully.", "x": "[ 1.59590786 -0.2132894   4.07144759 -1.78716691  4.73946699  2.30363943]", "nit": "35", "callback": [0.2588421534744991, 0.23396229801080604, 0.18914211686180016, 0.13044575041356676, 0.11949623787271424, 0.11110451257585807, 0.10254439764224155, 0.10155823924604623, 0.10106505032150825, 0.10064954801491732, 0.10037411547051622, 0.10014503150639797, 0.09985633207943667, 0.09933851546071382, 0.09834890083916092, 0.09658313320385936, 0.09520639144284981, 0.09258691603919589, 0.07141457587068056, 0.05509711987071797, 0.05404639437820613, 0.0524400594459532, 0.05085688361020946, 0.049131076255952144, 0.046491965488112186, 0.0443166428595152, 0.043806478393001336, 0.043740035511963926, 0.04373234598562192, 0.04372089331398077, 0.04371632717415208, 0.04371579173629392, 0.04371552377784671, 0.04371551209748836, 0.043715511799228945]}, "6": {"maxiter": 100, "gtol": 1e-10, "xrtol": 1e-10, "eps": 1e-05, "duration": 0.1457080841064453, "fun": "0.04371551179140343", "jac": "[-8.35997938e-09  3.71258579e-08  1.25899291e-08 -7.10542736e-09\n -2.24265051e-08  7.30526750e-09]", "hess_inv": "[[  5.98962767   1.058022    -9.64337624   2.46687409  -2.39229733\n   -8.71931072]\n [  1.058022     2.85257271  -2.96976068   1.46455966   0.18656537\n   -2.84153987]\n [ -9.64337624  -2.96976068  29.3478325   -9.71866417   7.25875801\n   23.19370246]\n [  2.46687409   1.46455966  -9.71866417   6.62488707  -3.00303279\n  -10.10928171]\n [ -2.39229733   0.18656537   7.25875801  -3.00303279   4.93447096\n    8.06570269]\n [ -8.71931072  -2.84153987  23.19370246 -10.10928171   8.06570269\n   27.87106925]]", "nfev": "481", "njev": "67", "status": "2", "success": "False", "message": "Desired error not necessarily achieved due to precision loss.", "x": "[ 1.59589374 -0.2133031   4.07146194 -1.78717213  4.7394692   2.30364929]", "nit": "36", "callback": [0.2588409917546539, 0.2339622987522899, 0.18914439873373867, 0.13044845466595378, 0.1194967558420661, 0.11110652304800173, 0.10254343555854106, 0.10155817648192278, 0.10106512443139082, 0.10064977267101127, 0.10037463482165265, 0.1001454077838847, 0.09985702240814054, 0.09934009950402467, 0.09835262539975242, 0.09658973818264549, 0.09520790652890476, 0.0925777431684931, 0.07151322163676732, 0.05486141797266231, 0.05395830319739647, 0.052533713223382184, 0.05090187958475556, 0.04934668277208276, 0.046874881302001015, 0.044363972548776553, 0.04381069432537765, 0.04376914839662527, 0.04372139388832541, 0.043716780367187846, 0.043715959803190985, 0.043715572515568346, 0.04371551734844292, 0.043715511857495226, 0.043715511803264606, 0.04371551179140343]}, "7": {"maxiter": 100, "gtol": 1e-10, "xrtol": 1e-10, "eps": 1e-10, "duration": 0.18319106101989746, "fun": "0.04371551176673971", "jac": "[ 0.00000000e+00 -2.22044587e-06  1.11022293e-06  1.11022293e-06\n  0.00000000e+00  2.22044587e-06]", "hess_inv": "[[ 12.53236711   1.53201901   5.01325123  -0.0747353    4.41422956\n  -17.75762007]\n [  1.53201901   1.29151886   0.68337421   0.20357192   0.20894776\n   -1.91422572]\n [  5.01325123   0.68337421   2.10450869   0.14274817   1.78451639\n   -7.36150103]\n [ -0.0747353    0.20357192   0.14274817   0.52548033  -0.05276937\n   -0.23684871]\n [  4.41422956   0.20894776   1.78451639  -0.05276937   1.83850496\n   -6.60864266]\n [-17.75762007  -1.91422572  -7.36150103  -0.23684871  -6.60864266\n   26.38043324]]", "nfev": "572", "njev": "80", "status": "2", "success": "False", "message": "Desired error not necessarily achieved due to precision loss.", "x": "[ 1.59589223 -0.21330192  4.07147994 -1.78717924  4.73948158  2.30366817]", "nit": "42", "callback": [0.2588421534744991, 0.23396229801080604, 0.18914211686180016, 0.13044575041356676, 0.11949623787271424, 0.11110451257585807, 0.10254439764224155, 0.10155823924604623, 0.10106505032150825, 0.10064954801491732, 0.10037411547051622, 0.10014503150639797, 0.09985633207943667, 0.09933851546071382, 0.09834890083916092, 0.09658313320385936, 0.09520639144284981, 0.09258691603919589, 0.07141457587068056, 0.05509711987071797, 0.05404639437820613, 0.0524400594459532, 0.05085688361020946, 0.049131076255952144, 0.046491965488112186, 0.0443166428595152, 0.043806478393001336, 0.043740035511963926, 0.04373234598562192, 0.04372089331398077, 0.04371632717415208, 0.04371579173629392, 0.04371552377784671, 0.04371551209748836, 0.043715511799228945, 0.043715511790419326, 0.04371551178957289, 0.04371551178414923, 0.04371551177256672, 0.0437155117725444, 0.04371551177165656, 0.04371551176673971]}, "8": {"maxiter": 500, "gtol": 1e-05, "xrtol": 1e-05, "eps": 1e-05, "duration": 0.08514404296875, "fun": "0.043715511857495226", "jac": "[ 2.38212783e-06  8.20750135e-06 -2.33935094e-07 -3.10342863e-06\n -6.57873755e-07 -1.98618899e-07]", "hess_inv": "[[  5.50596464   0.87190966  -8.83103903   2.45335411  -2.17519607\n   -8.28754235]\n [  0.87190966   3.17006777  -2.61311219   1.62235089   0.55601199\n   -3.10251933]\n [ -8.83103903  -2.61311219  28.28904673  -9.76659117   7.07576136\n   22.5619483 ]\n [  2.45335411   1.62235089  -9.76659117   6.64706502  -2.98391521\n  -10.1875577 ]\n [ -2.17519607   0.55601199   7.07576136  -2.98391521   5.06709944\n    7.74158651]\n [ -8.28754235  -3.10251933  22.5619483  -10.1875577    7.74158651\n   27.7848927 ]]", "nfev": "287", "njev": "41", "status": "0", "success": "True", "message": "Optimization terminated successfully.", "x": "[ 1.59591435 -0.2132805   4.07142931 -1.78716879  4.73946804  2.30362089]", "nit": "34", "callback": [0.2588409917546539, 0.2339622987522899, 0.18914439873373867, 0.13044845466595378, 0.1194967558420661, 0.11110652304800173, 0.10254343555854106, 0.10155817648192278, 0.10106512443139082, 0.10064977267101127, 0.10037463482165265, 0.1001454077838847, 0.09985702240814054, 0.09934009950402467, 0.09835262539975242, 0.09658973818264549, 0.09520790652890476, 0.0925777431684931, 0.07151322163676732, 0.05486141797266231, 0.05395830319739647, 0.052533713223382184, 0.05090187958475556, 0.04934668277208276