{"date": "2024/10/27/, 17:24:59", "conf_id": 142, "data_type": "orthogonal\n", "num_data_points": 4, "s_rank": 0, "unitary": "[[0.18663085-0.53122324j,-0.11886349-0.70040876j,0.28555095-0.02789305j,-0.12262021-0.2844587j],[-0.16702216+0.27758472j,0.27526351-0.29738586j,-0.01109314+0.22495461j,-0.77239203+0.28900673j],[0.61935415+0.12301792j,-0.31269928-0.03315917j,-0.61902762-0.19039079j,-0.27120731-0.0968989j],[0.42341754+0.0023929j,-0.05847358+0.47832119j,0.64900495-0.16218422j,-0.37182676-0.05229966j]]", "databatch_0": {"databatch": "[[[0.03664745-5.08262045e-04j,0.14884094+1.08809586e-02j,0.03093249+2.70033564e-02j,-0.01936194+4.51961434e-02j],[0.06574544-1.17790478e-01j,0.3082982-4.54601206e-01j,0.14296521-4.89949811e-02j,0.10852351+1.44819095e-01j],[-0.096882+1.77386748e-02j,-0.39926936+3.77417388e-02j,-0.09404389-5.77185216e-02j,0.03109018-1.28422187e-01j],[-0.06919032-1.20136937e-01j,-0.23824388-5.11774791e-01j,0.03222859-1.51937565e-01j,0.18498396-1.92927772e-02j]],[[-0.0642299-1.66148774e-01j,-0.20187187-6.96671262e-01j,0.07079939-1.86584141e-01j,0.23867585+1.18788175e-02j],[0.11309259+3.00245682e-02j,0.4481596+1.61736300e-01j,0.0718121+1.09669658e-01j,-0.09847394+1.22244913e-01j],[0.01492088+2.65492792e-02j,0.05115059+1.12967501e-01j,-0.00743039+3.33003364e-02j,-0.04067838+3.81050668e-03j],[-0.03725184+2.69038848e-02j,-0.16061477+9.59801902e-02j,-0.05119093-5.45028350e-03j,-0.01266172-6.03312432e-02j]],[[-0.03136558-5.51922277e-02j,-0.10774321-2.34966199e-01j,0.01515732-6.94865518e-02j,0.08475396-8.34703669e-03j],[-0.0671122-1.63538427e-02j,-0.26646691-9.00417702e-02j,-0.04371056-6.38608164e-02j,0.05664322-7.33415532e-02j],[0.12537552+1.49886678e-02j,0.50329586+1.05080687e-01j,0.093305+1.06327174e-01j,-0.0867426+1.45499673e-01j],[0.03609708-1.49710260e-01j,0.19930185-5.94555593e-01j,0.14213696-9.77946761e-02j,0.16381586+1.25885728e-01j]],[[0.03966829+9.89119595e-02j,0.12598293+4.15248800e-01j,-0.04095555+1.12148420e-01j,-0.14286917-5.31793054e-03j],[0.1054218+2.62220975e-02j,0.41838574+1.43602385e-01j,0.06826292+1.00758783e-01j,-0.08963013+1.14916384e-01j],[0.11595552+9.18894766e-02j,0.43792441+4.13704171e-01j,0.02789894+1.63387579e-01j,-0.17586332+9.20172946e-02j],[-0.05836404-2.66380189e-03j,-0.23581462-3.14181484e-02j,-0.0466631-4.59005998e-02j,0.03509264-7.00844581e-02j]]]", "initial param values": "[3.72299766,3.90701198,1.78368661,0.28461202,1.15767073,0.21376244]", "nelder_mead": {"type": "gradient-free", "0": {"maxiter": 100, "fatol": 1e-05, "xatol": 1e-05, "duration": 0.1221151351928711, "fun": "0.49395322474407566", "nit": "100", "nfev": "151", "status": "2", "success": "False", "message": "Maximum number of iterations has been exceeded.", "x": "[1.2718085  3.20538358 3.63915875 0.57965019 1.40703931 0.6530024 ]", "final_simplex": "(array([[1.2718085 , 3.20538358, 3.63915875, 0.57965019, 1.40703931,\n        0.6530024 ],\n       [1.38637621, 3.37740568, 3.45849376, 0.58322855, 1.40179801,\n        0.6354655 ],\n       [1.18945181, 3.21274965, 3.61135243, 0.70160313, 1.42051796,\n        0.75582234],\n       [1.26628997, 3.24072605, 3.40103169, 0.60425196, 1.38703345,\n        0.64937977],\n       [1.30632789, 3.33033936, 3.49105416, 0.64190002, 1.36835474,\n        0.6868163 ],\n       [1.18059372, 3.15765934, 3.48790117, 0.58262176, 1.36090985,\n        0.62922781],\n       [1.38541484, 3.14964476, 3.53679208, 0.70744389, 1.40800679,\n        0.74379744]]), array([0.49395322, 0.49609938, 0.49655133, 0.49714898, 0.49731003,\n       0.4978108 , 0.49831685]))", "callback": [0.7315502071254382, 0.6775911310690221, 0.5907420657052354, 0.5524886527307789, 0.5400096241510909, 0.524618975905972, 0.5208088834204254, 0.5168500456261848, 0.5101870965907583, 0.5005317705166541]}, "1": {"maxiter": 100, "fatol": 1e-05, "xatol": 1e-10, "duration": 0.11820006370544434, "fun": "0.49395322474407566", "nit": "100", "nfev": "151", "status": "2", "success": "False", "message": "Maximum number of iterations has been exceeded.", "x": "[1.2718085  3.20538358 3.63915875 0.57965019 1.40703931 0.6530024 ]", "final_simplex": "(array([[1.2718085 , 3.20538358, 3.63915875, 0.57965019, 1.40703931,\n        0.6530024 ],\n       [1.38637621, 3.37740568, 3.45849376, 0.58322855, 1.40179801,\n        0.6354655 ],\n       [1.18945181, 3.21274965, 3.61135243, 0.70160313, 1.42051796,\n        0.75582234],\n       [1.26628997, 3.24072605, 3.40103169, 0.60425196, 1.38703345,\n        0.64937977],\n       [1.30632789, 3.33033936, 3.49105416, 0.64190002, 1.36835474,\n        0.6868163 ],\n       [1.18059372, 3.15765934, 3.48790117, 0.58262176, 1.36090985,\n        0.62922781],\n       [1.38541484, 3.14964476, 3.53679208, 0.70744389, 1.40800679,\n        0.74379744]]), array([0.49395322, 0.49609938, 0.49655133, 0.49714898, 0.49731003,\n       0.4978108 , 0.49831685]))", "callback": [0.7315502071254382, 0.6775911310690221, 0.5907420657052354, 0.5524886527307789, 0.5400096241510909, 0.524618975905972, 0.5208088834204254, 0.5168500456261848, 0.5101870965907583, 0.5005317705166541]}, "2": {"maxiter": 100, "fatol": 1e-10, "xatol": 1e-05, "duration": 0.11861157417297363, "fun": "0.49395322474407566", "nit": "100", "nfev": "151", "status": "2", "success": "False", "message": "Maximum number of iterations has been exceeded.", "x": "[1.2718085  3.20538358 3.63915875 0.57965019 1.40703931 0.6530024 ]", "final_simplex": "(array([[1.2718085 , 3.20538358, 3.63915875, 0.57965019, 1.40703931,\n        0.6530024 ],\n       [1.38637621, 3.37740568, 3.45849376, 0.58322855, 1.40179801,\n        0.6354655 ],\n       [1.18945181, 3.21274965, 3.61135243, 0.70160313, 1.42051796,\n        0.75582234],\n       [1.26628997, 3.24072605, 3.40103169, 0.60425196, 1.38703345,\n        0.64937977],\n       [1.30632789, 3.33033936, 3.49105416, 0.64190002, 1.36835474,\n        0.6868163 ],\n       [1.18059372, 3.15765934, 3.48790117, 0.58262176, 1.36090985,\n        0.62922781],\n       [1.38541484, 3.14964476, 3.53679208, 0.70744389, 1.40800679,\n        0.74379744]]), array([0.49395322, 0.49609938, 0.49655133, 0.49714898, 0.49731003,\n       0.4978108 , 0.49831685]))", "callback": [0.7315502071254382, 0.6775911310690221, 0.5907420657052354, 0.5524886527307789, 0.5400096241510909, 0.524618975905972, 0.5208088834204254, 0.5168500456261848, 0.5101870965907583, 0.5005317705166541]}, "3": {"maxiter": 100, "fatol": 1e-10, "xatol": 1e-10, "duration": 0.11799764633178711, "fun": "0.49395322474407566", "nit": "100", "nfev": "151", "status": "2", "success": "False", "message": "Maximum number of iterations has been exceeded.", "x": "[1.2718085  3.20538358 3.63915875 0.57965019 1.40703931 0.6530024 ]", "final_simplex": "(array([[1.2718085 , 3.20538358, 3.63915875, 0.57965019, 1.40703931,\n        0.6530024 ],\n       [1.38637621, 3.37740568, 3.45849376, 0.58322855, 1.40179801,\n        0.6354655 ],\n       [1.18945181, 3.21274965, 3.61135243, 0.70160313, 1.42051796,\n        0.75582234],\n       [1.26628997, 3.24072605, 3.40103169, 0.60425196, 1.38703345,\n        0.64937977],\n       [1.30632789, 3.33033936, 3.49105416, 0.64190002, 1.36835474,\n        0.6868163 ],\n       [1.18059372, 3.15765934, 3.48790117, 0.58262176, 1.36090985,\n        0.62922781],\n       [1.38541484, 3.14964476, 3.53679208, 0.70744389, 1.40800679,\n        0.74379744]]), array([0.49395322, 0.49609938, 0.49655133, 0.49714898, 0.49731003,\n       0.4978108 , 0.49831685]))", "callback": [0.7315502071254382, 0.6775911310690221, 0.5907420657052354, 0.5524886527307789, 0.5400096241510909, 0.524618975905972, 0.5208088834204254, 0.5168500456261848, 0.5101870965907583, 0.5005317705166541]}, "4": {"maxiter": 500, "fatol": 1e-05, "xatol": 1e-05, "duration": 0.7394778728485107, "fun": "0.14631613799357368", "nit": "487", "nfev": "763", "status": "0", "success": "True", "message": "Optimization terminated successfully.", "x": "[ 1.70971239  0.98210013  4.078369   -1.54365497  3.6528745  -0.21662178]", "final_simplex": "(array([[ 1.70971239,  0.98210013,  4.078369  , -1.54365497,  3.6528745 ,\n        -0.21662178],\n       [ 1.70971389,  0.98210514,  4.07837005, -1.54364605,  3.65287578,\n        -0.2166236 ],\n       [ 1.70970897,  0.98210473,  4.07836878, -1.54365195,  3.65287583,\n        -0.21662476],\n       [ 1.70970959,  0.98210721,  4.07836469, -1.54365369,  3.65287325,\n        -0.2166222 ],\n       [ 1.7097142 ,  0.98210469,  4.07836524, -1.54365427,  3.65287694,\n        -0.21662518],\n       [ 1.70971154,  0.98210193,  4.07836954, -1.54364862,  3.6528697 ,\n        -0.21662539],\n       [ 1.70970872,  0.98209941,  4.07836496, -1.54365556,  3.65287599,\n        -0.21662184]]), array([0.14631614, 0.14631614, 0.14631614, 0.14631614, 0.14631614,\n       0.14631614, 0.14631614]))", "callback": [0.7315502071254382, 0.6775911310690221, 0.5907420657052354, 0.5524886527307789, 0.5400096241510909, 0.524618975905972, 0.5208088834204254, 0.5168500456261848, 0.5101870965907583, 0.5005317705166541, 0.49395322474407566, 0.47471766878656874, 0.4487882101923596, 0.3487842823252221, 0.32165253551771045, 0.31451565810130155, 0.28793453817263714, 0.2190761829353961, 0.2017629284551583, 0.18750311822489707, 0.18474591039971355, 0.17679371885299755, 0.16979897727217264, 0.16948841854033125, 0.16851647716464613, 0.16829628997012502, 0.16766522664239492, 0.1644267524241888, 0.15689261383023978, 0.15140393816074904, 0.14889377403449366, 0.14775066305692586, 0.14703413978994884, 0.1466100763982825, 0.14643003810617605, 0.14633322502276336, 0.1463197749546541, 0.14631716646269022, 0.1463163227603811, 0.14631617531935082, 0.1463161474421475, 0.14631614060738618, 0.14631613885026107, 0.14631613849197045, 0.14631613828271806, 0.14631613815928746, 0.1463161380751017, 0.14631613802998855, 0.1463161380001743]}, "5": {"maxiter": 500, "fatol": 1e-05, "xatol": 1e-10, "duration": 0.7467610836029053, "fun": "0.14631613798991117", "nit": "500", "nfev": "786", "status": "2", "success": "False", "message": "Maximum number of iterations has been exceeded.", "x": "[ 1.70971226  0.98210386  4.07837041 -1.54365201  3.65287139 -0.21662178]", "final_simplex": "(array([[ 1.70971226,  0.98210386,  4.07837041, -1.54365201,  3.65287139,\n        -0.21662178],\n       [ 1.70971457,  0.98210319,  4.07837371, -1.54364841,  3.65287279,\n        -0.21662214],\n       [ 1.70971313,  0.98210458,  4.07837111, -1.54364928,  3.65287265,\n        -0.21662366],\n       [ 1.70971258,  0.98210193,  4.07837042, -1.54365202,  3.65287361,\n        -0.21662267],\n       [ 1.7097113 ,  0.98210298,  4.07837107, -1.54365153,  3.65287379,\n        -0.21662346],\n       [ 1.70971149,  0.98210415,  4.07837148, -1.54364833,  3.65287188,\n        -0.21662303],\n       [ 1.70971236,  0.98210284,  4.0783714 , -1.54365041,  3.65287103,\n        -0.21662343]]), array([0.14631614, 0.14631614, 0.14631614, 0.14631614, 0.14631614,\n       0.14631614, 0.14631614]))", "callback": [0.7315502071254382, 0.6775911310690221, 0.5907420657052354, 0.5524886527307789, 0.5400096241510909, 0.524618975905972, 0.5208088834204254, 0.5168500456261848, 0.5101870965907583, 0.5005317705166541, 0.49395322474407566, 0.47471766878656874, 0.4487882101923596, 0.3487842823252221, 0.32165253551771045, 0.31451565810130155, 0.28793453817263714, 0.2190761829353961, 0.2017629284551583, 0.18750311822489707, 0.18474591039971355, 0.17679371885299755, 0.16979897727217264, 0.16948841854033125, 0.16851647716464613, 0.16829628997012502, 0.16766522664239492, 0.1644267524241888, 0.15689261383023978, 0.15140393816074904, 0.14889377403449366, 0.14775066305692586, 0.14703413978994884, 0.1466100763982825, 0.14643003810617605, 0.14633322502276336, 0.1463197749546541, 0.14631716646269022, 0.1463163227603811, 0.14631617531935082, 0.1463161474421475, 0.14631614060738618, 0.14631613885026107, 0.14631613849197045, 0.14631613828271806, 0.14631613815928746, 0.1463161380751017, 0.14631613802998855, 0.1463161380001743, 0.14631613799313903]}, "6": {"maxiter": 500, "fatol": 1e-10, "xatol": 1e-05, "duration": 0.6478478908538818, "fun": "0.14631613799357368", "nit": "487", "nfev": "763", "status": "0", "success": "True", "message": "Optimization terminated successfully.", "x": "[ 1.70971239  0.98210013  4.078369   -1.54365497  3.6528745  -0.21662178]", "final_simplex": "(array([[ 1.70971239,  0.98210013,  4.078369  , -1.54365497,  3.6528745 ,\n        -0.21662178],\n       [ 1.70971389,  0.98210514,  4.07837005, -1.54364605,  3.65287578,\n        -0.2166236 ],\n       [ 1.70970897,  0.98210473,  4.07836878, -1.54365195,  3.65287583,\n        -0.21662476],\n       [ 1.70970959,  0.98210721,  4.07836469, -1.54365369,  3.65287325,\n        -0.2166222 ],\n       [ 1.7097142 ,  0.98210469,  4.07836524, -1.54365427,  3.65287694,\n        -0.21662518],\n       [ 1.70971154,  0.98210193,  4.07836954, -1.54364862,  3.6528697 ,\n        -0.21662539],\n       [ 1.70970872,  0.98209941,  4.07836496, -1.54365556,  3.65287599,\n        -0.21662184]]), array([0.14631614, 0.14631614, 0.14631614, 0.14631614, 0.14631614,\n       0.14631614, 0.14631614]))", "callback": [0.7315502071254382, 0.6775911310690221, 0.5907420657052354, 0.5524886527307789, 0.5400096241510909, 0.524618975905972, 0.5208088834204254, 0.5168500456261848, 0.5101870965907583, 0.5005317705166541, 0.49395322474407566, 0.47471766878656874, 0.4487882101923596, 0.3487842823252221, 0.32165253551771045, 0.31451565810130155, 0.28793453817263714, 0.2190761829353961, 0.2017629284551583, 0.18750311822489707, 0.18474591039971355, 0.17679371885299755, 0.16979897727217264, 0.16948841854033125, 0.16851647716464613, 0.16829628997012502, 0.16766522664239492, 0.1644267524241888, 0.15689261383023978, 0.15140393816074904, 0.14889377403449366, 0.14775066305692586, 0.14703413978994884, 0.1466100763982825, 0.14643003810617605, 0.14633322502276336, 0.1463197749546541, 0.14631716646269022, 0.1463163227603811, 0.14631617531935082, 0.1463161474421475, 0.14631614060738618, 0.14631613885026107, 0.14631613849197045, 0.14631613828271806, 0.14631613815928746, 0.1463161380751017, 0.14631613802998855, 0.1463161380001743]}, "7": {"maxiter": 500, "fatol": 1e-10, "xatol": 1e-10, "duration": 0.6141610145568848, "fun": "0.14631613798991117", "nit": "500", "nfev": "786", "status": "2", "success": "False", "message": "Maximum number of iterations has been exceeded.", "x": "[ 1.70971226  0.98210386  4.07837041 -1.54365201  3.65287139 -0.21662178]", "final_simplex": "(array([[ 1.70971226,  0.98210386,  4.07837041, -1.54365201,  3.65287139,\n        -0.21662178],\n       [ 1.70971457,  0.98210319,  4.07837371, -1.54364841,  3.65287279,\n        -0.21662214],\n       [ 1.70971313,  0.98210458,  4.07837111, -1.54364928,  3.65287265,\n        -0.21662366],\n       [ 1.70971258,  0.98210193,  4.07837042, -1.54365202,  3.65287361,\n        -0.21662267],\n       [ 1.7097113 ,  0.98210298,  4.07837107, -1.54365153,  3.65287379,\n        -0.21662346],\n       [ 1.70971149,  0.98210415,  4.07837148, -1.54364833,  3.65287188,\n        -0.21662303],\n       [ 1.70971236,  0.98210284,  4.0783714 , -1.54365041,  3.65287103,\n        -0.21662343]]), array([0.14631614, 0.14631614, 0.14631614, 0.14631614, 0.14631614,\n       0.14631614, 0.14631614]))", "callback": [0.7315502071254382, 0.6775911310690221, 0.5907420657052354, 0.5524886527307789, 0.5400096241510909, 0.524618975905972, 0.5208088834204254, 0.5168500456261848, 0.5101870965907583, 0.5005317705166541, 0.49395322474407566, 0.47471766878656874, 0.4487882101923596, 0.3487842823252221, 0.32165253551771045, 0.31451565810130155, 0.28793453817263714, 0.2190761829353961, 0.2017629284551583, 0.18750311822489707, 0.18474591039971355, 0.17679371885299755, 0.16979897727217264, 0.16948841854033125, 0.16851647716464613, 0.16829628997012502, 0.16766522664239492, 0.1644267524241888, 0.15689261383023978, 0.15140393816074904, 0.14889377403449366, 0.14775066305692586, 0.14703413978994884, 0.1466100763982825, 0.14643003810617605, 0.14633322502276336, 0.1463197749546541, 0.14631716646269022, 0.1463163227603811, 0.14631617531935082, 0.1463161474421475, 0.14631614060738618, 0.14631613885026107, 0.14631613849197045, 0.14631613828271806, 0.14631613815928746, 0.1463161380751017, 0.14631613802998855, 0.1463161380001743, 0.14631613799313903]}, "8": {"maxiter": 1000, "fatol": 1e-05, "xatol": 1e-05, "duration": 0.6262941360473633, "fun": "0.14631613799357368", "nit": "487", "nfev": "763", "status": "0", "success": "True", "message": "Optimization terminated successfully.", "x": "[ 1.70971239  0.98210013  4.078369   -1.54365497  3.6528745  -0.21662178]", "final_simplex": "(array([[ 1.70971239,  0.98210013,  4.078369  , -1.54365497,  3.6528745 ,\n        -0.21662178],\n       [ 1.70971389,  0.98210514,  4.07837005, -1.54364605,  3.65287578,\n        -0.2166236 ],\n       [ 1.70970897,  0.98210473,  4.07836878, -1.54365195,  3.65287583,\n        -0.21662476],\n       [ 1.70970959,  0.98210721,  4.07836469, -1.54365369,  3.65287325,\n        -0.2166222 ],\n       [ 1.7097142 ,  0.98210469,  4.07836524, -1.54365427,  3.65287694,\n        -0.21662518],\n       [ 1.70971154,  0.98210193,  4.07836954, -1.54364862,  3.6528697 ,\n        -0.21662539],\n       [ 1.70970872,  0.98209941,  4.07836496, -1.54365556,  3.65287599,\n        -0.21662184]]), array([0.14631614, 0.14631614, 0.14631614, 0.14631614, 0.14631614,\n       0.14631614, 0.14631614]))", "callback": [0.7315502071254382, 0.6775911310690221, 0.5907420657052354, 0.5524886527307789, 0.5400096241510909, 0.524618975905972, 0.5208088834204254, 0.5168500456261848, 0.5101870965907583, 0.5005317705166541, 0.49395322474407566, 0.47471766878656874, 0.4487882101923596, 0.3487842823252221, 0.32165253551771045, 0.31451565810130155, 0.28793453817263714, 0.2190761829353961, 0.2017629284551583, 0.18750311822489707, 0.18474591039971355, 0.17679371885299755, 0.16979897727217264, 0.16948841854033125, 0.16851647716464613, 0.16829628997012502, 0.16766522664239492, 0.1644267524241888, 0.15689261383023978, 0.15140393816074904, 0.14889377403449366, 0.14775066305692586, 0.14703413978994884, 0.1466100763982825, 0.14643003810617605, 0.14633322502276336, 0.1463197749546541, 0.14631716646269022, 0.1463163227603811, 0.14631617531935082, 0.1463161474421475, 0.14631614060738618, 0.14631613885026107, 0.14631613849197045, 0.14631613828271806, 0.14631613815928746, 0.1463161380751017, 0.14631613802998855, 0.1463161380001743]}, "9": {"maxiter": 1000, "fatol": 1e-05, "xatol": 1e-10, "duration": 0.9273250102996826, "fun": "0.14631613798743803", "nit": "614", "nfev": "1027", "status": "0", "success": "True", "message": "Optimization terminated successfully.", "x": "[ 1.70971379  0.98210642  4.07837221 -1.54365165  3.65287303 -0.21662049]", "final_simplex": "(array([[ 1.70971379,  0.98210642,  4.07837221, -1.54365165,  3.65287303,\n        -0.21662049],\n       [ 1.70971379,  0.98210642,  4.07837221, -1.54365165,  3.65287303,\n        -0.21662049],\n       [ 1.70971379,  0.98210642,  4.07837221, -1.54365165,  3.65287303,\n        -0.21662049],\n       [ 1.70971379,  0.98210642,  4.07837221, -1.54365165,  3.65287303,\n        -0.21662049],\n       [ 1.70971379,  0.98210642,  4.07837221, -1.54365165,  3.65287303,\n        -0.21662049],\n       [ 1.70971379,  0.98210642,  4.07837221, -1.54365165,  3.65287303,\n        -0.21662049],\n       [ 1.70971379,  0.98210642,  4.07837221, -1.54365165,  3.65287303,\n        -0.21662049]]), array([0.14631614, 0.14631614, 0.14631614, 0.14631614, 0.14631614,\n       0.14631614, 0.14631614]))", "callback": [0.7315502071254382, 0.6775911310690221, 0.5907420657052354, 0.5524886527307789, 0.5400096241510909, 0.524618975905972, 0.5208088834204254, 0.5168500456261848, 0.5101870965907583, 0.5005317705166541, 0.49395322474407566, 0.47471766878656874, 0.4487882101923596, 0.3487842823252221, 0.32165253551771045, 0.31451565810130155, 0.28793453817263714, 0.2190761829353961, 0.2017629284551583, 0.18750311822489707, 0.18474591039971355, 0.17679371885299755, 0.16979897727217264, 0.16948841854033125, 0.16851647716464613, 0.16829628997012502, 0.16766522664239492, 0.1644267524241888, 0.15689261383023978, 0.15140393816074904, 0.14889377403449366, 0.14775066305692586, 0.14703413978994884, 0.1466100763982825, 0.14643003810617605, 0.14633322502276336, 0.1463197749546541, 0.14631716646269022, 0.1463163227603811, 0.14631617531935082, 0.1463161474421475, 0.14631614060738618, 0.14631613885026107, 0.14631613849197045, 0.14631613828271806, 0.14631613815928746, 0.1463161380751017, 0.14631613802998855, 0.1463161380001743, 0.14631613799313903, 0.14631613798931464, 0.14631613798792897, 0.14631613798762522, 0.14631613798749554, 0.1463161379874509, 0.14631613798744514, 0.1463161379874398, 0.14631613798743892, 0.14631613798743837, 0.14631613798743826, 0.14631613798743803, 0.14631613798743803]}, "10": {"maxiter": 1000, "fatol": 1e-10, "xatol": 1e-05, "duration": 0.6733095645904541, "fun": "0.14631613799357368", "nit": "487", "nfev": "763", "status": "0", "success": "True", "message": "Optimization terminated successfully.", "x": "[ 1.70971239  0.98210013  4.078369   -1.54365497  3.6528745  -0.21662178]", "final_simplex": "(array([[ 1.70971239,  0.98210013,  4.078369  , -1.54365497,  3.6528745 ,\n        -0.21662178],\n       [ 1.70971389,  0.98210514,  4.07837005, -1.54364605,  3.65287578,\n        -0.2166236 ],\n       [ 1.70970897,  0.98210473,  4.07836878, -1.54365195,  3.65287583,\n        -0.21662476],\n       [ 1.70970959,  0.98210721,  4.07836469, -1.54365369,  3.65287325,\n        -0.2166222 ],\n       [ 1.7097142 ,  0.98210469,  4.07836524, -1.54365427,  3.65287694,\n        -0.21662518],\n       [ 1.70971154,  0.98210193,  4.07836954, -1.54364862,  3.6528697 ,\n        -0.21662539],\n       [ 1.70970872,  0.98209941,  4.07836496, -1.54365556,  3.65287599,\n        -0.21662184]]), array([0.14631614, 0.14631614, 0.14631614, 0.14631614, 0.14631614,\n       0.14631614, 0.14631614]))", "callback": [0.7315502071254382, 0.6775911310690221, 0.5907420657052354, 0.5524886527307789, 0.5400096241510909, 0.524618975905972, 0.5208088834204254, 0.5168500456261848, 0.5101870965907583, 0.5005317705166541, 0.49395322474407566, 0.47471766878656874, 0.4487882101923596, 0.3487842823252221, 0.32165253551771045, 0.31451565810130155, 0.28793453817263714, 0.2190761829353961, 0.2017629284551583, 0.18750311822489707, 0.18474591039971355, 0.17679371885299755, 0.16979897727217264, 0.16948841854033125, 0.16851647716464613, 0.16829628997012502, 0.16766522664239492, 0.1644267524241888, 0.15689261383023978, 0.15140393816074904, 0.14889377403449366, 0.14775066305692586, 0.14703413978994884, 0.1466100763982825, 0.14643003810617605, 0.14633322502276336, 0.1463197749546541, 0.14631716646269022, 0.1463163227603811, 0.14631617531935082, 0.1463161474421475, 0.14631614060738618, 0.14631613885026107, 0.14631613849197045, 0.14631613828271806, 0.14631613815928746, 0.1463161380751017, 0.14631613802998855, 0.1463161380001743]}, "11": {"maxiter": 1000, "fatol": 1e-10, "xatol": 1e-10, "duration": 0.8117048740386963, "fun": "0.14631613798743803", "nit": "614", "nfev": "1027", "status": "0", "success": "True", "message": "Optimization terminated successfully.", "x": "[ 1.70971379  0.98210642  4.07837221 -1.54365165  3.65287303 -0.21662049]", "final_simplex": "(array([[ 1.70971379,  0.98210642,  4.07837221, -1.54365165,  3.65287303,\n        -0.21662049],\n       [ 1.70971379,  0.98210642,  4.07837221, -1.54365165,  3.65287303,\n        -0.21662049],\n       [ 1.70971379,  0.98210642,  4.07837221, -1.54365165,  3.65287303,\n        -0.21662049],\n       [ 1.70971379,  0.98210642,  4.07837221, -1.54365165,  3.65287303,\n        -0.21662049],\n       [ 1.70971379,  0.98210642,  4.07837221, -1.54365165,  3.65287303,\n        -0.21662049],\n       [ 1.70971379,  0.98210642,  4.07837221, -1.54365165,  3.65287303,\n        -0.21662049],\n       [ 1.70971379,  0.98210642,  4.07837221, -1.54365165,  3.65287303,\n        -0.21662049]]), array([0.14631614, 0.14631614, 0.14631614, 0.14631614, 0.14631614,\n       0.14631614, 0.14631614]))", "callback": [0.7315502071254382, 0.6775911310690221, 0.5907420657052354, 0.5524886527307789, 0.5400096241510909, 0.524618975905972, 0.5208088834204254, 0.5168500456261848, 0.5101870965907583, 0.5005317705166541, 0.49395322474407566, 0.47471766878656874, 0.4487882101923596, 0.3487842823252221, 0.32165253551771045, 0.31451565810130155, 0.28793453817263714, 0.2190761829353961, 0.2017629284551583, 0.18750311822489707, 0.18474591039971355, 0.17679371885299755, 0.16979897727217264, 0.16948841854033125, 0.16851647716464613, 0.16829628997012502, 0.16766522664239492, 0.1644267524241888, 0.15689261383023978, 0.15140393816074904, 0.14889377403449366, 0.14775066305692586, 0.14703413978994884, 0.1466100763982825, 0.14643003810617605, 0.14633322502276336, 0.1463197749546541, 0.14631716646269022, 0.1463163227603811, 0.14631617531935082, 0.1463161474421475, 0.14631614060738618, 0.14631613885026107, 0.14631613849197045, 0.14631613828271806, 0.14631613815928746, 0.1463161380751017, 0.14631613802998855, 0.1463161380001743, 0.14631613799313903, 0.14631613798931464, 0.14631613798792897, 0.14631613798762522, 0.14631613798749554, 0.1463161379874509, 0.14631613798744514, 0.1463161379874398, 0.14631613798743892, 0.14631613798743837, 0.14631613798743826, 0.14631613798743803, 0.14631613798743803]}}, "bfgs": {"type": "gradient", "0": {"maxiter": 100, "gtol": 1e-05, "xrtol": 1e-05, "eps": 1e-05, "duration": 0.18232464790344238, "fun": "0.1463161381939364", "jac": "[-3.61619623e-06  3.18609583e-06 -1.06061826e-06  3.62452290e-06\n -2.13622453e-06 -7.55533414e-06]", "hess_inv": "[[ 2.59508752  0.0142191  -0.67270899 -0.73406575  0.13338884 -0.24880607]\n [ 0.0142191   3.77954088  0.62665078 -0.03830402 -0.33872908  0.47941227]\n [-0.67270899  0.62665078  3.99040066  2.50231224 -0.44507278  0.4990636 ]\n [-0.73406575 -0.03830402  2.50231224  6.20937196 -0.43035918  0.45173131]\n [ 0.13338884 -0.33872908 -0.44507278 -0.43035918  2.64926092 -0.42249185]\n [-0.24880607  0.47941227  0.4990636   0.45173131 -0.42249185  2.53267263]]", "nfev": "210", "njev": "30", "status": "0", "success": "True", "message": "Optimization terminated successfully.", "x": "[ 4.57345608  4.12370523  0.93677806 -1.5436364   3.65286312 -0.21664494]", "nit": "28", "callback": [0.47879115902337865, 0.42212244884898653, 0.3373646189928705, 0.3161723251061548, 0.29651104005351603, 0.29189712432409665, 0.2865896396349208, 0.2861466446005877, 0.28544910688250025, 0.28443277859583094, 0.2833511917474355, 0.28156880494874914, 0.27844647726607796, 0.27353977711173294, 0.2670279395698536, 0.2549670114011796, 0.23288006584454923, 0.19863972315208578, 0.1770938917736825, 0.1711955385122852, 0.16168184083395576, 0.15148842334876234, 0.1487438706889792, 0.1464955258188504, 0.14631959090910396, 0.14631618401365143, 0.14631614301704765, 0.1463161381939364]}, "1": {"maxiter": 100, "gtol": 1e-05, "xrtol": 1e-05, "eps": 1e-10, "duration": 0.16517114639282227, "fun": "0.1463161382199447", "jac": "[ 1.11022293e-06  4.44089173e-06  0.00000000e+00  9.99200639e-06\n  2.22044587e-06 -4.44089173e-06]", "hess_inv": "[[ 2.6118106   0.02257506 -0.66231817 -0.71725377  0.16030318 -0.22250921]\n [ 0.02257506  3.83010573  0.70051949  0.0506617  -0.3399165   0.49662889]\n [-0.66231817  0.70051949  4.09161318  2.61828785 -0.4217934   0.51873285]\n [-0.71725377  0.0506617   2.61828785  6.33824275 -0.38283302  0.48460325]\n [ 0.16030318 -0.3399165  -0.4217934  -0.38283302  2.64451059 -0.37931249]\n [-0.22250921  0.49662889  0.51873285  0.48460325 -0.37931249  2.54872344]]", "nfev": "210", "njev": "30", "status": "0", "success": "True", "message": "Optimization terminated successfully.", "x": "[ 4.57346839  4.12371453  0.93679742 -1.54360521  3.6528699  -0.21663319]", "nit": "28", "callback": [0.47879134247695265, 0.4221223441398587, 0.3373637892573198, 0.3161739786685992, 0.2965106816956662, 0.29189689021528387, 0.28658970346295876, 0.28614676126272753, 0.28544934446844483, 0.2844330362054055, 0.28335143444657673, 0.2815684960720859, 0.27844523542193356, 0.2735378989432017, 0.26702319873361335, 0.254957464790339, 0.2328646382088042, 0.1986242488142309, 0.17708912703335034, 0.17120790845244815, 0.16171279870957544, 0.15148744936529068, 0.14874537187952108, 0.1464963154467368, 0.14631963665934977, 0.1463161832222012, 0.1463161429389903, 0.1463161382199447]}, "2": {"maxiter": 100, "gtol": 1e-05, "xrtol": 1e-10, "eps": 1e-05, "duration": 0.16567420959472656, "fun": "0.1463161381939364", "jac": "[-3.61619623e-06  3.18609583e-06 -1.06061826e-06  3.62452290e-06\n -2.13622453e-06 -7.55533414e-06]", "hess_inv": "[[ 2.59508752  0.0142191  -0.67270899 -0.73406575  0.13338884 -0.24880607]\n [ 0.0142191   3.77954088  0.62665078 -0.03830402 -0.33872908  0.47941227]\n [-0.67270899  0.62665078  3.99040066  2.50231224 -0.44507278  0.4990636 ]\n [-0.73406575 -0.03830402  2.50231224  6.20937196 -0.43035918  0.45173131]\n [ 0.13338884 -0.33872908 -0.44507278 -0.43035918  2.64926092 -0.42249185]\n [-0.24880607  0.47941227  0.4990636   0.45173131 -0.42249185  2.53267263]]", "nfev": "210", "njev": "30", "status": "0", "success": "True", "message": "Optimization terminated successfully.", "x": "[ 4.57345608  4.12370523  0.93677806 -1.5436364   3.65286312 -0.21664494]", "nit": "28", "callback": [0.47879115902337865, 0.42212244884898653, 0.3373646189928705, 0.3161723251061548, 0.29651104005351603, 0.29189712432409665, 0.2865896396349208, 0.2861466446005877, 0.28544910688250025, 0.28443277859583094, 0.2833511917474355, 0.28156880494874914, 0.27844647726607796, 0.27353977711173294, 0.2670279395698536, 0.2549670114011796, 0.23288006584454923, 0.19863972315208578, 0.1770938917736825, 0.1711955385122852, 0.16168184083395576, 0.15148842334876234, 0.1487438706889792, 0.1464955258188504, 0.14631959090910396, 0.14631618401365143, 0.14631614301704765, 0.1463161381939364]}, "3": {"maxiter": 100, "gtol": 1e-05, "xrtol": 1e-10, "eps": 1e-10, "duration": 0.2416400909423828, "fun": "0.1463161382199447", "jac": "[ 1.11022293e-06  4.44089173e-06  0.00000000e+00  9.99200639e-06\n  2.22044587e-06 -4.44089173e-06]", "hess_inv": "[[ 2.6118106   0.02257506 -0.66231817 -0.71725377  0.16030318 -0.22250921]\n [ 0.02257506  3.83010573  0.70051949  0.0506617  -0.3399165   0.49662889]\n [-0.66231817  0.70051949  4.09161318  2.61828785 -0.4217934   0.51873285]\n [-0.71725377  0.0506617   2.61828785  6.33824275 -0.38283302  0.48460325]\n [ 0.16030318 -0.3399165  -0.4217934  -0.38283302  2.64451059 -0.37931249]\n [-0.22250921  0.49662889  0.51873285  0.48460325 -0.37931249  2.54872344]]", "nfev": "210", "njev": "30", "status": "0", "success": "True", "message": "Optimization terminated successfully.", "x": "[ 4.57346839  4.12371453  0.93679742 -1.54360521  3.6528699  -0.21663319]", "nit": "28", "callback": [0.47879134247695265, 0.4221223441398587, 0.3373637892573198, 0.3161739786685992, 0.2965106816956662, 0.29189689021528387, 0.28658970346295876, 0.28614676126272753, 0.28544934446844483, 0.2844330362054055, 0.28335143444657673, 0.2815684960720859, 0.27844523542193356, 0.2735378989432017, 0.26702319873361335, 0.254957464790339, 0.2328646382088042, 0.1986242488142309, 0.17708912703335034, 0.17120790845244815, 0.16171279870957544, 0.15148744936529068, 0.14874537187952108, 0.1464963154467368, 0.14631963665934977, 0.1463161832222012, 0.1463161429389903, 0.1463161382199447]}, "4": {"maxiter": 100, "gtol": 1e-10, "xrtol": 1e-05, "eps": 1e-05, "duration": 0.16948580741882324, "fun": "0.14631613801255716", "jac": "[-1.09912079e-07  4.93471930e-07 -1.92412752e-07  2.71305201e-07\n  2.44104736e-07 -8.13238366e-08]", "hess_inv": "[[ 2.65895601e+00 -2.56825146e-02 -7.04685888e-01 -8.24713364e-01\n   2.18777775e-01 -9.21976497e-02]\n [-2.56825146e-02  3.79644824e+00  6.40902577e-01 -3.70403731e-03\n  -4.20225536e-01  3.49019653e-01]\n [-7.04685888e-01  6.40902577e-01  4.00232332e+00  2.53196962e+00\n  -5.07918620e-01  3.97418150e-01]\n [-8.24713364e-01 -3.70403731e-03  2.53196962e+00  6.27751089e+00\n  -6.28871574e-01  1.40046841e-01]\n [ 2.18777775e-01 -4.20225536e-01 -5.07918620e-01 -6.28871574e-01\n   2.66462848e+00 -3.27356501e-01]\n [-9.21976497e-02  3.49019653e-01  3.97418150e-01  1.40046841e-01\n  -3.27356501e-01  2.78457643e+00]]", "nfev": "217", "njev": "31", "status": "0", "success": "True", "message": "Optimization terminated successfully.", "x": "[ 4.57346779  4.12369547  0.93677045 -1.54365972  3.65287021 -0.21662613]", "nit": "29", "callback": [0.47879115902337865, 0.42212244884898653, 0.3373646189928705, 0.3161723251061548, 0.29651104005351603, 0.29189712432409665, 0.2865896396349208, 0.2861466446005877, 0.28544910688250025, 0.28443277859583094, 0.2833511917474355, 0.28156880494874914, 0.27844647726607796, 0.27353977711173294, 0.2670279395698536, 0.2549670114011796, 0.23288006584454923, 0.19863972315208578, 0.1770938917736825, 0.1711955385122852, 0.16168184083395576, 0.15148842334876234, 0.1487438706889792, 0.1464955258188504, 0.14631959090910396, 0.14631618401365143, 0.14631614301704765, 0.1463161381939364, 0.14631613801255716]}, "5": {"maxiter": 100, "gtol": 1e-10, "xrtol": 1e-05, "eps": 1e-10, "duration": 0.18717622756958008, "fun": "0.1463161380024156", "jac": "[ 1.11022293e-06  0.00000000e+00  0.00000000e+00 -3.33066880e-06\n -1.11022293e-06  1.11022293e-06]", "hess_inv": "[[ 2.64101565 -0.03158726 -0.75347875 -0.93932541  0.19114146 -0.14148718]\n [-0.03158726  3.82045001  0.67534247  0.01132935 -0.46049722  0.31725842]\n [-0.75347875  0.67534247  4.03349177  2.51551302 -0.6298814   0.21447465]\n [-0.93932541  0.01132935  2.51551302  6.17802967 -0.87707948 -0.25076791]\n [ 0.19114146 -0.46049722 -0.6298814  -0.87707948  2.64057817 -0.31051947]\n [-0.14148718  0.31725842  0.21447465 -0.25076791 -0.31051947  2.76580173]]", "nfev": "217", "njev": "31", "status": "0", "success": "True", "message": "Optimization terminated successfully.", "x": "[ 4.57347393  4.12369992  0.93677247 -1.54366512  3.65287326 -0.21661896]", "nit": "29", "callback": [0.47879134247695265, 0.4221223441398587, 0.3373637892573198, 0.3161739786685992, 0.2965106816956662, 0.29189689021528387, 0.28658970346295876, 0.28614676126272753, 0.28544934446844483, 0.2844330362054055, 0.28335143444657673, 0.2815684960720859, 0.27844523542193356, 0.2735378989432017, 0.26702319873361335, 0.254957464790339, 0.2328646382088042, 0.1986242488142309, 0.17708912703335034, 0.17120790845244815, 0.16171279870957544, 0.15148744936529068, 0.14874537187952108, 0.1464963154467368, 0.14631963665934977, 0.1463161832222012, 0.1463161429389903, 0.1463161382199447, 0.1463161380024156]}, "6": {"maxiter": 100, "gtol": 1e-10, "xrtol": 1e-10, "eps": 1e-05, "duration": 0.33282971382141113, "fun": "0.14631613801255716", "jac": "[-1.09912079e-07  4.93471930e-07 -1.92412752e-07  2.71305201e-07\n  2.44104736e-07 -8.13238366e-08]", "hess_inv": "[[ 2.6703054  -0.08824769 -0.70962769 -0.86621325  0.20297528 -0.08862933]\n [-0.08824769  3.89282566  0.67951188  0.13665545 -0.4392141   0.26074516]\n [-0.70962769  0.67951188  4.0039552   2.55408358 -0.49618493  0.39900221]\n [-0.86621325  0.13665545  2.55408358  6.39780373 -0.60883566  0.10259248]\n [ 0.20297528 -0.4392141  -0.49618493 -0.60883566  2.64133292 -0.36161398]\n [-0.08862933  0.26074516  0.39900221  0.10259248 -0.36161398  2.76676058]]", "nfev": "424", "njev": "59", "status": "2", "success": "False", "message": "Desired error not necessarily achieved due to precision loss.", "x": "[ 4.57346779  4.12369547  0.93677045 -1.54365972  3.65287021 -0.21662613]", "nit": "29", "callback": [0.47879115902337865, 0.42212244884898653, 0.3373646189928705, 0.3161723251061548, 0.29651104005351603, 0.29189712432409665, 0.2865896396349208, 0.2861466446005877, 0.28544910688250025, 0.28443277859583094, 0.2833511917474355, 0.28156880494874914, 0.27844647726607796, 0.27353977711173294, 0.2670279395698536, 0.2549670114011796, 0.23288006584454923, 0.19863972315208578, 0.1770938917736825, 0.1711955385122852, 0.16168184083395576, 0.15148842334876234, 0.1487438706889792, 0.1464955258188504, 0.14631959090910396, 0.14631618401365143, 0.14631614301704765, 0.1463161381939364, 0.14631613801255716]}, "7": {"maxiter": 100, "gtol": 1e-10, "xrtol": 1e-10, "eps": 1e-10, "duration": 0.23970913887023926, "fun": "0.1463161379892759", "jac": "[-2.22044587e-06  0.00000000e+00 -1.11022293e-06  0.00000000e+00\n  1.11022293e-06  0.00000000e+00]", "hess_inv": "[[ 1.85137901 -0.77195907 -0.70383572  0.09864156  0.17685073 -0.5403129 ]\n [-0.77195907  1.50529476 -0.41011868 -0.72124701 -1.07590551 -0.11799495]\n [-0.70383572 -0.41011868  4.17366664  2.97075297 -1.33778838 -0.08259007]\n [ 0.09864156 -0.72124701  2.97075297  6.20394776 -2.04929803 -0.33852384]\n [ 0.17685073 -1.07590551 -1.33778838 -2.04929803  2.5232695  -0.23277588]\n [-0.5403129  -0.11799495 -0.08259007 -0.33852384 -0.23277588  2.67198606]]", "nfev": "287", "njev": "41", "status": "2", "success": "False", "message": "Desired error not necessarily achieved due to precision loss.", "x": "[ 4.57346964  4.12369914  0.93677852 -1.54364979  3.6528734  -0.21662193]", "nit": "31", "callback": [0.47879134247695265, 0.4221223441398587, 0.3373637892573198, 0.3161739786685992, 0.2965106816956662, 0.29189689021528387, 0.28658970346295876, 0.28614676126272753, 0.28544934446844483, 0.2844330362054055, 0.28335143444657673, 0.2815684960720859, 0.27844523542193356, 0.2735378989432017, 0.26702319873361335, 0.254957464790339, 0.2328646382088042, 0.1986242488142309, 0.17708912703335034, 0.17120790845244815, 0.16171279870957544, 0.15148744936529068, 0.14874537187952108, 0.1464963154467368, 0.14631963665934977, 0.1463161832222012, 0.1463161429389903, 0.1463161382199447, 0.1463161380024156, 0.1463161379892759, 0.1463161379892759]}, "8": {"maxiter": 500, "gtol": 1e-05, "xrtol": 1e-05, "eps": 1e-05, "duration": 0.1960749626159668, "fun": "0.1463161381939364", "jac": "[-3.61619623e-06  3.18609583e-06 -1.06061826e-06  3.62452290e-06\n -2.13622453e-06 -7.55533414e-06]", "hess_inv": "[[ 2.59508752  0.0142191  -0.67270899 -0.73406575  0.13338884 -0.24880607]\n [ 0.0142191   3.77954088  0.62665078 -0.03830402 -0.33872908  0.47941227]\n [-0.67270899  0.62665078  3.99040066  2.50231224 -0.44507278  0.4990636 ]\n [-0.73406575 -0.03830402  2.50231224  6.20937196 -0.43035918  0.45173131]\n [ 0.13338884 -0.33872908 -0.44507278 -0.43035918  2.64926092 -0.42249185]\n [-0.24880607  0.47941227  0.4990636   0.45173131 -0.42249185  2.53267263]]", "nfev": "210", "njev": "30", "status": "0", "success": "True", "message": "Optimization terminated successfully.", "x": "[ 4.57345608  4.12370523  0.93677806 -1.5436364   3.65286312 -0.21664494]", "nit": "28", "callback": [0.47879115902337865, 0.42212244884898653, 0.3373646189928705, 0.3161723251061548, 0.29651104005351603, 0.29189712432409665, 0.2865896396349208, 0.2861466446005877, 0.28544910688250025, 0.28443277859583094, 0.2833511917474355, 0.28156880494874914, 0.27844647726607796, 0.27353977711173294, 0.2670279395698536, 0.2549670114011796, 0.23288006584454923, 0.19863972315208578, 0.1770938917736825, 0.1711955385122852, 0.16168184083395576, 0.15148842334876234, 0.1487438706889792, 0.1464955258188504, 0.14631959090910396, 0.14631618401365143, 0.14631614301704765, 0.1463161381939364]}, "9": {"maxiter": 500, "gtol": 1e-05, "xrtol": 1e-05, "eps": 1e-10, "duration": 0.19607877731323242, "fun": "0.1463161382199447", "jac": "[ 1.11022293e-06  4.44089173e-06  0.00000000e+00  9.99200639e-06\n  2.22044587e-06 -4.44089173e-06]", "hess_inv": "[[ 2.6118106   0.02257506 -0.66231817 -0.71725377  0.16030318 -0.22250921]\n [ 0.02257506  3.83010573  0.70051949  0.0506617  -0.3399165   0.49662889]\n [-0.66231817  0.70051949  4.09161318  2.61828785 -0.4217934   0.51873285]\n [-0.71725377  0.0506617   2.61828785  6.33824275 -0.38283302  0.48460325]\n [ 0.16030318 -0.3399165  -0.4217934  -0.38283302  2.64451059 -0.37931249]\n [-0.22250921  0.49662889  0.51873285  0.48460325 -0.37931249  2.5487