{"date": "2024/09/23/, 14:12:39", "conf_id": 9, "data_type": "random\n", "num_data_points": 1, "s_rank": 0, "unitary": "[[-0.24866696+0.58742286j,-0.44704345-0.43151574j,-0.35669027-0.20570733j,-0.10517633+0.1626036j],[0.10596805-0.19687975j,-0.30269685-0.15056416j,0.18246286+0.30440582j,-0.83484447-0.11310748j],[0.26054512-0.52548482j,0.0285017-0.50723956j,-0.43110112+0.17165838j,0.15243271+0.39915801j],[0.42978035+0.11991271j,-0.17224126-0.46030424j,0.6827807-0.15164662j,0.26483638+0.0061855j]]", "databatch_0": {"databatch": "[[[-0.05012474+0.22127544j,0.12734145-0.15668901j,0.02782199+0.05051984j,-0.16151511+0.37167767j],[0.14567095+0.110306j,-0.11281021-0.05375086j,-0.01639116-0.04239441j,0.27927989+0.50898365j],[0.18634099-0.03919098j,-0.20605792-0.02393237j,0.0197494-0.07138802j,0.27750977+0.10162602j],[-0.12051519+0.06068917j,0.06497505-0.01559109j,0.00380134-0.00675199j,-0.37686039+0.1232733j]]]", "initial param values": "[4.08393199,0.25770663,0.94214766,2.75729031,1.10453845,1.13186387]", "nelder_mead": {"type": "gradient-free", "0": {"maxiter": 100, "fatol": 1e-05, "xatol": 1e-05, "duration": 0.03841829299926758, "fun": "0.20078194746981104", "nit": "100", "nfev": "156", "status": "2", "success": "False", "message": "Maximum number of iterations has been exceeded.", "x": "[ 6.87892412  0.27453812 -0.91986097  4.65708465  0.1570213   2.20928236]", "final_simplex": "(array([[ 6.87892412,  0.27453812, -0.91986097,  4.65708465,  0.1570213 ,\n         2.20928236],\n       [ 6.77136131,  0.2853225 , -1.02573196,  4.66383784,  0.45791923,\n         2.07680618],\n       [ 6.68780968,  0.28799748, -0.88188802,  4.56098786,  0.3514993 ,\n         2.04953456],\n       [ 6.69302939,  0.284944  , -1.02690219,  4.68308758,  0.45367366,\n         2.06856802],\n       [ 6.91780211,  0.28228984, -0.94145726,  4.74509232,  0.15711286,\n         2.15992658],\n       [ 6.69248352,  0.28668221, -1.07619537,  4.75139086,  0.46675035,\n         2.09758712],\n       [ 6.77486164,  0.2737998 , -0.95143017,  4.72485265,  0.29990093,\n         2.1298376 ]]), array([0.20078195, 0.20124051, 0.20180066, 0.201936  , 0.20380397,\n       0.20477386, 0.20514677]))", "callback": [0.6511261462623803, 0.41076966124798087, 0.3467586288584755, 0.3252245370877389, 0.31290707472332147, 0.2959977623505248, 0.25920790728634135, 0.20918567629630513, 0.2051467706713106]}, "1": {"maxiter": 100, "fatol": 1e-05, "xatol": 1e-10, "duration": 0.03789496421813965, "fun": "0.20078194746981104", "nit": "100", "nfev": "156", "status": "2", "success": "False", "message": "Maximum number of iterations has been exceeded.", "x": "[ 6.87892412  0.27453812 -0.91986097  4.65708465  0.1570213   2.20928236]", "final_simplex": "(array([[ 6.87892412,  0.27453812, -0.91986097,  4.65708465,  0.1570213 ,\n         2.20928236],\n       [ 6.77136131,  0.2853225 , -1.02573196,  4.66383784,  0.45791923,\n         2.07680618],\n       [ 6.68780968,  0.28799748, -0.88188802,  4.56098786,  0.3514993 ,\n         2.04953456],\n       [ 6.69302939,  0.284944  , -1.02690219,  4.68308758,  0.45367366,\n         2.06856802],\n       [ 6.91780211,  0.28228984, -0.94145726,  4.74509232,  0.15711286,\n         2.15992658],\n       [ 6.69248352,  0.28668221, -1.07619537,  4.75139086,  0.46675035,\n         2.09758712],\n       [ 6.77486164,  0.2737998 , -0.95143017,  4.72485265,  0.29990093,\n         2.1298376 ]]), array([0.20078195, 0.20124051, 0.20180066, 0.201936  , 0.20380397,\n       0.20477386, 0.20514677]))", "callback": [0.6511261462623803, 0.41076966124798087, 0.3467586288584755, 0.3252245370877389, 0.31290707472332147, 0.2959977623505248, 0.25920790728634135, 0.20918567629630513, 0.2051467706713106]}, "2": {"maxiter": 100, "fatol": 1e-10, "xatol": 1e-05, "duration": 0.03803300857543945, "fun": "0.20078194746981104", "nit": "100", "nfev": "156", "status": "2", "success": "False", "message": "Maximum number of iterations has been exceeded.", "x": "[ 6.87892412  0.27453812 -0.91986097  4.65708465  0.1570213   2.20928236]", "final_simplex": "(array([[ 6.87892412,  0.27453812, -0.91986097,  4.65708465,  0.1570213 ,\n         2.20928236],\n       [ 6.77136131,  0.2853225 , -1.02573196,  4.66383784,  0.45791923,\n         2.07680618],\n       [ 6.68780968,  0.28799748, -0.88188802,  4.56098786,  0.3514993 ,\n         2.04953456],\n       [ 6.69302939,  0.284944  , -1.02690219,  4.68308758,  0.45367366,\n         2.06856802],\n       [ 6.91780211,  0.28228984, -0.94145726,  4.74509232,  0.15711286,\n         2.15992658],\n       [ 6.69248352,  0.28668221, -1.07619537,  4.75139086,  0.46675035,\n         2.09758712],\n       [ 6.77486164,  0.2737998 , -0.95143017,  4.72485265,  0.29990093,\n         2.1298376 ]]), array([0.20078195, 0.20124051, 0.20180066, 0.201936  , 0.20380397,\n       0.20477386, 0.20514677]))", "callback": [0.6511261462623803, 0.41076966124798087, 0.3467586288584755, 0.3252245370877389, 0.31290707472332147, 0.2959977623505248, 0.25920790728634135, 0.20918567629630513, 0.2051467706713106]}, "3": {"maxiter": 100, "fatol": 1e-10, "xatol": 1e-10, "duration": 0.039483070373535156, "fun": "0.20078194746981104", "nit": "100", "nfev": "156", "status": "2", "success": "False", "message": "Maximum number of iterations has been exceeded.", "x": "[ 6.87892412  0.27453812 -0.91986097  4.65708465  0.1570213   2.20928236]", "final_simplex": "(array([[ 6.87892412,  0.27453812, -0.91986097,  4.65708465,  0.1570213 ,\n         2.20928236],\n       [ 6.77136131,  0.2853225 , -1.02573196,  4.66383784,  0.45791923,\n         2.07680618],\n       [ 6.68780968,  0.28799748, -0.88188802,  4.56098786,  0.3514993 ,\n         2.04953456],\n       [ 6.69302939,  0.284944  , -1.02690219,  4.68308758,  0.45367366,\n         2.06856802],\n       [ 6.91780211,  0.28228984, -0.94145726,  4.74509232,  0.15711286,\n         2.15992658],\n       [ 6.69248352,  0.28668221, -1.07619537,  4.75139086,  0.46675035,\n         2.09758712],\n       [ 6.77486164,  0.2737998 , -0.95143017,  4.72485265,  0.29990093,\n         2.1298376 ]]), array([0.20078195, 0.20124051, 0.20180066, 0.201936  , 0.20380397,\n       0.20477386, 0.20514677]))", "callback": [0.6511261462623803, 0.41076966124798087, 0.3467586288584755, 0.3252245370877389, 0.31290707472332147, 0.2959977623505248, 0.25920790728634135, 0.20918567629630513, 0.2051467706713106]}, "4": {"maxiter": 500, "fatol": 1e-05, "xatol": 1e-05, "duration": 0.16312813758850098, "fun": "0.18339171946359145", "nit": "414", "nfev": "655", "status": "0", "success": "True", "message": "Optimization terminated successfully.", "x": "[ 7.04324289  0.71980949 -1.25814184  4.50370077 -0.19066269  1.92118261]", "final_simplex": "(array([[ 7.04324289,  0.71980949, -1.25814184,  4.50370077, -0.19066269,\n         1.92118261],\n       [ 7.04324947,  0.71981224, -1.25814199,  4.50370103, -0.19067111,\n         1.92118041],\n       [ 7.04324945,  0.71980912, -1.2581382 ,  4.50369954, -0.19066923,\n         1.92118254],\n       [ 7.04324644,  0.7198062 , -1.25813766,  4.50370053, -0.19066642,\n         1.92118381],\n       [ 7.04324599,  0.71981276, -1.25814001,  4.50369894, -0.19066804,\n         1.92117947],\n       [ 7.04324638,  0.71981382, -1.25814308,  4.5037031 , -0.19066575,\n         1.92118171],\n       [ 7.04324363,  0.71981341, -1.2581467 ,  4.50370386, -0.19066195,\n         1.92117867]]), array([0.18339172, 0.18339172, 0.18339172, 0.18339172, 0.18339172,\n       0.18339172, 0.18339172]))", "callback": [0.6511261462623803, 0.41076966124798087, 0.3467586288584755, 0.3252245370877389, 0.31290707472332147, 0.2959977623505248, 0.25920790728634135, 0.20918567629630513, 0.2051467706713106, 0.19771891657574592, 0.19348871013730262, 0.19225012428282695, 0.19153033125137742, 0.19064808493315366, 0.1877306325055068, 0.18710015615719167, 0.1868577700966858, 0.1867798231593476, 0.18674254274651103, 0.18670921512813077, 0.1866137231291758, 0.1863546576298052, 0.18572799783382687, 0.18482638798898676, 0.1839209055216553, 0.183636665487801, 0.1834521205452596, 0.18341121167314334, 0.18339799956450586, 0.1833944062929035, 0.18339195009582587, 0.18339183220644117, 0.18339175438067534, 0.18339172740324416, 0.18339172204256848, 0.1833917205249047, 0.18339171964967205, 0.18339171951743527, 0.18339171949159194, 0.18339171946690203, 0.18339171946370358]}, "5": {"maxiter": 500, "fatol": 1e-05, "xatol": 1e-10, "duration": 0.19785308837890625, "fun": "0.18339171946257893", "nit": "500", "nfev": "842", "status": "2", "success": "False", "message": "Maximum number of iterations has been exceeded.", "x": "[ 7.04324633  0.71981188 -1.25814257  4.50370089 -0.19066779  1.92118195]", "final_simplex": "(array([[ 7.04324633,  0.71981188, -1.25814257,  4.50370089, -0.19066779,\n         1.92118195],\n       [ 7.04324633,  0.71981188, -1.25814257,  4.50370089, -0.19066779,\n         1.92118195],\n       [ 7.04324633,  0.71981188, -1.25814257,  4.50370089, -0.19066779,\n         1.92118195],\n       [ 7.04324633,  0.71981188, -1.25814257,  4.50370089, -0.19066779,\n         1.92118195],\n       [ 7.04324633,  0.71981188, -1.25814257,  4.50370089, -0.19066779,\n         1.92118195],\n       [ 7.04324633,  0.71981188, -1.25814257,  4.50370089, -0.19066779,\n         1.92118195],\n       [ 7.04324633,  0.71981188, -1.25814257,  4.50370089, -0.19066779,\n         1.92118195]]), array([0.18339172, 0.18339172, 0.18339172, 0.18339172, 0.18339172,\n       0.18339172, 0.18339172]))", "callback": [0.6511261462623803, 0.41076966124798087, 0.3467586288584755, 0.3252245370877389, 0.31290707472332147, 0.2959977623505248, 0.25920790728634135, 0.20918567629630513, 0.2051467706713106, 0.19771891657574592, 0.19348871013730262, 0.19225012428282695, 0.19153033125137742, 0.19064808493315366, 0.1877306325055068, 0.18710015615719167, 0.1868577700966858, 0.1867798231593476, 0.18674254274651103, 0.18670921512813077, 0.1866137231291758, 0.1863546576298052, 0.18572799783382687, 0.18482638798898676, 0.1839209055216553, 0.183636665487801, 0.1834521205452596, 0.18341121167314334, 0.18339799956450586, 0.1833944062929035, 0.18339195009582587, 0.18339183220644117, 0.18339175438067534, 0.18339172740324416, 0.18339172204256848, 0.1833917205249047, 0.18339171964967205, 0.18339171951743527, 0.18339171949159194, 0.18339171946690203, 0.18339171946370358, 0.18339171946293042, 0.18339171946270239, 0.18339171946260602, 0.18339171946258404, 0.18339171946258037, 0.18339171946257926, 0.18339171946257893, 0.18339171946257893]}, "6": {"maxiter": 500, "fatol": 1e-10, "xatol": 1e-05, "duration": 0.15304303169250488, "fun": "0.18339171946359145", "nit": "414", "nfev": "655", "status": "0", "success": "True", "message": "Optimization terminated successfully.", "x": "[ 7.04324289  0.71980949 -1.25814184  4.50370077 -0.19066269  1.92118261]", "final_simplex": "(array([[ 7.04324289,  0.71980949, -1.25814184,  4.50370077, -0.19066269,\n         1.92118261],\n       [ 7.04324947,  0.71981224, -1.25814199,  4.50370103, -0.19067111,\n         1.92118041],\n       [ 7.04324945,  0.71980912, -1.2581382 ,  4.50369954, -0.19066923,\n         1.92118254],\n       [ 7.04324644,  0.7198062 , -1.25813766,  4.50370053, -0.19066642,\n         1.92118381],\n       [ 7.04324599,  0.71981276, -1.25814001,  4.50369894, -0.19066804,\n         1.92117947],\n       [ 7.04324638,  0.71981382, -1.25814308,  4.5037031 , -0.19066575,\n         1.92118171],\n       [ 7.04324363,  0.71981341, -1.2581467 ,  4.50370386, -0.19066195,\n         1.92117867]]), array([0.18339172, 0.18339172, 0.18339172, 0.18339172, 0.18339172,\n       0.18339172, 0.18339172]))", "callback": [0.6511261462623803, 0.41076966124798087, 0.3467586288584755, 0.3252245370877389, 0.31290707472332147, 0.2959977623505248, 0.25920790728634135, 0.20918567629630513, 0.2051467706713106, 0.19771891657574592, 0.19348871013730262, 0.19225012428282695, 0.19153033125137742, 0.19064808493315366, 0.1877306325055068, 0.18710015615719167, 0.1868577700966858, 0.1867798231593476, 0.18674254274651103, 0.18670921512813077, 0.1866137231291758, 0.1863546576298052, 0.18572799783382687, 0.18482638798898676, 0.1839209055216553, 0.183636665487801, 0.1834521205452596, 0.18341121167314334, 0.18339799956450586, 0.1833944062929035, 0.18339195009582587, 0.18339183220644117, 0.18339175438067534, 0.18339172740324416, 0.18339172204256848, 0.1833917205249047, 0.18339171964967205, 0.18339171951743527, 0.18339171949159194, 0.18339171946690203, 0.18339171946370358]}, "7": {"maxiter": 500, "fatol": 1e-10, "xatol": 1e-10, "duration": 0.21242284774780273, "fun": "0.18339171946257893", "nit": "500", "nfev": "842", "status": "2", "success": "False", "message": "Maximum number of iterations has been exceeded.", "x": "[ 7.04324633  0.71981188 -1.25814257  4.50370089 -0.19066779  1.92118195]", "final_simplex": "(array([[ 7.04324633,  0.71981188, -1.25814257,  4.50370089, -0.19066779,\n         1.92118195],\n       [ 7.04324633,  0.71981188, -1.25814257,  4.50370089, -0.19066779,\n         1.92118195],\n       [ 7.04324633,  0.71981188, -1.25814257,  4.50370089, -0.19066779,\n         1.92118195],\n       [ 7.04324633,  0.71981188, -1.25814257,  4.50370089, -0.19066779,\n         1.92118195],\n       [ 7.04324633,  0.71981188, -1.25814257,  4.50370089, -0.19066779,\n         1.92118195],\n       [ 7.04324633,  0.71981188, -1.25814257,  4.50370089, -0.19066779,\n         1.92118195],\n       [ 7.04324633,  0.71981188, -1.25814257,  4.50370089, -0.19066779,\n         1.92118195]]), array([0.18339172, 0.18339172, 0.18339172, 0.18339172, 0.18339172,\n       0.18339172, 0.18339172]))", "callback": [0.6511261462623803, 0.41076966124798087, 0.3467586288584755, 0.3252245370877389, 0.31290707472332147, 0.2959977623505248, 0.25920790728634135, 0.20918567629630513, 0.2051467706713106, 0.19771891657574592, 0.19348871013730262, 0.19225012428282695, 0.19153033125137742, 0.19064808493315366, 0.1877306325055068, 0.18710015615719167, 0.1868577700966858, 0.1867798231593476, 0.18674254274651103, 0.18670921512813077, 0.1866137231291758, 0.1863546576298052, 0.18572799783382687, 0.18482638798898676, 0.1839209055216553, 0.183636665487801, 0.1834521205452596, 0.18341121167314334, 0.18339799956450586, 0.1833944062929035, 0.18339195009582587, 0.18339183220644117, 0.18339175438067534, 0.18339172740324416, 0.18339172204256848, 0.1833917205249047, 0.18339171964967205, 0.18339171951743527, 0.18339171949159194, 0.18339171946690203, 0.18339171946370358, 0.18339171946293042, 0.18339171946270239, 0.18339171946260602, 0.18339171946258404, 0.18339171946258037, 0.18339171946257926, 0.18339171946257893, 0.18339171946257893]}, "8": {"maxiter": 1000, "fatol": 1e-05, "xatol": 1e-05, "duration": 0.21416401863098145, "fun": "0.18339171946359145", "nit": "414", "nfev": "655", "status": "0", "success": "True", "message": "Optimization terminated successfully.", "x": "[ 7.04324289  0.71980949 -1.25814184  4.50370077 -0.19066269  1.92118261]", "final_simplex": "(array([[ 7.04324289,  0.71980949, -1.25814184,  4.50370077, -0.19066269,\n         1.92118261],\n       [ 7.04324947,  0.71981224, -1.25814199,  4.50370103, -0.19067111,\n         1.92118041],\n       [ 7.04324945,  0.71980912, -1.2581382 ,  4.50369954, -0.19066923,\n         1.92118254],\n       [ 7.04324644,  0.7198062 , -1.25813766,  4.50370053, -0.19066642,\n         1.92118381],\n       [ 7.04324599,  0.71981276, -1.25814001,  4.50369894, -0.19066804,\n         1.92117947],\n       [ 7.04324638,  0.71981382, -1.25814308,  4.5037031 , -0.19066575,\n         1.92118171],\n       [ 7.04324363,  0.71981341, -1.2581467 ,  4.50370386, -0.19066195,\n         1.92117867]]), array([0.18339172, 0.18339172, 0.18339172, 0.18339172, 0.18339172,\n       0.18339172, 0.18339172]))", "callback": [0.6511261462623803, 0.41076966124798087, 0.3467586288584755, 0.3252245370877389, 0.31290707472332147, 0.2959977623505248, 0.25920790728634135, 0.20918567629630513, 0.2051467706713106, 0.19771891657574592, 0.19348871013730262, 0.19225012428282695, 0.19153033125137742, 0.19064808493315366, 0.1877306325055068, 0.18710015615719167, 0.1868577700966858, 0.1867798231593476, 0.18674254274651103, 0.18670921512813077, 0.1866137231291758, 0.1863546576298052, 0.18572799783382687, 0.18482638798898676, 0.1839209055216553, 0.183636665487801, 0.1834521205452596, 0.18341121167314334, 0.18339799956450586, 0.1833944062929035, 0.18339195009582587, 0.18339183220644117, 0.18339175438067534, 0.18339172740324416, 0.18339172204256848, 0.1833917205249047, 0.18339171964967205, 0.18339171951743527, 0.18339171949159194, 0.18339171946690203, 0.18339171946370358]}, "9": {"maxiter": 1000, "fatol": 1e-05, "xatol": 1e-10, "duration": 0.21974682807922363, "fun": "0.18339171946257893", "nit": "514", "nfev": "883", "status": "0", "success": "True", "message": "Optimization terminated successfully.", "x": "[ 7.04324633  0.71981188 -1.25814257  4.50370089 -0.19066779  1.92118195]", "final_simplex": "(array([[ 7.04324633,  0.71981188, -1.25814257,  4.50370089, -0.19066779,\n         1.92118195],\n       [ 7.04324633,  0.71981188, -1.25814257,  4.50370089, -0.19066779,\n         1.92118195],\n       [ 7.04324633,  0.71981188, -1.25814257,  4.50370089, -0.19066779,\n         1.92118195],\n       [ 7.04324633,  0.71981188, -1.25814257,  4.50370089, -0.19066779,\n         1.92118195],\n       [ 7.04324633,  0.71981188, -1.25814257,  4.50370089, -0.19066779,\n         1.92118195],\n       [ 7.04324633,  0.71981188, -1.25814257,  4.50370089, -0.19066779,\n         1.92118195],\n       [ 7.04324633,  0.71981188, -1.25814257,  4.50370089, -0.19066779,\n         1.92118195]]), array([0.18339172, 0.18339172, 0.18339172, 0.18339172, 0.18339172,\n       0.18339172, 0.18339172]))", "callback": [0.6511261462623803, 0.41076966124798087, 0.3467586288584755, 0.3252245370877389, 0.31290707472332147, 0.2959977623505248, 0.25920790728634135, 0.20918567629630513, 0.2051467706713106, 0.19771891657574592, 0.19348871013730262, 0.19225012428282695, 0.19153033125137742, 0.19064808493315366, 0.1877306325055068, 0.18710015615719167, 0.1868577700966858, 0.1867798231593476, 0.18674254274651103, 0.18670921512813077, 0.1866137231291758, 0.1863546576298052, 0.18572799783382687, 0.18482638798898676, 0.1839209055216553, 0.183636665487801, 0.1834521205452596, 0.18341121167314334, 0.18339799956450586, 0.1833944062929035, 0.18339195009582587, 0.18339183220644117, 0.18339175438067534, 0.18339172740324416, 0.18339172204256848, 0.1833917205249047, 0.18339171964967205, 0.18339171951743527, 0.18339171949159194, 0.18339171946690203, 0.18339171946370358, 0.18339171946293042, 0.18339171946270239, 0.18339171946260602, 0.18339171946258404, 0.18339171946258037, 0.18339171946257926, 0.18339171946257893, 0.18339171946257893, 0.18339171946257893, 0.18339171946257893]}, "10": {"maxiter": 1000, "fatol": 1e-10, "xatol": 1e-05, "duration": 0.16042399406433105, "fun": "0.18339171946359145", "nit": "414", "nfev": "655", "status": "0", "success": "True", "message": "Optimization terminated successfully.", "x": "[ 7.04324289  0.71980949 -1.25814184  4.50370077 -0.19066269  1.92118261]", "final_simplex": "(array([[ 7.04324289,  0.71980949, -1.25814184,  4.50370077, -0.19066269,\n         1.92118261],\n       [ 7.04324947,  0.71981224, -1.25814199,  4.50370103, -0.19067111,\n         1.92118041],\n       [ 7.04324945,  0.71980912, -1.2581382 ,  4.50369954, -0.19066923,\n         1.92118254],\n       [ 7.04324644,  0.7198062 , -1.25813766,  4.50370053, -0.19066642,\n         1.92118381],\n       [ 7.04324599,  0.71981276, -1.25814001,  4.50369894, -0.19066804,\n         1.92117947],\n       [ 7.04324638,  0.71981382, -1.25814308,  4.5037031 , -0.19066575,\n         1.92118171],\n       [ 7.04324363,  0.71981341, -1.2581467 ,  4.50370386, -0.19066195,\n         1.92117867]]), array([0.18339172, 0.18339172, 0.18339172, 0.18339172, 0.18339172,\n       0.18339172, 0.18339172]))", "callback": [0.6511261462623803, 0.41076966124798087, 0.3467586288584755, 0.3252245370877389, 0.31290707472332147, 0.2959977623505248, 0.25920790728634135, 0.20918567629630513, 0.2051467706713106, 0.19771891657574592, 0.19348871013730262, 0.19225012428282695, 0.19153033125137742, 0.19064808493315366, 0.1877306325055068, 0.18710015615719167, 0.1868577700966858, 0.1867798231593476, 0.18674254274651103, 0.18670921512813077, 0.1866137231291758, 0.1863546576298052, 0.18572799783382687, 0.18482638798898676, 0.1839209055216553, 0.183636665487801, 0.1834521205452596, 0.18341121167314334, 0.18339799956450586, 0.1833944062929035, 0.18339195009582587, 0.18339183220644117, 0.18339175438067534, 0.18339172740324416, 0.18339172204256848, 0.1833917205249047, 0.18339171964967205, 0.18339171951743527, 0.18339171949159194, 0.18339171946690203, 0.18339171946370358]}, "11": {"maxiter": 1000, "fatol": 1e-10, "xatol": 1e-10, "duration": 0.21315503120422363, "fun": "0.18339171946257893", "nit": "514", "nfev": "883", "status": "0", "success": "True", "message": "Optimization terminated successfully.", "x": "[ 7.04324633  0.71981188 -1.25814257  4.50370089 -0.19066779  1.92118195]", "final_simplex": "(array([[ 7.04324633,  0.71981188, -1.25814257,  4.50370089, -0.19066779,\n         1.92118195],\n       [ 7.04324633,  0.71981188, -1.25814257,  4.50370089, -0.19066779,\n         1.92118195],\n       [ 7.04324633,  0.71981188, -1.25814257,  4.50370089, -0.19066779,\n         1.92118195],\n       [ 7.04324633,  0.71981188, -1.25814257,  4.50370089, -0.19066779,\n         1.92118195],\n       [ 7.04324633,  0.71981188, -1.25814257,  4.50370089, -0.19066779,\n         1.92118195],\n       [ 7.04324633,  0.71981188, -1.25814257,  4.50370089, -0.19066779,\n         1.92118195],\n       [ 7.04324633,  0.71981188, -1.25814257,  4.50370089, -0.19066779,\n         1.92118195]]), array([0.18339172, 0.18339172, 0.18339172, 0.18339172, 0.18339172,\n       0.18339172, 0.18339172]))", "callback": [0.6511261462623803, 0.41076966124798087, 0.3467586288584755, 0.3252245370877389, 0.31290707472332147, 0.2959977623505248, 0.25920790728634135, 0.20918567629630513, 0.2051467706713106, 0.19771891657574592, 0.19348871013730262, 0.19225012428282695, 0.19153033125137742, 0.19064808493315366, 0.1877306325055068, 0.18710015615719167, 0.1868577700966858, 0.1867798231593476, 0.18674254274651103, 0.18670921512813077, 0.1866137231291758, 0.1863546576298052, 0.18572799783382687, 0.18482638798898676, 0.1839209055216553, 0.183636665487801, 0.1834521205452596, 0.18341121167314334, 0.18339799956450586, 0.1833944062929035, 0.18339195009582587, 0.18339183220644117, 0.18339175438067534, 0.18339172740324416, 0.18339172204256848, 0.1833917205249047, 0.18339171964967205, 0.18339171951743527, 0.18339171949159194, 0.18339171946690203, 0.18339171946370358, 0.18339171946293042, 0.18339171946270239, 0.18339171946260602, 0.18339171946258404, 0.18339171946258037, 0.18339171946257926, 0.18339171946257893, 0.18339171946257893, 0.18339171946257893, 0.18339171946257893]}}, "bfgs": {"type": "gradient", "0": {"maxiter": 100, "gtol": 1e-05, "xrtol": 1e-05, "eps": 1e-05, "duration": 0.061376094818115234, "fun": "0.18339171969774837", "jac": "[ 4.10995682e-06 -3.32478489e-07 -2.01308970e-06 -3.35664829e-07\n -5.97460970e-06  3.16406901e-06]", "hess_inv": "[[11.22499411 -1.16270972 -7.16069302  1.9950913  11.29870772 -0.7901036 ]\n [-1.16270972 12.50047028 -7.30208238  0.41173061 -3.46470689 -6.57650217]\n [-7.16069302 -7.30208238 19.49835266 -7.6174261  -9.78132954  5.11510555]\n [ 1.9950913   0.41173061 -7.6174261   6.85356519  5.23226785 -0.68946781]\n [11.29870772 -3.46470689 -9.78132954  5.23226785 17.23541438  0.95847407]\n [-0.7901036  -6.57650217  5.11510555 -0.68946781  0.95847407  6.11483418]]", "nfev": "252", "njev": "36", "status": "0", "success": "True", "message": "Optimization terminated successfully.", "x": "[ 5.52308735 -2.42176242 -4.39971281  4.50367247  6.09242942  1.92117942]", "nit": "31", "callback": [0.3076819097907938, 0.18725677516611572, 0.18339172101087786]}, "1": {"maxiter": 100, "gtol": 1e-05, "xrtol": 1e-05, "eps": 1e-10, "duration": 0.06243419647216797, "fun": "0.18339171977318025", "jac": "[ 3.33066880e-06  7.77156053e-06  2.22044587e-06  2.22044587e-06\n -4.44089173e-06  0.00000000e+00]", "hess_inv": "[[11.41570573 -1.48464022 -7.27052203  2.07566305 11.57710383 -0.52734662]\n [-1.48464022 12.63476878 -7.30505237  0.45260034 -3.84699634 -6.76069849]\n [-7.27052203 -7.30505237 19.47712078 -7.590799   -9.89716321  4.99687724]\n [ 2.07566305  0.45260034 -7.590799    6.82149522  5.31064753 -0.63673391]\n [11.57710383 -3.84699634 -9.89716321  5.31064753 17.7260359   1.35925208]\n [-0.52734662 -6.76069849  4.99687724 -0.63673391  1.35925208  6.22940283]]", "nfev": "252", "njev": "36", "status": "0", "success": "True", "message": "Optimization terminated successfully.", "x": "[ 5.5230905  -2.42174024 -4.39969208  4.50366314  6.09242795  1.92117016]", "nit": "31", "callback": [0.3076815103635201, 0.18725498625553816, 0.18339172151109828]}, "2": {"maxiter": 100, "gtol": 1e-05, "xrtol": 1e-10, "eps": 1e-05, "duration": 0.06339716911315918, "fun": "0.18339171969774837", "jac": "[ 4.10995682e-06 -3.32478489e-07 -2.01308970e-06 -3.35664829e-07\n -5.97460970e-06  3.16406901e-06]", "hess_inv": "[[11.22499411 -1.16270972 -7.16069302  1.9950913  11.29870772 -0.7901036 ]\n [-1.16270972 12.50047028 -7.30208238  0.41173061 -3.46470689 -6.57650217]\n [-7.16069302 -7.30208238 19.49835266 -7.6174261  -9.78132954  5.11510555]\n [ 1.9950913   0.41173061 -7.6174261   6.85356519  5.23226785 -0.68946781]\n [11.29870772 -3.46470689 -9.78132954  5.23226785 17.23541438  0.95847407]\n [-0.7901036  -6.57650217  5.11510555 -0.68946781  0.95847407  6.11483418]]", "nfev": "252", "njev": "36", "status": "0", "success": "True", "message": "Optimization terminated successfully.", "x": "[ 5.52308735 -2.42176242 -4.39971281  4.50367247  6.09242942  1.92117942]", "nit": "31", "callback": [0.3076819097907938, 0.18725677516611572, 0.18339172101087786]}, "3": {"maxiter": 100, "gtol": 1e-05, "xrtol": 1e-10, "eps": 1e-10, "duration": 0.06192588806152344, "fun": "0.18339171977318025", "jac": "[ 3.33066880e-06  7.77156053e-06  2.22044587e-06  2.22044587e-06\n -4.44089173e-06  0.00000000e+00]", "hess_inv": "[[11.41570573 -1.48464022 -7.27052203  2.07566305 11.57710383 -0.52734662]\n [-1.48464022 12.63476878 -7.30505237  0.45260034 -3.84699634 -6.76069849]\n [-7.27052203 -7.30505237 19.47712078 -7.590799   -9.89716321  4.99687724]\n [ 2.07566305  0.45260034 -7.590799    6.82149522  5.31064753 -0.63673391]\n [11.57710383 -3.84699634 -9.89716321  5.31064753 17.7260359   1.35925208]\n [-0.52734662 -6.76069849  4.99687724 -0.63673391  1.35925208  6.22940283]]", "nfev": "252", "njev": "36", "status": "0", "success": "True", "message": "Optimization terminated successfully.", "x": "[ 5.5230905  -2.42174024 -4.39969208  4.50366314  6.09242795  1.92117016]", "nit": "31", "callback": [0.3076815103635201, 0.18725498625553816, 0.18339172151109828]}, "4": {"maxiter": 100, "gtol": 1e-10, "xrtol": 1e-05, "eps": 1e-05, "duration": 0.06643795967102051, "fun": "0.1833917195218434", "jac": "[ 1.77458048e-07 -2.15150120e-07 -8.56148485e-07  1.93944860e-07\n -1.04930509e-06  3.08897352e-07]", "hess_inv": "[[ 10.88748347  -0.60006152  -7.63184334   2.33018119  11.14268135\n   -1.21711048]\n [ -0.60006152  11.76820551  -6.98731938   0.27565912  -2.63039591\n   -6.14903835]\n [ -7.63184334  -6.98731938  19.91760498  -8.11648822 -11.31300074\n    5.16972201]\n [  2.33018119   0.27565912  -8.11648822   7.388848     6.56669049\n   -0.84968574]\n [ 11.14268135  -2.63039591 -11.31300074   6.56669049  18.76617234\n   -0.03276453]\n [ -1.21711048  -6.14903835   5.16972201  -0.84968574  -0.03276453\n    5.96775352]]", "nfev": "259", "njev": "37", "status": "0", "success": "True", "message": "Optimization terminated successfully.", "x": "[ 5.52309825 -2.42176627 -4.39973035  4.50369105  6.09247441  1.92117342]", "nit": "32", "callback": [0.3076819097907938, 0.18725677516611572, 0.18339172101087786]}, "5": {"maxiter": 100, "gtol": 1e-10, "xrtol": 1e-05, "eps": 1e-10, "duration": 0.06509995460510254, "fun": "0.18339171954632982", "jac": "[ 0.00000000e+00  1.11022293e-06  1.11022293e-06  0.00000000e+00\n -4.44089173e-06  3.33066880e-06]", "hess_inv": "[[ 1.08276093e+01  4.39348659e-05 -7.44920442e+00  1.93094621e+00\n   1.04751285e+01 -1.35445255e+00]\n [ 4.39348659e-05  8.94512045e+00 -6.84561063e+00  7.05363162e-01\n  -1.29280841e+00 -4.66056750e+00]\n [-7.44920442e+00 -6.84561063e+00  1.94240220e+01 -7.65082655e+00\n  -1.02644719e+01  4.74729531e+00]\n [ 1.93094621e+00  7.05363162e-01 -7.65082655e+00  7.00245962e+00\n   5.47772086e+00 -8.63451982e-01]\n [ 1.04751285e+01 -1.29280841e+00 -1.02644719e+01  5.47772086e+00\n   1.65479457e+01 -2.37497609e-01]\n [-1.35445255e+00 -4.66056750e+00  4.74729531e+00 -8.63451982e-01\n  -2.37497609e-01  5.06863335e+00]]", "nfev": "259", "njev": "37", "status": "0", "success": "True", "message": "Optimization terminated successfully.", "x": "[ 5.52311321 -2.42180187 -4.3996858   4.50367699  6.09248722  1.92120122]", "nit": "32", "callback": [0.3076815103635201, 0.18725498625553816, 0.18339172151109828]}, "6": {"maxiter": 100, "gtol": 1e-10, "xrtol": 1e-10, "eps": 1e-05, "duration": 0.11556410789489746, "fun": "0.18339171949931443", "jac": "[-2.19491092e-08 -2.99982261e-08 -2.78443935e-08 -1.14797061e-08\n  9.21485110e-09 -9.86988269e-09]", "hess_inv": "[[11.30562145 -1.20048652 -6.64411749  1.95154019 11.95542026 -0.99301377]\n [-1.20048652 12.56805723 -8.68118797  0.93070017 -3.82238819 -6.43142997]\n [-6.64411749 -8.68118797 20.753584   -8.37946447 -9.31426141  5.75987421]\n [ 1.95154019  0.93070017 -8.37946447  7.46346544  5.77843763 -1.06456129]\n [11.95542026 -3.82238819 -9.31426141  5.77843763 20.26643389  0.45114531]\n [-0.99301377 -6.43142997  5.75987421 -1.06456129  0.45114531  6.05028583]]", "nfev": "481", "njev": "67", "status": "2", "success": "False", "message": "Desired error not necessarily achieved due to precision loss.", "x": "[ 5.52310293 -2.42177312 -4.39972416  4.50368929  6.09248423  1.92117589]", "nit": "34", "callback": [0.3076819097907938, 0.18725677516611572, 0.18339172101087786]}, "7": {"maxiter": 100, "gtol": 1e-10, "xrtol": 1e-10, "eps": 1e-10, "duration": 0.09186697006225586, "fun": "0.18339171948516875", "jac": "[ 1.11022293e-06  1.11022293e-06  1.11022293e-06 -1.11022293e-06\n  1.11022293e-06 -1.11022293e-06]", "hess_inv": "[[ 7.17950224 -1.23314477 -1.87177608 -1.58162404  3.63617007  0.52390247]\n [-1.23314477  2.93684733 -0.79830329  0.2841317  -0.33123433 -0.36894312]\n [-1.87177608 -0.79830329  7.97721456 -2.80633577 -3.30705303 -0.10121022]\n [-1.58162404  0.2841317  -2.80633577  3.25026868 -0.1469195  -0.5749509 ]\n [ 3.63617007 -0.33123433 -3.30705303 -0.1469195   4.90850147 -0.15441653]\n [ 0.52390247 -0.36894312 -0.10121022 -0.5749509  -0.15441653  2.07145853]]", "nfev": "364", "njev": "52", "status": "0", "success": "True", "message": "Optimization terminated successfully.", "x": "[ 5.52312518 -2.42180395 -4.39971437  4.50369848  6.09252168  1.92119434]", "nit": "36", "callback": [0.3076815103635201, 0.18725498625553816, 0.18339172151109828]}, "8": {"maxiter": 500, "gtol": 1e-05, "xrtol": 1e-05, "eps": 1e-05, "duration": 0.062165021896362305, "fun": "0.18339171969774837", "jac": "[ 4.10995682e-06 -3.32478489e-07 -2.01308970e-06 -3.35664829e-07\n -5.97460970e-06  3.16406901e-06]", "hess_inv": "[[11.22499411 -1.16270972 -7.16069302  1.9950913  11.29870772 -0.7901036 ]\n [-1.16270972 12.50047028 -7.30208238  0.41173061 -3.46470689 -6.57650217]\n [-7.16069302 -7.30208238 19.49835266 -7.6174261  -9.78132954  5.11510555]\n [ 1.9950913   0.41173061 -7.6174261   6.85356519  5.23226785 -0.68946781]\n [11.29870772 -3.46470689 -9.78132954  5.23226785 17.23541438  0.95847407]\n [-0.7901036  -6.57650217  5.11510555 -0.68946781  0.95847407  6.11483418]]", "nfev": "252", "njev": "36", "status": "0", "success": "True", "message": "Optimization terminated successfully.", "x": "[ 5.52308735 -2.42176242 -4.39971281  4.50367247  6.09242942  1.92117942]", "nit": "31", "callback": [0.3076819097907938, 0.18725677516611572, 0.18339172101087786]}, "9": {"maxiter": 500, "gtol": 1e-05, "xrtol": 1e-05, "eps": 1e-10, "duration": 0.0618748664855957, "fun": "0.18339171977318025", "jac": "[ 3.33066880e-06  7.77156053e-06  2.22044587e-06  2.22044587e-06\n -4.44089173e-06  0.00000000e+00]", "hess_inv": "[[11.41570573 -1.48464022 -7.27052203  2.07566305 11.57710383 -0.52734662]\n [-1.48464022 12.63476878 -7.30505237  0.45260034 -3.84699634 -6.76069849]\n [-7.27052203 -7.30505237 19.47712078 -7.590799   -9.89716321  4.99687724]\n [ 2.07566305  0.45260034 -7.590799    6.82149522  5.31064753 -0.63673391]\n [11.57710383 -3.84699634 -9.89716321  5.31064753 17.7260359   1.35925208]\n [-0.52734662 -6.76069849  4.99687724 -0.63673391  1.35925208  6.22940283]]", "nfev": "252", "njev": "36", "status": "0", "success": "True", "message": "Optimization terminated successfully.", "x": "[ 5.5230905  -2.42174024 -4.39969208  4.50366314  6.09242795  1.92117016]", "nit": "31", "callback": [0.3076815103635201, 0.18725498625553816, 0.18339172151109828]}, "10": {"maxiter": 500, "gtol": 1e-05, "xrtol": 1e-10, "eps": 1e-05, "duration": 0.06106901168823242, "fun": "0.18339171969774837", "jac": "[ 4.10995682e-06 -3.32478489e-07 -2.01308970e-06 -3.35664829e-07\n -5.97460970e-06  3.16406901e-06]", "hess_inv": "[[11.22499411 -1.16270972 -7.16069302  1.9950913  11.29870772 -0.7901036 ]\n [-1.16270972 12.50047028 -7.30208238  0.41173061 -3.46470689 -6.57650217]\n [-7.16069302 -7.30208238 19.49835266 -7.6174261  -9.78132954  5.11510555]\n [ 1.9950913   0.41173061 -7.6174261   6.85356519  5.23226785 -0.68946781]\n [11.29870772 -3.46470689 -9.78132954  5.23226785 17.23541438  0.95847407]\n [-0.7901036  -6.57650217  5.11510555 -0.68946781  0.95847407  6.11483418]]", "nfev": "252", "njev": "36", "status": "0", "success": "True", "message": "Optimization terminated successfully.", "x": "[ 5.52308735 -2.42176242 -4.39971281  4.50367247  6.09242942  1.92117942]", "nit": "31", "callback": [0.3076819097907938, 0.18725677516611572, 0.18339172101087786]}, "11": {"maxiter": 500, "gtol": 1e-05, "xrtol": 1e-10, "eps": 1e-10, "duration": 0.06603121757507324, "fun": "0.18339171977318025", "jac": "[ 3.33066880e-06  7.77156053e-06  2.22044587e-06  2.22044587e-06\n -4.44089173e-06  0.00000000e+00]", "hess_inv": "[[11.41570573 -1.48464022 -7.27052203  2.07566305 11.57710383 -0.52734662]\n [-1.48464022 12.63476878 -7.30505237  0.45260034 -3.84699634 -6.76069849]\n [-7.27052203 -7.30505237 19.47712078 -7.590799   -9.89716321  4.99687724]\n [ 2.07566305  0.45260034 -7.590799    6.82149522  5.31064753 -0.63673391]\n [11.57710383 -3.84699634 -9.89716321  5.31064753 17.7260359   1.35925208]\n [-0.52734662 -6.76069849  4.99687724 -0.63673391  1.35925208  6.22940283]]", "nfev": "252", "njev": "36", "status": "0", "success": "True", "message": "Optimization terminated successfully.", "x": "[ 5.5230905  -2.42174024 -4.39969208  4.50366314  6.09242795  1.92117016]", "nit": "31", "callback": [0.3076815103635201, 0.18725498625553816, 0.18339172151109828]}, "12": {"maxiter": 500, "gtol": 1e-10, "xrtol": 1e-05, "eps": 1e-05, "duration": 0.06927704811096191, "fun": "0.1833917195218434", "jac": "[ 1.77458048e-07 -2.15150120e-07 -8.56148485e-07  1.93944860e-07\n -1.04930509e-06  3.08897352e-07]", "hess_inv": "[[ 10.88748347  -0.60006152  -7.63184334   2.33018119  11.14268135\n   -1.21711048]\n [ -0.60006152  11.76820551  -6.98731938   0.27565912  -2.63039591\n   -6.14903835]\n [ -7.63184334  -6.98731938  19.91760498  -8.11648822 -11.31300074\n    5.16972201]\n [  2.33018119   0.27565912  -8.11648822   7.388848     6.56669049\n   -0.84968574]\n [ 11.14268135  -2.63039591 -11.31300074   6.56669049  18.76617234\n   -0.03276453]\n [ -1.21711048  -6.14903835   5.16972201  -0.84968574  -0.03276453\n    5.96775352]]", "nfev": "259", "njev": "37", "status": "0", "success": "True", "message": "Optimization terminated successfully.", "x": "[ 5.52309825 -2.42176627 -4.39973035  4.50369105  6.09247441  1.92117342]", "nit": "32", "callback": [0.3076819097907938, 0.18725677516611572, 0.18339172101087786]}, "13": {"maxiter": 500, "gtol": 1e-10, "xrtol": 1e-05, "eps": 1e-10, "duration": 0.06979608535766602, "fun": "0.18339171954632982", "jac": "[ 0.00000000e+00  1.11022293e-06  1.11022293e-06  0.00000000e+00\n -4.44089173e-06  3.33066880e-06]", "hess_inv": "[[ 1.08276093e+01  4.39348659e-05 -7.44920442e+00  1.93094621e+00\n   1.04751285e+01 -1.35445255e+00]\n [ 4.39348659e-05  8.94512045e+00 -6.84561063e+00  7.05363162e-01\n  -1.29280841e+00 -4.66056750e+00]\n [-7.44920442e+00 -6.84561063e+00  1.94240220e+01 -7.65082655e+00\n  -1.02644719e+01  4.74729531e+00]\n [ 1.93094621e+00  7.05363162e-01 -7.65082655e+00  7.00245962e+00\n   5.47772086e+00 -8.63451982e-01]\n [ 1.04751285e+01 -1.29280841e+00 -1.02644719e+01  5.47772086e+00\n   1.65479457e+01 -2.37497609e-01]\n [-1.35445255e+00 -4.66056750e+00  4.74729531e+00 -8.63451982e-01\n  -2.37497609e-01  5.06863335e+00]]", "nfev": "259", "njev": "37", "status": "0", "success": "True", "message": "Optimization terminated successfully.", "x": "[ 5.52311321 -2.42180187 -4.3996858   4.50367699  6.09248722  1.92120122]", "nit": "32", "callback": [0.3076815103635201, 0.18725498625553816, 0.18339172151109828]}, "14": {"maxiter": 500, "gtol": 1e-10, "xrtol": 1e-10, "eps": 1e-05, "duration": 0.13767600059509277, "fun": "0.18339171949931443", "jac": "[-2.19491092e-08 -2.99982261e-08 -2.78443935e-08 -1.14797061e-08\n  9.21485110e-09 -9.86988269e-09]", "hess_inv": "[[11.30562145 -1.20048652 -6.64411749  1.95154019 11.95542026 -0.99301377]\n [-1.20048652 12.56805723 -8.68118797  0.93070017 -3.82238819 -6.43142997]\n [-6.64411749 -8.68118797 20.753584   -8.37946447 -9.31426141  5.75987421]\n [ 1.95154019  0.93070017 -8.37946447  7.46346544  5.77843763 -1.06456129]\n [11.95542026 -3.82238819 -9.31426141  5.77843763 20.26643389  0.45114531]\n [-0.99301377 -6.43142997  5.75987421 -1.06456129  0.45114531  6.05028583]]", "nfev": "481", "njev": "67", "status": "2", "success": "False", "message": "Desired error not necessarily achieved due to precision loss.", "x": "[ 5.52310293 -2.42177312 -4.39972416  4.50368929  6.09248423  1.92117589]", "nit": "34", "callback": [0.3076819097907938, 0.18725677516611572, 0.18339172101087786]}, "15": {"maxiter": 500, "gtol": 1e-10, "xrtol": 1e-10, "eps": 1e-10, "duration": 0.09870481491088867, "fun": "0.18339171948516875", "jac": "[ 1.11022293e-06  1.11022293e-06  1.11022293e-06 -1.11022293e-06\n  1.11022293e-06 -1.11022293e-06]", "hess_inv": "[[ 7.17950224 -1.23314477 -1.87177608 -1.58162404  3.63617007  0.52390247]\n [-1.23314477  2.93684733 -0.79830329  0.2841317  -0.33123433 -0.36894312]\n [-1.87177608 -0.79830329  7.97721456 -2.80633577 -3.30705303 -0.10121022]\n [-1.58162404  0.2841317  -2.80633577  3.25026868 -0.1469195  -0.5749509 ]\n [ 3.63617007 -0.33123433 -3.30705303 -0.1469195   4.90850147 -0.15441653]\n [ 0.52390247 -0.36894312 -0.10121022 -0.5749509  -0.15441653  2.07145853]]", "nfev": "364", "njev": "52", "status": "0", "success": "True", "message": "Optimization terminated successfully.", "x": "[ 5.52312518 -2.42180395 -4.39971437  4.50369848  6.09252168  1.92119434]", "nit": "36", "callback": [0.3076815103635201, 0.18725498625553816, 0.18339172151109828]}, "16": {"maxiter": 1000, "gtol": 1e-05, "xrtol": 1e-05, "eps": 1e-05, "duration": 0.0669550895690918, "fun": "0.18339171969774837", "jac": "[ 4.10995682e-06 -3.32478489e-07 -2.01308970e-06 -3.35664829e-07\n -5.97460970e-06  3.16406901e-06]", "hess_inv": "[[11.22499411 -1.16270972 -7.16069302  1.9950913  11.29870772 -0.7901036 ]\n [-1.16270972 12.50047028 -7.30208238  0.41173061 -3.46470689 -6.57650217]\n [-7.16069302 -7.30208238 19.49835266 -7.6174261  -9.78132954  5.11510555]\n [ 1.9950913   0.41173061 -7.6174261   6.85356519  5.23226785 -0.68946781]\n [11.