{"date": "2024/09/25/, 09:20:53", "conf_id": 192, "data_type": "non_lin_ind\n", "num_data_points": 2, "s_rank": 0, "unitary": "[[0.18663085-0.53122324j,-0.11886349-0.70040876j,0.28555095-0.02789305j,-0.12262021-0.2844587j],[-0.16702216+0.27758472j,0.27526351-0.29738586j,-0.01109314+0.22495461j,-0.77239203+0.28900673j],[0.61935415+0.12301792j,-0.31269928-0.03315917j,-0.61902762-0.19039079j,-0.27120731-0.0968989j],[0.42341754+0.0023929j,-0.05847358+0.47832119j,0.64900495-0.16218422j,-0.37182676-0.05229966j]]", "databatch_0": {"databatch": "[[[0.2408632+0.26594415j,0.09119975+0.00588459j,0.19397281-0.07809243j,-0.33382955+0.07226437j],[0.23854766-0.10346002j,0.01882259-0.19046514j,0.11403089-0.12162318j,-0.08217445+0.24342582j],[0.20889993+0.10527817j,-0.06965341-0.10087858j,0.07423603-0.19040406j,0.26288577-0.36539178j],[-0.00324372+0.26659516j,0.09157303-0.04830899j,0.18582444+0.02506283j,0.26738794+0.04336588j]],[[-0.07860668+0.17937789j,0.19873275+0.06306607j,-0.08895217+0.04831633j,0.22310273+0.02755025j],[0.33292557+0.08983608j,0.21210912-0.00255548j,-0.00541854-0.19143933j,0.35828767+0.07798727j],[-0.14201177-0.19086466j,-0.24955423+0.21604567j,0.06899809-0.22194299j,-0.23519927+0.24549648j],[0.02471395-0.09330593j,-0.23093691-0.07297028j,0.1991014+0.01656063j,-0.27784831-0.04592996j]]]", "initial param values": "[1.44825243,2.24251519,3.62166038,0.32645162,1.66757336,5.43537063]", "nelder_mead": {"type": "gradient-free", "0": {"maxiter": 100, "fatol": 1e-05, "xatol": 1e-05, "duration": 0.03791308403015137, "fun": "0.47203734189656643", "nit": "100", "nfev": "156", "status": "2", "success": "False", "message": "Maximum number of iterations has been exceeded.", "x": "[0.78890558 0.7976381  5.40166704 0.64053367 0.4042998  4.13158611]", "final_simplex": "(array([[0.78890558, 0.7976381 , 5.40166704, 0.64053367, 0.4042998 ,\n        4.13158611],\n       [0.85766503, 0.92920821, 5.37111244, 0.61276178, 0.58048899,\n        4.04579959],\n       [0.91156902, 0.49932775, 5.65154568, 0.64082283, 0.57368233,\n        4.10055651],\n       [0.81175076, 0.97496546, 5.27318609, 0.62793135, 0.49968395,\n        4.13249207],\n       [0.71410363, 0.74547431, 5.53242535, 0.64877916, 0.33477162,\n        4.27825544],\n       [0.97598469, 0.6840772 , 5.36830954, 0.626998  , 0.6236622 ,\n        4.13028778],\n       [0.75232643, 0.88127075, 5.42064585, 0.61695848, 0.49416027,\n        4.2347804 ]]), array([0.47203734, 0.47236645, 0.4763914 , 0.4771514 , 0.47772873,\n       0.48104737, 0.48116788]))", "callback": [0.7942833566538424, 0.7409902790487115, 0.7034997146887751, 0.6153522257413343, 0.5526236717941025, 0.5443674233741114, 0.539941412298417, 0.5319705400708119, 0.517539710758259, 0.4810473708692147]}, "1": {"maxiter": 100, "fatol": 1e-05, "xatol": 1e-10, "duration": 0.03610396385192871, "fun": "0.47203734189656643", "nit": "100", "nfev": "156", "status": "2", "success": "False", "message": "Maximum number of iterations has been exceeded.", "x": "[0.78890558 0.7976381  5.40166704 0.64053367 0.4042998  4.13158611]", "final_simplex": "(array([[0.78890558, 0.7976381 , 5.40166704, 0.64053367, 0.4042998 ,\n        4.13158611],\n       [0.85766503, 0.92920821, 5.37111244, 0.61276178, 0.58048899,\n        4.04579959],\n       [0.91156902, 0.49932775, 5.65154568, 0.64082283, 0.57368233,\n        4.10055651],\n       [0.81175076, 0.97496546, 5.27318609, 0.62793135, 0.49968395,\n        4.13249207],\n       [0.71410363, 0.74547431, 5.53242535, 0.64877916, 0.33477162,\n        4.27825544],\n       [0.97598469, 0.6840772 , 5.36830954, 0.626998  , 0.6236622 ,\n        4.13028778],\n       [0.75232643, 0.88127075, 5.42064585, 0.61695848, 0.49416027,\n        4.2347804 ]]), array([0.47203734, 0.47236645, 0.4763914 , 0.4771514 , 0.47772873,\n       0.48104737, 0.48116788]))", "callback": [0.7942833566538424, 0.7409902790487115, 0.7034997146887751, 0.6153522257413343, 0.5526236717941025, 0.5443674233741114, 0.539941412298417, 0.5319705400708119, 0.517539710758259, 0.4810473708692147]}, "2": {"maxiter": 100, "fatol": 1e-10, "xatol": 1e-05, "duration": 0.035372018814086914, "fun": "0.47203734189656643", "nit": "100", "nfev": "156", "status": "2", "success": "False", "message": "Maximum number of iterations has been exceeded.", "x": "[0.78890558 0.7976381  5.40166704 0.64053367 0.4042998  4.13158611]", "final_simplex": "(array([[0.78890558, 0.7976381 , 5.40166704, 0.64053367, 0.4042998 ,\n        4.13158611],\n       [0.85766503, 0.92920821, 5.37111244, 0.61276178, 0.58048899,\n        4.04579959],\n       [0.91156902, 0.49932775, 5.65154568, 0.64082283, 0.57368233,\n        4.10055651],\n       [0.81175076, 0.97496546, 5.27318609, 0.62793135, 0.49968395,\n        4.13249207],\n       [0.71410363, 0.74547431, 5.53242535, 0.64877916, 0.33477162,\n        4.27825544],\n       [0.97598469, 0.6840772 , 5.36830954, 0.626998  , 0.6236622 ,\n        4.13028778],\n       [0.75232643, 0.88127075, 5.42064585, 0.61695848, 0.49416027,\n        4.2347804 ]]), array([0.47203734, 0.47236645, 0.4763914 , 0.4771514 , 0.47772873,\n       0.48104737, 0.48116788]))", "callback": [0.7942833566538424, 0.7409902790487115, 0.7034997146887751, 0.6153522257413343, 0.5526236717941025, 0.5443674233741114, 0.539941412298417, 0.5319705400708119, 0.517539710758259, 0.4810473708692147]}, "3": {"maxiter": 100, "fatol": 1e-10, "xatol": 1e-10, "duration": 0.03461289405822754, "fun": "0.47203734189656643", "nit": "100", "nfev": "156", "status": "2", "success": "False", "message": "Maximum number of iterations has been exceeded.", "x": "[0.78890558 0.7976381  5.40166704 0.64053367 0.4042998  4.13158611]", "final_simplex": "(array([[0.78890558, 0.7976381 , 5.40166704, 0.64053367, 0.4042998 ,\n        4.13158611],\n       [0.85766503, 0.92920821, 5.37111244, 0.61276178, 0.58048899,\n        4.04579959],\n       [0.91156902, 0.49932775, 5.65154568, 0.64082283, 0.57368233,\n        4.10055651],\n       [0.81175076, 0.97496546, 5.27318609, 0.62793135, 0.49968395,\n        4.13249207],\n       [0.71410363, 0.74547431, 5.53242535, 0.64877916, 0.33477162,\n        4.27825544],\n       [0.97598469, 0.6840772 , 5.36830954, 0.626998  , 0.6236622 ,\n        4.13028778],\n       [0.75232643, 0.88127075, 5.42064585, 0.61695848, 0.49416027,\n        4.2347804 ]]), array([0.47203734, 0.47236645, 0.4763914 , 0.4771514 , 0.47772873,\n       0.48104737, 0.48116788]))", "callback": [0.7942833566538424, 0.7409902790487115, 0.7034997146887751, 0.6153522257413343, 0.5526236717941025, 0.5443674233741114, 0.539941412298417, 0.5319705400708119, 0.517539710758259, 0.4810473708692147]}, "4": {"maxiter": 500, "fatol": 1e-05, "xatol": 1e-05, "duration": 0.17454195022583008, "fun": "0.14875573258965513", "nit": "500", "nfev": "767", "status": "2", "success": "False", "message": "Maximum number of iterations has been exceeded.", "x": "[1.25553947 0.6847761  2.52685022 3.50031856 1.62028585 3.18679547]", "final_simplex": "(array([[1.25553947, 0.6847761 , 2.52685022, 3.50031856, 1.62028585,\n        3.18679547],\n       [1.24769581, 0.70189954, 2.49880904, 3.53535182, 1.58182023,\n        3.13109633],\n       [1.26530477, 0.71614308, 2.50809335, 3.51133199, 1.62323256,\n        3.19187935],\n       [1.26888405, 0.69640684, 2.47622192, 3.54839541, 1.6094911 ,\n        3.14082876],\n       [1.25149577, 0.69676649, 2.44894284, 3.58925546, 1.60147244,\n        3.13512176],\n       [1.2355608 , 0.68522874, 2.48323271, 3.54584683, 1.66041806,\n        3.21524007],\n       [1.23445744, 0.69637107, 2.47914953, 3.5530879 , 1.62148825,\n        3.15565487]]), array([0.14875573, 0.14875982, 0.14895196, 0.1491635 , 0.14921686,\n       0.14931904, 0.14937056]))", "callback": [0.7942833566538424, 0.7409902790487115, 0.7034997146887751, 0.6153522257413343, 0.5526236717941025, 0.5443674233741114, 0.539941412298417, 0.5319705400708119, 0.517539710758259, 0.4810473708692147, 0.462732412435928, 0.4583899246340827, 0.4582543228532652, 0.4579982222913912, 0.4577598997888781, 0.45732360714113673, 0.4570737256887908, 0.4563390809219967, 0.4558061409858569, 0.4556757836718146, 0.45564621497949565, 0.4556372191968052, 0.45563210903510076, 0.4556269581102015, 0.45561922717005565, 0.45560871294695726, 0.45557572262966683, 0.4555082740932819, 0.45525188445722886, 0.4524713280629289, 0.44532211921467635, 0.43053874909566114, 0.41519316567606934, 0.411225751110583, 0.40091138566559836, 0.3675699087952493, 0.22804842429459093, 0.20585838049238547, 0.19074028037015744, 0.16055326969330985, 0.15282545090003719, 0.1517111701686351, 0.151553645157387, 0.15153329530199833, 0.15149379580397204, 0.15139172025761016, 0.1512826168542417, 0.15084329777571281, 0.15022815209556672, 0.14931903620248088]}, "5": {"maxiter": 500, "fatol": 1e-05, "xatol": 1e-10, "duration": 0.17648005485534668, "fun": "0.14875573258965513", "nit": "500", "nfev": "767", "status": "2", "success": "False", "message": "Maximum number of iterations has been exceeded.", "x": "[1.25553947 0.6847761  2.52685022 3.50031856 1.62028585 3.18679547]", "final_simplex": "(array([[1.25553947, 0.6847761 , 2.52685022, 3.50031856, 1.62028585,\n        3.18679547],\n       [1.24769581, 0.70189954, 2.49880904, 3.53535182, 1.58182023,\n        3.13109633],\n       [1.26530477, 0.71614308, 2.50809335, 3.51133199, 1.62323256,\n        3.19187935],\n       [1.26888405, 0.69640684, 2.47622192, 3.54839541, 1.6094911 ,\n        3.14082876],\n       [1.25149577, 0.69676649, 2.44894284, 3.58925546, 1.60147244,\n        3.13512176],\n       [1.2355608 , 0.68522874, 2.48323271, 3.54584683, 1.66041806,\n        3.21524007],\n       [1.23445744, 0.69637107, 2.47914953, 3.5530879 , 1.62148825,\n        3.15565487]]), array([0.14875573, 0.14875982, 0.14895196, 0.1491635 , 0.14921686,\n       0.14931904, 0.14937056]))", "callback": [0.7942833566538424, 0.7409902790487115, 0.7034997146887751, 0.6153522257413343, 0.5526236717941025, 0.5443674233741114, 0.539941412298417, 0.5319705400708119, 0.517539710758259, 0.4810473708692147, 0.462732412435928, 0.4583899246340827, 0.4582543228532652, 0.4579982222913912, 0.4577598997888781, 0.45732360714113673, 0.4570737256887908, 0.4563390809219967, 0.4558061409858569, 0.4556757836718146, 0.45564621497949565, 0.4556372191968052, 0.45563210903510076, 0.4556269581102015, 0.45561922717005565, 0.45560871294695726, 0.45557572262966683, 0.4555082740932819, 0.45525188445722886, 0.4524713280629289, 0.44532211921467635, 0.43053874909566114, 0.41519316567606934, 0.411225751110583, 0.40091138566559836, 0.3675699087952493, 0.22804842429459093, 0.20585838049238547, 0.19074028037015744, 0.16055326969330985, 0.15282545090003719, 0.1517111701686351, 0.151553645157387, 0.15153329530199833, 0.15149379580397204, 0.15139172025761016, 0.1512826168542417, 0.15084329777571281, 0.15022815209556672, 0.14931903620248088]}, "6": {"maxiter": 500, "fatol": 1e-10, "xatol": 1e-05, "duration": 0.19450902938842773, "fun": "0.14875573258965513", "nit": "500", "nfev": "767", "status": "2", "success": "False", "message": "Maximum number of iterations has been exceeded.", "x": "[1.25553947 0.6847761  2.52685022 3.50031856 1.62028585 3.18679547]", "final_simplex": "(array([[1.25553947, 0.6847761 , 2.52685022, 3.50031856, 1.62028585,\n        3.18679547],\n       [1.24769581, 0.70189954, 2.49880904, 3.53535182, 1.58182023,\n        3.13109633],\n       [1.26530477, 0.71614308, 2.50809335, 3.51133199, 1.62323256,\n        3.19187935],\n       [1.26888405, 0.69640684, 2.47622192, 3.54839541, 1.6094911 ,\n        3.14082876],\n       [1.25149577, 0.69676649, 2.44894284, 3.58925546, 1.60147244,\n        3.13512176],\n       [1.2355608 , 0.68522874, 2.48323271, 3.54584683, 1.66041806,\n        3.21524007],\n       [1.23445744, 0.69637107, 2.47914953, 3.5530879 , 1.62148825,\n        3.15565487]]), array([0.14875573, 0.14875982, 0.14895196, 0.1491635 , 0.14921686,\n       0.14931904, 0.14937056]))", "callback": [0.7942833566538424, 0.7409902790487115, 0.7034997146887751, 0.6153522257413343, 0.5526236717941025, 0.5443674233741114, 0.539941412298417, 0.5319705400708119, 0.517539710758259, 0.4810473708692147, 0.462732412435928, 0.4583899246340827, 0.4582543228532652, 0.4579982222913912, 0.4577598997888781, 0.45732360714113673, 0.4570737256887908, 0.4563390809219967, 0.4558061409858569, 0.4556757836718146, 0.45564621497949565, 0.4556372191968052, 0.45563210903510076, 0.4556269581102015, 0.45561922717005565, 0.45560871294695726, 0.45557572262966683, 0.4555082740932819, 0.45525188445722886, 0.4524713280629289, 0.44532211921467635, 0.43053874909566114, 0.41519316567606934, 0.411225751110583, 0.40091138566559836, 0.3675699087952493, 0.22804842429459093, 0.20585838049238547, 0.19074028037015744, 0.16055326969330985, 0.15282545090003719, 0.1517111701686351, 0.151553645157387, 0.15153329530199833, 0.15149379580397204, 0.15139172025761016, 0.1512826168542417, 0.15084329777571281, 0.15022815209556672, 0.14931903620248088]}, "7": {"maxiter": 500, "fatol": 1e-10, "xatol": 1e-10, "duration": 0.18744993209838867, "fun": "0.14875573258965513", "nit": "500", "nfev": "767", "status": "2", "success": "False", "message": "Maximum number of iterations has been exceeded.", "x": "[1.25553947 0.6847761  2.52685022 3.50031856 1.62028585 3.18679547]", "final_simplex": "(array([[1.25553947, 0.6847761 , 2.52685022, 3.50031856, 1.62028585,\n        3.18679547],\n       [1.24769581, 0.70189954, 2.49880904, 3.53535182, 1.58182023,\n        3.13109633],\n       [1.26530477, 0.71614308, 2.50809335, 3.51133199, 1.62323256,\n        3.19187935],\n       [1.26888405, 0.69640684, 2.47622192, 3.54839541, 1.6094911 ,\n        3.14082876],\n       [1.25149577, 0.69676649, 2.44894284, 3.58925546, 1.60147244,\n        3.13512176],\n       [1.2355608 , 0.68522874, 2.48323271, 3.54584683, 1.66041806,\n        3.21524007],\n       [1.23445744, 0.69637107, 2.47914953, 3.5530879 , 1.62148825,\n        3.15565487]]), array([0.14875573, 0.14875982, 0.14895196, 0.1491635 , 0.14921686,\n       0.14931904, 0.14937056]))", "callback": [0.7942833566538424, 0.7409902790487115, 0.7034997146887751, 0.6153522257413343, 0.5526236717941025, 0.5443674233741114, 0.539941412298417, 0.5319705400708119, 0.517539710758259, 0.4810473708692147, 0.462732412435928, 0.4583899246340827, 0.4582543228532652, 0.4579982222913912, 0.4577598997888781, 0.45732360714113673, 0.4570737256887908, 0.4563390809219967, 0.4558061409858569, 0.4556757836718146, 0.45564621497949565, 0.4556372191968052, 0.45563210903510076, 0.4556269581102015, 0.45561922717005565, 0.45560871294695726, 0.45557572262966683, 0.4555082740932819, 0.45525188445722886, 0.4524713280629289, 0.44532211921467635, 0.43053874909566114, 0.41519316567606934, 0.411225751110583, 0.40091138566559836, 0.3675699087952493, 0.22804842429459093, 0.20585838049238547, 0.19074028037015744, 0.16055326969330985, 0.15282545090003719, 0.1517111701686351, 0.151553645157387, 0.15153329530199833, 0.15149379580397204, 0.15139172025761016, 0.1512826168542417, 0.15084329777571281, 0.15022815209556672, 0.14931903620248088]}, "8": {"maxiter": 1000, "fatol": 1e-05, "xatol": 1e-05, "duration": 0.2734110355377197, "fun": "0.14632635415199013", "nit": "741", "nfev": "1150", "status": "0", "success": "True", "message": "Optimization terminated successfully.", "x": "[1.28019873 0.67744759 2.47471011 3.53221001 1.34636286 2.96959374]", "final_simplex": "(array([[1.28019873, 0.67744759, 2.47471011, 3.53221001, 1.34636286,\n        2.96959374],\n       [1.28019886, 0.67744872, 2.47470243, 3.53221535, 1.34635685,\n        2.96958582],\n       [1.2801984 , 0.67744682, 2.47471107, 3.53220682, 1.3463557 ,\n        2.96958536],\n       [1.28019683, 0.67745005, 2.47470514, 3.53221028, 1.34636356,\n        2.96959095],\n       [1.28019515, 0.67744894, 2.47470808, 3.53220725, 1.34636604,\n        2.96959638],\n       [1.28020007, 0.67744498, 2.4747077 , 3.53220932, 1.34636461,\n        2.96959597],\n       [1.28019134, 0.6774476 , 2.47470544, 3.53221165, 1.34635986,\n        2.96958572]]), array([0.14632635, 0.14632635, 0.14632635, 0.14632635, 0.14632635,\n       0.14632635, 0.14632635]))", "callback": [0.7942833566538424, 0.7409902790487115, 0.7034997146887751, 0.6153522257413343, 0.5526236717941025, 0.5443674233741114, 0.539941412298417, 0.5319705400708119, 0.517539710758259, 0.4810473708692147, 0.462732412435928, 0.4583899246340827, 0.4582543228532652, 0.4579982222913912, 0.4577598997888781, 0.45732360714113673, 0.4570737256887908, 0.4563390809219967, 0.4558061409858569, 0.4556757836718146, 0.45564621497949565, 0.4556372191968052, 0.45563210903510076, 0.4556269581102015, 0.45561922717005565, 0.45560871294695726, 0.45557572262966683, 0.4555082740932819, 0.45525188445722886, 0.4524713280629289, 0.44532211921467635, 0.43053874909566114, 0.41519316567606934, 0.411225751110583, 0.40091138566559836, 0.3675699087952493, 0.22804842429459093, 0.20585838049238547, 0.19074028037015744, 0.16055326969330985, 0.15282545090003719, 0.1517111701686351, 0.151553645157387, 0.15153329530199833, 0.15149379580397204, 0.15139172025761016, 0.1512826168542417, 0.15084329777571281, 0.15022815209556672, 0.14931903620248088, 0.14852053449585112, 0.14755132920006697, 0.14744147969118515, 0.14738542457792825, 0.1473426856278769, 0.14733247791182713, 0.14731735830050452, 0.1472925782557417, 0.14724591160825407, 0.1470987175319065, 0.1467432123685255, 0.14654085189575516, 0.14644374572291752, 0.14635418581993753, 0.14633546603292613, 0.1463290411959033, 0.14632647578660274, 0.1463264475937751, 0.14632636605925742, 0.14632635775236125, 0.14632635452574305, 0.1463263542786104, 0.14632635417829531, 0.14632635415778728, 0.14632635415199013]}, "9": {"maxiter": 1000, "fatol": 1e-05, "xatol": 1e-10, "duration": 0.322998046875, "fun": "0.1463263541501323", "nit": "853", "nfev": "1386", "status": "0", "success": "True", "message": "Optimization terminated successfully.", "x": "[1.280197   0.67744762 2.47470766 3.53221108 1.34635848 2.96958917]", "final_simplex": "(array([[1.280197  , 0.67744762, 2.47470766, 3.53221108, 1.34635848,\n        2.96958917],\n       [1.280197  , 0.67744762, 2.47470766, 3.53221108, 1.34635848,\n        2.96958917],\n       [1.280197  , 0.67744762, 2.47470766, 3.53221108, 1.34635848,\n        2.96958917],\n       [1.280197  , 0.67744762, 2.47470766, 3.53221108, 1.34635848,\n        2.96958917],\n       [1.280197  , 0.67744762, 2.47470766, 3.53221108, 1.34635848,\n        2.96958917],\n       [1.280197  , 0.67744762, 2.47470766, 3.53221108, 1.34635848,\n        2.96958917],\n       [1.280197  , 0.67744762, 2.47470766, 3.53221108, 1.34635848,\n        2.96958917]]), array([0.14632635, 0.14632635, 0.14632635, 0.14632635, 0.14632635,\n       0.14632635, 0.14632635]))", "callback": [0.7942833566538424, 0.7409902790487115, 0.7034997146887751, 0.6153522257413343, 0.5526236717941025, 0.5443674233741114, 0.539941412298417, 0.5319705400708119, 0.517539710758259, 0.4810473708692147, 0.462732412435928, 0.4583899246340827, 0.4582543228532652, 0.4579982222913912, 0.4577598997888781, 0.45732360714113673, 0.4570737256887908, 0.4563390809219967, 0.4558061409858569, 0.4556757836718146, 0.45564621497949565, 0.4556372191968052, 0.45563210903510076, 0.4556269581102015, 0.45561922717005565, 0.45560871294695726, 0.45557572262966683, 0.4555082740932819, 0.45525188445722886, 0.4524713280629289, 0.44532211921467635, 0.43053874909566114, 0.41519316567606934, 0.411225751110583, 0.40091138566559836, 0.3675699087952493, 0.22804842429459093, 0.20585838049238547, 0.19074028037015744, 0.16055326969330985, 0.15282545090003719, 0.1517111701686351, 0.151553645157387, 0.15153329530199833, 0.15149379580397204, 0.15139172025761016, 0.1512826168542417, 0.15084329777571281, 0.15022815209556672, 0.14931903620248088, 0.14852053449585112, 0.14755132920006697, 0.14744147969118515, 0.14738542457792825, 0.1473426856278769, 0.14733247791182713, 0.14731735830050452, 0.1472925782557417, 0.14724591160825407, 0.1470987175319065, 0.1467432123685255, 0.14654085189575516, 0.14644374572291752, 0.14635418581993753, 0.14633546603292613, 0.1463290411959033, 0.14632647578660274, 0.1463264475937751, 0.14632636605925742, 0.14632635775236125, 0.14632635452574305, 0.1463263542786104, 0.14632635417829531, 0.14632635415778728, 0.14632635415199013, 0.14632635415045447, 0.1463263541502835, 0.14632635415021444, 0.1463263541501474, 0.1463263541501445, 0.14632635415013562, 0.14632635415013295, 0.1463263541501325, 0.1463263541501323, 0.1463263541501323, 0.1463263541501323]}, "10": {"maxiter": 1000, "fatol": 1e-10, "xatol": 1e-05, "duration": 0.2682979106903076, "fun": "0.14632635415199013", "nit": "741", "nfev": "1150", "status": "0", "success": "True", "message": "Optimization terminated successfully.", "x": "[1.28019873 0.67744759 2.47471011 3.53221001 1.34636286 2.96959374]", "final_simplex": "(array([[1.28019873, 0.67744759, 2.47471011, 3.53221001, 1.34636286,\n        2.96959374],\n       [1.28019886, 0.67744872, 2.47470243, 3.53221535, 1.34635685,\n        2.96958582],\n       [1.2801984 , 0.67744682, 2.47471107, 3.53220682, 1.3463557 ,\n        2.96958536],\n       [1.28019683, 0.67745005, 2.47470514, 3.53221028, 1.34636356,\n        2.96959095],\n       [1.28019515, 0.67744894, 2.47470808, 3.53220725, 1.34636604,\n        2.96959638],\n       [1.28020007, 0.67744498, 2.4747077 , 3.53220932, 1.34636461,\n        2.96959597],\n       [1.28019134, 0.6774476 , 2.47470544, 3.53221165, 1.34635986,\n        2.96958572]]), array([0.14632635, 0.14632635, 0.14632635, 0.14632635, 0.14632635,\n       0.14632635, 0.14632635]))", "callback": [0.7942833566538424, 0.7409902790487115, 0.7034997146887751, 0.6153522257413343, 0.5526236717941025, 0.5443674233741114, 0.539941412298417, 0.5319705400708119, 0.517539710758259, 0.4810473708692147, 0.462732412435928, 0.4583899246340827, 0.4582543228532652, 0.4579982222913912, 0.4577598997888781, 0.45732360714113673, 0.4570737256887908, 0.4563390809219967, 0.4558061409858569, 0.4556757836718146, 0.45564621497949565, 0.4556372191968052, 0.45563210903510076, 0.4556269581102015, 0.45561922717005565, 0.45560871294695726, 0.45557572262966683, 0.4555082740932819, 0.45525188445722886, 0.4524713280629289, 0.44532211921467635, 0.43053874909566114, 0.41519316567606934, 0.411225751110583, 0.40091138566559836, 0.3675699087952493, 0.22804842429459093, 0.20585838049238547, 0.19074028037015744, 0.16055326969330985, 0.15282545090003719, 0.1517111701686351, 0.151553645157387, 0.15153329530199833, 0.15149379580397204, 0.15139172025761016, 0.1512826168542417, 0.15084329777571281, 0.15022815209556672, 0.14931903620248088, 0.14852053449585112, 0.14755132920006697, 0.14744147969118515, 0.14738542457792825, 0.1473426856278769, 0.14733247791182713, 0.14731735830050452, 0.1472925782557417, 0.14724591160825407, 0.1470987175319065, 0.1467432123685255, 0.14654085189575516, 0.14644374572291752, 0.14635418581993753, 0.14633546603292613, 0.1463290411959033, 0.14632647578660274, 0.1463264475937751, 0.14632636605925742, 0.14632635775236125, 0.14632635452574305, 0.1463263542786104, 0.14632635417829531, 0.14632635415778728, 0.14632635415199013]}, "11": {"maxiter": 1000, "fatol": 1e-10, "xatol": 1e-10, "duration": 0.31719398498535156, "fun": "0.1463263541501323", "nit": "853", "nfev": "1386", "status": "0", "success": "True", "message": "Optimization terminated successfully.", "x": "[1.280197   0.67744762 2.47470766 3.53221108 1.34635848 2.96958917]", "final_simplex": "(array([[1.280197  , 0.67744762, 2.47470766, 3.53221108, 1.34635848,\n        2.96958917],\n       [1.280197  , 0.67744762, 2.47470766, 3.53221108, 1.34635848,\n        2.96958917],\n       [1.280197  , 0.67744762, 2.47470766, 3.53221108, 1.34635848,\n        2.96958917],\n       [1.280197  , 0.67744762, 2.47470766, 3.53221108, 1.34635848,\n        2.96958917],\n       [1.280197  , 0.67744762, 2.47470766, 3.53221108, 1.34635848,\n        2.96958917],\n       [1.280197  , 0.67744762, 2.47470766, 3.53221108, 1.34635848,\n        2.96958917],\n       [1.280197  , 0.67744762, 2.47470766, 3.53221108, 1.34635848,\n        2.96958917]]), array([0.14632635, 0.14632635, 0.14632635, 0.14632635, 0.14632635,\n       0.14632635, 0.14632635]))", "callback": [0.7942833566538424, 0.7409902790487115, 0.7034997146887751, 0.6153522257413343, 0.5526236717941025, 0.5443674233741114, 0.539941412298417, 0.5319705400708119, 0.517539710758259, 0.4810473708692147, 0.462732412435928, 0.4583899246340827, 0.4582543228532652, 0.4579982222913912, 0.4577598997888781, 0.45732360714113673, 0.4570737256887908, 0.4563390809219967, 0.4558061409858569, 0.4556757836718146, 0.45564621497949565, 0.4556372191968052, 0.45563210903510076, 0.4556269581102015, 0.45561922717005565, 0.45560871294695726, 0.45557572262966683, 0.4555082740932819, 0.45525188445722886, 0.4524713280629289, 0.44532211921467635, 0.43053874909566114, 0.41519316567606934, 0.411225751110583, 0.40091138566559836, 0.3675699087952493, 0.22804842429459093, 0.20585838049238547, 0.19074028037015744, 0.16055326969330985, 0.15282545090003719, 0.1517111701686351, 0.151553645157387, 0.15153329530199833, 0.15149379580397204, 0.15139172025761016, 0.1512826168542417, 0.15084329777571281, 0.15022815209556672, 0.14931903620248088, 0.14852053449585112, 0.14755132920006697, 0.14744147969118515, 0.14738542457792825, 0.1473426856278769, 0.14733247791182713, 0.14731735830050452, 0.1472925782557417, 0.14724591160825407, 0.1470987175319065, 0.1467432123685255, 0.14654085189575516, 0.14644374572291752, 0.14635418581993753, 0.14633546603292613, 0.1463290411959033, 0.14632647578660274, 0.1463264475937751, 0.14632636605925742, 0.14632635775236125, 0.14632635452574305, 0.1463263542786104, 0.14632635417829531, 0.14632635415778728, 0.14632635415199013, 0.14632635415045447, 0.1463263541502835, 0.14632635415021444, 0.1463263541501474, 0.1463263541501445, 0.14632635415013562, 0.14632635415013295, 0.1463263541501325, 0.1463263541501323, 0.1463263541501323, 0.1463263541501323]}}, "bfgs": {"type": "gradient", "0": {"maxiter": 100, "gtol": 1e-05, "xrtol": 1e-05, "eps": 1e-05, "duration": 0.0541071891784668, "fun": "0.14632635429130425", "jac": "[-1.34487976e-06 -2.84250401e-07  1.50182089e-06  1.09370291e-06\n  1.42246215e-06 -1.26518795e-06]", "hess_inv": "[[ 3.20519512 -0.07593405  0.05236236  0.67085349 -0.96180441 -0.54963483]\n [-0.07593405  2.69097318 -0.36671206 -0.44663929 -0.34825183 -0.58456749]\n [ 0.05236236 -0.36671206  6.21088656 -4.47597555 -1.56184659  0.43260247]\n [ 0.67085349 -0.44663929 -4.47597555  5.97189804  0.9774197  -0.21929087]\n [-0.96180441 -0.34825183 -1.56184659  0.9774197  19.12288512 16.86981592]\n [-0.54963483 -0.58456749  0.43260247 -0.21929087 16.86981592 17.72111674]]", "nfev": "231", "njev": "33", "status": "0", "success": "True", "message": "Optimization terminated successfully.", "x": "[1.28019004 0.67744424 2.47470963 3.53220704 1.34629435 2.96952336]", "nit": "30", "callback": [0.7146207871775219, 0.6761758736115526, 0.6233702208418698, 0.541315269744717, 0.47634340227147143, 0.4417779058030098, 0.3799218979277694, 0.34443782725020133, 0.30968881835999285, 0.2876274247711571, 0.2465312178544713, 0.17119260228611988, 0.15800827595390965, 0.15464941518300457, 0.15358158358351826, 0.15337087804819594, 0.15320353417285637, 0.15291035051839652, 0.15240193332243834, 0.1515469990970152, 0.1502782495622006, 0.14930301839034021, 0.14794571535885992, 0.14637830933328844, 0.14632947026065957, 0.14632737023593478, 0.14632638867293557, 0.14632635905012847, 0.1463263547749427, 0.14632635429130425]}, "1": {"maxiter": 100, "gtol": 1e-05, "xrtol": 1e-05, "eps": 1e-10, "duration": 0.05514097213745117, "fun": "0.14632635448391862", "jac": "[-4.44089173e-06  1.11022293e-06  2.22044587e-06  8.88178346e-06\n  6.66133760e-06 -7.77156053e-06]", "hess_inv": "[[ 3.18701075 -0.07153359 -0.25317629  0.8739402  -1.46999529 -1.18730294]\n [-0.07153359  2.7947372  -0.49604055 -0.36864172 -0.62841646 -0.95023992]\n [-0.25317629 -0.49604055  6.11535378 -4.15206559 -1.84781234 -0.16331437]\n [ 0.8739402  -0.36864172 -4.15206559  5.4421452   1.66353572  0.79241531]\n [-1.46999529 -0.62841646 -1.84781234  1.66353572 19.74039719 16.97178915]\n [-1.18730294 -0.95023992 -0.16331437  0.79241531 16.97178915 17.09330862]]", "nfev": "224", "njev": "32", "status": "0", "success": "True", "message": "Optimization terminated successfully.", "x": "[1.28017685 0.67744582 2.47468605 3.53223959 1.34630761 2.96951602]", "nit": "29", "callback": [0.7146205874844298, 0.6761757481404198, 0.6233704208585091, 0.5413151984953868, 0.4763436398018832, 0.4417791711844047, 0.379922454728444, 0.34441360124637643, 0.3096759477091491, 0.2876093321034765, 0.24649806885919856, 0.17115080838744023, 0.1579960386216147, 0.15464698162404067, 0.15358006432211946, 0.15337070415145226, 0.15320292718241268, 0.15290898446407597, 0.15239955706442876, 0.15154398570770466, 0.15027512247770802, 0.14930273794503757, 0.14794182618444285, 0.14637573120081737, 0.14632906375833277, 0.14632706293943287, 0.1463263783887614, 0.1463263581307418, 0.14632635448391862]}, "2": {"maxiter": 100, "gtol": 1e-05, "xrtol": 1e-10, "eps": 1e-05, "duration": 0.057177066802978516, "fun": "0.14632635429130425", "jac": "[-1.34487976e-06 -2.84250401e-07  1.50182089e-06  1.09370291e-06\n  1.42246215e-06 -1.26518795e-06]", "hess_inv": "[[ 3.20519512 -0.07593405  0.05236236  0.67085349 -0.96180441 -0.54963483]\n [-0.07593405  2.69097318 -0.36671206 -0.44663929 -0.34825183 -0.58456749]\n [ 0.05236236 -0.36671206  6.21088656 -4.47597555 -1.56184659  0.43260247]\n [ 0.67085349 -0.44663929 -4.47597555  5.97189804  0.9774197  -0.21929087]\n [-0.96180441 -0.34825183 -1.56184659  0.9774197  19.12288512 16.86981592]\n [-0.54963483 -0.58456749  0.43260247 -0.21929087 16.86981592 17.72111674]]", "nfev": "231", "njev": "33", "status": "0", "success": "True", "message": "Optimization terminated successfully.", "x": "[1.28019004 0.67744424 2.47470963 3.53220704 1.34629435 2.96952336]", "nit": "30", "callback": [0.7146207871775219, 0.6761758736115526, 0.6233702208418698, 0.541315269744717, 0.47634340227147143, 0.4417779058030098, 0.3799218979277694, 0.34443782725020133, 0.30968881835999285, 0.2876274247711571, 0.2465312178544713, 0.17119260228611988, 0.15800827595390965, 0.15464941518300457, 0.15358158358351826, 0.15337087804819594, 0.15320353417285637, 0.15291035051839652, 0.15240193332243834, 0.1515469990970152, 0.1502782495622006, 0.14930301839034021, 0.14794571535885992, 0.14637830933328844, 0.14632947026065957, 0.14632737023593478, 0.14632638867293557, 0.14632635905012847, 0.1463263547749427, 0.14632635429130425]}, "3": {"maxiter": 100, "gtol": 1e-05, "xrtol": 1e-10, "eps": 1e-10, "duration": 0.05266427993774414, "fun": "0.14632635448391862", "jac": "[-4.44089173e-06  1.11022293e-06  2.22044587e-06  8.88178346e-06\n  6.66133760e-06 -7.77156053e-06]", "hess_inv": "[[ 3.18701075 -0.07153359 -0.25317629  0.8739402  -1.46999529 -1.18730294]\n [-0.07153359  2.7947372  -0.49604055 -0.36864172 -0.62841646 -0.95023992]\n [-0.25317629 -0.49604055  6.11535378 -4.15206559 -1.84781234 -0.16331437]\n [ 0.8739402  -0.36864172 -4.15206559  5.4421452   1.66353572  0.79241531]\n [-1.46999529 -0.62841646 -1.84781234  1.66353572 19.74039719 16.97178915]\n [-1.18730294 -0.95023992 -0.16331437  0.79241531 16.97178915 17.09330862]]", "nfev": "224", "njev": "32", "status": "0", "success": "True", "message": "Optimization terminated successfully.", "x": "[1.28017685 0.67744582 2.47468605 3.53223959 1.34630761 2.96951602]", "nit": "29", "callback": [0.7146205874844298, 0.6761757481404198, 0.6233704208585091, 0.5413151984953868, 0.4763436398018832, 0.4417791711844047, 0.379922454728444, 0.34441360124637643, 0.3096759477091491, 0.2876093321034765, 0.24649806885919856, 0.17115080838744023, 0.1579960386216147, 0.15464698162404067, 0.15358006432211946, 0.15337070415145226, 0.15320292718241268, 0.15290898446407597, 0.15239955706442876, 0.15154398570770466, 0.15027512247770802, 0.14930273794503757, 0.14794182618444285, 0.14637573120081737, 0.14632906375833277, 0.14632706293943287, 0.1463263783887614, 0.1463263581307418, 0.14632635448391862]}, "4": {"maxiter": 100, "gtol": 1e-10, "xrtol": 1e-05, "eps": 1e-05, "duration": 0.05582618713378906, "fun": "0.1463263542910922", "jac": "[-1.08812959e-06 -2.16715534e-07  1.23250299e-06  8.82238727e-07\n  1.15916166e-06 -1.02649000e-06]", "hess_inv": "[[ 3.36446911  0.02819108  0.11417449  0.46221471 -1.11035088 -0.54317911]\n [ 0.02819108  2.72823849 -0.40749775 -0.46682993 -0.49701748 -0.65545697]\n [ 0.11417449 -0.40749775  6.02087121 -4.25066332 -1.75563732  0.23714311]\n [ 0.46221471 -0.46682993 -4.25066332  5.80685059  1.36685221  0.05557962]\n [-1.11035088 -0.49701748 -1.75563732  1.36685221 19.17481791 16.73785673]\n [-0.54317911 -0.65545697  0.23714311  0.05557962 16.73785673 17.53825066]]", "nfev": "245", "njev": "35", "status": "0", "success": "True", "message": "Optimization terminated successfully.", "x": "[1.28019099 0.67744461 2.47470932 3.53220676 1.34629302 2.96952277]", "nit": "31", "callback": [0.7146207871775219, 0.6761758736115526, 0.6233702208418698, 0.541315269744717, 0.47634340227147143, 0.4417779058030098, 0.3799218979277694, 0.34443782725020133, 0.30968881835999285, 0.2876274247711571, 0.2465312178544713, 0.17119260228611988, 0.15800827595390965, 0.15464941518300457, 0.15358158358351826, 0.15337087804819594, 0.15320353417285637, 0.15291035051839652, 0.15240193332243834, 0.1515469990970152, 0.1502782495622006, 0.14930301839034021, 0.14794571535885992, 0.14637830933328844, 0.14632947026065957, 0.14632737023593478, 0.14632638867293557, 0.14632635905012847, 0.1463263547749427, 0.14632635429130425, 0.1463263542910922]}, "5": {"maxiter": 100, "gtol": 1e-10, "xrtol": 1e-05, "eps": 1e-10, "duration": 0.05379009246826172, "fun": "0.1463263542269444", "jac": "[-3.33066880e-06 -2.22044587e-06 -1.11022293e-06 -3.33066880e-06\n -2.22044587e-06 -3.33066880e-06]", "hess_inv": "[[ 3.38859491e+00 -7.24242843e-03  1.51907635e-01  2.82760461e-01\n  -1.33286669e+00 -7.60182789e-01]\n [-7.24242843e-03  2.58114675e+00 -5.18933955e-01 -2.56234898e-01\n  -8.19793915e-01 -1.00625865e+00]\n [ 1.51907635e-01 -5.18933955e-01  4.88999465e+00 -3.02926727e+00\n  -2.30191156e-01  8.74006863e-01]\n [ 2.82760461e-01 -2.56234898e-01 -3.02926727e+00  4.48331479e+00\n  -6.57249731e-02 -5.44318102e-01]\n [-1.33286669e+00 -8.19793915e-01 -2.30191156e-01 -6.57249731e-02\n   1.84461046e+01  1.68351594e+01]\n [-7.60182789e-01 -1.00625865e+00  8.74006863e-01 -5.44318102e-01\n   1.68351594e+01  1.77928328e+01]]", "nfev": "238", "njev": "34", "status": "0", "success": "True", "message": "Optimization terminated successfully.", "x": "[1.28019202 0.67744399 2.47471167 3.53220425 1.34631165 2.96954279]", "nit": "31", "callback": [0.7146205874844298, 0.6761757481404198, 0.6233704208585091, 0.5413151984953868, 0.4763436398018832, 0.4417791711844047, 0.379922454728444, 0.34441360124637643, 0.3096759477091491, 0.2876093321034765, 0.24649806885919856, 0.17115080838744023, 0.1579960386216147, 0.15464698162404067, 0.15358006432211946, 0.15337070415145226, 0.15320292718241268, 0.15290898446407597, 0.15239955706442876, 0.15154398570770466, 0.15027512247770802, 0.14930273794503757, 0.14794182618444285, 0.14637573120081737, 0.14632906375833277, 0.14632706293943287, 0.1463263783887614, 0.1463263581307418, 0.14632635448391862, 0.14632635435401598, 0.1463263542269444]}, "6": {"maxiter": 100, "gtol": 1e-10, "xrtol": 1e-10, "eps": 1e-05, "duration": 0.08088898658752441, "fun": "0.1463263542910922", "jac": "[-1.08812959e-06 -2.16715534e-07  1.23250299e-06  8.82238727e-07\n  1.15916166e-06 -1.02649000e-06]", "hess_inv": "[[ 3.44644532e+00  1.23054103e-02 -5.67242402e-02  5.72045753e-01\n  -1.31840128e+00 -7.17163132e-01]\n [ 1.23054103e-02  2.70414069e+00 -4.57288825e-01 -4.11432920e-01\n  -5.10962347e-01 -6.92555952e-01]\n [-5.67242402e-02 -4.57288825e-01  6.12421451e+00 -4.24569688e+00\n  -1.48744756e+00  3.83815158e-01]\n [ 5.72045753e-01 -4.11432920e-01 -4.24569688e+00  5.73763913e+00\n   1.24121314e+00  2.22873322e-02]\n [-1.31840128e+00 -5.10962347e-01 -1.48744756e+00  1.24121314e+00\n   1.95944943e+01  1.70380248e+01]\n [-7.17163132e-01 -6.92555952e-01  3.83815158e-01  2.22873322e-02\n   1.70380248e+01  1.77229853e+01]]", "nfev": "361", "njev": "50", "status": "2", "success": "False", "message": "Desired error not necessarily achieved due to precision loss.", "x": "[1.28019099 0.67744461 2.47470932 3.53220676 1.34629302 2.96952277]", "nit": "31", "callback": [0.7146207871775219, 0.6761758736115526, 0.6233702208418698, 0.541315269744717, 0.47634340227147143, 0.4417779058030098, 0.3799218979277694, 0.34443782725020133, 0.30968881835999285, 0.2876274247711571, 0.2465312178544713, 0.17119260228611988, 0.15800827595390965, 0.15464941518300457, 0.15358158358351826, 0.15337087804819594, 0.15320353417285637, 0.15291035051839652, 0.15240193332243834, 0.1515469990970152, 0.1502782495622006, 0.14930301839034021, 0.14794571535885992, 0.14637830933328844, 0.14632947026065957, 0.14632737023593478, 0.14632638867293557, 0.14632635905012847, 0.1463263547749427, 0.14632635429130425, 0.1463263542910922]}, "7": {"maxiter": 100, "gtol": 1e-10, "xrtol": 1e-10, "eps": 1e-10, "duration": 0.11010313034057617, "fun": "0.14632635418457074", "jac": "[-1.11022293e-06  1.11022293e-06  0.00000000e+00  0.00000000e+00\n -3.33066880e-06 -2.22044587e-06]", "hess_inv": "[[  4.61059607   2.11216064  13.37497001 -11.73111948 -10.63231354\n   10.62220463]\n [  2.11216064   1.08142442   6.15360542  -5.47159382  -4.79841231\n    4.8609257 ]\n [ 13.37497001   6.15360542  38.9877995  -34.13885129 -31.05508209\n   30.95161115]\n [-11.73111948  -5.47159382 -34.13885129  29.99965677  27.07872336\n  -27.10687684]\n [-10.63231354  -4.79841231 -31.05508209  27.07872336  24.9351641\n  -24.67867129]\n [ 10.62220463   4.8609257   30.95161115 -27.10687684 -24.67867129\n   24.60490737]]", "nfev": "490", "njev": "70", "status": "0", "success": "True", "message": "Optimization terminated successfully.", "x": "[1.28019957 0.67744838 2.47471034 3.53220875 1.34632177 2.96955491]", "nit": "48", "callback": [0.7146205874844298, 0.6761757481404198, 0.6233704208585091, 0.5413151984953868, 0.4763436398018832, 0.4417791711844047, 0.379922454728444, 0.34441360124637643, 0.3096759477091491, 0.2876093321034765, 0.24649806885919856, 0.17115080838744023, 0.1579960386216147, 0.15464698162404067, 0.15358006432211946, 0.15337070415145226, 0.15320292718241268, 0.15290898446407597, 0.15239955706442876, 0.15154398570770466, 0.15027512247770802, 0.14930273794503757, 0.14794182618444285, 0.14637573120081737, 0.14632906375833277, 0.14632706293943287, 0.1463263783887614, 0.1463263581307418, 0.14632635448391862, 0.14632635435401598, 0.1463263542269444, 0.14632635420415063, 0.14632635419914752, 0.14632635419897944, 0.14632635419875029, 0.14632635419856999, 0.14632635419833906, 0.146326354197996, 0.14632635419678097, 0.14632635419564377, 0.14632635419441797, 0.14632635419368611, 0.14632635419278073, 0.14632635419144036, 0.14632635418940798, 0.14632635418877293, 0.14632635418457096, 0.14632635418457074]}, "8": {"maxiter": 500, "gtol": 1e-05, "xrtol": 1e-05, "eps": 1e-05, "duration": 0.05229902267456055, "fun": "0.14632635429130425", "jac": "[-1.34487976e-06 -2.84250401e-07  1.50182089e-06  1.09370291e-06\n  1.42246215e-06 -1.26518795e-06]", "hess_inv": "[[ 3.20519512 -0.07593405  0.05236236  0.67085349 -0.96180441 -0.54963483]\n [-0.07593405  2.69097318 -0.36671206 -0.44663929 -0.34825183 -0.58456749]\n [ 0.05236236 -0.36671206  6.21088656 -4.47597555 -1.56184659  0.43260247]\n [ 0.67085349 -0.44663929 -4.47597555  5.97189804  0.9774197  -0.21929087]\n [-0.96180441 -0.34825183 -1.56184659  0.9774197  19.12288512 16.86981592]\n [-0.54963483 -0.58456749  0.43260247 -0.21929087 16.86981592 17.72111674]]", "nfev": "231", "njev": "33", "status": "0", "success": "True", "message": "Optimization terminated succ