{"conf_id": 28, "data_type": "random\n", "num_data_points": 2, "s_rank": 0, "unitary": "[[-0.53618537-0.34368723j,-0.12107031-0.46226139j,-0.07699282-0.46603512j,0.36022595-0.11472301j],[0.26026499-0.63450712j,-0.56616638+0.37832564j,-0.14988651+0.08458591j,0.10363514-0.16008501j],[-0.32580188-0.11070003j,-0.36476308-0.23593218j,0.02559343+0.41761608j,-0.25598305+0.6725303j],[0.07406738-0.0126433j,0.28513701+0.19483972j,-0.74939717-0.10299659j,0.29798249+0.46269921j]]", "databatch_0": {"databatch": "[[[-0.20344287-6.65133754e-02j,-0.01127168-6.42409910e-02j,0.18519429+3.05144358e-01j,0.19707644-1.31034635e-01j],[-0.05675238-4.58289958e-02j,-0.07318-2.74532412e-02j,-0.00362916+1.71101076e-01j,-0.05037454+6.87877238e-03j],[0.27675925+1.96665850e-01j,0.19624655+2.23416041e-01j,0.00527839-6.59046245e-01j,0.03537772+2.11223583e-01j],[-0.02491436+5.82500974e-02j,-0.05947583+7.08588995e-02j,0.13090884+4.52317651e-04j,-0.06895197+6.93454290e-02j]],[[-0.19292288+3.58533820e-01j,0.04348056+4.04686698e-03j,-0.03070737+2.00254683e-01j,-0.05862802-1.68310079e-01j],[0.03827283-5.34171239e-01j,-0.05144921+2.49316894e-02j,-0.08007565-2.62577178e-01j,0.15908813+1.67369965e-01j],[-0.34941733+2.49478368e-01j,0.04088541+2.19100217e-02j,-0.12255151+1.79315935e-01j,0.02219988-1.85333680e-01j],[-0.22171571-3.28405276e-02j,0.00578766+2.06849280e-02j,-0.10696335+2.46602603e-02j,0.0765079-6.05426692e-02j]]]", "nelder_mead": {"0": {"maxiter": 100, "fatol": 1e-05, "xatol": 1e-05, "duration": 0.038804054260253906, "fun": "0.18748685717582703", "nit": "100", "nfev": "160", "status": "2", "success": "False", "message": "Maximum number of iterations has been exceeded.", "x": "[3.26330685 5.3661927  1.78623766 2.20560054 3.94237305 6.6317941 ]", "final_simplex": "(array([[3.26330685, 5.3661927 , 1.78623766, 2.20560054, 3.94237305,\n        6.6317941 ],\n       [3.32687649, 5.39570495, 1.89520829, 2.17406741, 3.88075976,\n        6.61128301],\n       [3.34854252, 5.34887908, 1.84878817, 2.18606697, 3.91725468,\n        6.57982178],\n       [3.28252043, 5.27852618, 1.70795344, 2.21625975, 3.96665867,\n        6.67478939],\n       [3.26167653, 5.30980197, 1.79653925, 2.20536175, 3.95322261,\n        6.61222117],\n       [3.26407703, 5.4134368 , 1.84788679, 2.20030926, 3.89867216,\n        6.58533727],\n       [3.29885162, 5.450216  , 1.84881538, 2.18335861, 3.92626482,\n        6.54212537]]), array([0.18748686, 0.18753986, 0.18756992, 0.18777528, 0.18779457,\n       0.18786448, 0.18790032]))"}, "1": {"maxiter": 100, "fatol": 1e-05, "xatol": 1e-10, "duration": 0.03899097442626953, "fun": "0.18748685717582703", "nit": "100", "nfev": "160", "status": "2", "success": "False", "message": "Maximum number of iterations has been exceeded.", "x": "[3.26330685 5.3661927  1.78623766 2.20560054 3.94237305 6.6317941 ]", "final_simplex": "(array([[3.26330685, 5.3661927 , 1.78623766, 2.20560054, 3.94237305,\n        6.6317941 ],\n       [3.32687649, 5.39570495, 1.89520829, 2.17406741, 3.88075976,\n        6.61128301],\n       [3.34854252, 5.34887908, 1.84878817, 2.18606697, 3.91725468,\n        6.57982178],\n       [3.28252043, 5.27852618, 1.70795344, 2.21625975, 3.96665867,\n        6.67478939],\n       [3.26167653, 5.30980197, 1.79653925, 2.20536175, 3.95322261,\n        6.61222117],\n       [3.26407703, 5.4134368 , 1.84788679, 2.20030926, 3.89867216,\n        6.58533727],\n       [3.29885162, 5.450216  , 1.84881538, 2.18335861, 3.92626482,\n        6.54212537]]), array([0.18748686, 0.18753986, 0.18756992, 0.18777528, 0.18779457,\n       0.18786448, 0.18790032]))"}, "2": {"maxiter": 100, "fatol": 1e-10, "xatol": 1e-05, "duration": 0.039575815200805664, "fun": "0.18748685717582703", "nit": "100", "nfev": "160", "status": "2", "success": "False", "message": "Maximum number of iterations has been exceeded.", "x": "[3.26330685 5.3661927  1.78623766 2.20560054 3.94237305 6.6317941 ]", "final_simplex": "(array([[3.26330685, 5.3661927 , 1.78623766, 2.20560054, 3.94237305,\n        6.6317941 ],\n       [3.32687649, 5.39570495, 1.89520829, 2.17406741, 3.88075976,\n        6.61128301],\n       [3.34854252, 5.34887908, 1.84878817, 2.18606697, 3.91725468,\n        6.57982178],\n       [3.28252043, 5.27852618, 1.70795344, 2.21625975, 3.96665867,\n        6.67478939],\n       [3.26167653, 5.30980197, 1.79653925, 2.20536175, 3.95322261,\n        6.61222117],\n       [3.26407703, 5.4134368 , 1.84788679, 2.20030926, 3.89867216,\n        6.58533727],\n       [3.29885162, 5.450216  , 1.84881538, 2.18335861, 3.92626482,\n        6.54212537]]), array([0.18748686, 0.18753986, 0.18756992, 0.18777528, 0.18779457,\n       0.18786448, 0.18790032]))"}, "3": {"maxiter": 100, "fatol": 1e-10, "xatol": 1e-10, "duration": 0.03821516036987305, "fun": "0.18748685717582703", "nit": "100", "nfev": "160", "status": "2", "success": "False", "message": "Maximum number of iterations has been exceeded.", "x": "[3.26330685 5.3661927  1.78623766 2.20560054 3.94237305 6.6317941 ]", "final_simplex": "(array([[3.26330685, 5.3661927 , 1.78623766, 2.20560054, 3.94237305,\n        6.6317941 ],\n       [3.32687649, 5.39570495, 1.89520829, 2.17406741, 3.88075976,\n        6.61128301],\n       [3.34854252, 5.34887908, 1.84878817, 2.18606697, 3.91725468,\n        6.57982178],\n       [3.28252043, 5.27852618, 1.70795344, 2.21625975, 3.96665867,\n        6.67478939],\n       [3.26167653, 5.30980197, 1.79653925, 2.20536175, 3.95322261,\n        6.61222117],\n       [3.26407703, 5.4134368 , 1.84788679, 2.20030926, 3.89867216,\n        6.58533727],\n       [3.29885162, 5.450216  , 1.84881538, 2.18335861, 3.92626482,\n        6.54212537]]), array([0.18748686, 0.18753986, 0.18756992, 0.18777528, 0.18779457,\n       0.18786448, 0.18790032]))"}, "4": {"maxiter": 500, "fatol": 1e-05, "xatol": 1e-05, "duration": 0.1595289707183838, "fun": "0.1850755214691162", "nit": "393", "nfev": "662", "status": "0", "success": "True", "message": "Optimization terminated successfully.", "x": "[3.28963167 6.47145414 2.91577256 2.23226187 4.00702875 6.78843261]", "final_simplex": "(array([[3.28963167, 6.47145414, 2.91577256, 2.23226187, 4.00702875,\n        6.78843261],\n       [3.2896305 , 6.47145118, 2.91576765, 2.23226106, 4.00702921,\n        6.78843102],\n       [3.28963028, 6.47145743, 2.9157738 , 2.23226159, 4.0070292 ,\n        6.78843224],\n       [3.28963065, 6.47144893, 2.91576579, 2.23226126, 4.00702799,\n        6.78842988],\n       [3.28963047, 6.47145709, 2.91577346, 2.23226212, 4.00702945,\n        6.78843205],\n       [3.28963198, 6.47146322, 2.91577928, 2.23226123, 4.00702956,\n        6.78843289],\n       [3.2896309 , 6.47146164, 2.91577812, 2.23226133, 4.00702943,\n        6.7884311 ]]), array([0.18507552, 0.18507552, 0.18507552, 0.18507552, 0.18507552,\n       0.18507552, 0.18507552]))"}, "5": {"maxiter": 500, "fatol": 1e-05, "xatol": 1e-10, "duration": 0.1914372444152832, "fun": "0.1850755214691162", "nit": "410", "nfev": "798", "status": "0", "success": "True", "message": "Optimization terminated successfully.", "x": "[3.28963167 6.47145414 2.91577256 2.23226187 4.00702875 6.78843261]", "final_simplex": "(array([[3.28963167, 6.47145414, 2.91577256, 2.23226187, 4.00702875,\n        6.78843261],\n       [3.28963167, 6.47145414, 2.91577256, 2.23226187, 4.00702875,\n        6.78843261],\n       [3.28963167, 6.47145414, 2.91577256, 2.23226187, 4.00702875,\n        6.78843261],\n       [3.28963167, 6.47145414, 2.91577256, 2.23226187, 4.00702875,\n        6.78843261],\n       [3.28963167, 6.47145414, 2.91577256, 2.23226187, 4.00702875,\n        6.78843261],\n       [3.28963167, 6.47145414, 2.91577256, 2.23226187, 4.00702875,\n        6.78843261],\n       [3.28963167, 6.47145414, 2.91577256, 2.23226187, 4.00702875,\n        6.78843261]]), array([0.18507552, 0.18507552, 0.18507552, 0.18507552, 0.18507552,\n       0.18507552, 0.18507552]))"}, "6": {"maxiter": 500, "fatol": 1e-10, "xatol": 1e-05, "duration": 0.15802717208862305, "fun": "0.1850755214691162", "nit": "393", "nfev": "662", "status": "0", "success": "True", "message": "Optimization terminated successfully.", "x": "[3.28963167 6.47145414 2.91577256 2.23226187 4.00702875 6.78843261]", "final_simplex": "(array([[3.28963167, 6.47145414, 2.91577256, 2.23226187, 4.00702875,\n        6.78843261],\n       [3.2896305 , 6.47145118, 2.91576765, 2.23226106, 4.00702921,\n        6.78843102],\n       [3.28963028, 6.47145743, 2.9157738 , 2.23226159, 4.0070292 ,\n        6.78843224],\n       [3.28963065, 6.47144893, 2.91576579, 2.23226126, 4.00702799,\n        6.78842988],\n       [3.28963047, 6.47145709, 2.91577346, 2.23226212, 4.00702945,\n        6.78843205],\n       [3.28963198, 6.47146322, 2.91577928, 2.23226123, 4.00702956,\n        6.78843289],\n       [3.2896309 , 6.47146164, 2.91577812, 2.23226133, 4.00702943,\n        6.7884311 ]]), array([0.18507552, 0.18507552, 0.18507552, 0.18507552, 0.18507552,\n       0.18507552, 0.18507552]))"}, "7": {"maxiter": 500, "fatol": 1e-10, "xatol": 1e-10, "duration": 0.19054222106933594, "fun": "0.1850755214691162", "nit": "410", "nfev": "798", "status": "0", "success": "True", "message": "Optimization terminated successfully.", "x": "[3.28963167 6.47145414 2.91577256 2.23226187 4.00702875 6.78843261]", "final_simplex": "(array([[3.28963167, 6.47145414, 2.91577256, 2.23226187, 4.00702875,\n        6.78843261],\n       [3.28963167, 6.47145414, 2.91577256, 2.23226187, 4.00702875,\n        6.78843261],\n       [3.28963167, 6.47145414, 2.91577256, 2.23226187, 4.00702875,\n        6.78843261],\n       [3.28963167, 6.47145414, 2.91577256, 2.23226187, 4.00702875,\n        6.78843261],\n       [3.28963167, 6.47145414, 2.91577256, 2.23226187, 4.00702875,\n        6.78843261],\n       [3.28963167, 6.47145414, 2.91577256, 2.23226187, 4.00702875,\n        6.78843261],\n       [3.28963167, 6.47145414, 2.91577256, 2.23226187, 4.00702875,\n        6.78843261]]), array([0.18507552, 0.18507552, 0.18507552, 0.18507552, 0.18507552,\n       0.18507552, 0.18507552]))"}, "8": {"maxiter": 1000, "fatol": 1e-05, "xatol": 1e-05, "duration": 0.16805005073547363, "fun": "0.1850755214691162", "nit": "393", "nfev": "662", "status": "0", "success": "True", "message": "Optimization terminated successfully.", "x": "[3.28963167 6.47145414 2.91577256 2.23226187 4.00702875 6.78843261]", "final_simplex": "(array([[3.28963167, 6.47145414, 2.91577256, 2.23226187, 4.00702875,\n        6.78843261],\n       [3.2896305 , 6.47145118, 2.91576765, 2.23226106, 4.00702921,\n        6.78843102],\n       [3.28963028, 6.47145743, 2.9157738 , 2.23226159, 4.0070292 ,\n        6.78843224],\n       [3.28963065, 6.47144893, 2.91576579, 2.23226126, 4.00702799,\n        6.78842988],\n       [3.28963047, 6.47145709, 2.91577346, 2.23226212, 4.00702945,\n        6.78843205],\n       [3.28963198, 6.47146322, 2.91577928, 2.23226123, 4.00702956,\n        6.78843289],\n       [3.2896309 , 6.47146164, 2.91577812, 2.23226133, 4.00702943,\n        6.7884311 ]]), array([0.18507552, 0.18507552, 0.18507552, 0.18507552, 0.18507552,\n       0.18507552, 0.18507552]))"}, "9": {"maxiter": 1000, "fatol": 1e-05, "xatol": 1e-10, "duration": 0.1936020851135254, "fun": "0.1850755214691162", "nit": "410", "nfev": "798", "status": "0", "success": "True", "message": "Optimization terminated successfully.", "x": "[3.28963167 6.47145414 2.91577256 2.23226187 4.00702875 6.78843261]", "final_simplex": "(array([[3.28963167, 6.47145414, 2.91577256, 2.23226187, 4.00702875,\n        6.78843261],\n       [3.28963167, 6.47145414, 2.91577256, 2.23226187, 4.00702875,\n        6.78843261],\n       [3.28963167, 6.47145414, 2.91577256, 2.23226187, 4.00702875,\n        6.78843261],\n       [3.28963167, 6.47145414, 2.91577256, 2.23226187, 4.00702875,\n        6.78843261],\n       [3.28963167, 6.47145414, 2.91577256, 2.23226187, 4.00702875,\n        6.78843261],\n       [3.28963167, 6.47145414, 2.91577256, 2.23226187, 4.00702875,\n        6.78843261],\n       [3.28963167, 6.47145414, 2.91577256, 2.23226187, 4.00702875,\n        6.78843261]]), array([0.18507552, 0.18507552, 0.18507552, 0.18507552, 0.18507552,\n       0.18507552, 0.18507552]))"}, "10": {"maxiter": 1000, "fatol": 1e-10, "xatol": 1e-05, "duration": 0.15803217887878418, "fun": "0.1850755214691162", "nit": "393", "nfev": "662", "status": "0", "success": "True", "message": "Optimization terminated successfully.", "x": "[3.28963167 6.47145414 2.91577256 2.23226187 4.00702875 6.78843261]", "final_simplex": "(array([[3.28963167, 6.47145414, 2.91577256, 2.23226187, 4.00702875,\n        6.78843261],\n       [3.2896305 , 6.47145118, 2.91576765, 2.23226106, 4.00702921,\n        6.78843102],\n       [3.28963028, 6.47145743, 2.9157738 , 2.23226159, 4.0070292 ,\n        6.78843224],\n       [3.28963065, 6.47144893, 2.91576579, 2.23226126, 4.00702799,\n        6.78842988],\n       [3.28963047, 6.47145709, 2.91577346, 2.23226212, 4.00702945,\n        6.78843205],\n       [3.28963198, 6.47146322, 2.91577928, 2.23226123, 4.00702956,\n        6.78843289],\n       [3.2896309 , 6.47146164, 2.91577812, 2.23226133, 4.00702943,\n        6.7884311 ]]), array([0.18507552, 0.18507552, 0.18507552, 0.18507552, 0.18507552,\n       0.18507552, 0.18507552]))"}, "11": {"maxiter": 1000, "fatol": 1e-10, "xatol": 1e-10, "duration": 0.19071292877197266, "fun": "0.1850755214691162", "nit": "410", "nfev": "798", "status": "0", "success": "True", "message": "Optimization terminated successfully.", "x": "[3.28963167 6.47145414 2.91577256 2.23226187 4.00702875 6.78843261]", "final_simplex": "(array([[3.28963167, 6.47145414, 2.91577256, 2.23226187, 4.00702875,\n        6.78843261],\n       [3.28963167, 6.47145414, 2.91577256, 2.23226187, 4.00702875,\n        6.78843261],\n       [3.28963167, 6.47145414, 2.91577256, 2.23226187, 4.00702875,\n        6.78843261],\n       [3.28963167, 6.47145414, 2.91577256, 2.23226187, 4.00702875,\n        6.78843261],\n       [3.28963167, 6.47145414, 2.91577256, 2.23226187, 4.00702875,\n        6.78843261],\n       [3.28963167, 6.47145414, 2.91577256, 2.23226187, 4.00702875,\n        6.78843261],\n       [3.28963167, 6.47145414, 2.91577256, 2.23226187, 4.00702875,\n        6.78843261]]), array([0.18507552, 0.18507552, 0.18507552, 0.18507552, 0.18507552,\n       0.18507552, 0.18507552]))"}}, "bfgs": {"0": {"maxiter": 100, "gtol": 1e-05, "xrtol": 1e-05, "eps": 1e-05, "duration": 0.29633021354675293, "fun": "0.1852051317691803", "jac": "[0.00298023 0.00149012 0.         0.         0.         0.00149012]", "hess_inv": "[[ 1.67795941 -1.62984582 -1.29378633 -0.23285274 -0.41761722  0.57331147]\n [-1.62984582 18.43757601 16.39457672 -0.59292553 -0.82647546 -0.95904451]\n [-1.29378633 16.39457672 16.5378709  -0.27153995 -1.01339384  0.01845376]\n [-0.23285274 -0.59292553 -0.27153995  1.0333527   0.64108087  0.23862599]\n [-0.41761722 -0.82647546 -1.01339384  0.64108087  2.73881173  0.68425382]\n [ 0.57331147 -0.95904451  0.01845376  0.23862599  0.68425382  3.39134814]]", "nfev": "1062", "njev": "150", "status": "2", "success": "False", "message": "Desired error not necessarily achieved due to precision loss.", "x": "[3.30984033 6.1673581  2.63157226 2.21525465 3.96944152 6.75184457]", "nit": "71"}, "1": {"maxiter": 100, "gtol": 1e-05, "xrtol": 1e-05, "eps": 1e-10, "duration": 0.0020351409912109375, "fun": "0.8715360164642334", "jac": "[0. 0. 0. 0. 0. 0.]", "hess_inv": "[[1 0 0 0 0 0]\n [0 1 0 0 0 0]\n [0 0 1 0 0 0]\n [0 0 0 1 0 0]\n [0 0 0 0 1 0]\n [0 0 0 0 0 1]]", "nfev": "7", "njev": "1", "status": "0", "success": "True", "message": "Optimization terminated successfully.", "x": "[4.81289865 5.16317788 4.21239958 1.72770971 3.42140497 5.68209164]", "nit": "0"}, "2": {"maxiter": 100, "gtol": 1e-05, "xrtol": 1e-10, "eps": 1e-05, "duration": 0.265775203704834, "fun": "0.1852051317691803", "jac": "[0.00298023 0.00149012 0.         0.         0.         0.00149012]", "hess_inv": "[[ 1.67795941 -1.62984582 -1.29378633 -0.23285274 -0.41761722  0.57331147]\n [-1.62984582 18.43757601 16.39457672 -0.59292553 -0.82647546 -0.95904451]\n [-1.29378633 16.39457672 16.5378709  -0.27153995 -1.01339384  0.01845376]\n [-0.23285274 -0.59292553 -0.27153995  1.0333527   0.64108087  0.23862599]\n [-0.41761722 -0.82647546 -1.01339384  0.64108087  2.73881173  0.68425382]\n [ 0.57331147 -0.95904451  0.01845376  0.23862599  0.68425382  3.39134814]]", "nfev": "1062", "njev": "150", "status": "2", "success": "False", "message": "Desired error not necessarily achieved due to precision loss.", "x": "[3.30984033 6.1673581  2.63157226 2.21525465 3.96944152 6.75184457]", "nit": "71"}, "3": {"maxiter": 100, "gtol": 1e-05, "xrtol": 1e-10, "eps": 1e-10, "duration": 0.0018429756164550781, "fun": "0.8715360164642334", "jac": "[0. 0. 0. 0. 0. 0.]", "hess_inv": "[[1 0 0 0 0 0]\n [0 1 0 0 0 0]\n [0 0 1 0 0 0]\n [0 0 0 1 0 0]\n [0 0 0 0 1 0]\n [0 0 0 0 0 1]]", "nfev": "7", "njev": "1", "status": "0", "success": "True", "message": "Optimization terminated successfully.", "x": "[4.81289865 5.16317788 4.21239958 1.72770971 3.42140497 5.68209164]", "nit": "0"}, "4": {"maxiter": 100, "gtol": 1e-10, "xrtol": 1e-05, "eps": 1e-05, "duration": 0.26004600524902344, "fun": "0.1852051317691803", "jac": "[0.00298023 0.00149012 0.         0.         0.         0.00149012]", "hess_inv": "[[ 1.67795941 -1.62984582 -1.29378633 -0.23285274 -0.41761722  0.57331147]\n [-1.62984582 18.43757601 16.39457672 -0.59292553 -0.82647546 -0.95904451]\n [-1.29378633 16.39457672 16.5378709  -0.27153995 -1.01339384  0.01845376]\n [-0.23285274 -0.59292553 -0.27153995  1.0333527   0.64108087  0.23862599]\n [-0.41761722 -0.82647546 -1.01339384  0.64108087  2.73881173  0.68425382]\n [ 0.57331147 -0.95904451  0.01845376  0.23862599  0.68425382  3.39134814]]", "nfev": "1062", "njev": "150", "status": "2", "success": "False", "message": "Desired error not necessarily achieved due to precision loss.", "x": "[3.30984033 6.1673581  2.63157226 2.21525465 3.96944152 6.75184457]", "nit": "71"}, "5": {"maxiter": 100, "gtol": 1e-10, "xrtol": 1e-05, "eps": 1e-10, "duration": 0.00173187255859375, "fun": "0.8715360164642334", "jac": "[0. 0. 0. 0. 0. 0.]", "hess_inv": "[[1 0 0 0 0 0]\n [0 1 0 0 0 0]\n [0 0 1 0 0 0]\n [0 0 0 1 0 0]\n [0 0 0 0 1 0]\n [0 0 0 0 0 1]]", "nfev": "7", "njev": "1", "status": "0", "success": "True", "message": "Optimization terminated successfully.", "x": "[4.81289865 5.16317788 4.21239958 1.72770971 3.42140497 5.68209164]", "nit": "0"}, "6": {"maxiter": 100, "gtol": 1e-10, "xrtol": 1e-10, "eps": 1e-05, "duration": 0.2891199588775635, "fun": "0.1852051317691803", "jac": "[0.00298023 0.00149012 0.         0.         0.         0.00149012]", "hess_inv": "[[ 1.67795941 -1.62984582 -1.29378633 -0.23285274 -0.41761722  0.57331147]\n [-1.62984582 18.43757601 16.39457672 -0.59292553 -0.82647546 -0.95904451]\n [-1.29378633 16.39457672 16.5378709  -0.27153995 -1.01339384  0.01845376]\n [-0.23285274 -0.59292553 -0.27153995  1.0333527   0.64108087  0.23862599]\n [-0.41761722 -0.82647546 -1.01339384  0.64108087  2.73881173  0.68425382]\n [ 0.57331147 -0.95904451  0.01845376  0.23862599  0.68425382  3.39134814]]", "nfev": "1062", "njev": "150", "status": "2", "success": "False", "message": "Desired error not necessarily achieved due to precision loss.", "x": "[3.30984033 6.1673581  2.63157226 2.21525465 3.96944152 6.75184457]", "nit": "71"}, "7": {"maxiter": 100, "gtol": 1e-10, "xrtol": 1e-10, "eps": 1e-10, "duration": 0.0021576881408691406, "fun": "0.8715360164642334", "jac": "[0. 0. 0. 0. 0. 0.]", "hess_inv": "[[1 0 0 0 0 0]\n [0 1 0 0 0 0]\n [0 0 1 0 0 0]\n [0 0 0 1 0 0]\n [0 0 0 0 1 0]\n [0 0 0 0 0 1]]", "nfev": "7", "njev": "1", "status": "0", "success": "True", "message": "Optimization terminated successfully.", "x": "[4.81289865 5.16317788 4.21239958 1.72770971 3.42140497 5.68209164]", "nit": "0"}, "8": {"maxiter": 500, "gtol": 1e-05, "xrtol": 1e-05, "eps": 1e-05, "duration": 0.3089280128479004, "fun": "0.1852051317691803", "jac": "[0.00298023 0.00149012 0.         0.         0.         0.00149012]", "hess_inv": "[[ 1.67795941 -1.62984582 -1.29378633 -0.23285274 -0.41761722  0.57331147]\n [-1.62984582 18.43757601 16.39457672 -0.59292553 -0.82647546 -0.95904451]\n [-1.29378633 16.39457672 16.5378709  -0.27153995 -1.01339384  0.01845376]\n [-0.23285274 -0.59292553 -0.27153995  1.0333527   0.64108087  0.23862599]\n [-0.41761722 -0.82647546 -1.01339384  0.64108087  2.73881173  0.68425382]\n [ 0.57331147 -0.95904451  0.01845376  0.23862599  0.68425382  3.39134814]]", "nfev": "1062", "njev": "150", "status": "2", "success": "False", "message": "Desired error not necessarily achieved due to precision loss.", "x": "[3.30984033 6.1673581  2.63157226 2.21525465 3.96944152 6.75184457]", "nit": "71"}, "9": {"maxiter": 500, "gtol": 1e-05, "xrtol": 1e-05, "eps": 1e-10, "duration": 0.0021250247955322266, "fun": "0.8715360164642334", "jac": "[0. 0. 0. 0. 0. 0.]", "hess_inv": "[[1 0 0 0 0 0]\n [0 1 0 0 0 0]\n [0 0 1 0 0 0]\n [0 0 0 1 0 0]\n [0 0 0 0 1 0]\n [0 0 0 0 0 1]]", "nfev": "7", "njev": "1", "status": "0", "success": "True", "message": "Optimization terminated successfully.", "x": "[4.81289865 5.16317788 4.21239958 1.72770971 3.42140497 5.68209164]", "nit": "0"}, "10": {"maxiter": 500, "gtol": 1e-05, "xrtol": 1e-10, "eps": 1e-05, "duration": 0.3320891857147217, "fun": "0.1852051317691803", "jac": "[0.00298023 0.00149012 0.         0.         0.         0.00149012]", "hess_inv": "[[ 1.67795941 -1.62984582 -1.29378633 -0.23285274 -0.41761722  0.57331147]\n [-1.62984582 18.43757601 16.39457672 -0.59292553 -0.82647546 -0.95904451]\n [-1.29378633 16.39457672 16.5378709  -0.27153995 -1.01339384  0.01845376]\n [-0.23285274 -0.59292553 -0.27153995  1.0333527   0.64108087  0.23862599]\n [-0.41761722 -0.82647546 -1.01339384  0.64108087  2.73881173  0.68425382]\n [ 0.57331147 -0.95904451  0.01845376  0.23862599  0.68425382  3.39134814]]", "nfev": "1062", "njev": "150", "status": "2", "success": "False", "message": "Desired error not necessarily achieved due to precision loss.", "x": "[3.30984033 6.1673581  2.63157226 2.21525465 3.96944152 6.75184457]", "nit": "71"}, "11": {"maxiter": 500, "gtol": 1e-05, "xrtol": 1e-10, "eps": 1e-10, "duration": 0.0018737316131591797, "fun": "0.8715360164642334", "jac": "[0. 0. 0. 0. 0. 0.]", "hess_inv": "[[1 0 0 0 0 0]\n [0 1 0 0 0 0]\n [0 0 1 0 0 0]\n [0 0 0 1 0 0]\n [0 0 0 0 1 0]\n [0 0 0 0 0 1]]", "nfev": "7", "njev": "1", "status": "0", "success": "True", "message": "Optimization terminated successfully.", "x": "[4.81289865 5.16317788 4.21239958 1.72770971 3.42140497 5.68209164]", "nit": "0"}, "12": {"maxiter": 500, "gtol": 1e-10, "xrtol": 1e-05, "eps": 1e-05, "duration": 0.3374040126800537, "fun": "0.1852051317691803", "jac": "[0.00298023 0.00149012 0.         0.         0.         0.00149012]", "hess_inv": "[[ 1.67795941 -1.62984582 -1.29378633 -0.23285274 -0.41761722  0.57331147]\n [-1.62984582 18.43757601 16.39457672 -0.59292553 -0.82647546 -0.95904451]\n [-1.29378633 16.39457672 16.5378709  -0.27153995 -1.01339384  0.01845376]\n [-0.23285274 -0.59292553 -0.27153995  1.0333527   0.64108087  0.23862599]\n [-0.41761722 -0.82647546 -1.01339384  0.64108087  2.73881173  0.68425382]\n [ 0.57331147 -0.95904451  0.01845376  0.23862599  0.68425382  3.39134814]]", "nfev": "1062", "njev": "150", "status": "2", "success": "False", "message": "Desired error not necessarily achieved due to precision loss.", "x": "[3.30984033 6.1673581  2.63157226 2.21525465 3.96944152 6.75184457]", "nit": "71"}, "13": {"maxiter": 500, "gtol": 1e-10, "xrtol": 1e-05, "eps": 1e-10, "duration": 0.0025517940521240234, "fun": "0.8715360164642334", "jac": "[0. 0. 0. 0. 0. 0.]", "hess_inv": "[[1 0 0 0 0 0]\n [0 1 0 0 0 0]\n [0 0 1 0 0 0]\n [0 0 0 1 0 0]\n [0 0 0 0 1 0]\n [0 0 0 0 0 1]]", "nfev": "7", "njev": "1", "status": "0", "success": "True", "message": "Optimization terminated successfully.", "x": "[4.81289865 5.16317788 4.21239958 1.72770971 3.42140497 5.68209164]", "nit": "0"}, "14": {"maxiter": 500, "gtol": 1e-10, "xrtol": 1e-10, "eps": 1e-05, "duration": 0.3460507392883301, "fun": "0.1852051317691803", "jac": "[0.00298023 0.00149012 0.         0.         0.         0.00149012]", "hess_inv": "[[ 1.67795941 -1.62984582 -1.29378633 -0.23285274 -0.41761722  0.57331147]\n [-1.62984582 18.43757601 16.39457672 -0.59292553 -0.82647546 -0.95904451]\n [-1.29378633 16.39457672 16.5378709  -0.27153995 -1.01339384  0.01845376]\n [-0.23285274 -0.59292553 -0.27153995  1.0333527   0.64108087  0.23862599]\n [-0.41761722 -0.82647546 -1.01339384  0.64108087  2.73881173  0.68425382]\n [ 0.57331147 -0.95904451  0.01845376  0.23862599  0.68425382  3.39134814]]", "nfev": "1062", "njev": "150", "status": "2", "success": "False", "message": "Desired error not necessarily achieved due to precision loss.", "x": "[3.30984033 6.1673581  2.63157226 2.21525465 3.96944152 6.75184457]", "nit": "71"}, "15": {"maxiter": 500, "gtol": 1e-10, "xrtol": 1e-10, "eps": 1e-10, "duration": 0.0022890567779541016, "fun": "0.8715360164642334", "jac": "[0. 0. 0. 0. 0. 0.]", "hess_inv": "[[1 0 0 0 0 0]\n [0 1 0 0 0 0]\n [0 0 1 0 0 0]\n [0 0 0 1 0 0]\n [0 0 0 0 1 0]\n [0 0 0 0 0 1]]", "nfev": "7", "njev": "1", "status": "0", "success": "True", "message": "Optimization terminated successfully.", "x": "[4.81289865 5.16317788 4.21239958 1.72770971 3.42140497 5.68209164]", "nit": "0"}, "16": {"maxiter": 1000, "gtol": 1e-05, "xrtol": 1e-05, "eps": 1e-05, "duration": 0.31027674674987793, "fun": "0.1852051317691803", "jac": "[0.00298023 0.00149012 0.         0.         0.         0.00149012]", "hess_inv": "[[ 1.67795941 -1.62984582 -1.29378633 -0.23285274 -0.41761722  0.57331147]\n [-1.62984582 18.43757601 16.39457672 -0.59292553 -0.82647546 -0.95904451]\n [-1.29378633 16.39457672 16.5378709  -0.27153995 -1.01339384  0.01845376]\n [-0.23285274 -0.59292553 -0.27153995  1.0333527   0.64108087  0.23862599]\n [-0.41761722 -0.82647546 -1.01339384  0.64108087  2.73881173  0.68425382]\n [ 0.57331147 -0.95904451  0.01845376  0.23862599  0.68425382  3.39134814]]", "nfev": "1062", "njev": "150", "status": "2", "success": "False", "message": "Desired error not necessarily achieved due to precision loss.", "x": "[3.30984033 6.1673581  2.63157226 2.21525465 3.96944152 6.75184457]", "nit": "71"}, "17": {"maxiter": 1000, "gtol": 1e-05, "xrtol": 1e-05, "eps": 1e-10, "duration": 0.0018889904022216797, "fun": "0.8715360164642334", "jac": "[0. 0. 0. 0. 0. 0.]", "hess_inv": "[[1 0 0 0 0 0]\n [0 1 0 0 0 0]\n [0 0 1 0 0 0]\n [0 0 0 1 0 0]\n [0 0 0 0 1 0]\n [0 0 0 0 0 1]]", "nfev": "7", "njev": "1", "status": "0", "success": "True", "message": "Optimization terminated successfully.", "x": "[4.81289865 5.16317788 4.21239958 1.72770971 3.42140497 5.68209164]", "nit": "0"}, "18": {"maxiter": 1000, "gtol": 1e-05, "xrtol": 1e-10, "eps": 1e-05, "duration": 0.26435112953186035, "fun": "0.1852051317691803", "jac": "[0.00298023 0.00149012 0.         0.         0.         0.00149012]", "hess_inv": "[[ 1.67795941 -1.62984582 -1.29378633 -0.23285274 -0.41761722  0.57331147]\n [-1.62984582 18.43757601 16.39457672 -0.59292553 -0.82647546 -0.95904451]\n [-1.29378633 16.39457672 16.5378709  -0.27153995 -1.01339384  0.01845376]\n [-0.23285274 -0.59292553 -0.27153995  1.0333527   0.64108087  0.23862599]\n [-0.41761722 -0.82647546 -1.01339384  0.64108087  2.73881173  0.68425382]\n [ 0.57331147 -0.95904451  0.01845376  0.23862599  0.68425382  3.39134814]]", "nfev": "1062", "njev": "150", "status": "2", "success": "False", "message": "Desired error not necessarily achieved due to precision loss.", "x": "[3.30984033 6.1673581  2.63157226 2.21525465 3.96944152 6.75184457]", "nit": "71"}, "19": {"maxiter": 1000, "gtol": 1e-05, "xrtol": 1e-10, "eps": 1e-10, "duration": 0.0017290115356445312, "fun": "0.8715360164642334", "jac": "[0. 0. 0. 0. 0. 0.]", "hess_inv": "[[1 0 0 0 0 0]\n [0 1 0 0 0 0]\n [0 0 1 0 0 0]\n [0 0 0 1 0 0]\n [0 0 0 0 1 0]\n [0 0 0 0 0 1]]", "nfev": "7", "njev": "1", "status": "0", "success": "True", "message": "Optimization terminated successfully.", "x": "[4.81289865 5.16317788 4.21239958 1.72770971 3.42140497 5.68209164]", "nit": "0"}, "20": {"maxiter": 1000, "gtol": 1e-10, "xrtol": 1e-05, "eps": 1e-05, "duration": 0.2577641010284424, "fun": "0.1852051317691803", "jac": "[0.00298023 0.00149012 0.         0.         0.         0.00149012]", "hess_inv": "[[ 1.67795941 -1.62984582 -1.29378633 -0.23285274 -0.41761722  0.57331147]\n [-1.62984582 18.43757601 16.39457672 -0.59292553 -0.82647546 -0.95904451]\n [-1.29378633 16.39457672 16.5378709  -0.27153995 -1.01339384  0.01845376]\n [-0.23285274 -0.59292553 -0.27153995  1.0333527   0.64108087  0.23862599]\n [-0.41761722 -0.82647546 -1.01339384  0.64108087  2.73881173  0.68425382]\n [ 0.57331147 -0.95904451  0.01845376  0.23862599  0.68425382  3.39134814]]", "nfev": "1062", "njev": "150", "status": "2", "success": "False", "message": "Desired error not necessarily achieved due to precision loss.", "x": "[3.30984033 6.1673581  2.63157226 2.21525465 3.96944152 6.75184457]", "nit": "71"}, "21": {"maxiter": 1000, "gtol": 1e-10, "xrtol": 1e-05, "eps": 1e-10, "duration": 0.0018048286437988281, "fun": "0.8715360164642334", "jac": "[0. 0. 0. 0. 0. 0.]", "hess_inv": "[[1 0 0 0 0 0]\n [0 1 0 0 0 0]\n [0 0 1 0 0 0]\n [0 0 0 1 0 0]\n [0 0 0 0 1 0]\n [0 0 0 0 0 1]]", "nfev": "7", "njev": "1", "status": "0", "success": "True", "message": "Optimization terminated successfully.", "x": "[4.81289865 5.16317788 4.21239958 1.72770971 3.42140497 5.68209164]", "nit": "0"}, "22": {"maxiter": 1000, "gtol": 1e-10, "xrtol": 1e-10, "eps": 1e-05, "duration": 0.2631258964538574, "fun": "0.1852051317691803", "jac": "[0.00298023 0.00149012 0.         0.         0.         0.00149012]", "hess_inv": "[[ 1.67795941 -1.62984582 -1.29378633 -0.23285274 -0.41761722  0.57331147]\n [-1.62984582 18.43757601 16.39457672 -0.59292553 -0.82647546 -0.95904451]\n [-1.29378633 16.39457672 16.5378709  -0.27153995 -1.01339384  0.01845376]\n [-0.23285274 -0.59292553 -0.27153995  1.0333527   0.64108087  0.23862599]\n [-0.41761722 -0.82647546 -1.01339384  0.64108087  2.73881173  0.68425382]\n [ 0.57331147 -0.95904451  0.01845376  0.23862599  0.68425382  3.39134814]]", "nfev": "1062", "njev": "150", "status": "2", "success": "False", "message": "Desired error not necessarily achieved due to precision loss.", "x": "[3.30984033 6.1673581  2.63157226 2.21525465 3.96944152 6.75184457]", "nit": "71"}, "23": {"maxiter": 1000, "gtol": 1e-10, "xrtol": 1e-10, "eps": 1e-10, "duration": 0.0017192363739013672, "fun": "0.8715360164642334", "jac": "[0. 0. 0. 0. 0. 0.]", "hess_inv": "[[1 0 0 0 0 0]\n [0 1 0 0 0 0]\n [0 0 1 0 0 0]\n [0 0 0 1 0 0]\n [0 0 0 0 1 0]\n [0 0 0 0 0 1]]", "nfev": "7", "njev": "1", "status": "0", "success": "True", "message": "Optimization terminated successfully.", "x": "[4.81289865 5.16317788 4.21239958 1.72770971 3.42140497 5.68209164]", "nit": "0"}}, "cobyla": {"0": {"maxiter": 100, "tol": 1e-05, "catol": 1e-05, "duration": 0.023041963577270508, "x": "[3.29850577 5.99953208 2.46114212 2.22037866 3.96496606 6.71925151]", "status": "2", "success": "False", "message": "Maximum number of function evaluations has been exceeded.", "nfev": "100", "fun": "0.1853524148464203", "maxcv": "0.0"}, "1": {"maxiter": 100, "tol": 1e-05, "catol": 1e-10, "duration": 0.02445197105407715, "x": "[3.29850577 5.99953208 2.46114212 2.22037866 3.96496606 6.71925151]", "status": "2", "success": "False", "message": "Maximum number of function evaluations has been exceeded.", "nfev": "100", "fun": "0.1853524148464203", "maxcv": "0.0"}, "2": {"maxiter": 100, "tol": 1e-10, "catol": 1e-05, "duration": 0.023633956909179688, "x": "[3.29850577 5.99953208 2.46114212 2.22037866 3.96496606 6.71925151]", "status": "2", "success": "False", "message": "Maximum number of function evaluations has been exceeded.", "nfev": "100", "fun": "0.1853524148464203", "maxcv": "0.0"}, "3": {"maxiter": 100, "tol": 1e-10, "catol": 1e-10, "duration": 0.023654937744140625, "x": "[3.29850577 5.99953208 2.46114212 2.22037866 3.96496606 6.71925151]", "status": "2", "success": "False", "message": "Maximum number of function evaluations has been exceeded.", "nfev": "100", "fun": "0.1853524148464203", "maxcv": "0.0"}, "4": {"maxiter": 500, "tol": 1e-05, "catol": 1e-05, "duration": 0.11746001243591309, "x": "[3.29587896 6.12905902 2.5874308  2.22280655 3.97689988 6.74254721]", "status": "2", "success": "False", "message": "Maximum number of function evaluations has been exceeded.", "nfev": "500", "fun": "0.1852138787508011", "maxcv": "0.0"}, "5": {"maxiter": 500, "tol": 1e-05, "catol": 1e-10, "duration": 0.1183769702911377, "x": "[3.29587896 6.12905902 2.5874308  2.22280655 3.97689988 6.74254721]", "status": "2", "success": "False", "message": "Maximum number of function evaluations has been exceeded.", "nfev": "500", "fun": "0.1852138787508011", "maxcv": "0.0"}, "6": {"maxiter": 500, "tol": 1e-10, "catol": 1e-05, "duration": 0.11681294441223145, "x": "[3.29587896 6.12905902 2.5874308  2.22280655 3.97689988 6.74254721]", "status": "2", "success": "False", "message": "Maximum number of function evaluations has been exceeded.", "nfev": "500", "fun": "0.1852138787508011", "maxcv": "0.0"}, "7": {"maxiter": 500, "tol": 1e-10, "catol": 1e-10, "duration": 0.11708903312683105, "x": "[3.29587896 6.12905902 2.5874308  2.22280655 3.97689988 6.74254721]", "status": "2", "success": "False", "message": "Maximum number of function evaluations has been exceeded.", "nfev": "500", "fun": "0.1852138787508011", "maxcv": "0.0"}, "8": {"maxiter": 1000, "tol": 1e-05, "catol": 1e-05, "duration": 0.24722814559936523, "x": "[3.29458622 6.22184269 2.67738849 2.22470251 3.98371195 6.75547432]", "status": "2", "success": "False", "message": "Maximum number of function evaluations has been exceeded.", "nfev": "1000", "fun": "0.18514680862426758", "maxcv": "0.0"}, "9": {"maxiter": 1000, "tol": 1e-05, "catol": 1e-10, "duration": 0.23616886138916016, "x": "[3.29458622 6.22184269 2.67738849 2.22470251 3.98371195 6.75547432]", "status": "2", "success": "False", "message": "Maximum number of function evaluations has been exceeded.", "nfev": "1000", "fun": "0.18514680862426758", "maxcv": "0.0"}, "10": {"maxiter": 1000, "tol": 1e-10, "catol": 1e-05, "duration": 0.23339295387268066, "x": "[3.29458622 6.22184269 2.67738849 2.22470251 3.98371195 6.75547432]", "status": "2", "success": "False", "message": "Maximum number of function evaluations has been exceeded.", "nfev": "1000", "fun": "0.18514680862426758", "maxcv": "0.0"}, "11": {"maxiter": 1000, "tol": 1e-10, "catol": 1e-10, "duration": 0.23884177207946777, "x": "[3.29458622 6.22184269 2.67738849 2.22470251 3.98371195 6.75547432]", "status": "2", "success": "False", "message": "Maximum number of function evaluations has been exceeded.", "nfev": "1000", "fun": "0.18514680862426758", "maxcv": "0.0"}}, "powell": {"0": {"maxiter": 100, "ftol": 1e-05, "xtol": 1e-05, "duration": 0.3516521453857422, "fun": "0.1850796490907669", "direc": "[[ 0.01095792 -0.00842294 -0.01326632  0.00158609  0.01974308  0.01868093]\n [ 0.01440765  0.00285407 -0.00121525  0.0015975   0.00330167  0.00963114]\n [ 0.          0.          1.          0.          0.          0.        ]\n [ 0.          0.          0.          1.          0.          0.        ]\n [-0.00480503 -0.54453372 -0.48252169 -0.0337749  -0.0835343  -0.02378944]\n [ 0.00539515 -0.10493558 -0.10603622 -0.00538489 -0.0133488  -0.02053231]]", "nit": "16", "nfev": "1472", "status": "0", "success": "True", "message": "Optimization terminated successfully.", "x": "[3.29335665 6.4879325  2.93507519 2.23197143 4.00192605 6.79060564]"}, "1": {"maxiter": 100, "ftol": 1e-05, "xtol": 1e-10, "duration": 0.8011951446533203, "fun": "0.18507927656173706", "direc": "[[ 0.01394836 -0.01581256 -0.02276048  0.00205245  0.02506093  0.02325172]\n [ 0.01395509  0.00267519 -0.00130494  0.00157203  0.00310063  0.00928314]\n [ 0.          0.          1.          0.          0.          0.        ]\n [ 0.          0.          0.          1.          0.          0.        ]\n [-0.00442841 -0.5369997  -0.47711309 -0.03551406 -0.08355228 -0.0257117 ]\n [ 0.00510678 -0.10501593 -0.10618875 -0.00491401 -0.01235155 -0.01998568]]", "nit": "16", "nfev": "3392", "status": "0", "success": "True", "message": "Optimization terminated successfully.", "x": "[3.29320827 6.48463919 2.93181822 2.23190487 4.00178282 6.79001892]"}, "2": {"maxiter": 100, "ftol": 1e-10, "xtol": 1e-05, "duration": 0.5673427581787109, "fun": "0.1850755512714386", "direc": "[[-3.25205196e-03  2.76593107e-04 -1.78398018e-03  6.69786962e-04\n   1.25083311e-03 -2.90802140e-03]\n [ 5.39514688e-03 -1.04935580e-01 -1.06036225e-01 -5.38488575e-03\n  -1.33488049e-02 -2.05323078e-02]\n [ 0.00000000e+00  0.00000000e+00  1.00000000e+00  0.00000000e+00\n   0.00000000e+00  0.00000000e+00]\n [ 0.00000000e+00  0.00000000e+00  0.00000000e+00  1.00000000e+00\n   0.00000000e+00  0.00000000e+00]\n [-4.80502697e-03 -5.44533718e-01 -4.82521691e-01 -3.37749048e-02\n  -8.35342991e-02 -2.37894384e-02]\n [ 6.03277797e-05 -2.07823216e-03 -2.18522222e-03 -1.08680774e-05\n   4.30264558e-04  2.63158018e-04]]", "nit": "20", "nfev": "2241", "status": "0", "success": "True", "message": "Optimization terminated successfully.", "x": "[3.28983524 6.47512155 2.91894312 2.23187925 4.00716916 6.78872895]"}, "3": {"maxiter": 100, "ftol": 1e-10, "xtol": 1e-10, "duration": 1.0585029125213623, "fun": "0.1850755512714386", "direc": "[[-9.02083829e-04 -8.03018631e-04 -1.53115654e-03 -1.38172311e-06\n   1.15957373e-03 -3.67794020e-04]\n [ 5.10678414e-03 -1.05015932e-01 -1.06188750e-01 -4.91400776e-03\n  -1.23515454e-02 -1.99856754e-02]\n [ 0.00000000e+00  0.00000000e+00  1.00000000e+00  0.00000000e+00\n   0.00000000e+00  0.00000000e+00]\n [ 0.00000000e+00  0.00000000e+00  0.00000000e+00  1.00000000e+00\n   0.00000000e+00  0.00000000e+00]\n [-4.42840815e-03 -5.36999704e-01 -4.77113093e-01 -3.55140624e-02\n  -8.35522790e-02 -2.57117000e-02]\n [ 8.96367411e-05 -1.95114954e-04 -1.87192958e-04 -3.93913769e-05\n   1.28984000e-04  1.46344459e-04]]", "nit": "20", "nfev": "4449", "status": "0", "success": "True", "message": "Optimization terminated successfully.", "x": "[3.28988012 6.47455896 2.91858487 2.23184801 4.00721768 6.78851676]"}, "4": {"maxiter": 500, "ftol": 1e-05, "xtol": 1e-05, "duration": 0.34944987297058105, "fun": "0.1850796490907669", "direc": "[[ 0.01095792 -0.00842294 -0.01326632  0.00158609  0.01974308  0.01868093]\n [ 0.01440765  0.00285407 -0.00121525  0.0015975   0.00330167  0.00963114]\n [ 0.          0.          1.          0.          0.          0.        ]\n [ 0.          0.          0.          1.          0.          0.        ]\n [-0.00480503 -0.54453372 -0.48252169 -0.0337749  -0.0835343  -0.02378944]\n [ 0.00539515 -0.10493558 -0.10603622 -0.00538489 -0.0133488  -0.02053231]]", "nit": "16", "nfev": "1472", "status": "0", "success": "True", "message": "Optimization terminated successfully.", "x": "[3.29335665 6.4879325  2.93507519 2.23197143 4.00192605 6.79060564]"}, "5": {"maxiter": 500, "ftol": 1e-05, "xtol": 1e-10, "duration": 0.7996358871459961, "fun": "0.18507927656173706", "direc": "[[ 0.01394836 -0.01581256 -0.02276048  0.00205245  0.02506093  0.02325172]\n [ 0.01395509  0.00267519 -0.00130494  0.00157203  0.00310063  0.00928314]\n [ 0.          0.          1.          0.          0.          0.        ]\n [ 0.          0.          0.          1.          0.          0.        ]\n [-0.00442841 -0.5369997  -0.47711309 -0.03551406 -0.08355228 -0.0257117 ]\n [ 0.00510678 -0.10501593 -0.10618875 -0.00491401 -0.01235155 -0.01998568]]", "nit": "16", "nfev": "3392", "status": "0", "success": "True", "message": "Optimization terminated successfully.", "x": "[3.29320827 6.48463919 2.93181822 2.23190487 4.00178282 6.79001892]"}, "6": {"maxiter": 500, "ftol": 1e-10, "xtol": 1e-05, "duration": 0.5284290313720703, "fun": "0.1850755512714386", "direc": "[[-3.25205196e-