{"date": "2024/10/08/, 18:01:12", "conf_id": 18, "data_type": "random\n", "num_data_points": 1, "s_rank": 0, "unitary": "[[-0.53618537-0.34368723j,-0.12107031-0.46226139j,-0.07699282-0.46603512j,0.36022595-0.11472301j],[0.26026499-0.63450712j,-0.56616638+0.37832564j,-0.14988651+0.08458591j,0.10363514-0.16008501j],[-0.32580188-0.11070003j,-0.36476308-0.23593218j,0.02559343+0.41761608j,-0.25598305+0.6725303j],[0.07406738-0.0126433j,0.28513701+0.19483972j,-0.74939717-0.10299659j,0.29798249+0.46269921j]]", "databatch_0": {"databatch": "[[[-0.07795419+0.29819206j,-0.27920523+0.30634329j,0.24090422-0.25277829j,-0.19851574-0.05390677j],[0.14148921-0.00563487j,0.19780328+0.26749474j,0.00702299-0.10053885j,0.16637329+0.20192603j],[-0.01382119+0.08774322j,-0.05077223+0.14263597j,-0.08386457+0.04476311j,-0.09673325-0.0103696j],[0.17755784-0.10153512j,-0.18264166-0.02059411j,0.08262112-0.26555682j,0.00847636+0.39656431j]]]", "initial param values": "[2.35393595,4.78551125,1.36410286,6.24616846,0.62186177,3.73827201]", "nelder_mead": {"type": "gradient-free", "0": {"maxiter": 100, "fatol": 1e-05, "xatol": 1e-05, "duration": 0.060668230056762695, "fun": "0.3015162717390597", "nit": "100", "nfev": "167", "status": "2", "success": "False", "message": "Maximum number of iterations has been exceeded.", "x": "[4.77352349 6.28032257 0.99719979 5.97668771 0.66708534 2.87478047]", "final_simplex": "(array([[4.77352349, 6.28032257, 0.99719979, 5.97668771, 0.66708534,\n        2.87478047],\n       [4.73374655, 6.28184128, 1.06692305, 5.94382677, 0.64214162,\n        2.92922759],\n       [4.78637155, 6.27242903, 1.03588247, 5.88053884, 0.64977041,\n        2.92053246],\n       [4.73823301, 6.32052437, 1.06037948, 5.88240617, 0.62855119,\n        2.87171874],\n       [4.75779039, 6.24959735, 1.08314357, 5.9093936 , 0.62036291,\n        2.89018941],\n       [4.71029621, 6.27199692, 1.07589508, 6.00306752, 0.62400338,\n        2.91483309],\n       [4.83821664, 6.31754069, 1.09163258, 5.9583562 , 0.60599076,\n        2.82261986]]), array([0.30151627, 0.30201824, 0.30220837, 0.30224954, 0.30293643,\n       0.30338866, 0.30403343]))", "callback": [0.9469401001812421, 0.6796583811150252, 0.507969358123159, 0.4820151332562701, 0.4036152925980654, 0.3540513644125457, 0.30938601505216556, 0.3085712442126455, 0.30681894251189046, 0.3051690318318381]}, "1": {"maxiter": 100, "fatol": 1e-05, "xatol": 1e-10, "duration": 0.05036783218383789, "fun": "0.3015162717390597", "nit": "100", "nfev": "167", "status": "2", "success": "False", "message": "Maximum number of iterations has been exceeded.", "x": "[4.77352349 6.28032257 0.99719979 5.97668771 0.66708534 2.87478047]", "final_simplex": "(array([[4.77352349, 6.28032257, 0.99719979, 5.97668771, 0.66708534,\n        2.87478047],\n       [4.73374655, 6.28184128, 1.06692305, 5.94382677, 0.64214162,\n        2.92922759],\n       [4.78637155, 6.27242903, 1.03588247, 5.88053884, 0.64977041,\n        2.92053246],\n       [4.73823301, 6.32052437, 1.06037948, 5.88240617, 0.62855119,\n        2.87171874],\n       [4.75779039, 6.24959735, 1.08314357, 5.9093936 , 0.62036291,\n        2.89018941],\n       [4.71029621, 6.27199692, 1.07589508, 6.00306752, 0.62400338,\n        2.91483309],\n       [4.83821664, 6.31754069, 1.09163258, 5.9583562 , 0.60599076,\n        2.82261986]]), array([0.30151627, 0.30201824, 0.30220837, 0.30224954, 0.30293643,\n       0.30338866, 0.30403343]))", "callback": [0.9469401001812421, 0.6796583811150252, 0.507969358123159, 0.4820151332562701, 0.4036152925980654, 0.3540513644125457, 0.30938601505216556, 0.3085712442126455, 0.30681894251189046, 0.3051690318318381]}, "2": {"maxiter": 100, "fatol": 1e-10, "xatol": 1e-05, "duration": 0.04573488235473633, "fun": "0.3015162717390597", "nit": "100", "nfev": "167", "status": "2", "success": "False", "message": "Maximum number of iterations has been exceeded.", "x": "[4.77352349 6.28032257 0.99719979 5.97668771 0.66708534 2.87478047]", "final_simplex": "(array([[4.77352349, 6.28032257, 0.99719979, 5.97668771, 0.66708534,\n        2.87478047],\n       [4.73374655, 6.28184128, 1.06692305, 5.94382677, 0.64214162,\n        2.92922759],\n       [4.78637155, 6.27242903, 1.03588247, 5.88053884, 0.64977041,\n        2.92053246],\n       [4.73823301, 6.32052437, 1.06037948, 5.88240617, 0.62855119,\n        2.87171874],\n       [4.75779039, 6.24959735, 1.08314357, 5.9093936 , 0.62036291,\n        2.89018941],\n       [4.71029621, 6.27199692, 1.07589508, 6.00306752, 0.62400338,\n        2.91483309],\n       [4.83821664, 6.31754069, 1.09163258, 5.9583562 , 0.60599076,\n        2.82261986]]), array([0.30151627, 0.30201824, 0.30220837, 0.30224954, 0.30293643,\n       0.30338866, 0.30403343]))", "callback": [0.9469401001812421, 0.6796583811150252, 0.507969358123159, 0.4820151332562701, 0.4036152925980654, 0.3540513644125457, 0.30938601505216556, 0.3085712442126455, 0.30681894251189046, 0.3051690318318381]}, "3": {"maxiter": 100, "fatol": 1e-10, "xatol": 1e-10, "duration": 0.06477689743041992, "fun": "0.3015162717390597", "nit": "100", "nfev": "167", "status": "2", "success": "False", "message": "Maximum number of iterations has been exceeded.", "x": "[4.77352349 6.28032257 0.99719979 5.97668771 0.66708534 2.87478047]", "final_simplex": "(array([[4.77352349, 6.28032257, 0.99719979, 5.97668771, 0.66708534,\n        2.87478047],\n       [4.73374655, 6.28184128, 1.06692305, 5.94382677, 0.64214162,\n        2.92922759],\n       [4.78637155, 6.27242903, 1.03588247, 5.88053884, 0.64977041,\n        2.92053246],\n       [4.73823301, 6.32052437, 1.06037948, 5.88240617, 0.62855119,\n        2.87171874],\n       [4.75779039, 6.24959735, 1.08314357, 5.9093936 , 0.62036291,\n        2.89018941],\n       [4.71029621, 6.27199692, 1.07589508, 6.00306752, 0.62400338,\n        2.91483309],\n       [4.83821664, 6.31754069, 1.09163258, 5.9583562 , 0.60599076,\n        2.82261986]]), array([0.30151627, 0.30201824, 0.30220837, 0.30224954, 0.30293643,\n       0.30338866, 0.30403343]))", "callback": [0.9469401001812421, 0.6796583811150252, 0.507969358123159, 0.4820151332562701, 0.4036152925980654, 0.3540513644125457, 0.30938601505216556, 0.3085712442126455, 0.30681894251189046, 0.3051690318318381]}, "4": {"maxiter": 500, "fatol": 1e-05, "xatol": 1e-05, "duration": 0.23280835151672363, "fun": "0.2617842539389118", "nit": "399", "nfev": "644", "status": "0", "success": "True", "message": "Optimization terminated successfully.", "x": "[4.88329119 6.29473496 1.07776749 5.72592424 1.71214094 1.86798482]", "final_simplex": "(array([[4.88329119, 6.29473496, 1.07776749, 5.72592424, 1.71214094,\n        1.86798482],\n       [4.8832971 , 6.29473482, 1.07776889, 5.72592279, 1.71213419,\n        1.86798881],\n       [4.88329299, 6.29473863, 1.07777114, 5.72592282, 1.7121353 ,\n        1.86798474],\n       [4.88329233, 6.29473458, 1.07776715, 5.72592181, 1.71214748,\n        1.86797701],\n       [4.88329484, 6.29473614, 1.07776651, 5.72592011, 1.71214312,\n        1.86798344],\n       [4.88329697, 6.29473888, 1.0777766 , 5.72592147, 1.71213653,\n        1.86798267],\n       [4.88329504, 6.29473975, 1.07777148, 5.72592398, 1.71213987,\n        1.8679802 ]]), array([0.26178425, 0.26178425, 0.26178425, 0.26178425, 0.26178425,\n       0.26178425, 0.26178425]))", "callback": [0.9469401001812421, 0.6796583811150252, 0.507969358123159, 0.4820151332562701, 0.4036152925980654, 0.3540513644125457, 0.30938601505216556, 0.3085712442126455, 0.30681894251189046, 0.3051690318318381, 0.3015162717390597, 0.3006709383224031, 0.3002629076782779, 0.2999407841748025, 0.2989952652074075, 0.2965841108348646, 0.28558850410113634, 0.266291904582038, 0.2647154414253695, 0.2637273144074106, 0.26207244984088607, 0.26192047571845867, 0.2618458255469437, 0.2618060685217568, 0.2618038739777929, 0.26179480438981784, 0.26178973230334956, 0.2617859534593103, 0.26178490294973233, 0.26178435112763876, 0.26178431397136603, 0.26178428254806096, 0.2617842618445966, 0.261784257664598, 0.26178425634348257, 0.2617842543514687, 0.261784254122435, 0.2617842539984341, 0.2617842539549108, 0.26178425394153726]}, "5": {"maxiter": 500, "fatol": 1e-05, "xatol": 1e-10, "duration": 0.34577107429504395, "fun": "0.2617842539323514", "nit": "500", "nfev": "823", "status": "2", "success": "False", "message": "Maximum number of iterations has been exceeded.", "x": "[4.88329158 6.29473208 1.07777092 5.7259195  1.71213373 1.86799011]", "final_simplex": "(array([[4.88329158, 6.29473208, 1.07777092, 5.7259195 , 1.71213373,\n        1.86799011],\n       [4.88329158, 6.29473208, 1.07777091, 5.7259195 , 1.71213373,\n        1.8679901 ],\n       [4.88329158, 6.29473208, 1.07777092, 5.7259195 , 1.71213372,\n        1.86799011],\n       [4.88329158, 6.29473207, 1.07777091, 5.72591951, 1.71213375,\n        1.86799009],\n       [4.88329158, 6.29473208, 1.07777092, 5.7259195 , 1.71213372,\n        1.86799011],\n       [4.88329158, 6.29473208, 1.07777092, 5.7259195 , 1.71213373,\n        1.8679901 ],\n       [4.88329157, 6.29473208, 1.07777091, 5.7259195 , 1.71213373,\n        1.86799011]]), array([0.26178425, 0.26178425, 0.26178425, 0.26178425, 0.26178425,\n       0.26178425, 0.26178425]))", "callback": [0.9469401001812421, 0.6796583811150252, 0.507969358123159, 0.4820151332562701, 0.4036152925980654, 0.3540513644125457, 0.30938601505216556, 0.3085712442126455, 0.30681894251189046, 0.3051690318318381, 0.3015162717390597, 0.3006709383224031, 0.3002629076782779, 0.2999407841748025, 0.2989952652074075, 0.2965841108348646, 0.28558850410113634, 0.266291904582038, 0.2647154414253695, 0.2637273144074106, 0.26207244984088607, 0.26192047571845867, 0.2618458255469437, 0.2618060685217568, 0.2618038739777929, 0.26179480438981784, 0.26178973230334956, 0.2617859534593103, 0.26178490294973233, 0.26178435112763876, 0.26178431397136603, 0.26178428254806096, 0.2617842618445966, 0.261784257664598, 0.26178425634348257, 0.2617842543514687, 0.261784254122435, 0.2617842539984341, 0.2617842539549108, 0.26178425394153726, 0.261784253934885, 0.26178425393389404, 0.2617842539329869, 0.2617842539324854, 0.261784253932399, 0.2617842539323648, 0.2617842539323545, 0.2617842539323534, 0.2617842539323517, 0.2617842539323515]}, "6": {"maxiter": 500, "fatol": 1e-10, "xatol": 1e-05, "duration": 0.21088695526123047, "fun": "0.2617842539389118", "nit": "399", "nfev": "644", "status": "0", "success": "True", "message": "Optimization terminated successfully.", "x": "[4.88329119 6.29473496 1.07776749 5.72592424 1.71214094 1.86798482]", "final_simplex": "(array([[4.88329119, 6.29473496, 1.07776749, 5.72592424, 1.71214094,\n        1.86798482],\n       [4.8832971 , 6.29473482, 1.07776889, 5.72592279, 1.71213419,\n        1.86798881],\n       [4.88329299, 6.29473863, 1.07777114, 5.72592282, 1.7121353 ,\n        1.86798474],\n       [4.88329233, 6.29473458, 1.07776715, 5.72592181, 1.71214748,\n        1.86797701],\n       [4.88329484, 6.29473614, 1.07776651, 5.72592011, 1.71214312,\n        1.86798344],\n       [4.88329697, 6.29473888, 1.0777766 , 5.72592147, 1.71213653,\n        1.86798267],\n       [4.88329504, 6.29473975, 1.07777148, 5.72592398, 1.71213987,\n        1.8679802 ]]), array([0.26178425, 0.26178425, 0.26178425, 0.26178425, 0.26178425,\n       0.26178425, 0.26178425]))", "callback": [0.9469401001812421, 0.6796583811150252, 0.507969358123159, 0.4820151332562701, 0.4036152925980654, 0.3540513644125457, 0.30938601505216556, 0.3085712442126455, 0.30681894251189046, 0.3051690318318381, 0.3015162717390597, 0.3006709383224031, 0.3002629076782779, 0.2999407841748025, 0.2989952652074075, 0.2965841108348646, 0.28558850410113634, 0.266291904582038, 0.2647154414253695, 0.2637273144074106, 0.26207244984088607, 0.26192047571845867, 0.2618458255469437, 0.2618060685217568, 0.2618038739777929, 0.26179480438981784, 0.26178973230334956, 0.2617859534593103, 0.26178490294973233, 0.26178435112763876, 0.26178431397136603, 0.26178428254806096, 0.2617842618445966, 0.261784257664598, 0.26178425634348257, 0.2617842543514687, 0.261784254122435, 0.2617842539984341, 0.2617842539549108, 0.26178425394153726]}, "7": {"maxiter": 500, "fatol": 1e-10, "xatol": 1e-10, "duration": 0.31191015243530273, "fun": "0.2617842539323514", "nit": "500", "nfev": "823", "status": "2", "success": "False", "message": "Maximum number of iterations has been exceeded.", "x": "[4.88329158 6.29473208 1.07777092 5.7259195  1.71213373 1.86799011]", "final_simplex": "(array([[4.88329158, 6.29473208, 1.07777092, 5.7259195 , 1.71213373,\n        1.86799011],\n       [4.88329158, 6.29473208, 1.07777091, 5.7259195 , 1.71213373,\n        1.8679901 ],\n       [4.88329158, 6.29473208, 1.07777092, 5.7259195 , 1.71213372,\n        1.86799011],\n       [4.88329158, 6.29473207, 1.07777091, 5.72591951, 1.71213375,\n        1.86799009],\n       [4.88329158, 6.29473208, 1.07777092, 5.7259195 , 1.71213372,\n        1.86799011],\n       [4.88329158, 6.29473208, 1.07777092, 5.7259195 , 1.71213373,\n        1.8679901 ],\n       [4.88329157, 6.29473208, 1.07777091, 5.7259195 , 1.71213373,\n        1.86799011]]), array([0.26178425, 0.26178425, 0.26178425, 0.26178425, 0.26178425,\n       0.26178425, 0.26178425]))", "callback": [0.9469401001812421, 0.6796583811150252, 0.507969358123159, 0.4820151332562701, 0.4036152925980654, 0.3540513644125457, 0.30938601505216556, 0.3085712442126455, 0.30681894251189046, 0.3051690318318381, 0.3015162717390597, 0.3006709383224031, 0.3002629076782779, 0.2999407841748025, 0.2989952652074075, 0.2965841108348646, 0.28558850410113634, 0.266291904582038, 0.2647154414253695, 0.2637273144074106, 0.26207244984088607, 0.26192047571845867, 0.2618458255469437, 0.2618060685217568, 0.2618038739777929, 0.26179480438981784, 0.26178973230334956, 0.2617859534593103, 0.26178490294973233, 0.26178435112763876, 0.26178431397136603, 0.26178428254806096, 0.2617842618445966, 0.261784257664598, 0.26178425634348257, 0.2617842543514687, 0.261784254122435, 0.2617842539984341, 0.2617842539549108, 0.26178425394153726, 0.261784253934885, 0.26178425393389404, 0.2617842539329869, 0.2617842539324854, 0.261784253932399, 0.2617842539323648, 0.2617842539323545, 0.2617842539323534, 0.2617842539323517, 0.2617842539323515]}, "8": {"maxiter": 1000, "fatol": 1e-05, "xatol": 1e-05, "duration": 0.24491500854492188, "fun": "0.2617842539389118", "nit": "399", "nfev": "644", "status": "0", "success": "True", "message": "Optimization terminated successfully.", "x": "[4.88329119 6.29473496 1.07776749 5.72592424 1.71214094 1.86798482]", "final_simplex": "(array([[4.88329119, 6.29473496, 1.07776749, 5.72592424, 1.71214094,\n        1.86798482],\n       [4.8832971 , 6.29473482, 1.07776889, 5.72592279, 1.71213419,\n        1.86798881],\n       [4.88329299, 6.29473863, 1.07777114, 5.72592282, 1.7121353 ,\n        1.86798474],\n       [4.88329233, 6.29473458, 1.07776715, 5.72592181, 1.71214748,\n        1.86797701],\n       [4.88329484, 6.29473614, 1.07776651, 5.72592011, 1.71214312,\n        1.86798344],\n       [4.88329697, 6.29473888, 1.0777766 , 5.72592147, 1.71213653,\n        1.86798267],\n       [4.88329504, 6.29473975, 1.07777148, 5.72592398, 1.71213987,\n        1.8679802 ]]), array([0.26178425, 0.26178425, 0.26178425, 0.26178425, 0.26178425,\n       0.26178425, 0.26178425]))", "callback": [0.9469401001812421, 0.6796583811150252, 0.507969358123159, 0.4820151332562701, 0.4036152925980654, 0.3540513644125457, 0.30938601505216556, 0.3085712442126455, 0.30681894251189046, 0.3051690318318381, 0.3015162717390597, 0.3006709383224031, 0.3002629076782779, 0.2999407841748025, 0.2989952652074075, 0.2965841108348646, 0.28558850410113634, 0.266291904582038, 0.2647154414253695, 0.2637273144074106, 0.26207244984088607, 0.26192047571845867, 0.2618458255469437, 0.2618060685217568, 0.2618038739777929, 0.26179480438981784, 0.26178973230334956, 0.2617859534593103, 0.26178490294973233, 0.26178435112763876, 0.26178431397136603, 0.26178428254806096, 0.2617842618445966, 0.261784257664598, 0.26178425634348257, 0.2617842543514687, 0.261784254122435, 0.2617842539984341, 0.2617842539549108, 0.26178425394153726]}, "9": {"maxiter": 1000, "fatol": 1e-05, "xatol": 1e-10, "duration": 0.33223390579223633, "fun": "0.2617842539323513", "nit": "521", "nfev": "898", "status": "0", "success": "True", "message": "Optimization terminated successfully.", "x": "[4.88329158 6.29473208 1.07777092 5.7259195  1.71213373 1.86799011]", "final_simplex": "(array([[4.88329158, 6.29473208, 1.07777092, 5.7259195 , 1.71213373,\n        1.86799011],\n       [4.88329158, 6.29473208, 1.07777092, 5.7259195 , 1.71213373,\n        1.86799011],\n       [4.88329158, 6.29473208, 1.07777092, 5.7259195 , 1.71213373,\n        1.86799011],\n       [4.88329158, 6.29473208, 1.07777092, 5.7259195 , 1.71213373,\n        1.86799011],\n       [4.88329158, 6.29473208, 1.07777092, 5.7259195 , 1.71213373,\n        1.86799011],\n       [4.88329158, 6.29473208, 1.07777092, 5.7259195 , 1.71213373,\n        1.86799011],\n       [4.88329158, 6.29473208, 1.07777092, 5.7259195 , 1.71213373,\n        1.86799011]]), array([0.26178425, 0.26178425, 0.26178425, 0.26178425, 0.26178425,\n       0.26178425, 0.26178425]))", "callback": [0.9469401001812421, 0.6796583811150252, 0.507969358123159, 0.4820151332562701, 0.4036152925980654, 0.3540513644125457, 0.30938601505216556, 0.3085712442126455, 0.30681894251189046, 0.3051690318318381, 0.3015162717390597, 0.3006709383224031, 0.3002629076782779, 0.2999407841748025, 0.2989952652074075, 0.2965841108348646, 0.28558850410113634, 0.266291904582038, 0.2647154414253695, 0.2637273144074106, 0.26207244984088607, 0.26192047571845867, 0.2618458255469437, 0.2618060685217568, 0.2618038739777929, 0.26179480438981784, 0.26178973230334956, 0.2617859534593103, 0.26178490294973233, 0.26178435112763876, 0.26178431397136603, 0.26178428254806096, 0.2617842618445966, 0.261784257664598, 0.26178425634348257, 0.2617842543514687, 0.261784254122435, 0.2617842539984341, 0.2617842539549108, 0.26178425394153726, 0.261784253934885, 0.26178425393389404, 0.2617842539329869, 0.2617842539324854, 0.261784253932399, 0.2617842539323648, 0.2617842539323545, 0.2617842539323534, 0.2617842539323517, 0.2617842539323515, 0.2617842539323514, 0.2617842539323513, 0.2617842539323513]}, "10": {"maxiter": 1000, "fatol": 1e-10, "xatol": 1e-05, "duration": 0.20620322227478027, "fun": "0.2617842539389118", "nit": "399", "nfev": "644", "status": "0", "success": "True", "message": "Optimization terminated successfully.", "x": "[4.88329119 6.29473496 1.07776749 5.72592424 1.71214094 1.86798482]", "final_simplex": "(array([[4.88329119, 6.29473496, 1.07776749, 5.72592424, 1.71214094,\n        1.86798482],\n       [4.8832971 , 6.29473482, 1.07776889, 5.72592279, 1.71213419,\n        1.86798881],\n       [4.88329299, 6.29473863, 1.07777114, 5.72592282, 1.7121353 ,\n        1.86798474],\n       [4.88329233, 6.29473458, 1.07776715, 5.72592181, 1.71214748,\n        1.86797701],\n       [4.88329484, 6.29473614, 1.07776651, 5.72592011, 1.71214312,\n        1.86798344],\n       [4.88329697, 6.29473888, 1.0777766 , 5.72592147, 1.71213653,\n        1.86798267],\n       [4.88329504, 6.29473975, 1.07777148, 5.72592398, 1.71213987,\n        1.8679802 ]]), array([0.26178425, 0.26178425, 0.26178425, 0.26178425, 0.26178425,\n       0.26178425, 0.26178425]))", "callback": [0.9469401001812421, 0.6796583811150252, 0.507969358123159, 0.4820151332562701, 0.4036152925980654, 0.3540513644125457, 0.30938601505216556, 0.3085712442126455, 0.30681894251189046, 0.3051690318318381, 0.3015162717390597, 0.3006709383224031, 0.3002629076782779, 0.2999407841748025, 0.2989952652074075, 0.2965841108348646, 0.28558850410113634, 0.266291904582038, 0.2647154414253695, 0.2637273144074106, 0.26207244984088607, 0.26192047571845867, 0.2618458255469437, 0.2618060685217568, 0.2618038739777929, 0.26179480438981784, 0.26178973230334956, 0.2617859534593103, 0.26178490294973233, 0.26178435112763876, 0.26178431397136603, 0.26178428254806096, 0.2617842618445966, 0.261784257664598, 0.26178425634348257, 0.2617842543514687, 0.261784254122435, 0.2617842539984341, 0.2617842539549108, 0.26178425394153726]}, "11": {"maxiter": 1000, "fatol": 1e-10, "xatol": 1e-10, "duration": 0.2666189670562744, "fun": "0.2617842539323513", "nit": "521", "nfev": "898", "status": "0", "success": "True", "message": "Optimization terminated successfully.", "x": "[4.88329158 6.29473208 1.07777092 5.7259195  1.71213373 1.86799011]", "final_simplex": "(array([[4.88329158, 6.29473208, 1.07777092, 5.7259195 , 1.71213373,\n        1.86799011],\n       [4.88329158, 6.29473208, 1.07777092, 5.7259195 , 1.71213373,\n        1.86799011],\n       [4.88329158, 6.29473208, 1.07777092, 5.7259195 , 1.71213373,\n        1.86799011],\n       [4.88329158, 6.29473208, 1.07777092, 5.7259195 , 1.71213373,\n        1.86799011],\n       [4.88329158, 6.29473208, 1.07777092, 5.7259195 , 1.71213373,\n        1.86799011],\n       [4.88329158, 6.29473208, 1.07777092, 5.7259195 , 1.71213373,\n        1.86799011],\n       [4.88329158, 6.29473208, 1.07777092, 5.7259195 , 1.71213373,\n        1.86799011]]), array([0.26178425, 0.26178425, 0.26178425, 0.26178425, 0.26178425,\n       0.26178425, 0.26178425]))", "callback": [0.9469401001812421, 0.6796583811150252, 0.507969358123159, 0.4820151332562701, 0.4036152925980654, 0.3540513644125457, 0.30938601505216556, 0.3085712442126455, 0.30681894251189046, 0.3051690318318381, 0.3015162717390597, 0.3006709383224031, 0.3002629076782779, 0.2999407841748025, 0.2989952652074075, 0.2965841108348646, 0.28558850410113634, 0.266291904582038, 0.2647154414253695, 0.2637273144074106, 0.26207244984088607, 0.26192047571845867, 0.2618458255469437, 0.2618060685217568, 0.2618038739777929, 0.26179480438981784, 0.26178973230334956, 0.2617859534593103, 0.26178490294973233, 0.26178435112763876, 0.26178431397136603, 0.26178428254806096, 0.2617842618445966, 0.261784257664598, 0.26178425634348257, 0.2617842543514687, 0.261784254122435, 0.2617842539984341, 0.2617842539549108, 0.26178425394153726, 0.261784253934885, 0.26178425393389404, 0.2617842539329869, 0.2617842539324854, 0.261784253932399, 0.2617842539323648, 0.2617842539323545, 0.2617842539323534, 0.2617842539323517, 0.2617842539323515, 0.2617842539323514, 0.2617842539323513, 0.2617842539323513]}}, "bfgs": {"type": "gradient", "0": {"maxiter": 100, "gtol": 1e-05, "xrtol": 1e-05, "eps": 1e-05, "duration": 0.06770014762878418, "fun": "0.2617842539455466", "jac": "[ 1.18115517e-06  1.42507117e-06  8.86712925e-07  5.73019410e-07\n -5.81923398e-07 -5.50748336e-07]", "hess_inv": "[[  6.41254091   1.75749094   3.16601099  -0.42423521  -0.15714997\n   -2.12521452]\n [  1.75749094   4.07910136   1.41159586   0.15057501  -0.60110351\n   -1.93938211]\n [  3.16601099   1.41159586   5.43572488  -0.65401559  -2.58163246\n   -0.59321255]\n [ -0.42423521   0.15057501  -0.65401559   2.96160639   1.2771732\n   -1.00826341]\n [ -0.15714997  -0.60110351  -2.58163246   1.2771732   16.04372979\n  -13.09825625]\n [ -2.12521452  -1.93938211  -0.59321255  -1.00826341 -13.09825625\n   15.63442838]]", "nfev": "217", "njev": "31", "status": "0", "success": "True", "message": "Optimization terminated successfully.", "x": "[4.88329648 6.2947355  1.07777503 5.72591556 1.71212755 1.86798577]", "nit": "25", "callback": [0.6191576919448681, 0.6052380446675389, 0.4812250580103873, 0.38949019593075995, 0.3436157816846107, 0.32147857663622326, 0.31953369866363757, 0.3163627555644226, 0.31392439148180395, 0.3133482112684275, 0.31234294732604273, 0.31075003437267423, 0.30860387562582947, 0.30603624077252056, 0.3022018124273036, 0.2956567455306168, 0.28501495575446334, 0.2726185693886922, 0.2675352892816727, 0.2624492356786057, 0.2620375795778114, 0.2617862440308817, 0.2617844405910116, 0.2617842576339505, 0.2617842539455466]}, "1": {"maxiter": 100, "gtol": 1e-05, "xrtol": 1e-05, "eps": 1e-10, "duration": 0.07707786560058594, "fun": "0.26178425396445315", "jac": "[ 3.33066880e-06  2.22044587e-06  3.33066880e-06 -1.11022293e-06\n  2.22044587e-06  0.00000000e+00]", "hess_inv": "[[  6.37324266   1.73483214   3.13255305  -0.41957433  -0.10039043\n   -2.18042642]\n [  1.73483214   4.04956823   1.397399     0.15339904  -0.55684683\n   -1.96561595]\n [  3.13255305   1.397399     5.40770575  -0.65039557  -2.55352729\n   -0.62709029]\n [ -0.41957433   0.15339904  -0.65039557   2.98322419   1.35022476\n   -1.08270324]\n [ -0.10039043  -0.55684683  -2.55352729   1.35022476  16.24482811\n  -13.32202418]\n [ -2.18042642  -1.96561595  -0.62709029  -1.08270324 -13.32202418\n   15.8656211 ]]", "nfev": "217", "njev": "31", "status": "0", "success": "True", "message": "Optimization terminated successfully.", "x": "[4.88329492 6.29473102 1.077775   5.72590766 1.71211813 1.86799811]", "nit": "25", "callback": [0.6191626602201133, 0.6052435245604572, 0.4812341628737047, 0.38948498974938905, 0.34361764303827114, 0.32147835347464415, 0.31953369803916, 0.31636260707329955, 0.31392433721658175, 0.31334834802579115, 0.31234340297228136, 0.3107508965830138, 0.30860443288414063, 0.30603718880594066, 0.30219659718937697, 0.29564020487912335, 0.2849849306247171, 0.27259952839303414, 0.26751451862043163, 0.2624460793954374, 0.2620375516435687, 0.2617862508676445, 0.2617844450570199, 0.26178425754712864, 0.26178425396445315]}, "2": {"maxiter": 100, "gtol": 1e-05, "xrtol": 1e-10, "eps": 1e-05, "duration": 0.07231998443603516, "fun": "0.2617842539455466", "jac": "[ 1.18115517e-06  1.42507117e-06  8.86712925e-07  5.73019410e-07\n -5.81923398e-07 -5.50748336e-07]", "hess_inv": "[[  6.41254091   1.75749094   3.16601099  -0.42423521  -0.15714997\n   -2.12521452]\n [  1.75749094   4.07910136   1.41159586   0.15057501  -0.60110351\n   -1.93938211]\n [  3.16601099   1.41159586   5.43572488  -0.65401559  -2.58163246\n   -0.59321255]\n [ -0.42423521   0.15057501  -0.65401559   2.96160639   1.2771732\n   -1.00826341]\n [ -0.15714997  -0.60110351  -2.58163246   1.2771732   16.04372979\n  -13.09825625]\n [ -2.12521452  -1.93938211  -0.59321255  -1.00826341 -13.09825625\n   15.63442838]]", "nfev": "217", "njev": "31", "status": "0", "success": "True", "message": "Optimization terminated successfully.", "x": "[4.88329648 6.2947355  1.07777503 5.72591556 1.71212755 1.86798577]", "nit": "25", "callback": [0.6191576919448681, 0.6052380446675389, 0.4812250580103873, 0.38949019593075995, 0.3436157816846107, 0.32147857663622326, 0.31953369866363757, 0.3163627555644226, 0.31392439148180395, 0.3133482112684275, 0.31234294732604273, 0.31075003437267423, 0.30860387562582947, 0.30603624077252056, 0.3022018124273036, 0.2956567455306168, 0.28501495575446334, 0.2726185693886922, 0.2675352892816727, 0.2624492356786057, 0.2620375795778114, 0.2617862440308817, 0.2617844405910116, 0.2617842576339505, 0.2617842539455466]}, "3": {"maxiter": 100, "gtol": 1e-05, "xrtol": 1e-10, "eps": 1e-10, "duration": 0.07021498680114746, "fun": "0.26178425396445315", "jac": "[ 3.33066880e-06  2.22044587e-06  3.33066880e-06 -1.11022293e-06\n  2.22044587e-06  0.00000000e+00]", "hess_inv": "[[  6.37324266   1.73483214   3.13255305  -0.41957433  -0.10039043\n   -2.18042642]\n [  1.73483214   4.04956823   1.397399     0.15339904  -0.55684683\n   -1.96561595]\n [  3.13255305   1.397399     5.40770575  -0.65039557  -2.55352729\n   -0.62709029]\n [ -0.41957433   0.15339904  -0.65039557   2.98322419   1.35022476\n   -1.08270324]\n [ -0.10039043  -0.55684683  -2.55352729   1.35022476  16.24482811\n  -13.32202418]\n [ -2.18042642  -1.96561595  -0.62709029  -1.08270324 -13.32202418\n   15.8656211 ]]", "nfev": "217", "njev": "31", "status": "0", "success": "True", "message": "Optimization terminated successfully.", "x": "[4.88329492 6.29473102 1.077775   5.72590766 1.71211813 1.86799811]", "nit": "25", "callback": [0.6191626602201133, 0.6052435245604572, 0.4812341628737047, 0.38948498974938905, 0.34361764303827114, 0.32147835347464415, 0.31953369803916, 0.31636260707329955, 0.31392433721658175, 0.31334834802579115, 0.31234340297228136, 0.3107508965830138, 0.30860443288414063, 0.30603718880594066, 0.30219659718937697, 0.29564020487912335, 0.2849849306247171, 0.27259952839303414, 0.26751451862043163, 0.2624460793954374, 0.2620375516435687, 0.2617862508676445, 0.2617844450570199, 0.26178425754712864, 0.26178425396445315]}, "4": {"maxiter": 100, "gtol": 1e-10, "xrtol": 1e-05, "eps": 1e-05, "duration": 0.08350110054016113, "fun": "0.26178425394245486", "jac": "[ 9.31932309e-07  1.01121334e-06  5.98110450e-07  4.15578683e-07\n -4.24738023e-07 -4.19186907e-07]", "hess_inv": "[[  6.18834783   1.53015321   2.88673893  -0.47482766  -0.28985477\n   -1.80421102]\n [  1.53015321   3.8754166    1.16954594   0.11865641  -0.63504771\n   -1.71131721]\n [  2.88673893   1.16954594   5.15089503  -0.68732904  -2.59272002\n   -0.34269061]\n [ -0.47482766   0.11865641  -0.68732904   2.96418706   1.31988959\n   -1.00619045]\n [ -0.28985477  -0.63504771  -2.59272002   1.31988959  16.34238201\n  -13.27352642]\n [ -1.80421102  -1.71131721  -0.34269061  -1.00619045 -13.27352642\n   15.52854223]]", "nfev": "231", "njev": "33", "status": "0", "success": "True", "message": "Optimization terminated successfully.", "x": "[4.88329296 6.29473285 1.07777205 5.72591543 1.71212891 1.86798748]", "nit": "26", "callback": [0.6191576919448681, 0.6052380446675389, 0.4812250580103873, 0.38949019593075995, 0.3436157816846107, 0.32147857663622326, 0.31953369866363757, 0.3163627555644226, 0.31392439148180395, 0.3133482112684275, 0.31234294732604273, 0.31075003437267423, 0.30860387562582947, 0.30603624077252056, 0.3022018124273036, 0.2956567455306168, 0.28501495575446334, 0.2726185693886922, 0.2675352892816727, 0.2624492356786057, 0.2620375795778114, 0.2617862440308817, 0.2617844405910116, 0.2617842576339505, 0.2617842539455466, 0.26178425394245486]}, "5": {"maxiter": 100, "gtol": 1e-10, "xrtol": 1e-05, "eps": 1e-10, "duration": 0.08049607276916504, "fun": "0.26178425396444327", "jac": "[ 1.11022293e-06 -2.22044587e-06  2.22044587e-06 -5.55111466e-06\n -2.22044587e-06 -3.33066880e-06]", "hess_inv": "[[  5.84785478   1.28821659   2.4975789   -0.4558956   -0.66334244\n   -1.30098846]\n [  1.28821659   3.81131611   1.04743024   0.19117126  -0.87755397\n   -1.42089041]\n [  2.4975789    1.04743024   4.89505869  -0.60214723  -3.0220323\n    0.16348875]\n [ -0.4558956    0.19117126  -0.60214723   3.01404042   1.38793515\n   -1.12038876]\n [ -0.66334244  -0.87755397  -3.0220323    1.38793515  15.81781674\n  -12.60614849]\n [ -1.30098846  -1.42089041   0.16348875  -1.12038876 -12.60614849\n   14.68456585]]", "nfev": "252", "njev": "36", "status": "0", "success": "True", "message": "Optimization terminated successfully.", "x": "[4.88329457 6.29473086 1.07777476 5.7259077  1.71211791 1.8679985 ]", "nit": "26", "callback": [0.6191626602201133, 0.6052435245604572, 0.4812341628737047, 0.38948498974938905, 0.34361764303827114, 0.32147835347464415, 0.31953369803916, 0.31636260707329955, 0.31392433721658175, 0.31334834802579115, 0.31234340297228136, 0.3107508965830138, 0.30860443288414063, 0.30603718880594066, 0.30219659718937697, 0.29564020487912335, 0.2849849306247171, 0.27259952839303414, 0.26751451862043163, 0.2624460793954374, 0.2620375516435687, 0.2617862508676445, 0.2617844450570199, 0.26178425754712864, 0.26178425396445315, 0.26178425396444327]}, "6": {"maxiter": 100, "gtol": 1e-10, "xrtol": 1e-10, "eps": 1e-05, "duration": 0.1424119472503662, "fun": "0.26178425394221483", "jac": "[ 7.16704474e-07  7.61801733e-07  4.38082903e-07  3.09707815e-07\n -3.20388160e-07 -3.18056692e-07]", "hess_inv": "[[  6.93738388   1.77102957   3.06087782  -0.46621704   0.04074875\n   -2.40657235]\n [  1.77102957   3.82303891   1.043431     0.11443979  -0.28062136\n   -2.00165211]\n [  3.06087782   1.043431     4.93515701  -0.69538259  -2.16765386\n   -0.61803861]\n [ -0.46621704   0.11443979  -0.69538259   2.96382592   1.33710517\n   -1.01824111]\n [  0.04074875  -0.28062136  -2.16765386   1.33710517  16.01413393\n  -13.35480481]\n [ -2.40657235  -2.00165211  -0.61803861  -1.01824111 -13.35480481\n   15.94097834]]", "nfev": "446", "njev": "62", "status": "2", "success": "False", "message": "Desired error not necessarily achieved due to precision loss.", "x": "[4.88329034 6.2947311  1.07777012 5.72591533 1.71212949 1.86798892]", "nit": "27", "callback": [0.6191576919448681, 0.6052380446675389, 0.4812250580103873, 0.38949019593075995, 0.3436157816846107, 0.32147857663622326, 0.31953369866363757, 0.3163627555644226, 0.31392439148180395, 0.3133482112684275, 0.31234294732604273, 0.31075003437267423, 0.30860387562582947, 0.30603624077252056, 0.3022018124273036, 0.2956567455306168, 0.28501495575446334, 0.2726185693886922, 0.2675352892816727, 0.2624492356786057, 0.2620375795778114, 0.2617862440308817, 0.2617844405910116, 0.2617842576339505, 0.2617842539455466, 0.26178425394245486, 0.26178425394221483]}, "7": {"maxiter": 100, "gtol": 1e-10, "xrtol": 1e-10, "eps": 1e-10, "duration": 0.11691999435424805, "fun": "0.261784253964076", "jac": "[ 0.00000000e+00  0.00000000e+00  1.11022293e-06 -1.11022293e-06\n  0.00000000e+00  0.00000000e+00]", "hess_inv": "[[ 0.00735859 -0.01985319 -0.00386979  0.00905751  0.01117313  0.00027807]\n [-0.01985319  0.05568462  0.01031968 -0.02766914 -0.02857479 -0.00054343]\n [-0.00386979  0.01031968  0.00267353 -0.00472692 -0.00543617 -0.00014272]\n [ 0.00905751 -0.02766914 -0.00472692  0.01743061  0.01029269 -0.00039429]\n [ 0.01117313 -0.02857479 -0.00543617  0.01029269  0.02035527  0.0006018 ]\n [ 0.00027807 -0.00054343 -0.00014272 -0.00039429  0.0006018   0.00037229]]", "nfev": "371", "njev": "53", "status": "0", "success": "True", "message": "Optimization terminated successfully.", "x": "[4.88329465 6.29473063 1.07777471 5.72590781 1.71211802 1.8679985 ]", "nit": "35", "callback": [0.6191626602201133, 0.6052435245604572, 0.4812341628737047, 0.38948498974938905, 0.34361764303827114, 0.32147835347464415, 0.31953369803916, 0.31636260707329955, 0.31392433721658175, 0.31334834802579115, 0.31234340297228136, 0.3107508965830138, 0.30860443288414063, 0.30603718880594066, 0.30219659718937697, 0.29564020487912335, 0.2849849306247171, 0.27259952839303414, 0.26751451862043163, 0.2624460793954374, 0.2620375516435687, 0.2617862508676445, 0.2617844450570199, 0.26178425754712864, 0.26178425396445315, 0.26178425396444327, 0.2617842539644377, 0.2617842539644337, 0.26178425396442884, 0.2617842539644226, 0.26178425396441307, 0.261784253964393, 0.26178425396436333, 0.261784253964076, 0.261784253964076]}, "8": {"maxiter": 500, "gtol": 1e-05, "xrtol": 1e-05, "eps": 1e-05, "duration": 0.062399864196777344, "fun": "0.2617842539455466", "jac": "[ 1.18115517e-06  1.42507117e-06  8.86712925e-07  5.73019410e-07\n -5.81923398e-07 -5.50748336e-07]", "hess_inv": "[[  6.41254091   1.75749094   3.16601099  -0.42423521  -0.15714997\n   -2.12521452]\n [  1.75749094   4.07910136   1.41159586   0.15057501  -0.60110351\n   -1.93938211]\n [  3.16601099   1.41159586   5.43572488  -0.65401559  -2.58163246\n   -0.59321255]\n [ -0.42423521   0.15057501  -0.65401559   2.96160639   1.2771732\n   -1.00826341]\n [ -0.15714997  -0.60110351  -2.58163246   1.2771732   16.04372979\n  -13.09825625]\n [ -2.12521452  -1.93938211  -0.59321255  -1.00826341 -13.09825625\n   15.63442838]]", "nfev": "217", "njev": "31", "status": "0", "success": "True", "message": "Optimization terminated successfully.", "x": "[4.88329648 6.2947355  1.07777503 5.72591556 1.71212755 1.86798577]", "nit": "25", "callback": [0.6191576919448681, 0.6052380446675389, 0.4812250580103873, 0.38949019593075995, 0.3436157816846107, 0.32147857663622326, 0.31953369866363757, 0.3163627555644226, 0.31392439148180395, 0.3133482112684275, 0.31234294732604273, 0.31075003437267423, 0.30860387562582947, 0.30603624077252056, 0.3022018124273036, 0.2956567455306168, 0.28501495575446334, 0.2726185693886922, 0.2675352892816727, 0.2624492356786057, 0.2620375795778114, 0.2617862440308817, 0.2617844405910116, 0.2617842576339505, 0.2617842539455466]}, "9": {"maxiter": 500, "gtol": 1e-05, "xrtol": 1e-05, "eps": 1e-10, "duration": 0.06993985176086426, "fun": "0.26178425396445315", "jac": "[ 3.33066880e-06  2.22044587e-06  3.33066880e-06 -1.11022293e-06\n  2.22044587e-06  0.00000000e+00]", "hess_inv": "[[  6.37324266   1.73483214   3.13255305  -0.41957433  -0.10039043\n   -2.18042642]\n [  1.73483214   4.04956823   1.397399     0.15339904  -0.55684683\n   -1.96561595]\n [  3.13255305   1.397399     5.40770575  -0.65039557  -2.55352729\n   -0.62709029]\n [ -0.41957433   0.15339904  -0.65039557   2.98322419   1.35022476\n   -1.08270324]\n [ -0.10039043  -0.55684683  -2.55352729   1.35022476  16.24482811\n  -13.32202418]\n [ -2.18042642  -1.96561595  -0.62709029  -1.08270324 -13.32202418\n   15.8656211 ]]", "nfev": "217", "njev": "31", "status": "0", "success": "True", "message": "Optimization terminated successfully.", "x": "[4.88329492 6.29473102 1.077775   5.72590766 1.71211813 1.86799811]", "nit": "25", "callback": [0.6191626602201133, 0.6052435245604572, 0.4812341628737047, 0.38948498974938905, 0.34361764303827114, 0.32147835347464415, 0.31953369803916, 0.31636260707329955, 0.31392433721658175, 0.31334834802579115, 0.31234340297228136, 0.3107508965830138, 0.30860443288414063, 0.30603718880594066, 0.30219659718937697, 0.29564020487912335, 0.2849849306247171, 0.27259952839303414, 0.26751451862043163, 0.2624460793954374, 0.2620375516435687, 0.2617862508676445, 0.2617844450570199, 0.26178425754712864, 0.26178425396445315]}, "10": {"maxiter": 500, "gtol": 1e-05, "xrtol": 1e-10, "eps": 1e-05, "duration": 0.0654449462890625, "fun": "0.2617842539455466", "jac": "[ 1.18115517e-06  1.42507117e-06  8.86712925e-07  5.73019410e-07\n -5.81923398e-07 -5.50748336e-07]", "hess_inv": "[[  6.41254091   1.75749094   3.16601099  -0.42423521  -0.15714997\n   -2.12521452]\n [  1.75749094   4.07910136   1.41159586   0.15057501  -0.60110351\n   -1.93938211]\n [  3.16601099   1.41159586   5.43572488  -0.65401559  -2.58163246\n   -0.59321255]\n [ -0.42423521   0.15057501  -0.65401559   2.96160639   1.2771732\n   -1.00826341]\n [ -0.15714997  -0.60110351  -2.58163246   1.2771732   16.04372979\n  -13.09825625]\n [ -2.12521452  -1.93938211  -0.59321255  -1.00826341 -13.09825625\n   15.63442838]]", "nfev": "217", "njev": "31", "status": "0", "success": "True", "message": "Optimization terminated successfully.", "x": "[4.88329648 6.2947355  1.07777503 5.72591556 1.71212755 1.86798577]", "nit": "25", "callback": [0.6191576919448681, 0.6052380446675389, 0.4812250580103873, 0.38949019593075995, 0.3436157816846107, 0.32147857663622326, 0.31953369866363757, 0.3163627555644226, 0.31392439148180395, 0.3133482112684275, 0.31234294732604273, 0.31075003437267423, 0.30860387562582947, 0.30603624077252056, 0.3022018124273036, 0.2956567455306168, 0.28501495575446334, 0.2726185693886922, 0.2675352892816727, 0.2624492356786057, 0.2620375795778114, 0.2617862440308817, 0.2617844405910116, 0.2617842576339505, 0.2617842539455466]}, "11": {"maxiter": 500, "gtol": 1e-05, "xrtol": 1e-10, "eps": 1e-10, "duration": 0.06252622604370117, "fun": "0.26178425396445315", "jac": "[ 3.33066880e-06  2.22044587e-06  3.33066880e-06 -1.11022293e-06\n  2.22044587e-06  0.00000000e+00]", "hess_inv": "[[  6.37324266   1.73483214   3.13255305  -0.41957433  -0.10039043\n   -2.18042642]\n [  1.73483214   4.04956823   1.397399     0.15339904  -0.55684683\n   -1.96561595]\n [  3.13255305   1.397399     5.40770575  -0.65039557  -2.55352729\n   -0.62709029]\n [ -0.41957433   0.15339904  -0.65039557   2.98322419   1.35022476\n   -1.08270324]\n [ -0.10039043  -0.55684683  -2.55352729   1.35022476  16.24482811\n  -13.32202418]\n [ -2.18042642  -1.96561595  -0.62709029  -1.08270324 -13.32202418\n   15.8656211 ]]", "nfev": "217", "njev": "31", "status": "0", "success": "True", "message": "Optimization terminated successfully.", "x": "[4.88329492 6.29473102 1.077775   5.72590766 1.71211813 1.86799811]", "nit": "25", "