{"date": "2024/09/24/, 18:00:07", "conf_id": 15, "data_type": "random\n", "num_data_points": 1, "s_rank": 0, "unitary": "[[-0.45070455-0.02711853j,0.78437395-0.06613086j,0.06358678+0.19963393j,-0.07343613+0.35668523j],[-0.01890143-0.03813363j,0.32408202+0.25557629j,0.05872864-0.68979805j,0.55466693-0.20227297j],[-0.11215405+0.64023111j,-0.13344055+0.29565494j,-0.49012687-0.19046288j,-0.04241254+0.44046348j],[0.55771659+0.24656916j,0.31851997-0.05798805j,0.28761525-0.34294258j,-0.56718418+0.03616933j]]", "databatch_0": {"databatch": "[[[0.04825078-0.04281163j,-0.22970037+0.12409915j,0.28065501-0.24073082j,-0.0622342+0.24174145j],[-0.01314943+0.20267982j,0.01947458-0.11997878j,0.01982135-0.02196487j,-0.14900793+0.04154397j],[0.0443335+0.0269559j,-0.33889203-0.16919102j,-0.04412654+0.20506365j,-0.29372605-0.01268455j],[-0.00935639-0.18411391j,0.4502821-0.09271809j,0.21673413-0.1612324j,-0.22621694+0.04165805j]]]", "initial param values": "[5.12897903,0.88251438,3.16577463,5.70922622,4.24480892,4.7126218]", "nelder_mead": {"type": "gradient-free", "0": {"maxiter": 100, "fatol": 1e-05, "xatol": 1e-05, "duration": 0.029021739959716797, "fun": "0.2543942347878059", "nit": "100", "nfev": "155", "status": "2", "success": "False", "message": "Maximum number of iterations has been exceeded.", "x": "[7.49414259 1.0741592  1.14023189 7.93470976 4.38786997 4.38979417]", "final_simplex": "(array([[7.49414259, 1.0741592 , 1.14023189, 7.93470976, 4.38786997,\n        4.38979417],\n       [7.51279096, 1.05052633, 1.35364706, 7.91231793, 4.57911876,\n        4.25851255],\n       [7.47984753, 0.98755256, 1.41202218, 7.84456277, 4.45794529,\n        4.33443682],\n       [7.44372786, 1.08254765, 1.21329819, 7.93727821, 4.45365368,\n        4.49842908],\n       [7.53566157, 1.0599403 , 1.21249074, 7.99611543, 4.46103892,\n        4.39326983],\n       [7.46375912, 1.08203308, 1.27949847, 8.07008379, 4.37910418,\n        4.29567812],\n       [7.33231594, 0.94817717, 1.27980188, 7.85181396, 4.46036645,\n        4.42588742]]), array([0.25439423, 0.25665031, 0.25725196, 0.25768705, 0.25992901,\n       0.25993168, 0.26264602]))", "callback": [0.9015119427449251, 0.7308513481895585, 0.40863786041277816, 0.3209141811023458, 0.3033424210301737, 0.2967149918064581, 0.29257229962139064, 0.283237785820751, 0.2787547790883276, 0.26519246452779277]}, "1": {"maxiter": 100, "fatol": 1e-05, "xatol": 1e-10, "duration": 0.029185056686401367, "fun": "0.2543942347878059", "nit": "100", "nfev": "155", "status": "2", "success": "False", "message": "Maximum number of iterations has been exceeded.", "x": "[7.49414259 1.0741592  1.14023189 7.93470976 4.38786997 4.38979417]", "final_simplex": "(array([[7.49414259, 1.0741592 , 1.14023189, 7.93470976, 4.38786997,\n        4.38979417],\n       [7.51279096, 1.05052633, 1.35364706, 7.91231793, 4.57911876,\n        4.25851255],\n       [7.47984753, 0.98755256, 1.41202218, 7.84456277, 4.45794529,\n        4.33443682],\n       [7.44372786, 1.08254765, 1.21329819, 7.93727821, 4.45365368,\n        4.49842908],\n       [7.53566157, 1.0599403 , 1.21249074, 7.99611543, 4.46103892,\n        4.39326983],\n       [7.46375912, 1.08203308, 1.27949847, 8.07008379, 4.37910418,\n        4.29567812],\n       [7.33231594, 0.94817717, 1.27980188, 7.85181396, 4.46036645,\n        4.42588742]]), array([0.25439423, 0.25665031, 0.25725196, 0.25768705, 0.25992901,\n       0.25993168, 0.26264602]))", "callback": [0.9015119427449251, 0.7308513481895585, 0.40863786041277816, 0.3209141811023458, 0.3033424210301737, 0.2967149918064581, 0.29257229962139064, 0.283237785820751, 0.2787547790883276, 0.26519246452779277]}, "2": {"maxiter": 100, "fatol": 1e-10, "xatol": 1e-05, "duration": 0.028667211532592773, "fun": "0.2543942347878059", "nit": "100", "nfev": "155", "status": "2", "success": "False", "message": "Maximum number of iterations has been exceeded.", "x": "[7.49414259 1.0741592  1.14023189 7.93470976 4.38786997 4.38979417]", "final_simplex": "(array([[7.49414259, 1.0741592 , 1.14023189, 7.93470976, 4.38786997,\n        4.38979417],\n       [7.51279096, 1.05052633, 1.35364706, 7.91231793, 4.57911876,\n        4.25851255],\n       [7.47984753, 0.98755256, 1.41202218, 7.84456277, 4.45794529,\n        4.33443682],\n       [7.44372786, 1.08254765, 1.21329819, 7.93727821, 4.45365368,\n        4.49842908],\n       [7.53566157, 1.0599403 , 1.21249074, 7.99611543, 4.46103892,\n        4.39326983],\n       [7.46375912, 1.08203308, 1.27949847, 8.07008379, 4.37910418,\n        4.29567812],\n       [7.33231594, 0.94817717, 1.27980188, 7.85181396, 4.46036645,\n        4.42588742]]), array([0.25439423, 0.25665031, 0.25725196, 0.25768705, 0.25992901,\n       0.25993168, 0.26264602]))", "callback": [0.9015119427449251, 0.7308513481895585, 0.40863786041277816, 0.3209141811023458, 0.3033424210301737, 0.2967149918064581, 0.29257229962139064, 0.283237785820751, 0.2787547790883276, 0.26519246452779277]}, "3": {"maxiter": 100, "fatol": 1e-10, "xatol": 1e-10, "duration": 0.02699589729309082, "fun": "0.2543942347878059", "nit": "100", "nfev": "155", "status": "2", "success": "False", "message": "Maximum number of iterations has been exceeded.", "x": "[7.49414259 1.0741592  1.14023189 7.93470976 4.38786997 4.38979417]", "final_simplex": "(array([[7.49414259, 1.0741592 , 1.14023189, 7.93470976, 4.38786997,\n        4.38979417],\n       [7.51279096, 1.05052633, 1.35364706, 7.91231793, 4.57911876,\n        4.25851255],\n       [7.47984753, 0.98755256, 1.41202218, 7.84456277, 4.45794529,\n        4.33443682],\n       [7.44372786, 1.08254765, 1.21329819, 7.93727821, 4.45365368,\n        4.49842908],\n       [7.53566157, 1.0599403 , 1.21249074, 7.99611543, 4.46103892,\n        4.39326983],\n       [7.46375912, 1.08203308, 1.27949847, 8.07008379, 4.37910418,\n        4.29567812],\n       [7.33231594, 0.94817717, 1.27980188, 7.85181396, 4.46036645,\n        4.42588742]]), array([0.25439423, 0.25665031, 0.25725196, 0.25768705, 0.25992901,\n       0.25993168, 0.26264602]))", "callback": [0.9015119427449251, 0.7308513481895585, 0.40863786041277816, 0.3209141811023458, 0.3033424210301737, 0.2967149918064581, 0.29257229962139064, 0.283237785820751, 0.2787547790883276, 0.26519246452779277]}, "4": {"maxiter": 500, "fatol": 1e-05, "xatol": 1e-05, "duration": 0.09026193618774414, "fun": "0.2282119208063007", "nit": "324", "nfev": "510", "status": "0", "success": "True", "message": "Optimization terminated successfully.", "x": "[7.50762461 1.50366497 1.08797976 7.78915265 4.41398146 4.16379045]", "final_simplex": "(array([[7.50762461, 1.50366497, 1.08797976, 7.78915265, 4.41398146,\n        4.16379045],\n       [7.50762099, 1.50366459, 1.08798326, 7.78915521, 4.41398823,\n        4.1637868 ],\n       [7.50762081, 1.50366758, 1.08798203, 7.78915039, 4.41398734,\n        4.16378498],\n       [7.50761924, 1.50366555, 1.08797916, 7.78915088, 4.41398329,\n        4.16378919],\n       [7.50761916, 1.50366171, 1.0879883 , 7.78915256, 4.4139879 ,\n        4.16378695],\n       [7.50762128, 1.50366003, 1.08797883, 7.78915278, 4.41398438,\n        4.16378688],\n       [7.5076183 , 1.50366438, 1.08798066, 7.78915502, 4.41398283,\n        4.16378431]]), array([0.22821192, 0.22821192, 0.22821192, 0.22821192, 0.22821192,\n       0.22821192, 0.22821192]))", "callback": [0.9015119427449251, 0.7308513481895585, 0.40863786041277816, 0.3209141811023458, 0.3033424210301737, 0.2967149918064581, 0.29257229962139064, 0.283237785820751, 0.2787547790883276, 0.26519246452779277, 0.2543942347878059, 0.23982527780415352, 0.23384514841420156, 0.23032169548411086, 0.23032169548411086, 0.22847339519625343, 0.2283575298797973, 0.22822612073327941, 0.22821613679584674, 0.2282129833085461, 0.22821226330751632, 0.22821204721451027, 0.22821198265181575, 0.2282119624623471, 0.22821194741072404, 0.22821193231092018, 0.2282119259295643, 0.22821192380926725, 0.22821192200373563, 0.22821192117000522, 0.22821192089203968, 0.22821192082066388, 0.2282119208063007]}, "5": {"maxiter": 500, "fatol": 1e-05, "xatol": 1e-10, "duration": 0.1288759708404541, "fun": "0.22821192080313124", "nit": "426", "nfev": "731", "status": "0", "success": "True", "message": "Optimization terminated successfully.", "x": "[7.50762341 1.50366446 1.08798238 7.7891535  4.41398443 4.16378648]", "final_simplex": "(array([[7.50762341, 1.50366446, 1.08798238, 7.7891535 , 4.41398443,\n        4.16378648],\n       [7.50762341, 1.50366446, 1.08798238, 7.7891535 , 4.41398443,\n        4.16378648],\n       [7.50762341, 1.50366446, 1.08798238, 7.7891535 , 4.41398443,\n        4.16378648],\n       [7.50762341, 1.50366446, 1.08798238, 7.7891535 , 4.41398443,\n        4.16378648],\n       [7.50762341, 1.50366446, 1.08798238, 7.7891535 , 4.41398443,\n        4.16378648],\n       [7.50762341, 1.50366446, 1.08798238, 7.7891535 , 4.41398443,\n        4.16378648],\n       [7.50762341, 1.50366446, 1.08798238, 7.7891535 , 4.41398443,\n        4.16378648]]), array([0.22821192, 0.22821192, 0.22821192, 0.22821192, 0.22821192,\n       0.22821192, 0.22821192]))", "callback": [0.9015119427449251, 0.7308513481895585, 0.40863786041277816, 0.3209141811023458, 0.3033424210301737, 0.2967149918064581, 0.29257229962139064, 0.283237785820751, 0.2787547790883276, 0.26519246452779277, 0.2543942347878059, 0.23982527780415352, 0.23384514841420156, 0.23032169548411086, 0.23032169548411086, 0.22847339519625343, 0.2283575298797973, 0.22822612073327941, 0.22821613679584674, 0.2282129833085461, 0.22821226330751632, 0.22821204721451027, 0.22821198265181575, 0.2282119624623471, 0.22821194741072404, 0.22821193231092018, 0.2282119259295643, 0.22821192380926725, 0.22821192200373563, 0.22821192117000522, 0.22821192089203968, 0.22821192082066388, 0.2282119208063007, 0.2282119208041068, 0.22821192080340846, 0.22821192080326602, 0.22821192080315233, 0.22821192080313701, 0.22821192080313268, 0.2282119208031318, 0.22821192080313124, 0.22821192080313124, 0.22821192080313124]}, "6": {"maxiter": 500, "fatol": 1e-10, "xatol": 1e-05, "duration": 0.08946681022644043, "fun": "0.2282119208063007", "nit": "324", "nfev": "510", "status": "0", "success": "True", "message": "Optimization terminated successfully.", "x": "[7.50762461 1.50366497 1.08797976 7.78915265 4.41398146 4.16379045]", "final_simplex": "(array([[7.50762461, 1.50366497, 1.08797976, 7.78915265, 4.41398146,\n        4.16379045],\n       [7.50762099, 1.50366459, 1.08798326, 7.78915521, 4.41398823,\n        4.1637868 ],\n       [7.50762081, 1.50366758, 1.08798203, 7.78915039, 4.41398734,\n        4.16378498],\n       [7.50761924, 1.50366555, 1.08797916, 7.78915088, 4.41398329,\n        4.16378919],\n       [7.50761916, 1.50366171, 1.0879883 , 7.78915256, 4.4139879 ,\n        4.16378695],\n       [7.50762128, 1.50366003, 1.08797883, 7.78915278, 4.41398438,\n        4.16378688],\n       [7.5076183 , 1.50366438, 1.08798066, 7.78915502, 4.41398283,\n        4.16378431]]), array([0.22821192, 0.22821192, 0.22821192, 0.22821192, 0.22821192,\n       0.22821192, 0.22821192]))", "callback": [0.9015119427449251, 0.7308513481895585, 0.40863786041277816, 0.3209141811023458, 0.3033424210301737, 0.2967149918064581, 0.29257229962139064, 0.283237785820751, 0.2787547790883276, 0.26519246452779277, 0.2543942347878059, 0.23982527780415352, 0.23384514841420156, 0.23032169548411086, 0.23032169548411086, 0.22847339519625343, 0.2283575298797973, 0.22822612073327941, 0.22821613679584674, 0.2282129833085461, 0.22821226330751632, 0.22821204721451027, 0.22821198265181575, 0.2282119624623471, 0.22821194741072404, 0.22821193231092018, 0.2282119259295643, 0.22821192380926725, 0.22821192200373563, 0.22821192117000522, 0.22821192089203968, 0.22821192082066388, 0.2282119208063007]}, "7": {"maxiter": 500, "fatol": 1e-10, "xatol": 1e-10, "duration": 0.12797188758850098, "fun": "0.22821192080313124", "nit": "426", "nfev": "731", "status": "0", "success": "True", "message": "Optimization terminated successfully.", "x": "[7.50762341 1.50366446 1.08798238 7.7891535  4.41398443 4.16378648]", "final_simplex": "(array([[7.50762341, 1.50366446, 1.08798238, 7.7891535 , 4.41398443,\n        4.16378648],\n       [7.50762341, 1.50366446, 1.08798238, 7.7891535 , 4.41398443,\n        4.16378648],\n       [7.50762341, 1.50366446, 1.08798238, 7.7891535 , 4.41398443,\n        4.16378648],\n       [7.50762341, 1.50366446, 1.08798238, 7.7891535 , 4.41398443,\n        4.16378648],\n       [7.50762341, 1.50366446, 1.08798238, 7.7891535 , 4.41398443,\n        4.16378648],\n       [7.50762341, 1.50366446, 1.08798238, 7.7891535 , 4.41398443,\n        4.16378648],\n       [7.50762341, 1.50366446, 1.08798238, 7.7891535 , 4.41398443,\n        4.16378648]]), array([0.22821192, 0.22821192, 0.22821192, 0.22821192, 0.22821192,\n       0.22821192, 0.22821192]))", "callback": [0.9015119427449251, 0.7308513481895585, 0.40863786041277816, 0.3209141811023458, 0.3033424210301737, 0.2967149918064581, 0.29257229962139064, 0.283237785820751, 0.2787547790883276, 0.26519246452779277, 0.2543942347878059, 0.23982527780415352, 0.23384514841420156, 0.23032169548411086, 0.23032169548411086, 0.22847339519625343, 0.2283575298797973, 0.22822612073327941, 0.22821613679584674, 0.2282129833085461, 0.22821226330751632, 0.22821204721451027, 0.22821198265181575, 0.2282119624623471, 0.22821194741072404, 0.22821193231092018, 0.2282119259295643, 0.22821192380926725, 0.22821192200373563, 0.22821192117000522, 0.22821192089203968, 0.22821192082066388, 0.2282119208063007, 0.2282119208041068, 0.22821192080340846, 0.22821192080326602, 0.22821192080315233, 0.22821192080313701, 0.22821192080313268, 0.2282119208031318, 0.22821192080313124, 0.22821192080313124, 0.22821192080313124]}, "8": {"maxiter": 1000, "fatol": 1e-05, "xatol": 1e-05, "duration": 0.0934600830078125, "fun": "0.2282119208063007", "nit": "324", "nfev": "510", "status": "0", "success": "True", "message": "Optimization terminated successfully.", "x": "[7.50762461 1.50366497 1.08797976 7.78915265 4.41398146 4.16379045]", "final_simplex": "(array([[7.50762461, 1.50366497, 1.08797976, 7.78915265, 4.41398146,\n        4.16379045],\n       [7.50762099, 1.50366459, 1.08798326, 7.78915521, 4.41398823,\n        4.1637868 ],\n       [7.50762081, 1.50366758, 1.08798203, 7.78915039, 4.41398734,\n        4.16378498],\n       [7.50761924, 1.50366555, 1.08797916, 7.78915088, 4.41398329,\n        4.16378919],\n       [7.50761916, 1.50366171, 1.0879883 , 7.78915256, 4.4139879 ,\n        4.16378695],\n       [7.50762128, 1.50366003, 1.08797883, 7.78915278, 4.41398438,\n        4.16378688],\n       [7.5076183 , 1.50366438, 1.08798066, 7.78915502, 4.41398283,\n        4.16378431]]), array([0.22821192, 0.22821192, 0.22821192, 0.22821192, 0.22821192,\n       0.22821192, 0.22821192]))", "callback": [0.9015119427449251, 0.7308513481895585, 0.40863786041277816, 0.3209141811023458, 0.3033424210301737, 0.2967149918064581, 0.29257229962139064, 0.283237785820751, 0.2787547790883276, 0.26519246452779277, 0.2543942347878059, 0.23982527780415352, 0.23384514841420156, 0.23032169548411086, 0.23032169548411086, 0.22847339519625343, 0.2283575298797973, 0.22822612073327941, 0.22821613679584674, 0.2282129833085461, 0.22821226330751632, 0.22821204721451027, 0.22821198265181575, 0.2282119624623471, 0.22821194741072404, 0.22821193231092018, 0.2282119259295643, 0.22821192380926725, 0.22821192200373563, 0.22821192117000522, 0.22821192089203968, 0.22821192082066388, 0.2282119208063007]}, "9": {"maxiter": 1000, "fatol": 1e-05, "xatol": 1e-10, "duration": 0.12931489944458008, "fun": "0.22821192080313124", "nit": "426", "nfev": "731", "status": "0", "success": "True", "message": "Optimization terminated successfully.", "x": "[7.50762341 1.50366446 1.08798238 7.7891535  4.41398443 4.16378648]", "final_simplex": "(array([[7.50762341, 1.50366446, 1.08798238, 7.7891535 , 4.41398443,\n        4.16378648],\n       [7.50762341, 1.50366446, 1.08798238, 7.7891535 , 4.41398443,\n        4.16378648],\n       [7.50762341, 1.50366446, 1.08798238, 7.7891535 , 4.41398443,\n        4.16378648],\n       [7.50762341, 1.50366446, 1.08798238, 7.7891535 , 4.41398443,\n        4.16378648],\n       [7.50762341, 1.50366446, 1.08798238, 7.7891535 , 4.41398443,\n        4.16378648],\n       [7.50762341, 1.50366446, 1.08798238, 7.7891535 , 4.41398443,\n        4.16378648],\n       [7.50762341, 1.50366446, 1.08798238, 7.7891535 , 4.41398443,\n        4.16378648]]), array([0.22821192, 0.22821192, 0.22821192, 0.22821192, 0.22821192,\n       0.22821192, 0.22821192]))", "callback": [0.9015119427449251, 0.7308513481895585, 0.40863786041277816, 0.3209141811023458, 0.3033424210301737, 0.2967149918064581, 0.29257229962139064, 0.283237785820751, 0.2787547790883276, 0.26519246452779277, 0.2543942347878059, 0.23982527780415352, 0.23384514841420156, 0.23032169548411086, 0.23032169548411086, 0.22847339519625343, 0.2283575298797973, 0.22822612073327941, 0.22821613679584674, 0.2282129833085461, 0.22821226330751632, 0.22821204721451027, 0.22821198265181575, 0.2282119624623471, 0.22821194741072404, 0.22821193231092018, 0.2282119259295643, 0.22821192380926725, 0.22821192200373563, 0.22821192117000522, 0.22821192089203968, 0.22821192082066388, 0.2282119208063007, 0.2282119208041068, 0.22821192080340846, 0.22821192080326602, 0.22821192080315233, 0.22821192080313701, 0.22821192080313268, 0.2282119208031318, 0.22821192080313124, 0.22821192080313124, 0.22821192080313124]}, "10": {"maxiter": 1000, "fatol": 1e-10, "xatol": 1e-05, "duration": 0.09028410911560059, "fun": "0.2282119208063007", "nit": "324", "nfev": "510", "status": "0", "success": "True", "message": "Optimization terminated successfully.", "x": "[7.50762461 1.50366497 1.08797976 7.78915265 4.41398146 4.16379045]", "final_simplex": "(array([[7.50762461, 1.50366497, 1.08797976, 7.78915265, 4.41398146,\n        4.16379045],\n       [7.50762099, 1.50366459, 1.08798326, 7.78915521, 4.41398823,\n        4.1637868 ],\n       [7.50762081, 1.50366758, 1.08798203, 7.78915039, 4.41398734,\n        4.16378498],\n       [7.50761924, 1.50366555, 1.08797916, 7.78915088, 4.41398329,\n        4.16378919],\n       [7.50761916, 1.50366171, 1.0879883 , 7.78915256, 4.4139879 ,\n        4.16378695],\n       [7.50762128, 1.50366003, 1.08797883, 7.78915278, 4.41398438,\n        4.16378688],\n       [7.5076183 , 1.50366438, 1.08798066, 7.78915502, 4.41398283,\n        4.16378431]]), array([0.22821192, 0.22821192, 0.22821192, 0.22821192, 0.22821192,\n       0.22821192, 0.22821192]))", "callback": [0.9015119427449251, 0.7308513481895585, 0.40863786041277816, 0.3209141811023458, 0.3033424210301737, 0.2967149918064581, 0.29257229962139064, 0.283237785820751, 0.2787547790883276, 0.26519246452779277, 0.2543942347878059, 0.23982527780415352, 0.23384514841420156, 0.23032169548411086, 0.23032169548411086, 0.22847339519625343, 0.2283575298797973, 0.22822612073327941, 0.22821613679584674, 0.2282129833085461, 0.22821226330751632, 0.22821204721451027, 0.22821198265181575, 0.2282119624623471, 0.22821194741072404, 0.22821193231092018, 0.2282119259295643, 0.22821192380926725, 0.22821192200373563, 0.22821192117000522, 0.22821192089203968, 0.22821192082066388, 0.2282119208063007]}, "11": {"maxiter": 1000, "fatol": 1e-10, "xatol": 1e-10, "duration": 0.1286787986755371, "fun": "0.22821192080313124", "nit": "426", "nfev": "731", "status": "0", "success": "True", "message": "Optimization terminated successfully.", "x": "[7.50762341 1.50366446 1.08798238 7.7891535  4.41398443 4.16378648]", "final_simplex": "(array([[7.50762341, 1.50366446, 1.08798238, 7.7891535 , 4.41398443,\n        4.16378648],\n       [7.50762341, 1.50366446, 1.08798238, 7.7891535 , 4.41398443,\n        4.16378648],\n       [7.50762341, 1.50366446, 1.08798238, 7.7891535 , 4.41398443,\n        4.16378648],\n       [7.50762341, 1.50366446, 1.08798238, 7.7891535 , 4.41398443,\n        4.16378648],\n       [7.50762341, 1.50366446, 1.08798238, 7.7891535 , 4.41398443,\n        4.16378648],\n       [7.50762341, 1.50366446, 1.08798238, 7.7891535 , 4.41398443,\n        4.16378648],\n       [7.50762341, 1.50366446, 1.08798238, 7.7891535 , 4.41398443,\n        4.16378648]]), array([0.22821192, 0.22821192, 0.22821192, 0.22821192, 0.22821192,\n       0.22821192, 0.22821192]))", "callback": [0.9015119427449251, 0.7308513481895585, 0.40863786041277816, 0.3209141811023458, 0.3033424210301737, 0.2967149918064581, 0.29257229962139064, 0.283237785820751, 0.2787547790883276, 0.26519246452779277, 0.2543942347878059, 0.23982527780415352, 0.23384514841420156, 0.23032169548411086, 0.23032169548411086, 0.22847339519625343, 0.2283575298797973, 0.22822612073327941, 0.22821613679584674, 0.2282129833085461, 0.22821226330751632, 0.22821204721451027, 0.22821198265181575, 0.2282119624623471, 0.22821194741072404, 0.22821193231092018, 0.2282119259295643, 0.22821192380926725, 0.22821192200373563, 0.22821192117000522, 0.22821192089203968, 0.22821192082066388, 0.2282119208063007, 0.2282119208041068, 0.22821192080340846, 0.22821192080326602, 0.22821192080315233, 0.22821192080313701, 0.22821192080313268, 0.2282119208031318, 0.22821192080313124, 0.22821192080313124, 0.22821192080313124]}}, "bfgs": {"type": "gradient", "0": {"maxiter": 100, "gtol": 1e-05, "xrtol": 1e-05, "eps": 1e-05, "duration": 0.030766963958740234, "fun": "0.2282119210003144", "jac": "[-1.00425224e-06 -2.84106072e-08 -4.88054042e-06 -2.85593771e-06\n  1.88310478e-06  2.50283128e-06]", "hess_inv": "[[ 3.17372154 -0.59500118  0.76580952 -0.42990483  0.81552005  0.20433988]\n [-0.59500118  4.40486525 -1.63545851 -0.38993762  0.23943855 -1.49298496]\n [ 0.76580952 -1.63545851  4.61057452  0.81676205  1.08158641 -1.08640949]\n [-0.42990483 -0.38993762  0.81676205  2.71792531  0.18790719 -0.18493204]\n [ 0.81552005  0.23943855  1.08158641  0.18790719  3.60961861 -0.89371619]\n [ 0.20433988 -1.49298496 -1.08640949 -0.18493204 -0.89371619  3.6298664 ]]", "nfev": "168", "njev": "24", "status": "0", "success": "True", "message": "Optimization terminated successfully.", "x": "[ 5.05873569 -1.63792123  4.22953339  7.78913282  4.41397348  4.16380216]", "nit": "20", "callback": [0.8455156993031032, 0.6945091686692789, 0.6368459351530926, 0.5794969865847328, 0.4805553793907603, 0.39741718004928706, 0.34520074145199364, 0.2625081698338704, 0.23105358612573235, 0.22901015641182532, 0.22850591223693528, 0.22826425031986253, 0.22823827099808114, 0.2282234344554671, 0.2282155337222882, 0.2282129490903827, 0.22821224698922504, 0.2282119843187448, 0.2282119260831239, 0.2282119210003144]}, "1": {"maxiter": 100, "gtol": 1e-05, "xrtol": 1e-05, "eps": 1e-10, "duration": 0.029648780822753906, "fun": "0.22821192097390441", "jac": "[ 2.22044587e-06  1.11022293e-06 -6.66133760e-06  1.11022293e-06\n  1.11022293e-06  3.33066880e-06]", "hess_inv": "[[ 3.17376269 -0.59114918  0.7684338  -0.42676601  0.818255    0.20041263]\n [-0.59114918  4.39596355 -1.63919702 -0.37461857  0.23286694 -1.48856235]\n [ 0.7684338  -1.63919702  4.6129156   0.82237008  1.04381005 -1.07050711]\n [-0.42676601 -0.37461857  0.82237008  2.72042312  0.24731857 -0.21379706]\n [ 0.818255    0.23286694  1.04381005  0.24731857  3.53615902 -0.85689078]\n [ 0.20041263 -1.48856235 -1.07050711 -0.21379706 -0.85689078  3.61138174]]", "nfev": "168", "njev": "24", "status": "0", "success": "True", "message": "Optimization terminated successfully.", "x": "[ 5.05874668 -1.63792212  4.22953528  7.78914262  4.41397495  4.16381109]", "nit": "20", "callback": [0.8455063014312334, 0.6944869970911562, 0.6368356405187959, 0.5794657441908315, 0.4804962620194947, 0.3973564202376826, 0.34512903040630616, 0.262446481851191, 0.2310495880166098, 0.22901289291423743, 0.22850684187480486, 0.22826478299364394, 0.22823859384150158, 0.22822354038995107, 0.2282155775362409, 0.22821295683408382, 0.22821224542999996, 0.22821198260091313, 0.2282119256467725, 0.22821192097390441]}, "2": {"maxiter": 100, "gtol": 1e-05, "xrtol": 1e-10, "eps": 1e-05, "duration": 0.02960205078125, "fun": "0.2282119210003144", "jac": "[-1.00425224e-06 -2.84106072e-08 -4.88054042e-06 -2.85593771e-06\n  1.88310478e-06  2.50283128e-06]", "hess_inv": "[[ 3.17372154 -0.59500118  0.76580952 -0.42990483  0.81552005  0.20433988]\n [-0.59500118  4.40486525 -1.63545851 -0.38993762  0.23943855 -1.49298496]\n [ 0.76580952 -1.63545851  4.61057452  0.81676205  1.08158641 -1.08640949]\n [-0.42990483 -0.38993762  0.81676205  2.71792531  0.18790719 -0.18493204]\n [ 0.81552005  0.23943855  1.08158641  0.18790719  3.60961861 -0.89371619]\n [ 0.20433988 -1.49298496 -1.08640949 -0.18493204 -0.89371619  3.6298664 ]]", "nfev": "168", "njev": "24", "status": "0", "success": "True", "message": "Optimization terminated successfully.", "x": "[ 5.05873569 -1.63792123  4.22953339  7.78913282  4.41397348  4.16380216]", "nit": "20", "callback": [0.8455156993031032, 0.6945091686692789, 0.6368459351530926, 0.5794969865847328, 0.4805553793907603, 0.39741718004928706, 0.34520074145199364, 0.2625081698338704, 0.23105358612573235, 0.22901015641182532, 0.22850591223693528, 0.22826425031986253, 0.22823827099808114, 0.2282234344554671, 0.2282155337222882, 0.2282129490903827, 0.22821224698922504, 0.2282119843187448, 0.2282119260831239, 0.2282119210003144]}, "3": {"maxiter": 100, "gtol": 1e-05, "xrtol": 1e-10, "eps": 1e-10, "duration": 0.031796932220458984, "fun": "0.22821192097390441", "jac": "[ 2.22044587e-06  1.11022293e-06 -6.66133760e-06  1.11022293e-06\n  1.11022293e-06  3.33066880e-06]", "hess_inv": "[[ 3.17376269 -0.59114918  0.7684338  -0.42676601  0.818255    0.20041263]\n [-0.59114918  4.39596355 -1.63919702 -0.37461857  0.23286694 -1.48856235]\n [ 0.7684338  -1.63919702  4.6129156   0.82237008  1.04381005 -1.07050711]\n [-0.42676601 -0.37461857  0.82237008  2.72042312  0.24731857 -0.21379706]\n [ 0.818255    0.23286694  1.04381005  0.24731857  3.53615902 -0.85689078]\n [ 0.20041263 -1.48856235 -1.07050711 -0.21379706 -0.85689078  3.61138174]]", "nfev": "168", "njev": "24", "status": "0", "success": "True", "message": "Optimization terminated successfully.", "x": "[ 5.05874668 -1.63792212  4.22953528  7.78914262  4.41397495  4.16381109]", "nit": "20", "callback": [0.8455063014312334, 0.6944869970911562, 0.6368356405187959, 0.5794657441908315, 0.4804962620194947, 0.3973564202376826, 0.34512903040630616, 0.262446481851191, 0.2310495880166098, 0.22901289291423743, 0.22850684187480486, 0.22826478299364394, 0.22823859384150158, 0.22822354038995107, 0.2282155775362409, 0.22821295683408382, 0.22821224542999996, 0.22821198260091313, 0.2282119256467725, 0.22821192097390441]}, "4": {"maxiter": 100, "gtol": 1e-10, "xrtol": 1e-05, "eps": 1e-05, "duration": 0.03591489791870117, "fun": "0.22821192083172637", "jac": "[-4.75619544e-08 -1.25621735e-07 -4.20841140e-07 -2.56039634e-07\n  6.14508444e-07  3.88133969e-08]", "hess_inv": "[[ 3.19087845 -0.61989839  0.88155651 -0.3798977   0.83776233  0.14134806]\n [-0.61989839  4.41760271 -1.76335564 -0.4433852   0.14628197 -1.395349  ]\n [ 0.88155651 -1.76335564  5.3228125   1.12137761  1.33592369 -1.52204001]\n [-0.3798977  -0.4433852   1.12137761  2.84805234  0.30249834 -0.37362247]\n [ 0.83776233  0.14628197  1.33592369  0.30249834  3.48000935 -0.95917673]\n [ 0.14134806 -1.395349   -1.52204001 -0.37362247 -0.95917673  3.85948497]]", "nfev": "175", "njev": "25", "status": "0", "success": "True", "message": "Optimization terminated successfully.", "x": "[ 5.05874016 -1.63792839  4.2295647   7.7891464   4.41397756  4.16378591]", "nit": "21", "callback": [0.8455156993031032, 0.6945091686692789, 0.6368459351530926, 0.5794969865847328, 0.4805553793907603, 0.39741718004928706, 0.34520074145199364, 0.2625081698338704, 0.23105358612573235, 0.22901015641182532, 0.22850591223693528, 0.22826425031986253, 0.22823827099808114, 0.2282234344554671, 0.2282155337222882, 0.2282129490903827, 0.22821224698922504, 0.2282119843187448, 0.2282119260831239, 0.2282119210003144, 0.22821192083172637]}, "5": {"maxiter": 100, "gtol": 1e-10, "xrtol": 1e-05, "eps": 1e-10, "duration": 0.03217887878417969, "fun": "0.22821192081176989", "jac": "[-2.22044587e-06 -3.33066880e-06  2.22044587e-06 -4.44089173e-06\n  0.00000000e+00 -2.22044587e-06]", "hess_inv": "[[ 3.13992765 -0.62531511  0.8073642  -0.46386582  0.74697117  0.21307234]\n [-0.62531511  4.41782987 -1.83913916 -0.46754018  0.0919212  -1.33312296]\n [ 0.8073642  -1.83913916  5.58365926  1.10045864  1.41855747 -1.69059184]\n [-0.46386582 -0.46754018  1.10045864  2.73430971  0.23701109 -0.34027519]\n [ 0.74697117  0.0919212   1.41855747  0.23701109  3.47035699 -1.00476008]\n [ 0.21307234 -1.33312296 -1.69059184 -0.34027519 -1.00476008  3.96768826]]", "nfev": "175", "njev": "25", "status": "0", "success": "True", "message": "Optimization terminated successfully.", "x": "[ 5.05874476 -1.63793303  4.22957556  7.78914933  4.41398187  4.16378911]", "nit": "21", "callback": [0.8455063014312334, 0.6944869970911562, 0.6368356405187959, 0.5794657441908315, 0.4804962620194947, 0.3973564202376826, 0.34512903040630616, 0.262446481851191, 0.2310495880166098, 0.22901289291423743, 0.22850684187480486, 0.22826478299364394, 0.22823859384150158, 0.22822354038995107, 0.2282155775362409, 0.22821295683408382, 0.22821224542999996, 0.22821198260091313, 0.2282119256467725, 0.22821192097390441, 0.22821192081176989]}, "6": {"maxiter": 100, "gtol": 1e-10, "xrtol": 1e-10, "eps": 1e-05, "duration": 0.0936281681060791, "fun": "0.22821192083020636", "jac": "[ 8.62643290e-09 -1.71085368e-08 -6.56141808e-09 -1.33670852e-08\n  3.74589249e-08 -4.50750548e-09]", "hess_inv": "[[ 3.18973648 -0.60372759  0.79476376 -0.42563992  0.86036899  0.18214511]\n [-0.60372759  4.40218374 -1.73740812 -0.441881    0.17056938 -1.40504118]\n [ 0.79476376 -1.73740812  5.38775244  1.22005552  1.08427862 -1.53445419]\n [-0.42563992 -0.441881    1.22005552  2.9345746   0.14919427 -0.40946088]\n [ 0.86036899  0.17056938  1.08427862  0.14919427  3.58028866 -0.82859676]\n [ 0.18214511 -1.40504118 -1.53445419 -0.40946088 -0.82859676  3.8478735 ]]", "nfev": "487", "njev": "68", "status": "2", "success": "False", "message": "Desired error not necessarily achieved due to precision loss.", "x": "[ 5.05873999 -1.63792881  4.22956652  7.78914748  4.41397608  4.16378535]", "nit": "22", "callback": [0.8455156993031032, 0.6945091686692789, 0.6368459351530926, 0.5794969865847328, 0.4805553793907603, 0.39741718004928706, 0.34520074145199364, 0.2625081698338704, 0.23105358612573235, 0.22901015641182532, 0.22850591223693528, 0.22826425031986253, 0.22823827099808114, 0.2282234344554671, 0.2282155337222882, 0.2282129490903827, 0.22821224698922504, 0.2282119843187448, 0.2282119260831239, 0.2282119210003144, 0.22821192083172637, 0.22821192083020636]}, "7": {"maxiter": 100, "gtol": 1e-10, "xrtol": 1e-10, "eps": 1e-10, "duration": 0.09075307846069336, "fun": "0.22821192080744201", "jac": "[0.00000000e+00 2.22044587e-06 1.11022293e-06 0.00000000e+00\n 0.00000000e+00 5.55111466e-06]", "hess_inv": "[[ 1.26696347e+01  3.96866444e+00  1.12331050e+01 -9.49330410e+00\n  -1.71475939e+01 -2.59750818e-01]\n [ 3.96866444e+00  1.27067385e+00  3.43498509e+00 -2.86644081e+00\n  -5.42085802e+00 -8.22687354e-02]\n [ 1.12331050e+01  3.43498509e+00  1.07989009e+01 -8.76074646e+00\n  -1.59406076e+01 -1.69530888e-01]\n [-9.49330410e+00 -2.86644081e+00 -8.76074646e+00  7.54534080e+00\n   1.26656405e+01  1.91762636e-01]\n [-1.71475939e+01 -5.42085802e+00 -1.59406076e+01  1.26656405e+01\n   2.46675300e+01  2.60099827e-01]\n [-2.59750818e-01 -8.22687354e-02 -1.69530888e-01  1.91762636e-01\n   2.60099827e-01  1.58999686e-02]]", "nfev": "495", "njev": "69", "status": "2", "success": "False", "message": "Desired error not necessarily achieved due to precision loss.", "x": "[ 5.05874497 -1.63793043  4.22957281  7.78915092  4.41398153  4.1637902 ]", "nit": "26", "callback": [0.8455063014312334, 0.6944869970911562, 0.6368356405187959, 0.5794657441908315, 0.4804962620194947, 0.3973564202376826, 0.34512903040630616, 0.262446481851191, 0.2310495880166098, 0.22901289291423743, 0.22850684187480486, 0.22826478299364394, 0.22823859384150158, 0.22822354038995107, 0.2282155775362409, 0.22821295683408382, 0.22821224542999996, 0.22821198260091313, 0.2282119256467725, 0.22821192097390441, 0.22821192081176989, 0.22821192080745434, 0.22821192080745234, 0.2282119208074509, 0.22821192080744246, 0.22821192080744201]}, "8": {"maxiter": 500, "gtol": 1e-05, "xrtol": 1e-05, "eps": 1e-05, "duration": 0.030514001846313477, "fun": "0.2282119210003144", "jac": "[-1.00425224e-06 -2.84106072e-08 -4.88054042e-06 -2.85593771e-06\n  1.88310478e-06  2.50283128e-06]", "hess_inv": "[[ 3.17372154 -0.59500118  0.76580952 -0.42990483  0.81552005  0.20433988]\n [-0.59500118  4.40486525 -1.63545851 -0.38993762  0.23943855 -1.49298496]\n [ 0.76580952 -1.63545851  4.61057452  0.81676205  1.08158641 -1.08640949]\n [-0.42990483 -0.38993762  0.81676205  2.71792531  0.18790719 -0.18493204]\n [ 0.81552005  0.23943855  1.08158641  0.18790719  3.60961861 -0.89371619]\n [ 0.20433988 -1.49298496 -1.08640949 -0.18493204 -0.89371619  3.6298664 ]]", "nfev": "168", "njev": "24", "status": "0", "success": "True", "message": "Optimization terminated successfully.", "x": "[ 5.05873569 -1.63792123  4.22953339  7.78913282  4.41397348  4.16380216]", "nit": "20", "callback": [0.8455156993031032, 0.6945091686692789, 0.6368459351530926, 0.5794969865847328, 0.4805553793907603, 0.39741718004928706, 0.34520074145199364, 0.2625081698338704, 0.23105358612573235, 0.22901015641182532, 0.22850591223693528, 0.22826425031986253, 0.22823827099808114, 0.2282234344554671, 0.2282155337222882, 0.2282129490903827, 0.22821224698922504, 0.2282119843187448, 0.2282119260831239, 0.2282119210003144]}, "9": {"maxiter": 500, "gtol": 1e-05, "xrtol": 1e-05, "eps": 1e-10, "duration": 0.031177997589111328, "fun": "0.22821192097390441", "jac": "[ 2.22044587e-06  1.11022293e-06 -6.66133760e-06  1.11022293e-06\n  1.11022293e-06  3.33066880e-06]", "hess_inv": "[[ 3.17376269 -0.59114918  0.7684338  -0.42676601  0.818255    0.20041263]\n [-0.59114918  4.39596355 -1.63919702 -0.37461857  0.23286694 -1.48856235]\n [ 0.7684338  -1.63919702  4.6129156   0.82237008  1.04381005 -1.07050711]\n [-0.42676601 -0.37461857  0.82237008  2.72042312  0.24731857 -0.21379706]\n [ 0.818255    0.23286694  1.04381005  0.24731857  3.53615902 -0.85689078]\n [ 0.20041263 -1.48856235 -1.07050711 -0.21379706 -0.85689078  3.61138174]]", "nfev": "168", "njev": "24", "status": "0", "success": "True", "message": "Optimization terminated successfully.", "x": "[ 5.05874668 -1.63792212  4.22953528  7.78914262  4.41397495  4.16381109]", "nit": "20", "callback": [0.8455063014312334, 0.6944869970911562, 0.6368356405187959, 0.5794657441908315, 0.4804962620194947, 0.3973564202376826, 0.34512903040630616, 0.262446481851191, 0.2310495880166098, 0.22901289291423743, 0.22850684187480486, 0.22826478299364394, 0.22823859384150158, 0.22822354038995107, 0.2282155775362409, 0.22821295683408382, 0.22821224542999996, 0.22821198260091313, 0.2282119256467725, 0.22821192097390441]}, "10": {"maxiter": 500, "gtol": 1e-05, "xrtol": 1e-10, "eps": 1e-05, "duration": 0.030563831329345703, "fun": "0.2282119210003144", "jac": "[-1.00425224e-06 -2.84106072e-08 -4.88054042e-06 -2.85593771e-06\n  1.88310478e-06  2.50283128e-06]", "hess_inv": "[[ 3.17372154 -0.59500118  0.76580952 -0.42990483  0.81552005  0.20433988]\n [-0.59500118  4.40486525 -1.63545851 -0.38993762  0.23943855 -1.49298496]\n [ 0.76580952 -1.63545851  4.61057452  0.81676205  1.08158641 -1.08640949]\n [-0.42990483 -0.38993762  0.81676205  2.71792531  0.18790719 -0.18493204]\n [ 0.81552005  0.23943855  1.08158641  0.18790719  3.60961861 -0.89371619]\n [ 0.20433988 -1.49298496 -1.08640949 -0.18493204 -0.89371619  3.6298664 ]]", "nfev": "168", "njev": "24", "status": "0", "success": "True", "message": "Optimization terminated successfully.", "x": "[ 5.05873569 -1.63792123  4.22953339  7.78913282  4.41397348  4.16380216]", "nit": "20", "callback": [0.8455156993031032, 0.6945091686692789, 0.6368459351530926, 0.5794969865847328, 0.4805553793907603, 0.39741718004928706, 0.34520074145199364, 0.2625081698338704, 0.23105358612573235, 0.22901015641182532, 0.22850591223693528, 0.22826425031986253, 0.22823827099808114, 0.2282234344554671, 0.2282155337222882, 0.2282129490903827, 0.22821224698922504, 0.2282119843187448, 0.2282119260831239, 0.2282119210003144]}, "11": {"maxiter": 500, "gtol": 1e-05, "xrtol": 1e-10, "eps": 1e-10, "duration": 0.06252789497375488, "fun": "0.22821192097390441", "jac": "[ 2.22044587e-06  1.11022293e-06 -6.66133760e-06  1.11022293e-06\n  1.11022293e-06  3.33066880e-06]", "hess_inv": "[[ 3.17376269 -0.59114918  0.7684338  -0.42676601  0.818255    0.20041263]\n [-0.59114918  4.39596355 -1.63919702 -0.37461857  0.23286694 -1.48856235]\n [ 0.7684338  -1.63919702  4.6129156   0.82237008  1.04381005 -1.07050711]\n [-0.42676601 -0.37461857  0.82237008  2.72042312  0.24731857 -0.21379706]\n [ 0.818255    0.23286694  1.04381005  0.24731857  3.53615902 -0.85689078]\n [ 0.20041263 -1.48856235 -1.07050711 -0.21379706 -0.85689078  3.61138174]]", "nfev": "168", "njev": "24", "status": "0", "success": "True", "message": "Optimization terminated successfully.", "x": "[ 5.05874668 -1.63792212  4.22953528  7.78914262  4.41397495  4.16381109]", "nit": "20", "callback": [0.8455063014312334, 0.6944869970911562, 0.6368356405187959, 0.5794657441908315, 0.4804962620194947, 0.3973564202376826, 0.34512903040630616, 0.262446481851191, 0.2310495880166098, 0.22901289291423743, 0.22850684187480486, 0.22826478299364394, 0.22823859384150158, 0.22822354038995107, 0.2282155775362409, 0.22821295683408382, 0.22821224542999996, 0.22821198260091313, 0.2282119256467725, 0.22821192097390441]}, "12": {"maxiter": 500, "gtol": 1e-10, "xrtol": 1e-05, "eps": 1e-05, "duration": 0.032196760177612305, "fun": "0.22821192083172637", "jac": "[-4.75619544e-08 -1.25621735e-07 -4.20841140e-07 -2.56039634e-07\n  6.14508444e-07  3.88133969e-08]", "hess_inv": "[[ 3.19087845 -0.61989839  0.88155651 -0.3798977   0.83776233  0.14134806]\n [-0.61989839  4.41760271 -1.76335564 -0.4433852   0.14628197 -1.395349  ]\n [ 0.88155651 -1.76335564  5.3228125   1.12137761  1.33592369 -1.52204001]\n [-0.3798977  -0.4433852   1.12137761  2.84805234  0.30249834 -0.37362247]\n [ 0.83776233  0.14628197  1.33592369  0.30249834  3.48000935 -0.95917673]\n [ 0.14134806 -1.395349   -1.52204001 -0.37362247 -0.95917673  3.85948497]]", "nfev": "175", "njev": "25", "status": "0", "success": "True", "message": "Optimization terminated successfully.", "x": "[ 5.05874016 -1.63792839  4.2295647   7.7891464   4.41397756  4.16378591]", "nit": "21", "callback": [0.8455156993031032, 0.6945091686692789, 0.6368459351530926, 0.5794969865847328, 0.4805553793907603, 0.39741718004928706, 0.34520074145199364, 0.2625081698338704, 0.23105358612573235, 0.22901015641182532, 0.22850591223693528, 0.22826425031986253, 0.22823827099808114, 0.2282234344554671, 0.2282155337222882, 0.2282129490903827, 0.22821224698922504, 0.2282119843187448, 0.2282119260831239, 0.2282119210003144, 0.22821192083172637]}, "13": {"maxiter": 500, "gtol": 1e-10, "xrtol": 1e-05, "eps": 1e-10, "duration": 0.03192591667175293, "fun": "0.22821192081176989", "jac": "[-2.22044587e-06 -3.33066880e-06  2.22044587e-06 -4.44089173e-06\n  0.00000000e+00 -2.22044587e-06]", "hess_inv": "[[ 3.13992765 -0.62531511  0.8073642  -0.46386582  0.74697117  0.21307234]\n [-0.62531511  4.41782987 -1.83913916 -0.46754018  0.0919212  -1.33312296]\n [ 0.8073642  -1.83913916  5.58365926  1.10045864  1.41855747 -1.69059184]\n [-0.46386582 -0.46754018  1.10045864  2.73430971  0.23701109 -0.34027519]\n [ 0.74697117  0.0919212   1.41855747  0.23701109  3.47035699 -1.00476008]\n [ 0.21307234 -1.33312296 -1.69059184 -0.34027519 -1.00476008  3.96768826]]", "nfev": "175", "njev": "25", "status": "0", "success": "True", "message": "Optimization terminated successfully.", "x": "[ 5.05874476 -1.63793303  4.22957556  7.78914933  4