{"conf_id": 0, "data_type": "random\n", "num_data_points": 1, "s_rank": 0, "unitary": "[[-0.45070455-0.02711853j,0.78437395-0.06613086j,0.06358678+0.19963393j,-0.07343613+0.35668523j],[-0.01890143-0.03813363j,0.32408202+0.25557629j,0.05872864-0.68979805j,0.55466693-0.20227297j],[-0.11215405+0.64023111j,-0.13344055+0.29565494j,-0.49012687-0.19046288j,-0.04241254+0.44046348j],[0.55771659+0.24656916j,0.31851997-0.05798805j,0.28761525-0.34294258j,-0.56718418+0.03616933j]]", "databatch_0": {"databatch": "[[[-0.11458899+0.03928362j,0.0435563+0.05453538j,0.02294759-0.11649752j,0.14355952+0.05525074j],[0.239814+0.27457382j,0.10239304-0.18339806j,-0.35068906+0.06859816j,-0.00938315-0.46283845j],[0.1138846+0.30497249j,0.14333106-0.12098589j,-0.31463533-0.05315627j,0.13796413-0.38968998j],[0.0272455-0.04205309j,-0.02810213-0.00661599j,0.02229414+0.04376376j,-0.06082023+0.01869768j]]]", "nelder_mead": {"0": {"maxiter": 100, "fatol": 1e-05, "xatol": 1e-05, "duration": 0.028609037399291992, "fun": "0.0003428311028983444", "nit": "100", "nfev": "158", "status": "2", "success": "False", "message": "Maximum number of iterations has been exceeded.", "x": "[1.21519128 6.45870896 6.18347413 3.71997422 1.63235041 1.59516926]", "final_simplex": "(array([[1.21519128, 6.45870896, 6.18347413, 3.71997422, 1.63235041,\n        1.59516926],\n       [1.23259625, 6.46173362, 6.13931735, 3.68843676, 1.66086328,\n        1.58147083],\n       [1.23043093, 6.40591057, 6.12167943, 3.6863217 , 1.68790222,\n        1.57527942],\n       [1.20125419, 6.42155528, 6.15093026, 3.66766494, 1.69309228,\n        1.59099642],\n       [1.26585538, 6.38071833, 6.15131234, 3.62739969, 1.65805393,\n        1.5719789 ],\n       [1.23935068, 6.31072663, 6.17551368, 3.56835986, 1.66880776,\n        1.59210644],\n       [1.22836258, 6.36905353, 6.09647115, 3.63188853, 1.69956567,\n        1.58758675]]), array([0.00034283, 0.0007421 , 0.00077535, 0.00087734, 0.00090612,\n       0.00095796, 0.00106455]))"}, "1": {"maxiter": 100, "fatol": 1e-05, "xatol": 1e-10, "duration": 0.028432130813598633, "fun": "0.0003428311028983444", "nit": "100", "nfev": "158", "status": "2", "success": "False", "message": "Maximum number of iterations has been exceeded.", "x": "[1.21519128 6.45870896 6.18347413 3.71997422 1.63235041 1.59516926]", "final_simplex": "(array([[1.21519128, 6.45870896, 6.18347413, 3.71997422, 1.63235041,\n        1.59516926],\n       [1.23259625, 6.46173362, 6.13931735, 3.68843676, 1.66086328,\n        1.58147083],\n       [1.23043093, 6.40591057, 6.12167943, 3.6863217 , 1.68790222,\n        1.57527942],\n       [1.20125419, 6.42155528, 6.15093026, 3.66766494, 1.69309228,\n        1.59099642],\n       [1.26585538, 6.38071833, 6.15131234, 3.62739969, 1.65805393,\n        1.5719789 ],\n       [1.23935068, 6.31072663, 6.17551368, 3.56835986, 1.66880776,\n        1.59210644],\n       [1.22836258, 6.36905353, 6.09647115, 3.63188853, 1.69956567,\n        1.58758675]]), array([0.00034283, 0.0007421 , 0.00077535, 0.00087734, 0.00090612,\n       0.00095796, 0.00106455]))"}, "2": {"maxiter": 100, "fatol": 1e-10, "xatol": 1e-05, "duration": 0.028486013412475586, "fun": "0.0003428311028983444", "nit": "100", "nfev": "158", "status": "2", "success": "False", "message": "Maximum number of iterations has been exceeded.", "x": "[1.21519128 6.45870896 6.18347413 3.71997422 1.63235041 1.59516926]", "final_simplex": "(array([[1.21519128, 6.45870896, 6.18347413, 3.71997422, 1.63235041,\n        1.59516926],\n       [1.23259625, 6.46173362, 6.13931735, 3.68843676, 1.66086328,\n        1.58147083],\n       [1.23043093, 6.40591057, 6.12167943, 3.6863217 , 1.68790222,\n        1.57527942],\n       [1.20125419, 6.42155528, 6.15093026, 3.66766494, 1.69309228,\n        1.59099642],\n       [1.26585538, 6.38071833, 6.15131234, 3.62739969, 1.65805393,\n        1.5719789 ],\n       [1.23935068, 6.31072663, 6.17551368, 3.56835986, 1.66880776,\n        1.59210644],\n       [1.22836258, 6.36905353, 6.09647115, 3.63188853, 1.69956567,\n        1.58758675]]), array([0.00034283, 0.0007421 , 0.00077535, 0.00087734, 0.00090612,\n       0.00095796, 0.00106455]))"}, "3": {"maxiter": 100, "fatol": 1e-10, "xatol": 1e-10, "duration": 0.028522968292236328, "fun": "0.0003428311028983444", "nit": "100", "nfev": "158", "status": "2", "success": "False", "message": "Maximum number of iterations has been exceeded.", "x": "[1.21519128 6.45870896 6.18347413 3.71997422 1.63235041 1.59516926]", "final_simplex": "(array([[1.21519128, 6.45870896, 6.18347413, 3.71997422, 1.63235041,\n        1.59516926],\n       [1.23259625, 6.46173362, 6.13931735, 3.68843676, 1.66086328,\n        1.58147083],\n       [1.23043093, 6.40591057, 6.12167943, 3.6863217 , 1.68790222,\n        1.57527942],\n       [1.20125419, 6.42155528, 6.15093026, 3.66766494, 1.69309228,\n        1.59099642],\n       [1.26585538, 6.38071833, 6.15131234, 3.62739969, 1.65805393,\n        1.5719789 ],\n       [1.23935068, 6.31072663, 6.17551368, 3.56835986, 1.66880776,\n        1.59210644],\n       [1.22836258, 6.36905353, 6.09647115, 3.63188853, 1.69956567,\n        1.58758675]]), array([0.00034283, 0.0007421 , 0.00077535, 0.00087734, 0.00090612,\n       0.00095796, 0.00106455]))"}, "4": {"maxiter": 500, "fatol": 1e-05, "xatol": 1e-05, "duration": 0.06422901153564453, "fun": "0.00012071691162418574", "nit": "222", "nfev": "363", "status": "0", "success": "True", "message": "Optimization terminated successfully.", "x": "[1.20388962 6.42649058 6.21142819 3.69122311 1.61336462 1.61310452]", "final_simplex": "(array([[1.20388962, 6.42649058, 6.21142819, 3.69122311, 1.61336462,\n        1.61310452],\n       [1.20389118, 6.4264932 , 6.21143441, 3.69122849, 1.61336038,\n        1.61310302],\n       [1.20389366, 6.42649437, 6.21142583, 3.69122469, 1.61336595,\n        1.61310015],\n       [1.20388808, 6.42649755, 6.21142957, 3.69122884, 1.61336295,\n        1.61310414],\n       [1.2038918 , 6.42648658, 6.21143407, 3.69121995, 1.61336117,\n        1.61310388],\n       [1.20389325, 6.42649331, 6.21143122, 3.69123027, 1.61335892,\n        1.61310239],\n       [1.20389037, 6.4264953 , 6.21143351, 3.6912232 , 1.61335896,\n        1.6131054 ]]), array([0.00012072, 0.00012072, 0.00012072, 0.00012072, 0.00012072,\n       0.00012072, 0.00012072]))"}, "5": {"maxiter": 500, "fatol": 1e-05, "xatol": 1e-10, "duration": 0.08510613441467285, "fun": "0.00012071691162418574", "nit": "241", "nfev": "503", "status": "0", "success": "True", "message": "Optimization terminated successfully.", "x": "[1.20388962 6.42649058 6.21142819 3.69122311 1.61336462 1.61310452]", "final_simplex": "(array([[1.20388962, 6.42649058, 6.21142819, 3.69122311, 1.61336462,\n        1.61310452],\n       [1.20388962, 6.42649058, 6.21142819, 3.69122311, 1.61336462,\n        1.61310452],\n       [1.20388962, 6.42649058, 6.21142819, 3.69122311, 1.61336462,\n        1.61310452],\n       [1.20388962, 6.42649058, 6.21142819, 3.69122311, 1.61336462,\n        1.61310452],\n       [1.20388962, 6.42649058, 6.21142819, 3.69122311, 1.61336462,\n        1.61310452],\n       [1.20388962, 6.42649058, 6.21142819, 3.69122311, 1.61336462,\n        1.61310452],\n       [1.20388962, 6.42649058, 6.21142819, 3.69122311, 1.61336462,\n        1.61310452]]), array([0.00012072, 0.00012072, 0.00012072, 0.00012072, 0.00012072,\n       0.00012072, 0.00012072]))"}, "6": {"maxiter": 500, "fatol": 1e-10, "xatol": 1e-05, "duration": 0.06307601928710938, "fun": "0.00012071691162418574", "nit": "222", "nfev": "363", "status": "0", "success": "True", "message": "Optimization terminated successfully.", "x": "[1.20388962 6.42649058 6.21142819 3.69122311 1.61336462 1.61310452]", "final_simplex": "(array([[1.20388962, 6.42649058, 6.21142819, 3.69122311, 1.61336462,\n        1.61310452],\n       [1.20389118, 6.4264932 , 6.21143441, 3.69122849, 1.61336038,\n        1.61310302],\n       [1.20389366, 6.42649437, 6.21142583, 3.69122469, 1.61336595,\n        1.61310015],\n       [1.20388808, 6.42649755, 6.21142957, 3.69122884, 1.61336295,\n        1.61310414],\n       [1.2038918 , 6.42648658, 6.21143407, 3.69121995, 1.61336117,\n        1.61310388],\n       [1.20389325, 6.42649331, 6.21143122, 3.69123027, 1.61335892,\n        1.61310239],\n       [1.20389037, 6.4264953 , 6.21143351, 3.6912232 , 1.61335896,\n        1.6131054 ]]), array([0.00012072, 0.00012072, 0.00012072, 0.00012072, 0.00012072,\n       0.00012072, 0.00012072]))"}, "7": {"maxiter": 500, "fatol": 1e-10, "xatol": 1e-10, "duration": 0.08571290969848633, "fun": "0.00012071691162418574", "nit": "241", "nfev": "503", "status": "0", "success": "True", "message": "Optimization terminated successfully.", "x": "[1.20388962 6.42649058 6.21142819 3.69122311 1.61336462 1.61310452]", "final_simplex": "(array([[1.20388962, 6.42649058, 6.21142819, 3.69122311, 1.61336462,\n        1.61310452],\n       [1.20388962, 6.42649058, 6.21142819, 3.69122311, 1.61336462,\n        1.61310452],\n       [1.20388962, 6.42649058, 6.21142819, 3.69122311, 1.61336462,\n        1.61310452],\n       [1.20388962, 6.42649058, 6.21142819, 3.69122311, 1.61336462,\n        1.61310452],\n       [1.20388962, 6.42649058, 6.21142819, 3.69122311, 1.61336462,\n        1.61310452],\n       [1.20388962, 6.42649058, 6.21142819, 3.69122311, 1.61336462,\n        1.61310452],\n       [1.20388962, 6.42649058, 6.21142819, 3.69122311, 1.61336462,\n        1.61310452]]), array([0.00012072, 0.00012072, 0.00012072, 0.00012072, 0.00012072,\n       0.00012072, 0.00012072]))"}, "8": {"maxiter": 1000, "fatol": 1e-05, "xatol": 1e-05, "duration": 0.06339216232299805, "fun": "0.00012071691162418574", "nit": "222", "nfev": "363", "status": "0", "success": "True", "message": "Optimization terminated successfully.", "x": "[1.20388962 6.42649058 6.21142819 3.69122311 1.61336462 1.61310452]", "final_simplex": "(array([[1.20388962, 6.42649058, 6.21142819, 3.69122311, 1.61336462,\n        1.61310452],\n       [1.20389118, 6.4264932 , 6.21143441, 3.69122849, 1.61336038,\n        1.61310302],\n       [1.20389366, 6.42649437, 6.21142583, 3.69122469, 1.61336595,\n        1.61310015],\n       [1.20388808, 6.42649755, 6.21142957, 3.69122884, 1.61336295,\n        1.61310414],\n       [1.2038918 , 6.42648658, 6.21143407, 3.69121995, 1.61336117,\n        1.61310388],\n       [1.20389325, 6.42649331, 6.21143122, 3.69123027, 1.61335892,\n        1.61310239],\n       [1.20389037, 6.4264953 , 6.21143351, 3.6912232 , 1.61335896,\n        1.6131054 ]]), array([0.00012072, 0.00012072, 0.00012072, 0.00012072, 0.00012072,\n       0.00012072, 0.00012072]))"}, "9": {"maxiter": 1000, "fatol": 1e-05, "xatol": 1e-10, "duration": 0.08891797065734863, "fun": "0.00012071691162418574", "nit": "241", "nfev": "503", "status": "0", "success": "True", "message": "Optimization terminated successfully.", "x": "[1.20388962 6.42649058 6.21142819 3.69122311 1.61336462 1.61310452]", "final_simplex": "(array([[1.20388962, 6.42649058, 6.21142819, 3.69122311, 1.61336462,\n        1.61310452],\n       [1.20388962, 6.42649058, 6.21142819, 3.69122311, 1.61336462,\n        1.61310452],\n       [1.20388962, 6.42649058, 6.21142819, 3.69122311, 1.61336462,\n        1.61310452],\n       [1.20388962, 6.42649058, 6.21142819, 3.69122311, 1.61336462,\n        1.61310452],\n       [1.20388962, 6.42649058, 6.21142819, 3.69122311, 1.61336462,\n        1.61310452],\n       [1.20388962, 6.42649058, 6.21142819, 3.69122311, 1.61336462,\n        1.61310452],\n       [1.20388962, 6.42649058, 6.21142819, 3.69122311, 1.61336462,\n        1.61310452]]), array([0.00012072, 0.00012072, 0.00012072, 0.00012072, 0.00012072,\n       0.00012072, 0.00012072]))"}, "10": {"maxiter": 1000, "fatol": 1e-10, "xatol": 1e-05, "duration": 0.06499934196472168, "fun": "0.00012071691162418574", "nit": "222", "nfev": "363", "status": "0", "success": "True", "message": "Optimization terminated successfully.", "x": "[1.20388962 6.42649058 6.21142819 3.69122311 1.61336462 1.61310452]", "final_simplex": "(array([[1.20388962, 6.42649058, 6.21142819, 3.69122311, 1.61336462,\n        1.61310452],\n       [1.20389118, 6.4264932 , 6.21143441, 3.69122849, 1.61336038,\n        1.61310302],\n       [1.20389366, 6.42649437, 6.21142583, 3.69122469, 1.61336595,\n        1.61310015],\n       [1.20388808, 6.42649755, 6.21142957, 3.69122884, 1.61336295,\n        1.61310414],\n       [1.2038918 , 6.42648658, 6.21143407, 3.69121995, 1.61336117,\n        1.61310388],\n       [1.20389325, 6.42649331, 6.21143122, 3.69123027, 1.61335892,\n        1.61310239],\n       [1.20389037, 6.4264953 , 6.21143351, 3.6912232 , 1.61335896,\n        1.6131054 ]]), array([0.00012072, 0.00012072, 0.00012072, 0.00012072, 0.00012072,\n       0.00012072, 0.00012072]))"}, "11": {"maxiter": 1000, "fatol": 1e-10, "xatol": 1e-10, "duration": 0.08878517150878906, "fun": "0.00012071691162418574", "nit": "241", "nfev": "503", "status": "0", "success": "True", "message": "Optimization terminated successfully.", "x": "[1.20388962 6.42649058 6.21142819 3.69122311 1.61336462 1.61310452]", "final_simplex": "(array([[1.20388962, 6.42649058, 6.21142819, 3.69122311, 1.61336462,\n        1.61310452],\n       [1.20388962, 6.42649058, 6.21142819, 3.69122311, 1.61336462,\n        1.61310452],\n       [1.20388962, 6.42649058, 6.21142819, 3.69122311, 1.61336462,\n        1.61310452],\n       [1.20388962, 6.42649058, 6.21142819, 3.69122311, 1.61336462,\n        1.61310452],\n       [1.20388962, 6.42649058, 6.21142819, 3.69122311, 1.61336462,\n        1.61310452],\n       [1.20388962, 6.42649058, 6.21142819, 3.69122311, 1.61336462,\n        1.61310452],\n       [1.20388962, 6.42649058, 6.21142819, 3.69122311, 1.61336462,\n        1.61310452]]), array([0.00012072, 0.00012072, 0.00012072, 0.00012072, 0.00012072,\n       0.00012072, 0.00012072]))"}}, "bfgs": {"0": {"maxiter": 100, "gtol": 1e-05, "xrtol": 1e-05, "eps": 1e-05, "duration": 0.02700495719909668, "fun": "0.00012071712262695655", "jac": "[ 0.00000000e+00 -7.27595761e-07 -7.27595761e-07  0.00000000e+00\n  2.91038305e-06  1.45519152e-06]", "hess_inv": "[[ 2.53423709  1.81209646 -0.15527009  2.12524804 -0.58731414 -0.53735955]\n [ 1.81209646  7.56465207 -0.1351206   6.60799201 -0.77425453 -0.02944588]\n [-0.15527009 -0.1351206   8.27370317 -0.51883696 -2.53103642  5.03073079]\n [ 2.12524804  6.60799201 -0.51883696  7.92180269 -0.76219944 -0.49462995]\n [-0.58731414 -0.77425453 -2.53103642 -0.76219944  2.11162185 -1.40264697]\n [-0.53735955 -0.02944588  5.03073079 -0.49462995 -1.40264697  4.26763995]]", "nfev": "147", "njev": "21", "status": "0", "success": "True", "message": "Optimization terminated successfully.", "x": "[1.50641981 6.35623991 6.11992274 3.64060855 2.26477999 2.14178973]", "nit": "18"}, "1": {"maxiter": 100, "gtol": 1e-05, "xrtol": 1e-05, "eps": 1e-10, "duration": 0.0013110637664794922, "fun": "0.8084490299224854", "jac": "[0. 0. 0. 0. 0. 0.]", "hess_inv": "[[1 0 0 0 0 0]\n [0 1 0 0 0 0]\n [0 0 1 0 0 0]\n [0 0 0 1 0 0]\n [0 0 0 0 1 0]\n [0 0 0 0 0 1]]", "nfev": "7", "njev": "1", "status": "0", "success": "True", "message": "Optimization terminated successfully.", "x": "[1.60938477 6.1436384  4.54036824 5.67101998 2.32407044 0.98727792]", "nit": "0"}, "2": {"maxiter": 100, "gtol": 1e-05, "xrtol": 1e-10, "eps": 1e-05, "duration": 0.027096033096313477, "fun": "0.00012071712262695655", "jac": "[ 0.00000000e+00 -7.27595761e-07 -7.27595761e-07  0.00000000e+00\n  2.91038305e-06  1.45519152e-06]", "hess_inv": "[[ 2.53423709  1.81209646 -0.15527009  2.12524804 -0.58731414 -0.53735955]\n [ 1.81209646  7.56465207 -0.1351206   6.60799201 -0.77425453 -0.02944588]\n [-0.15527009 -0.1351206   8.27370317 -0.51883696 -2.53103642  5.03073079]\n [ 2.12524804  6.60799201 -0.51883696  7.92180269 -0.76219944 -0.49462995]\n [-0.58731414 -0.77425453 -2.53103642 -0.76219944  2.11162185 -1.40264697]\n [-0.53735955 -0.02944588  5.03073079 -0.49462995 -1.40264697  4.26763995]]", "nfev": "147", "njev": "21", "status": "0", "success": "True", "message": "Optimization terminated successfully.", "x": "[1.50641981 6.35623991 6.11992274 3.64060855 2.26477999 2.14178973]", "nit": "18"}, "3": {"maxiter": 100, "gtol": 1e-05, "xrtol": 1e-10, "eps": 1e-10, "duration": 0.0013091564178466797, "fun": "0.8084490299224854", "jac": "[0. 0. 0. 0. 0. 0.]", "hess_inv": "[[1 0 0 0 0 0]\n [0 1 0 0 0 0]\n [0 0 1 0 0 0]\n [0 0 0 1 0 0]\n [0 0 0 0 1 0]\n [0 0 0 0 0 1]]", "nfev": "7", "njev": "1", "status": "0", "success": "True", "message": "Optimization terminated successfully.", "x": "[1.60938477 6.1436384  4.54036824 5.67101998 2.32407044 0.98727792]", "nit": "0"}, "4": {"maxiter": 100, "gtol": 1e-10, "xrtol": 1e-05, "eps": 1e-05, "duration": 0.0276031494140625, "fun": "0.00012071704986738041", "jac": "[ 1.45519152e-06 -7.27595761e-07 -1.45519152e-06  0.00000000e+00\n  2.18278728e-06  1.45519152e-06]", "hess_inv": "[[ 2.61040234  1.97323245 -0.03127042  2.28011084 -0.71620346 -0.50266305]\n [ 1.97323245  7.89774933  0.12385277  6.92592062 -1.0635661   0.03260619]\n [-0.03127042  0.12385277  8.47413084 -0.27089375 -2.74803727  5.0823277 ]\n [ 2.28011084  6.92592062 -0.27089375  8.22461819 -1.04493841 -0.4381952 ]\n [-0.71620346 -1.0635661  -2.74803727 -1.04493841  2.29428491 -1.48555636]\n [-0.50266305  0.03260619  5.0823277  -0.4381952  -1.48555636  4.26693145]]", "nfev": "154", "njev": "22", "status": "0", "success": "True", "message": "Optimization terminated successfully.", "x": "[1.50642404 6.3562488  6.1199296  3.64061707 2.2647727  2.14179156]", "nit": "19"}, "5": {"maxiter": 100, "gtol": 1e-10, "xrtol": 1e-05, "eps": 1e-10, "duration": 0.0013098716735839844, "fun": "0.8084490299224854", "jac": "[0. 0. 0. 0. 0. 0.]", "hess_inv": "[[1 0 0 0 0 0]\n [0 1 0 0 0 0]\n [0 0 1 0 0 0]\n [0 0 0 1 0 0]\n [0 0 0 0 1 0]\n [0 0 0 0 0 1]]", "nfev": "7", "njev": "1", "status": "0", "success": "True", "message": "Optimization terminated successfully.", "x": "[1.60938477 6.1436384  4.54036824 5.67101998 2.32407044 0.98727792]", "nit": "0"}, "6": {"maxiter": 100, "gtol": 1e-10, "xrtol": 1e-10, "eps": 1e-05, "duration": 0.08595514297485352, "fun": "0.00012071697710780427", "jac": "[ 2.18278728e-06  0.00000000e+00 -7.27595761e-07  7.27595761e-07\n  1.45519152e-06  2.91038305e-06]", "hess_inv": "[[ 1.37982227  0.83402652  0.78010467  0.92084945 -0.70007779 -0.12320026]\n [ 0.83402652  6.720291    0.37208602  5.47697796 -1.65915102 -0.7105313 ]\n [ 0.78010467  0.37208602  6.41900867  0.03939569 -3.65037145  2.42272643]\n [ 0.92084945  5.47697796  0.03939569  6.49761538 -1.39422114 -0.96978795]\n [-0.70007779 -1.65915102 -3.65037145 -1.39422114  4.05823008 -0.74839517]\n [-0.12320026 -0.7105313   2.42272643 -0.96978795 -0.74839517  2.36235768]]", "nfev": "488", "njev": "68", "status": "2", "success": "False", "message": "Desired error not necessarily achieved due to precision loss.", "x": "[1.50642722 6.35625872 6.11994132 3.64062608 2.26476328 2.14179599]", "nit": "20"}, "7": {"maxiter": 100, "gtol": 1e-10, "xrtol": 1e-10, "eps": 1e-10, "duration": 0.0012869834899902344, "fun": "0.8084490299224854", "jac": "[0. 0. 0. 0. 0. 0.]", "hess_inv": "[[1 0 0 0 0 0]\n [0 1 0 0 0 0]\n [0 0 1 0 0 0]\n [0 0 0 1 0 0]\n [0 0 0 0 1 0]\n [0 0 0 0 0 1]]", "nfev": "7", "njev": "1", "status": "0", "success": "True", "message": "Optimization terminated successfully.", "x": "[1.60938477 6.1436384  4.54036824 5.67101998 2.32407044 0.98727792]", "nit": "0"}, "8": {"maxiter": 500, "gtol": 1e-05, "xrtol": 1e-05, "eps": 1e-05, "duration": 0.026294946670532227, "fun": "0.00012071712262695655", "jac": "[ 0.00000000e+00 -7.27595761e-07 -7.27595761e-07  0.00000000e+00\n  2.91038305e-06  1.45519152e-06]", "hess_inv": "[[ 2.53423709  1.81209646 -0.15527009  2.12524804 -0.58731414 -0.53735955]\n [ 1.81209646  7.56465207 -0.1351206   6.60799201 -0.77425453 -0.02944588]\n [-0.15527009 -0.1351206   8.27370317 -0.51883696 -2.53103642  5.03073079]\n [ 2.12524804  6.60799201 -0.51883696  7.92180269 -0.76219944 -0.49462995]\n [-0.58731414 -0.77425453 -2.53103642 -0.76219944  2.11162185 -1.40264697]\n [-0.53735955 -0.02944588  5.03073079 -0.49462995 -1.40264697  4.26763995]]", "nfev": "147", "njev": "21", "status": "0", "success": "True", "message": "Optimization terminated successfully.", "x": "[1.50641981 6.35623991 6.11992274 3.64060855 2.26477999 2.14178973]", "nit": "18"}, "9": {"maxiter": 500, "gtol": 1e-05, "xrtol": 1e-05, "eps": 1e-10, "duration": 0.0012891292572021484, "fun": "0.8084490299224854", "jac": "[0. 0. 0. 0. 0. 0.]", "hess_inv": "[[1 0 0 0 0 0]\n [0 1 0 0 0 0]\n [0 0 1 0 0 0]\n [0 0 0 1 0 0]\n [0 0 0 0 1 0]\n [0 0 0 0 0 1]]", "nfev": "7", "njev": "1", "status": "0", "success": "True", "message": "Optimization terminated successfully.", "x": "[1.60938477 6.1436384  4.54036824 5.67101998 2.32407044 0.98727792]", "nit": "0"}, "10": {"maxiter": 500, "gtol": 1e-05, "xrtol": 1e-10, "eps": 1e-05, "duration": 0.026413917541503906, "fun": "0.00012071712262695655", "jac": "[ 0.00000000e+00 -7.27595761e-07 -7.27595761e-07  0.00000000e+00\n  2.91038305e-06  1.45519152e-06]", "hess_inv": "[[ 2.53423709  1.81209646 -0.15527009  2.12524804 -0.58731414 -0.53735955]\n [ 1.81209646  7.56465207 -0.1351206   6.60799201 -0.77425453 -0.02944588]\n [-0.15527009 -0.1351206   8.27370317 -0.51883696 -2.53103642  5.03073079]\n [ 2.12524804  6.60799201 -0.51883696  7.92180269 -0.76219944 -0.49462995]\n [-0.58731414 -0.77425453 -2.53103642 -0.76219944  2.11162185 -1.40264697]\n [-0.53735955 -0.02944588  5.03073079 -0.49462995 -1.40264697  4.26763995]]", "nfev": "147", "njev": "21", "status": "0", "success": "True", "message": "Optimization terminated successfully.", "x": "[1.50641981 6.35623991 6.11992274 3.64060855 2.26477999 2.14178973]", "nit": "18"}, "11": {"maxiter": 500, "gtol": 1e-05, "xrtol": 1e-10, "eps": 1e-10, "duration": 0.0012540817260742188, "fun": "0.8084490299224854", "jac": "[0. 0. 0. 0. 0. 0.]", "hess_inv": "[[1 0 0 0 0 0]\n [0 1 0 0 0 0]\n [0 0 1 0 0 0]\n [0 0 0 1 0 0]\n [0 0 0 0 1 0]\n [0 0 0 0 0 1]]", "nfev": "7", "njev": "1", "status": "0", "success": "True", "message": "Optimization terminated successfully.", "x": "[1.60938477 6.1436384  4.54036824 5.67101998 2.32407044 0.98727792]", "nit": "0"}, "12": {"maxiter": 500, "gtol": 1e-10, "xrtol": 1e-05, "eps": 1e-05, "duration": 0.026917219161987305, "fun": "0.00012071704986738041", "jac": "[ 1.45519152e-06 -7.27595761e-07 -1.45519152e-06  0.00000000e+00\n  2.18278728e-06  1.45519152e-06]", "hess_inv": "[[ 2.61040234  1.97323245 -0.03127042  2.28011084 -0.71620346 -0.50266305]\n [ 1.97323245  7.89774933  0.12385277  6.92592062 -1.0635661   0.03260619]\n [-0.03127042  0.12385277  8.47413084 -0.27089375 -2.74803727  5.0823277 ]\n [ 2.28011084  6.92592062 -0.27089375  8.22461819 -1.04493841 -0.4381952 ]\n [-0.71620346 -1.0635661  -2.74803727 -1.04493841  2.29428491 -1.48555636]\n [-0.50266305  0.03260619  5.0823277  -0.4381952  -1.48555636  4.26693145]]", "nfev": "154", "njev": "22", "status": "0", "success": "True", "message": "Optimization terminated successfully.", "x": "[1.50642404 6.3562488  6.1199296  3.64061707 2.2647727  2.14179156]", "nit": "19"}, "13": {"maxiter": 500, "gtol": 1e-10, "xrtol": 1e-05, "eps": 1e-10, "duration": 0.0012400150299072266, "fun": "0.8084490299224854", "jac": "[0. 0. 0. 0. 0. 0.]", "hess_inv": "[[1 0 0 0 0 0]\n [0 1 0 0 0 0]\n [0 0 1 0 0 0]\n [0 0 0 1 0 0]\n [0 0 0 0 1 0]\n [0 0 0 0 0 1]]", "nfev": "7", "njev": "1", "status": "0", "success": "True", "message": "Optimization terminated successfully.", "x": "[1.60938477 6.1436384  4.54036824 5.67101998 2.32407044 0.98727792]", "nit": "0"}, "14": {"maxiter": 500, "gtol": 1e-10, "xrtol": 1e-10, "eps": 1e-05, "duration": 0.08526992797851562, "fun": "0.00012071697710780427", "jac": "[ 2.18278728e-06  0.00000000e+00 -7.27595761e-07  7.27595761e-07\n  1.45519152e-06  2.91038305e-06]", "hess_inv": "[[ 1.37982227  0.83402652  0.78010467  0.92084945 -0.70007779 -0.12320026]\n [ 0.83402652  6.720291    0.37208602  5.47697796 -1.65915102 -0.7105313 ]\n [ 0.78010467  0.37208602  6.41900867  0.03939569 -3.65037145  2.42272643]\n [ 0.92084945  5.47697796  0.03939569  6.49761538 -1.39422114 -0.96978795]\n [-0.70007779 -1.65915102 -3.65037145 -1.39422114  4.05823008 -0.74839517]\n [-0.12320026 -0.7105313   2.42272643 -0.96978795 -0.74839517  2.36235768]]", "nfev": "488", "njev": "68", "status": "2", "success": "False", "message": "Desired error not necessarily achieved due to precision loss.", "x": "[1.50642722 6.35625872 6.11994132 3.64062608 2.26476328 2.14179599]", "nit": "20"}, "15": {"maxiter": 500, "gtol": 1e-10, "xrtol": 1e-10, "eps": 1e-10, "duration": 0.001291036605834961, "fun": "0.8084490299224854", "jac": "[0. 0. 0. 0. 0. 0.]", "hess_inv": "[[1 0 0 0 0 0]\n [0 1 0 0 0 0]\n [0 0 1 0 0 0]\n [0 0 0 1 0 0]\n [0 0 0 0 1 0]\n [0 0 0 0 0 1]]", "nfev": "7", "njev": "1", "status": "0", "success": "True", "message": "Optimization terminated successfully.", "x": "[1.60938477 6.1436384  4.54036824 5.67101998 2.32407044 0.98727792]", "nit": "0"}, "16": {"maxiter": 1000, "gtol": 1e-05, "xrtol": 1e-05, "eps": 1e-05, "duration": 0.026643991470336914, "fun": "0.00012071712262695655", "jac": "[ 0.00000000e+00 -7.27595761e-07 -7.27595761e-07  0.00000000e+00\n  2.91038305e-06  1.45519152e-06]", "hess_inv": "[[ 2.53423709  1.81209646 -0.15527009  2.12524804 -0.58731414 -0.53735955]\n [ 1.81209646  7.56465207 -0.1351206   6.60799201 -0.77425453 -0.02944588]\n [-0.15527009 -0.1351206   8.27370317 -0.51883696 -2.53103642  5.03073079]\n [ 2.12524804  6.60799201 -0.51883696  7.92180269 -0.76219944 -0.49462995]\n [-0.58731414 -0.77425453 -2.53103642 -0.76219944  2.11162185 -1.40264697]\n [-0.53735955 -0.02944588  5.03073079 -0.49462995 -1.40264697  4.26763995]]", "nfev": "147", "njev": "21", "status": "0", "success": "True", "message": "Optimization terminated successfully.", "x": "[1.50641981 6.35623991 6.11992274 3.64060855 2.26477999 2.14178973]", "nit": "18"}, "17": {"maxiter": 1000, "gtol": 1e-05, "xrtol": 1e-05, "eps": 1e-10, "duration": 0.0012788772583007812, "fun": "0.8084490299224854", "jac": "[0. 0. 0. 0. 0. 0.]", "hess_inv": "[[1 0 0 0 0 0]\n [0 1 0 0 0 0]\n [0 0 1 0 0 0]\n [0 0 0 1 0 0]\n [0 0 0 0 1 0]\n [0 0 0 0 0 1]]", "nfev": "7", "njev": "1", "status": "0", "success": "True", "message": "Optimization terminated successfully.", "x": "[1.60938477 6.1436384  4.54036824 5.67101998 2.32407044 0.98727792]", "nit": "0"}, "18": {"maxiter": 1000, "gtol": 1e-05, "xrtol": 1e-10, "eps": 1e-05, "duration": 0.02669382095336914, "fun": "0.00012071712262695655", "jac": "[ 0.00000000e+00 -7.27595761e-07 -7.27595761e-07  0.00000000e+00\n  2.91038305e-06  1.45519152e-06]", "hess_inv": "[[ 2.53423709  1.81209646 -0.15527009  2.12524804 -0.58731414 -0.53735955]\n [ 1.81209646  7.56465207 -0.1351206   6.60799201 -0.77425453 -0.02944588]\n [-0.15527009 -0.1351206   8.27370317 -0.51883696 -2.53103642  5.03073079]\n [ 2.12524804  6.60799201 -0.51883696  7.92180269 -0.76219944 -0.49462995]\n [-0.58731414 -0.77425453 -2.53103642 -0.76219944  2.11162185 -1.40264697]\n [-0.53735955 -0.02944588  5.03073079 -0.49462995 -1.40264697  4.26763995]]", "nfev": "147", "njev": "21", "status": "0", "success": "True", "message": "Optimization terminated successfully.", "x": "[1.50641981 6.35623991 6.11992274 3.64060855 2.26477999 2.14178973]", "nit": "18"}, "19": {"maxiter": 1000, "gtol": 1e-05, "xrtol": 1e-10, "eps": 1e-10, "duration": 0.001291036605834961, "fun": "0.8084490299224854", "jac": "[0. 0. 0. 0. 0. 0.]", "hess_inv": "[[1 0 0 0 0 0]\n [0 1 0 0 0 0]\n [0 0 1 0 0 0]\n [0 0 0 1 0 0]\n [0 0 0 0 1 0]\n [0 0 0 0 0 1]]", "nfev": "7", "njev": "1", "status": "0", "success": "True", "message": "Optimization terminated successfully.", "x": "[1.60938477 6.1436384  4.54036824 5.67101998 2.32407044 0.98727792]", "nit": "0"}, "20": {"maxiter": 1000, "gtol": 1e-10, "xrtol": 1e-05, "eps": 1e-05, "duration": 0.02815103530883789, "fun": "0.00012071704986738041", "jac": "[ 1.45519152e-06 -7.27595761e-07 -1.45519152e-06  0.00000000e+00\n  2.18278728e-06  1.45519152e-06]", "hess_inv": "[[ 2.61040234  1.97323245 -0.03127042  2.28011084 -0.71620346 -0.50266305]\n [ 1.97323245  7.89774933  0.12385277  6.92592062 -1.0635661   0.03260619]\n [-0.03127042  0.12385277  8.47413084 -0.27089375 -2.74803727  5.0823277 ]\n [ 2.28011084  6.92592062 -0.27089375  8.22461819 -1.04493841 -0.4381952 ]\n [-0.71620346 -1.0635661  -2.74803727 -1.04493841  2.29428491 -1.48555636]\n [-0.50266305  0.03260619  5.0823277  -0.4381952  -1.48555636  4.26693145]]", "nfev": "154", "njev": "22", "status": "0", "success": "True", "message": "Optimization terminated successfully.", "x": "[1.50642404 6.3562488  6.1199296  3.64061707 2.2647727  2.14179156]", "nit": "19"}, "21": {"maxiter": 1000, "gtol": 1e-10, "xrtol": 1e-05, "eps": 1e-10, "duration": 0.0012700557708740234, "fun": "0.8084490299224854", "jac": "[0. 0. 0. 0. 0. 0.]", "hess_inv": "[[1 0 0 0 0 0]\n [0 1 0 0 0 0]\n [0 0 1 0 0 0]\n [0 0 0 1 0 0]\n [0 0 0 0 1 0]\n [0 0 0 0 0 1]]", "nfev": "7", "njev": "1", "status": "0", "success": "True", "message": "Optimization terminated successfully.", "x": "[1.60938477 6.1436384  4.54036824 5.67101998 2.32407044 0.98727792]", "nit": "0"}, "22": {"maxiter": 1000, "gtol": 1e-10, "xrtol": 1e-10, "eps": 1e-05, "duration": 0.08500504493713379, "fun": "0.00012071697710780427", "jac": "[ 2.18278728e-06  0.00000000e+00 -7.27595761e-07  7.27595761e-07\n  1.45519152e-06  2.91038305e-06]", "hess_inv": "[[ 1.37982227  0.83402652  0.78010467  0.92084945 -0.70007779 -0.12320026]\n [ 0.83402652  6.720291    0.37208602  5.47697796 -1.65915102 -0.7105313 ]\n [ 0.78010467  0.37208602  6.41900867  0.03939569 -3.65037145  2.42272643]\n [ 0.92084945  5.47697796  0.03939569  6.49761538 -1.39422114 -0.96978795]\n [-0.70007779 -1.65915102 -3.65037145 -1.39422114  4.05823008 -0.74839517]\n [-0.12320026 -0.7105313   2.42272643 -0.96978795 -0.74839517  2.36235768]]", "nfev": "488", "njev": "68", "status": "2", "success": "False", "message": "Desired error not necessarily achieved due to precision loss.", "x": "[1.50642722 6.35625872 6.11994132 3.64062608 2.26476328 2.14179599]", "nit": "20"}, "23": {"maxiter": 1000, "gtol": 1e-10, "xrtol": 1e-10, "eps": 1e-10, "duration": 0.0012538433074951172, "fun": "0.8084490299224854", "jac": "[0. 0. 0. 0. 0. 0.]", "hess_inv": "[[1 0 0 0 0 0]\n [0 1 0 0 0 0]\n [0 0 1 0 0 0]\n [0 0 0 1 0 0]\n [0 0 0 0 1 0]\n [0 0 0 0 0 1]]", "nfev": "7", "njev": "1", "status": "0", "success": "True", "message": "Optimization terminated successfully.", "x": "[1.60938477 6.1436384  4.54036824 5.67101998 2.32407044 0.98727792]", "nit": "0"}}, "cobyla": {"0": {"maxiter": 100, "tol": 1e-05, "catol": 1e-05, "duration": 0.016845703125, "x": "[2.61776057 5.37116485 4.93482481 4.63100585 3.65971627 2.86017057]", "status": "2", "success": "False", "message": "Maximum number of function evaluations has been exceeded.", "nfev": "100", "fun": "0.001932077924720943", "maxcv": "0.0"}, "1": {"maxiter": 100, "tol": 1e-05, "catol": 1e-10, "duration": 0.016743898391723633, "x": "[2.61776057 5.37116485 4.93482481 4.63100585 3.65971627 2.86017057]", "status": "2", "success": "False", "message": "Maximum number of function evaluations has been exceeded.", "nfev": "100", "fun": "0.001932077924720943", "maxcv": "0.0"}, "2": {"maxiter": 100, "tol": 1e-10, "catol": 1e-05, "duration": 0.01706075668334961, "x": "[2.61776057 5.37116485 4.93482481 4.63100585 3.65971627 2.86017057]", "status": "2", "success": "False", "message": "Maximum number of function evaluations has been exceeded.", "nfev": "100", "fun": "0.001932077924720943", "maxcv": "0.0"}, "3": {"maxiter": 100, "tol": 1e-10, "catol": 1e-10, "duration": 0.01742696762084961, "x": "[2.61776057 5.37116485 4.93482481 4.63100585 3.65971627 2.86017057]", "status": "2", "success": "False", "message": "Maximum number of function evaluations has been exceeded.", "nfev": "100", "fun": "0.001932077924720943", "maxcv": "0.0"}, "4": {"maxiter": 500, "tol": 1e-05, "catol": 1e-05, "duration": 0.06342411041259766, "x": "[2.52852319 5.28180321 4.99440942 4.59090457 3.75816886 2.98706268]", "status": "1", "success": "True", "message": "Optimization terminated successfully.", "nfev": "369", "fun": "0.00012071728269802406", "maxcv": "0.0"}, "5": {"maxiter": 500, "tol": 1e-05, "catol": 1e-10, "duration": 0.06358075141906738, "x": "[2.52852319 5.28180321 4.99440942 4.59090457 3.75816886 2.98706268]", "status": "1", "success": "True", "message": "Optimization terminated successfully.", "nfev": "369", "fun": "0.00012071728269802406", "maxcv": "0.0"}, "6": {"maxiter": 500, "tol": 1e-10, "catol": 1e-05, "duration": 0.07454204559326172, "x": "[2.52848978 5.28179515 4.99441125 4.5908772  3.75819228 2.9870629 ]", "status": "1", "success": "True", "message": "Optimization terminated successfully.", "nfev": "446", "fun": "0.00012071700621163473", "maxcv": "0.0"}, "7": {"maxiter": 500, "tol": 1e-10, "catol": 1e-10, "duration": 0.07413291931152344, "x": "[2.52848978 5.28179515 4.99441125 4.5908772  3.75819228 2.9870629 ]", "status": "1", "success": "True", "message": "Optimization terminated successfully.", "nfev": "446", "fun": "0.00012071700621163473", "maxcv": "0.0"}, "8": {"maxiter": 1000, "tol": 1e-05, "catol": 1e-05, "duration": 0.06138324737548828, "x": "[2.52852319 5.28180321 4.99440942 4.59090457 3.75816886 2.98706268]", "status": "1", "success": "True", "message": "Optimization terminated successfully.", "nfev": "369", "fun": "0.00012071728269802406", "maxcv": "0.0"}, "9": {"maxiter": 1000, "tol": 1e-05, "catol": 1e-10, "duration": 0.06194591522216797, "x": "[2.52852319 5.28180321 4.99440942 4.59090457 3.75816886 2.98706268]", "status": "1", "success": "True", "message": "Optimization terminated successfully.", "nfev": "369", "fun": "0.00012071728269802406", "maxcv": "0.0"}, "10": {"maxiter": 1000, "tol": 1e-10, "catol": 1e-05, "duration": 0.07451891899108887, "x": "[2.52848978 5.28179515 4.99441125 4.5908772  3.75819228 2.9870629 ]", "status": "1", "success": "True", "message": "Optimization terminated successfully.", "nfev": "446", "fun": "0.00012071700621163473", "maxcv": "0.0"}, "11": {"maxiter": 1000, "tol": 1e-10, "catol": 1e-10, "duration": 0.07518219947814941, "x": "[2.52848978 5.28179515 4.99441125 4.5908772  3.75819228 2.9870629 ]", "status": "1", "success": "True", "message": "Optimization terminated successfully.", "nfev": "446", "fun": "0.00012071700621163473", "maxcv": "0.0"}}, "powell": {"0": {"maxiter": 100, "ftol": 1e-05, "xtol": 1e-05, "duration": 0.16118383407592773, "fun": "0.00012071691162418574", "direc": "[[-1.32746099e-01 -1.90017478e-02  4.06603310e-01 -1.69033791e-02\n  -1.21965994e-01  2.49034145e-01]\n [ 1.12762081e-04 -4.56868877e-04  4.87223648e-03 -2.74277182e-03\n   1.94311641e-03  7.04631281e-03]\n [-2.58080297e-01 -5.89112768e-01  6.50915693e-02 -5.94726294e-01\n  -7.25023706e-02  6.58062436e-01]\n [ 4.28790473e-02  9.66121423e-03  2.33591285e-02  2.58869362e-02\n  -2.04375008e-02 -3.39704596e-03]\n [ 0.00000000e+00  0.00000000e+00  0.00000000e+00  0.00000000e+00\n   1.00000000e+00  0.00000000e+00]\n [ 2.95902489e-03  2.69781372e-03 -6.14665216e-04  3.76797582e-03\n   2.17944966e-04 -2.36661001e-04]]", "nit": "12", "nfev": "956", "status": "0", "success": "True", "message": "Optimization terminated successfully.", "x": "[1.88786486 6.21762068 5.96191913 3.81416015 2.98487399 2.69888657]"}, "1": {"maxiter": 100, "ftol": 1e-05, "xtol": 1e-10, "duration": 0.3783140182495117, "fun": "0.00012071691890014336", "direc": "[[-1.32886732e-01 -1.94123806e-02  4.06899947e-01 -1.75245712e-02\n  -1.21310224e-01  2.49997617e-01]\n [ 2.45055510e-04 -3.81628898e-04  5.11617004e-03 -2.70533849e-03\n   2.08712831e-03  7.45583150e-03]\n [-2.58549150e-01 -5.92077377e-01  6.55882562e-02 -5.96720144e-01\n  -7.30832244e-02  6.61258971e-01]\n [ 4.31663535e-02  9.74156629e-03  2.34399439e-02  2.60914144e-02\n  -2.04341846e-02 -3.32171738e-03]\n [ 0.00000000e+00  0.00000000e+00  0.00000000e+00  0.00000000e+00\n   1.00000000e+00  0.00000000e+00]\n [ 2.93332652e-03  2.60305770e-03 -6.83111883e-04  3.71380601e-03\n   2.62753265e-04 -2.58092536e-04]]", "nit": "12", "nfev": "2237", "status": "0", "success": "True", "message": "Optimization terminated successfully.", "x": "[1.88995204 6.2166154  5.96081627 3.81566057 2.98789435 2.70094714]"}, "2": {"maxiter": 100, "ftol": 1e-10, "xtol": 1e-05, "duration": 0.19226813316345215, "fun": "0.00012071691162418574", "direc": "[[-1.32746099e-01 -1.90017478e-02  4.06603310e-01 -1.69033791e-02\n  -1.21965994e-01  2.49034145e-01]\n [ 1.12762081e-04 -4.56868877e-04  4.87223648e-03 -2.74277182e-03\n   1.94311641e-03  7.04631281e-03]\n [-2.58080297e-01 -5.89112768e-01  6.50915693e-02 -5.94726294e-01\n  -7.25023706e-02  6.58062436e-01]\n [ 4.28790473e-02  9.66121423e-03  2.33591285e-02  2.58869362e-02\n  -2.04375008e-02 -3.39704596e-03]\n [ 0.00000000e+00  0.00000000e+00  0.00000000e+00  0.00000000e+00\n   1.00000000e+00  0.00000000e+00]\n [ 2.95902489e-03  2.69781372e-03 -6.14665216e-04  3.76797582e-03\n   2.17944966e-04 -2.36661001e-04]]", "nit": "13", "nfev": "1100", "status": "0", "success": "True", "message": "Optimization terminated successfully.", "x": "[1.88786472 6.21762055 5.96192278 3.81415813 2.9848755  2.69889115]"}, "3": {"maxiter": 100, "ftol": 1e-10, "xtol": 1e-10, "duration": 0.45261430740356445, "fun": "0.00012071691162418574", "direc": "[[-1.32886732e-01 -1.94123806e-02  4.06899947e-01 -1.75245712e-02\n  -1.21310224e-01  2.49997617e-01]\n [ 2.45055510e-04 -3.81628898e-04  5.11617004e-03 -2.70533849e-03\n   2.08712831e-03  7.45583150e-03]\n [-2.58549150e-01 -5.92077377e-01  6.55882562e-02 -5.96720144e-01\n  -7.30832244e-02  6.61258971e-01]\n [ 4.31663535e-02  9.74156629e-03  2.34399439e-02  2.60914144e-02\n  -2.04341846e-02 -3.32171738e-03]\n [ 0.00000000e+00  0.00000000e+00  0.00000000e+00  0.00000000e+00\n   1.00000000e+00  0.00000000e+00]\n [ 2.93332652e-03  2.60305770e-03 -6.83111883e-04  3.71380601e-03\n   2.62753265e-04 -2.58092536e-04]]", "nit": "14", "nfev": "2643", "status": "0", "success": "True", "message": "Optimization terminated successfully.", "x": "[1.88994924 6.21661544 5.96082546 3.81566066 2.98789165 2.70095228]"}, "4": {"maxiter": 500, "ftol": 1e-05, "xtol": 1e-05, "duration": 0.165938138961792, "fun": "0.00012071691162418574", "direc": "[[-1.32746099e-01 -1.90017478e-02  4.06603310e-01 -1.69033791e-02\n  -1.21965994e-01  2.49034145e-01]\n [ 1.12762081e-04 -4.56868877e-04  4.87223648e-03 -2.74277182e-03\n   1.94311641e-03  7.04631281e-03]\n [-2.58080297e-01 -5.89112768e-01  6.50915693e-02 -5.94726294e-01\n  -7.25023706e-02  6.58062436e-01]\n [ 4.28790473e-02  9.66121423e-03  2.33591285e-02  2.58869362e-02\n  -2.04375008e-02 -3.39704596e-03]\n [ 0.00000000e+00  0.00000000e+00  0.00000000e+00  0.00000000e+00\n   1.00000000e+00  0.00000000e+00]\n [ 2.95902489e-03  2.69781372e-03 -6.14665216e-04  3.76797582e-03\n   2.17944966e-04 -2.36661001e-04]]", "nit": "12", "nfev": "956", "status": "0", "success": "True", "message": "Optimization terminated successfully.", "x": "[1.88786486 6.21762068 5.96191913 3.81416015 2.98487399 2.69888657]"}, "5": {"maxiter": 500, "ftol": 1e-05, "xtol": 1e-10, "duration": 0.3788468837738037, "fun": "0.00012071691890014336", "direc": "[[-1.32886732e-01 -1.94123806e-02  4.06899947e-01 -1.75245712e-02\n  -1.21310224e-01  2.49997617e-01]\n [ 2.45055510e-04 -3.81628898e-04  5.11617004e-03 -2.70533849e-03\n   2.08712831e-03  7.45583150e-03]\n [-2.58549150e-01 -5.92077377e-01  6.55882562e-02 -5.96720144e-01\n  -7.30832244e-02  6.61258971e-01]\n [ 4.31663535e-02  9.74156629e-03  2.34399439e-02  2.60914144e-02\n  -2.04341846e-02 -3.32171738e-03]\n [ 0.00000000e+00  0.00000000e+00  0.00000000e+00  0.00000000e+00\n   1.00000000e+00  0.00000000e+00]\n [ 2.93332652e-03  2.60305770e-03 -6.83111883e-04  3.71380601e-03\n   2.62753265e-04 -2.58092536e-04]]", "nit": "12", "nfev": "2237", "status": "0", "success": "True", "message": "Optimi