{"conf_id": 5, "data_type": "random\n", "num_data_points": 1, "s_rank": 0, "unitary": "[[-0.45070455-0.02711853j,0.78437395-0.06613086j,0.06358678+0.19963393j,-0.07343613+0.35668523j],[-0.01890143-0.03813363j,0.32408202+0.25557629j,0.05872864-0.68979805j,0.55466693-0.20227297j],[-0.11215405+0.64023111j,-0.13344055+0.29565494j,-0.49012687-0.19046288j,-0.04241254+0.44046348j],[0.55771659+0.24656916j,0.31851997-0.05798805j,0.28761525-0.34294258j,-0.56718418+0.03616933j]]", "databatch_0": {"databatch": "[[[0.30715846-0.13564256j,-0.19442098+0.15900901j,0.2508133-0.1603977j,0.15910509+0.02685728j],[-0.06440566-0.15722039j,0.10575446+0.09736528j,-0.08634204-0.15603251j,0.00311335-0.11974827j],[0.17063565+0.34231051j,-0.12728654-0.20757374j,0.18830668+0.2127866j,-0.03303436+0.0882935j],[0.39384787+0.00708326j,-0.26544674+0.00859981j,0.27825673-0.05387837j,0.05650115+0.09689966j]]]", "nelder_mead": {"0": {"maxiter": 100, "fatol": 1e-05, "xatol": 1e-05, "duration": 0.02725505828857422, "fun": "0.0696934163570404", "nit": "100", "nfev": "155", "status": "2", "success": "False", "message": "Maximum number of iterations has been exceeded.", "x": "[-0.24515312  0.85330672  0.23796294  5.29532982  1.29262856  1.79949158]", "final_simplex": "(array([[-0.24515312,  0.85330672,  0.23796294,  5.29532982,  1.29262856,\n         1.79949158],\n       [-0.55541586,  1.10870453,  0.22011697,  5.53950295,  1.30544701,\n         1.86661958],\n       [-0.3274802 ,  0.9496711 ,  0.24463082,  5.16650433,  1.31418614,\n         1.84012371],\n       [ 0.03625141,  0.92825093,  0.23383228,  5.3490552 ,  1.13334   ,\n         1.8620685 ],\n       [-0.54765013,  0.81635596,  0.22273821,  5.55056715,  1.24328883,\n         2.05244314],\n       [ 0.15075514,  0.80915636,  0.23125581,  5.27531533,  1.05904384,\n         1.93558721],\n       [-0.36099132,  1.11720171,  0.21331233,  5.44512766,  1.210028  ,\n         2.02680685]]), array([0.06969342, 0.07109738, 0.07392161, 0.08781777, 0.08806378,\n       0.09377207, 0.09414224]))"}, "1": {"maxiter": 100, "fatol": 1e-05, "xatol": 1e-10, "duration": 0.027210235595703125, "fun": "0.0696934163570404", "nit": "100", "nfev": "155", "status": "2", "success": "False", "message": "Maximum number of iterations has been exceeded.", "x": "[-0.24515312  0.85330672  0.23796294  5.29532982  1.29262856  1.79949158]", "final_simplex": "(array([[-0.24515312,  0.85330672,  0.23796294,  5.29532982,  1.29262856,\n         1.79949158],\n       [-0.55541586,  1.10870453,  0.22011697,  5.53950295,  1.30544701,\n         1.86661958],\n       [-0.3274802 ,  0.9496711 ,  0.24463082,  5.16650433,  1.31418614,\n         1.84012371],\n       [ 0.03625141,  0.92825093,  0.23383228,  5.3490552 ,  1.13334   ,\n         1.8620685 ],\n       [-0.54765013,  0.81635596,  0.22273821,  5.55056715,  1.24328883,\n         2.05244314],\n       [ 0.15075514,  0.80915636,  0.23125581,  5.27531533,  1.05904384,\n         1.93558721],\n       [-0.36099132,  1.11720171,  0.21331233,  5.44512766,  1.210028  ,\n         2.02680685]]), array([0.06969342, 0.07109738, 0.07392161, 0.08781777, 0.08806378,\n       0.09377207, 0.09414224]))"}, "2": {"maxiter": 100, "fatol": 1e-10, "xatol": 1e-05, "duration": 0.02722477912902832, "fun": "0.0696934163570404", "nit": "100", "nfev": "155", "status": "2", "success": "False", "message": "Maximum number of iterations has been exceeded.", "x": "[-0.24515312  0.85330672  0.23796294  5.29532982  1.29262856  1.79949158]", "final_simplex": "(array([[-0.24515312,  0.85330672,  0.23796294,  5.29532982,  1.29262856,\n         1.79949158],\n       [-0.55541586,  1.10870453,  0.22011697,  5.53950295,  1.30544701,\n         1.86661958],\n       [-0.3274802 ,  0.9496711 ,  0.24463082,  5.16650433,  1.31418614,\n         1.84012371],\n       [ 0.03625141,  0.92825093,  0.23383228,  5.3490552 ,  1.13334   ,\n         1.8620685 ],\n       [-0.54765013,  0.81635596,  0.22273821,  5.55056715,  1.24328883,\n         2.05244314],\n       [ 0.15075514,  0.80915636,  0.23125581,  5.27531533,  1.05904384,\n         1.93558721],\n       [-0.36099132,  1.11720171,  0.21331233,  5.44512766,  1.210028  ,\n         2.02680685]]), array([0.06969342, 0.07109738, 0.07392161, 0.08781777, 0.08806378,\n       0.09377207, 0.09414224]))"}, "3": {"maxiter": 100, "fatol": 1e-10, "xatol": 1e-10, "duration": 0.02702188491821289, "fun": "0.0696934163570404", "nit": "100", "nfev": "155", "status": "2", "success": "False", "message": "Maximum number of iterations has been exceeded.", "x": "[-0.24515312  0.85330672  0.23796294  5.29532982  1.29262856  1.79949158]", "final_simplex": "(array([[-0.24515312,  0.85330672,  0.23796294,  5.29532982,  1.29262856,\n         1.79949158],\n       [-0.55541586,  1.10870453,  0.22011697,  5.53950295,  1.30544701,\n         1.86661958],\n       [-0.3274802 ,  0.9496711 ,  0.24463082,  5.16650433,  1.31418614,\n         1.84012371],\n       [ 0.03625141,  0.92825093,  0.23383228,  5.3490552 ,  1.13334   ,\n         1.8620685 ],\n       [-0.54765013,  0.81635596,  0.22273821,  5.55056715,  1.24328883,\n         2.05244314],\n       [ 0.15075514,  0.80915636,  0.23125581,  5.27531533,  1.05904384,\n         1.93558721],\n       [-0.36099132,  1.11720171,  0.21331233,  5.44512766,  1.210028  ,\n         2.02680685]]), array([0.06969342, 0.07109738, 0.07392161, 0.08781777, 0.08806378,\n       0.09377207, 0.09414224]))"}, "4": {"maxiter": 500, "fatol": 1e-05, "xatol": 1e-05, "duration": 0.1350247859954834, "fun": "0.02330077439546585", "nit": "500", "nfev": "767", "status": "2", "success": "False", "message": "Maximum number of iterations has been exceeded.", "x": "[-0.19687632  0.186515    0.83344233  4.74573105  0.24919857  1.88854248]", "final_simplex": "(array([[-0.19687632,  0.186515  ,  0.83344233,  4.74573105,  0.24919857,\n         1.88854248],\n       [-0.22492643,  0.27851241,  0.77601707,  4.78493475,  0.33029504,\n         1.9012779 ],\n       [-0.22158853,  0.30426586,  0.74536655,  4.77005711,  0.30677277,\n         1.88400921],\n       [-0.21441682,  0.36959882,  0.69682143,  4.77362407,  0.31936278,\n         1.87861395],\n       [-0.23044242,  0.36339406,  0.69801681,  4.78719934,  0.30636161,\n         1.90483961],\n       [-0.22077989,  0.31012393,  0.72879052,  4.79095706,  0.3359245 ,\n         1.90381853],\n       [-0.1949649 ,  0.28836028,  0.74921577,  4.76719674,  0.32420084,\n         1.90464207]]), array([0.02330077, 0.02339676, 0.02348582, 0.02371814, 0.02380708,\n       0.02392316, 0.02394814]))"}, "5": {"maxiter": 500, "fatol": 1e-05, "xatol": 1e-10, "duration": 0.1390073299407959, "fun": "0.02330077439546585", "nit": "500", "nfev": "767", "status": "2", "success": "False", "message": "Maximum number of iterations has been exceeded.", "x": "[-0.19687632  0.186515    0.83344233  4.74573105  0.24919857  1.88854248]", "final_simplex": "(array([[-0.19687632,  0.186515  ,  0.83344233,  4.74573105,  0.24919857,\n         1.88854248],\n       [-0.22492643,  0.27851241,  0.77601707,  4.78493475,  0.33029504,\n         1.9012779 ],\n       [-0.22158853,  0.30426586,  0.74536655,  4.77005711,  0.30677277,\n         1.88400921],\n       [-0.21441682,  0.36959882,  0.69682143,  4.77362407,  0.31936278,\n         1.87861395],\n       [-0.23044242,  0.36339406,  0.69801681,  4.78719934,  0.30636161,\n         1.90483961],\n       [-0.22077989,  0.31012393,  0.72879052,  4.79095706,  0.3359245 ,\n         1.90381853],\n       [-0.1949649 ,  0.28836028,  0.74921577,  4.76719674,  0.32420084,\n         1.90464207]]), array([0.02330077, 0.02339676, 0.02348582, 0.02371814, 0.02380708,\n       0.02392316, 0.02394814]))"}, "6": {"maxiter": 500, "fatol": 1e-10, "xatol": 1e-05, "duration": 0.13833928108215332, "fun": "0.02330077439546585", "nit": "500", "nfev": "767", "status": "2", "success": "False", "message": "Maximum number of iterations has been exceeded.", "x": "[-0.19687632  0.186515    0.83344233  4.74573105  0.24919857  1.88854248]", "final_simplex": "(array([[-0.19687632,  0.186515  ,  0.83344233,  4.74573105,  0.24919857,\n         1.88854248],\n       [-0.22492643,  0.27851241,  0.77601707,  4.78493475,  0.33029504,\n         1.9012779 ],\n       [-0.22158853,  0.30426586,  0.74536655,  4.77005711,  0.30677277,\n         1.88400921],\n       [-0.21441682,  0.36959882,  0.69682143,  4.77362407,  0.31936278,\n         1.87861395],\n       [-0.23044242,  0.36339406,  0.69801681,  4.78719934,  0.30636161,\n         1.90483961],\n       [-0.22077989,  0.31012393,  0.72879052,  4.79095706,  0.3359245 ,\n         1.90381853],\n       [-0.1949649 ,  0.28836028,  0.74921577,  4.76719674,  0.32420084,\n         1.90464207]]), array([0.02330077, 0.02339676, 0.02348582, 0.02371814, 0.02380708,\n       0.02392316, 0.02394814]))"}, "7": {"maxiter": 500, "fatol": 1e-10, "xatol": 1e-10, "duration": 0.13520193099975586, "fun": "0.02330077439546585", "nit": "500", "nfev": "767", "status": "2", "success": "False", "message": "Maximum number of iterations has been exceeded.", "x": "[-0.19687632  0.186515    0.83344233  4.74573105  0.24919857  1.88854248]", "final_simplex": "(array([[-0.19687632,  0.186515  ,  0.83344233,  4.74573105,  0.24919857,\n         1.88854248],\n       [-0.22492643,  0.27851241,  0.77601707,  4.78493475,  0.33029504,\n         1.9012779 ],\n       [-0.22158853,  0.30426586,  0.74536655,  4.77005711,  0.30677277,\n         1.88400921],\n       [-0.21441682,  0.36959882,  0.69682143,  4.77362407,  0.31936278,\n         1.87861395],\n       [-0.23044242,  0.36339406,  0.69801681,  4.78719934,  0.30636161,\n         1.90483961],\n       [-0.22077989,  0.31012393,  0.72879052,  4.79095706,  0.3359245 ,\n         1.90381853],\n       [-0.1949649 ,  0.28836028,  0.74921577,  4.76719674,  0.32420084,\n         1.90464207]]), array([0.02330077, 0.02339676, 0.02348582, 0.02371814, 0.02380708,\n       0.02392316, 0.02394814]))"}, "8": {"maxiter": 1000, "fatol": 1e-05, "xatol": 1e-05, "duration": 0.23919367790222168, "fun": "0.008437779732048512", "nit": "862", "nfev": "1369", "status": "0", "success": "True", "message": "Optimization terminated successfully.", "x": "[-1.00147137 -1.91038389  2.56126389  4.29577395 -0.78524371  1.42510319]", "final_simplex": "(array([[-1.00147137, -1.91038389,  2.56126389,  4.29577395, -0.78524371,\n         1.42510319],\n       [-1.00147249, -1.91038465,  2.56126352,  4.29577385, -0.78524599,\n         1.42510195],\n       [-1.00147278, -1.91038455,  2.5612636 ,  4.29577374, -0.78524638,\n         1.42510199],\n       [-1.00147118, -1.91038382,  2.56126367,  4.29577416, -0.7852439 ,\n         1.42510337],\n       [-1.00147552, -1.91038566,  2.5612634 ,  4.29577379, -0.7852497 ,\n         1.42509992],\n       [-1.00147338, -1.91038555,  2.56126388,  4.29577407, -0.7852471 ,\n         1.42510141],\n       [-1.00147271, -1.91038461,  2.56126367,  4.29577394, -0.78524542,\n         1.42510264]]), array([0.00843778, 0.00843778, 0.00843778, 0.00843778, 0.00843778,\n       0.00843778, 0.00843778]))"}, "9": {"maxiter": 1000, "fatol": 1e-05, "xatol": 1e-10, "duration": 0.26536130905151367, "fun": "0.008437779732048512", "nit": "878", "nfev": "1497", "status": "0", "success": "True", "message": "Optimization terminated successfully.", "x": "[-1.00147137 -1.91038389  2.56126389  4.29577395 -0.78524371  1.42510319]", "final_simplex": "(array([[-1.00147137, -1.91038389,  2.56126389,  4.29577395, -0.78524371,\n         1.42510319],\n       [-1.00147137, -1.91038389,  2.56126389,  4.29577395, -0.78524371,\n         1.42510319],\n       [-1.00147137, -1.91038389,  2.56126389,  4.29577395, -0.78524371,\n         1.42510319],\n       [-1.00147137, -1.91038389,  2.56126389,  4.29577395, -0.78524371,\n         1.42510319],\n       [-1.00147137, -1.91038389,  2.56126389,  4.29577395, -0.78524371,\n         1.42510319],\n       [-1.00147137, -1.91038389,  2.56126389,  4.29577395, -0.78524371,\n         1.42510319],\n       [-1.00147137, -1.91038389,  2.56126389,  4.29577395, -0.78524371,\n         1.42510319]]), array([0.00843778, 0.00843778, 0.00843778, 0.00843778, 0.00843778,\n       0.00843778, 0.00843778]))"}, "10": {"maxiter": 1000, "fatol": 1e-10, "xatol": 1e-05, "duration": 0.24733424186706543, "fun": "0.008437779732048512", "nit": "862", "nfev": "1369", "status": "0", "success": "True", "message": "Optimization terminated successfully.", "x": "[-1.00147137 -1.91038389  2.56126389  4.29577395 -0.78524371  1.42510319]", "final_simplex": "(array([[-1.00147137, -1.91038389,  2.56126389,  4.29577395, -0.78524371,\n         1.42510319],\n       [-1.00147249, -1.91038465,  2.56126352,  4.29577385, -0.78524599,\n         1.42510195],\n       [-1.00147278, -1.91038455,  2.5612636 ,  4.29577374, -0.78524638,\n         1.42510199],\n       [-1.00147118, -1.91038382,  2.56126367,  4.29577416, -0.7852439 ,\n         1.42510337],\n       [-1.00147552, -1.91038566,  2.5612634 ,  4.29577379, -0.7852497 ,\n         1.42509992],\n       [-1.00147338, -1.91038555,  2.56126388,  4.29577407, -0.7852471 ,\n         1.42510141],\n       [-1.00147271, -1.91038461,  2.56126367,  4.29577394, -0.78524542,\n         1.42510264]]), array([0.00843778, 0.00843778, 0.00843778, 0.00843778, 0.00843778,\n       0.00843778, 0.00843778]))"}, "11": {"maxiter": 1000, "fatol": 1e-10, "xatol": 1e-10, "duration": 0.2691769599914551, "fun": "0.008437779732048512", "nit": "878", "nfev": "1497", "status": "0", "success": "True", "message": "Optimization terminated successfully.", "x": "[-1.00147137 -1.91038389  2.56126389  4.29577395 -0.78524371  1.42510319]", "final_simplex": "(array([[-1.00147137, -1.91038389,  2.56126389,  4.29577395, -0.78524371,\n         1.42510319],\n       [-1.00147137, -1.91038389,  2.56126389,  4.29577395, -0.78524371,\n         1.42510319],\n       [-1.00147137, -1.91038389,  2.56126389,  4.29577395, -0.78524371,\n         1.42510319],\n       [-1.00147137, -1.91038389,  2.56126389,  4.29577395, -0.78524371,\n         1.42510319],\n       [-1.00147137, -1.91038389,  2.56126389,  4.29577395, -0.78524371,\n         1.42510319],\n       [-1.00147137, -1.91038389,  2.56126389,  4.29577395, -0.78524371,\n         1.42510319],\n       [-1.00147137, -1.91038389,  2.56126389,  4.29577395, -0.78524371,\n         1.42510319]]), array([0.00843778, 0.00843778, 0.00843778, 0.00843778, 0.00843778,\n       0.00843778, 0.00843778]))"}}, "bfgs": {"0": {"maxiter": 100, "gtol": 1e-05, "xrtol": 1e-05, "eps": 1e-05, "duration": 0.12202596664428711, "fun": "0.008437891490757465", "jac": "[ 0.00000000e+00 -9.31322575e-05  9.31322575e-05  0.00000000e+00\n -9.31322575e-05  9.31322575e-05]", "hess_inv": "[[30.87964132 21.16010433 -4.10950241  5.47050642 30.43523237 15.91531754]\n [21.16010433 19.04905517 -5.4120638   4.91651255 23.07272438 13.39449161]\n [-4.10950241 -5.4120638   4.44121048 -0.59629829 -4.09837327 -3.63885809]\n [ 5.47050642  4.91651255 -0.59629829  3.88597999  7.1142916   3.67616344]\n [30.43523237 23.07272438 -4.09837327  7.1142916  36.95166789 18.73355379]\n [15.91531754 13.39449161 -3.63885809  3.67616344 18.73355379 11.73285497]]", "nfev": "663", "njev": "93", "status": "2", "success": "False", "message": "Desired error not necessarily achieved due to precision loss.", "x": "[ 5.28409651 -1.90944998  2.56156941  4.29629208 -0.78219574  1.42698882]", "nit": "46"}, "1": {"maxiter": 100, "gtol": 1e-05, "xrtol": 1e-05, "eps": 1e-10, "duration": 0.0013308525085449219, "fun": "0.7858580350875854", "jac": "[0. 0. 0. 0. 0. 0.]", "hess_inv": "[[1 0 0 0 0 0]\n [0 1 0 0 0 0]\n [0 0 1 0 0 0]\n [0 0 0 1 0 0]\n [0 0 0 0 1 0]\n [0 0 0 0 0 1]]", "nfev": "7", "njev": "1", "status": "0", "success": "True", "message": "Optimization terminated successfully.", "x": "[2.35987085 2.91095142 0.25970434 4.12458568 0.63451032 0.89816395]", "nit": "0"}, "2": {"maxiter": 100, "gtol": 1e-05, "xrtol": 1e-10, "eps": 1e-05, "duration": 0.12390971183776855, "fun": "0.008437891490757465", "jac": "[ 0.00000000e+00 -9.31322575e-05  9.31322575e-05  0.00000000e+00\n -9.31322575e-05  9.31322575e-05]", "hess_inv": "[[30.87964132 21.16010433 -4.10950241  5.47050642 30.43523237 15.91531754]\n [21.16010433 19.04905517 -5.4120638   4.91651255 23.07272438 13.39449161]\n [-4.10950241 -5.4120638   4.44121048 -0.59629829 -4.09837327 -3.63885809]\n [ 5.47050642  4.91651255 -0.59629829  3.88597999  7.1142916   3.67616344]\n [30.43523237 23.07272438 -4.09837327  7.1142916  36.95166789 18.73355379]\n [15.91531754 13.39449161 -3.63885809  3.67616344 18.73355379 11.73285497]]", "nfev": "663", "njev": "93", "status": "2", "success": "False", "message": "Desired error not necessarily achieved due to precision loss.", "x": "[ 5.28409651 -1.90944998  2.56156941  4.29629208 -0.78219574  1.42698882]", "nit": "46"}, "3": {"maxiter": 100, "gtol": 1e-05, "xrtol": 1e-10, "eps": 1e-10, "duration": 0.001318216323852539, "fun": "0.7858580350875854", "jac": "[0. 0. 0. 0. 0. 0.]", "hess_inv": "[[1 0 0 0 0 0]\n [0 1 0 0 0 0]\n [0 0 1 0 0 0]\n [0 0 0 1 0 0]\n [0 0 0 0 1 0]\n [0 0 0 0 0 1]]", "nfev": "7", "njev": "1", "status": "0", "success": "True", "message": "Optimization terminated successfully.", "x": "[2.35987085 2.91095142 0.25970434 4.12458568 0.63451032 0.89816395]", "nit": "0"}, "4": {"maxiter": 100, "gtol": 1e-10, "xrtol": 1e-05, "eps": 1e-05, "duration": 0.1190040111541748, "fun": "0.008437891490757465", "jac": "[ 0.00000000e+00 -9.31322575e-05  9.31322575e-05  0.00000000e+00\n -9.31322575e-05  9.31322575e-05]", "hess_inv": "[[30.87964132 21.16010433 -4.10950241  5.47050642 30.43523237 15.91531754]\n [21.16010433 19.04905517 -5.4120638   4.91651255 23.07272438 13.39449161]\n [-4.10950241 -5.4120638   4.44121048 -0.59629829 -4.09837327 -3.63885809]\n [ 5.47050642  4.91651255 -0.59629829  3.88597999  7.1142916   3.67616344]\n [30.43523237 23.07272438 -4.09837327  7.1142916  36.95166789 18.73355379]\n [15.91531754 13.39449161 -3.63885809  3.67616344 18.73355379 11.73285497]]", "nfev": "663", "njev": "93", "status": "2", "success": "False", "message": "Desired error not necessarily achieved due to precision loss.", "x": "[ 5.28409651 -1.90944998  2.56156941  4.29629208 -0.78219574  1.42698882]", "nit": "46"}, "5": {"maxiter": 100, "gtol": 1e-10, "xrtol": 1e-05, "eps": 1e-10, "duration": 0.0012869834899902344, "fun": "0.7858580350875854", "jac": "[0. 0. 0. 0. 0. 0.]", "hess_inv": "[[1 0 0 0 0 0]\n [0 1 0 0 0 0]\n [0 0 1 0 0 0]\n [0 0 0 1 0 0]\n [0 0 0 0 1 0]\n [0 0 0 0 0 1]]", "nfev": "7", "njev": "1", "status": "0", "success": "True", "message": "Optimization terminated successfully.", "x": "[2.35987085 2.91095142 0.25970434 4.12458568 0.63451032 0.89816395]", "nit": "0"}, "6": {"maxiter": 100, "gtol": 1e-10, "xrtol": 1e-10, "eps": 1e-05, "duration": 0.11752009391784668, "fun": "0.008437891490757465", "jac": "[ 0.00000000e+00 -9.31322575e-05  9.31322575e-05  0.00000000e+00\n -9.31322575e-05  9.31322575e-05]", "hess_inv": "[[30.87964132 21.16010433 -4.10950241  5.47050642 30.43523237 15.91531754]\n [21.16010433 19.04905517 -5.4120638   4.91651255 23.07272438 13.39449161]\n [-4.10950241 -5.4120638   4.44121048 -0.59629829 -4.09837327 -3.63885809]\n [ 5.47050642  4.91651255 -0.59629829  3.88597999  7.1142916   3.67616344]\n [30.43523237 23.07272438 -4.09837327  7.1142916  36.95166789 18.73355379]\n [15.91531754 13.39449161 -3.63885809  3.67616344 18.73355379 11.73285497]]", "nfev": "663", "njev": "93", "status": "2", "success": "False", "message": "Desired error not necessarily achieved due to precision loss.", "x": "[ 5.28409651 -1.90944998  2.56156941  4.29629208 -0.78219574  1.42698882]", "nit": "46"}, "7": {"maxiter": 100, "gtol": 1e-10, "xrtol": 1e-10, "eps": 1e-10, "duration": 0.0012750625610351562, "fun": "0.7858580350875854", "jac": "[0. 0. 0. 0. 0. 0.]", "hess_inv": "[[1 0 0 0 0 0]\n [0 1 0 0 0 0]\n [0 0 1 0 0 0]\n [0 0 0 1 0 0]\n [0 0 0 0 1 0]\n [0 0 0 0 0 1]]", "nfev": "7", "njev": "1", "status": "0", "success": "True", "message": "Optimization terminated successfully.", "x": "[2.35987085 2.91095142 0.25970434 4.12458568 0.63451032 0.89816395]", "nit": "0"}, "8": {"maxiter": 500, "gtol": 1e-05, "xrtol": 1e-05, "eps": 1e-05, "duration": 0.11732888221740723, "fun": "0.008437891490757465", "jac": "[ 0.00000000e+00 -9.31322575e-05  9.31322575e-05  0.00000000e+00\n -9.31322575e-05  9.31322575e-05]", "hess_inv": "[[30.87964132 21.16010433 -4.10950241  5.47050642 30.43523237 15.91531754]\n [21.16010433 19.04905517 -5.4120638   4.91651255 23.07272438 13.39449161]\n [-4.10950241 -5.4120638   4.44121048 -0.59629829 -4.09837327 -3.63885809]\n [ 5.47050642  4.91651255 -0.59629829  3.88597999  7.1142916   3.67616344]\n [30.43523237 23.07272438 -4.09837327  7.1142916  36.95166789 18.73355379]\n [15.91531754 13.39449161 -3.63885809  3.67616344 18.73355379 11.73285497]]", "nfev": "663", "njev": "93", "status": "2", "success": "False", "message": "Desired error not necessarily achieved due to precision loss.", "x": "[ 5.28409651 -1.90944998  2.56156941  4.29629208 -0.78219574  1.42698882]", "nit": "46"}, "9": {"maxiter": 500, "gtol": 1e-05, "xrtol": 1e-05, "eps": 1e-10, "duration": 0.0012700557708740234, "fun": "0.7858580350875854", "jac": "[0. 0. 0. 0. 0. 0.]", "hess_inv": "[[1 0 0 0 0 0]\n [0 1 0 0 0 0]\n [0 0 1 0 0 0]\n [0 0 0 1 0 0]\n [0 0 0 0 1 0]\n [0 0 0 0 0 1]]", "nfev": "7", "njev": "1", "status": "0", "success": "True", "message": "Optimization terminated successfully.", "x": "[2.35987085 2.91095142 0.25970434 4.12458568 0.63451032 0.89816395]", "nit": "0"}, "10": {"maxiter": 500, "gtol": 1e-05, "xrtol": 1e-10, "eps": 1e-05, "duration": 0.11693429946899414, "fun": "0.008437891490757465", "jac": "[ 0.00000000e+00 -9.31322575e-05  9.31322575e-05  0.00000000e+00\n -9.31322575e-05  9.31322575e-05]", "hess_inv": "[[30.87964132 21.16010433 -4.10950241  5.47050642 30.43523237 15.91531754]\n [21.16010433 19.04905517 -5.4120638   4.91651255 23.07272438 13.39449161]\n [-4.10950241 -5.4120638   4.44121048 -0.59629829 -4.09837327 -3.63885809]\n [ 5.47050642  4.91651255 -0.59629829  3.88597999  7.1142916   3.67616344]\n [30.43523237 23.07272438 -4.09837327  7.1142916  36.95166789 18.73355379]\n [15.91531754 13.39449161 -3.63885809  3.67616344 18.73355379 11.73285497]]", "nfev": "663", "njev": "93", "status": "2", "success": "False", "message": "Desired error not necessarily achieved due to precision loss.", "x": "[ 5.28409651 -1.90944998  2.56156941  4.29629208 -0.78219574  1.42698882]", "nit": "46"}, "11": {"maxiter": 500, "gtol": 1e-05, "xrtol": 1e-10, "eps": 1e-10, "duration": 0.0012772083282470703, "fun": "0.7858580350875854", "jac": "[0. 0. 0. 0. 0. 0.]", "hess_inv": "[[1 0 0 0 0 0]\n [0 1 0 0 0 0]\n [0 0 1 0 0 0]\n [0 0 0 1 0 0]\n [0 0 0 0 1 0]\n [0 0 0 0 0 1]]", "nfev": "7", "njev": "1", "status": "0", "success": "True", "message": "Optimization terminated successfully.", "x": "[2.35987085 2.91095142 0.25970434 4.12458568 0.63451032 0.89816395]", "nit": "0"}, "12": {"maxiter": 500, "gtol": 1e-10, "xrtol": 1e-05, "eps": 1e-05, "duration": 0.1349937915802002, "fun": "0.008437891490757465", "jac": "[ 0.00000000e+00 -9.31322575e-05  9.31322575e-05  0.00000000e+00\n -9.31322575e-05  9.31322575e-05]", "hess_inv": "[[30.87964132 21.16010433 -4.10950241  5.47050642 30.43523237 15.91531754]\n [21.16010433 19.04905517 -5.4120638   4.91651255 23.07272438 13.39449161]\n [-4.10950241 -5.4120638   4.44121048 -0.59629829 -4.09837327 -3.63885809]\n [ 5.47050642  4.91651255 -0.59629829  3.88597999  7.1142916   3.67616344]\n [30.43523237 23.07272438 -4.09837327  7.1142916  36.95166789 18.73355379]\n [15.91531754 13.39449161 -3.63885809  3.67616344 18.73355379 11.73285497]]", "nfev": "663", "njev": "93", "status": "2", "success": "False", "message": "Desired error not necessarily achieved due to precision loss.", "x": "[ 5.28409651 -1.90944998  2.56156941  4.29629208 -0.78219574  1.42698882]", "nit": "46"}, "13": {"maxiter": 500, "gtol": 1e-10, "xrtol": 1e-05, "eps": 1e-10, "duration": 0.001329183578491211, "fun": "0.7858580350875854", "jac": "[0. 0. 0. 0. 0. 0.]", "hess_inv": "[[1 0 0 0 0 0]\n [0 1 0 0 0 0]\n [0 0 1 0 0 0]\n [0 0 0 1 0 0]\n [0 0 0 0 1 0]\n [0 0 0 0 0 1]]", "nfev": "7", "njev": "1", "status": "0", "success": "True", "message": "Optimization terminated successfully.", "x": "[2.35987085 2.91095142 0.25970434 4.12458568 0.63451032 0.89816395]", "nit": "0"}, "14": {"maxiter": 500, "gtol": 1e-10, "xrtol": 1e-10, "eps": 1e-05, "duration": 0.12176108360290527, "fun": "0.008437891490757465", "jac": "[ 0.00000000e+00 -9.31322575e-05  9.31322575e-05  0.00000000e+00\n -9.31322575e-05  9.31322575e-05]", "hess_inv": "[[30.87964132 21.16010433 -4.10950241  5.47050642 30.43523237 15.91531754]\n [21.16010433 19.04905517 -5.4120638   4.91651255 23.07272438 13.39449161]\n [-4.10950241 -5.4120638   4.44121048 -0.59629829 -4.09837327 -3.63885809]\n [ 5.47050642  4.91651255 -0.59629829  3.88597999  7.1142916   3.67616344]\n [30.43523237 23.07272438 -4.09837327  7.1142916  36.95166789 18.73355379]\n [15.91531754 13.39449161 -3.63885809  3.67616344 18.73355379 11.73285497]]", "nfev": "663", "njev": "93", "status": "2", "success": "False", "message": "Desired error not necessarily achieved due to precision loss.", "x": "[ 5.28409651 -1.90944998  2.56156941  4.29629208 -0.78219574  1.42698882]", "nit": "46"}, "15": {"maxiter": 500, "gtol": 1e-10, "xrtol": 1e-10, "eps": 1e-10, "duration": 0.001322031021118164, "fun": "0.7858580350875854", "jac": "[0. 0. 0. 0. 0. 0.]", "hess_inv": "[[1 0 0 0 0 0]\n [0 1 0 0 0 0]\n [0 0 1 0 0 0]\n [0 0 0 1 0 0]\n [0 0 0 0 1 0]\n [0 0 0 0 0 1]]", "nfev": "7", "njev": "1", "status": "0", "success": "True", "message": "Optimization terminated successfully.", "x": "[2.35987085 2.91095142 0.25970434 4.12458568 0.63451032 0.89816395]", "nit": "0"}, "16": {"maxiter": 1000, "gtol": 1e-05, "xrtol": 1e-05, "eps": 1e-05, "duration": 0.12058496475219727, "fun": "0.008437891490757465", "jac": "[ 0.00000000e+00 -9.31322575e-05  9.31322575e-05  0.00000000e+00\n -9.31322575e-05  9.31322575e-05]", "hess_inv": "[[30.87964132 21.16010433 -4.10950241  5.47050642 30.43523237 15.91531754]\n [21.16010433 19.04905517 -5.4120638   4.91651255 23.07272438 13.39449161]\n [-4.10950241 -5.4120638   4.44121048 -0.59629829 -4.09837327 -3.63885809]\n [ 5.47050642  4.91651255 -0.59629829  3.88597999  7.1142916   3.67616344]\n [30.43523237 23.07272438 -4.09837327  7.1142916  36.95166789 18.73355379]\n [15.91531754 13.39449161 -3.63885809  3.67616344 18.73355379 11.73285497]]", "nfev": "663", "njev": "93", "status": "2", "success": "False", "message": "Desired error not necessarily achieved due to precision loss.", "x": "[ 5.28409651 -1.90944998  2.56156941  4.29629208 -0.78219574  1.42698882]", "nit": "46"}, "17": {"maxiter": 1000, "gtol": 1e-05, "xrtol": 1e-05, "eps": 1e-10, "duration": 0.0012919902801513672, "fun": "0.7858580350875854", "jac": "[0. 0. 0. 0. 0. 0.]", "hess_inv": "[[1 0 0 0 0 0]\n [0 1 0 0 0 0]\n [0 0 1 0 0 0]\n [0 0 0 1 0 0]\n [0 0 0 0 1 0]\n [0 0 0 0 0 1]]", "nfev": "7", "njev": "1", "status": "0", "success": "True", "message": "Optimization terminated successfully.", "x": "[2.35987085 2.91095142 0.25970434 4.12458568 0.63451032 0.89816395]", "nit": "0"}, "18": {"maxiter": 1000, "gtol": 1e-05, "xrtol": 1e-10, "eps": 1e-05, "duration": 0.11816000938415527, "fun": "0.008437891490757465", "jac": "[ 0.00000000e+00 -9.31322575e-05  9.31322575e-05  0.00000000e+00\n -9.31322575e-05  9.31322575e-05]", "hess_inv": "[[30.87964132 21.16010433 -4.10950241  5.47050642 30.43523237 15.91531754]\n [21.16010433 19.04905517 -5.4120638   4.91651255 23.07272438 13.39449161]\n [-4.10950241 -5.4120638   4.44121048 -0.59629829 -4.09837327 -3.63885809]\n [ 5.47050642  4.91651255 -0.59629829  3.88597999  7.1142916   3.67616344]\n [30.43523237 23.07272438 -4.09837327  7.1142916  36.95166789 18.73355379]\n [15.91531754 13.39449161 -3.63885809  3.67616344 18.73355379 11.73285497]]", "nfev": "663", "njev": "93", "status": "2", "success": "False", "message": "Desired error not necessarily achieved due to precision loss.", "x": "[ 5.28409651 -1.90944998  2.56156941  4.29629208 -0.78219574  1.42698882]", "nit": "46"}, "19": {"maxiter": 1000, "gtol": 1e-05, "xrtol": 1e-10, "eps": 1e-10, "duration": 0.0013349056243896484, "fun": "0.7858580350875854", "jac": "[0. 0. 0. 0. 0. 0.]", "hess_inv": "[[1 0 0 0 0 0]\n [0 1 0 0 0 0]\n [0 0 1 0 0 0]\n [0 0 0 1 0 0]\n [0 0 0 0 1 0]\n [0 0 0 0 0 1]]", "nfev": "7", "njev": "1", "status": "0", "success": "True", "message": "Optimization terminated successfully.", "x": "[2.35987085 2.91095142 0.25970434 4.12458568 0.63451032 0.89816395]", "nit": "0"}, "20": {"maxiter": 1000, "gtol": 1e-10, "xrtol": 1e-05, "eps": 1e-05, "duration": 0.12100100517272949, "fun": "0.008437891490757465", "jac": "[ 0.00000000e+00 -9.31322575e-05  9.31322575e-05  0.00000000e+00\n -9.31322575e-05  9.31322575e-05]", "hess_inv": "[[30.87964132 21.16010433 -4.10950241  5.47050642 30.43523237 15.91531754]\n [21.16010433 19.04905517 -5.4120638   4.91651255 23.07272438 13.39449161]\n [-4.10950241 -5.4120638   4.44121048 -0.59629829 -4.09837327 -3.63885809]\n [ 5.47050642  4.91651255 -0.59629829  3.88597999  7.1142916   3.67616344]\n [30.43523237 23.07272438 -4.09837327  7.1142916  36.95166789 18.73355379]\n [15.91531754 13.39449161 -3.63885809  3.67616344 18.73355379 11.73285497]]", "nfev": "663", "njev": "93", "status": "2", "success": "False", "message": "Desired error not necessarily achieved due to precision loss.", "x": "[ 5.28409651 -1.90944998  2.56156941  4.29629208 -0.78219574  1.42698882]", "nit": "46"}, "21": {"maxiter": 1000, "gtol": 1e-10, "xrtol": 1e-05, "eps": 1e-10, "duration": 0.0013201236724853516, "fun": "0.7858580350875854", "jac": "[0. 0. 0. 0. 0. 0.]", "hess_inv": "[[1 0 0 0 0 0]\n [0 1 0 0 0 0]\n [0 0 1 0 0 0]\n [0 0 0 1 0 0]\n [0 0 0 0 1 0]\n [0 0 0 0 0 1]]", "nfev": "7", "njev": "1", "status": "0", "success": "True", "message": "Optimization terminated successfully.", "x": "[2.35987085 2.91095142 0.25970434 4.12458568 0.63451032 0.89816395]", "nit": "0"}, "22": {"maxiter": 1000, "gtol": 1e-10, "xrtol": 1e-10, "eps": 1e-05, "duration": 0.12139391899108887, "fun": "0.008437891490757465", "jac": "[ 0.00000000e+00 -9.31322575e-05  9.31322575e-05  0.00000000e+00\n -9.31322575e-05  9.31322575e-05]", "hess_inv": "[[30.87964132 21.16010433 -4.10950241  5.47050642 30.43523237 15.91531754]\n [21.16010433 19.04905517 -5.4120638   4.91651255 23.07272438 13.39449161]\n [-4.10950241 -5.4120638   4.44121048 -0.59629829 -4.09837327 -3.63885809]\n [ 5.47050642  4.91651255 -0.59629829  3.88597999  7.1142916   3.67616344]\n [30.43523237 23.07272438 -4.09837327  7.1142916  36.95166789 18.73355379]\n [15.91531754 13.39449161 -3.63885809  3.67616344 18.73355379 11.73285497]]", "nfev": "663", "njev": "93", "status": "2", "success": "False", "message": "Desired error not necessarily achieved due to precision loss.", "x": "[ 5.28409651 -1.90944998  2.56156941  4.29629208 -0.78219574  1.42698882]", "nit": "46"}, "23": {"maxiter": 1000, "gtol": 1e-10, "xrtol": 1e-10, "eps": 1e-10, "duration": 0.0013127326965332031, "fun": "0.7858580350875854", "jac": "[0. 0. 0. 0. 0. 0.]", "hess_inv": "[[1 0 0 0 0 0]\n [0 1 0 0 0 0]\n [0 0 1 0 0 0]\n [0 0 0 1 0 0]\n [0 0 0 0 1 0]\n [0 0 0 0 0 1]]", "nfev": "7", "njev": "1", "status": "0", "success": "True", "message": "Optimization terminated successfully.", "x": "[2.35987085 2.91095142 0.25970434 4.12458568 0.63451032 0.89816395]", "nit": "0"}}, "cobyla": {"0": {"maxiter": 100, "tol": 1e-05, "catol": 1e-05, "duration": 0.017538785934448242, "x": "[3.96933391 2.25849651 0.87958106 5.31280048 3.02149765 0.7409031 ]", "status": "2", "success": "False", "message": "Maximum number of function evaluations has been exceeded.", "nfev": "100", "fun": "0.04979090020060539", "maxcv": "0.0"}, "1": {"maxiter": 100, "tol": 1e-05, "catol": 1e-10, "duration": 0.01713085174560547, "x": "[3.96933391 2.25849651 0.87958106 5.31280048 3.02149765 0.7409031 ]", "status": "2", "success": "False", "message": "Maximum number of function evaluations has been exceeded.", "nfev": "100", "fun": "0.04979090020060539", "maxcv": "0.0"}, "2": {"maxiter": 100, "tol": 1e-10, "catol": 1e-05, "duration": 0.017041921615600586, "x": "[3.96933391 2.25849651 0.87958106 5.31280048 3.02149765 0.7409031 ]", "status": "2", "success": "False", "message": "Maximum number of function evaluations has been exceeded.", "nfev": "100", "fun": "0.04979090020060539", "maxcv": "0.0"}, "3": {"maxiter": 100, "tol": 1e-10, "catol": 1e-10, "duration": 0.017060041427612305, "x": "[3.96933391 2.25849651 0.87958106 5.31280048 3.02149765 0.7409031 ]", "status": "2", "success": "False", "message": "Maximum number of function evaluations has been exceeded.", "nfev": "100", "fun": "0.04979090020060539", "maxcv": "0.0"}, "4": {"maxiter": 500, "tol": 1e-05, "catol": 1e-05, "duration": 0.08506393432617188, "x": "[4.01865925 3.41736272 1.9510651  4.75981447 3.86082557 0.62065182]", "status": "2", "success": "False", "message": "Maximum number of function evaluations has been exceeded.", "nfev": "500", "fun": "0.03198109567165375", "maxcv": "0.0"}, "5": {"maxiter": 500, "tol": 1e-05, "catol": 1e-10, "duration": 0.08486819267272949, "x": "[4.01865925 3.41736272 1.9510651  4.75981447 3.86082557 0.62065182]", "status": "2", "success": "False", "message": "Maximum number of function evaluations has been exceeded.", "nfev": "500", "fun": "0.03198109567165375", "maxcv": "0.0"}, "6": {"maxiter": 500, "tol": 1e-10, "catol": 1e-05, "duration": 0.08751487731933594, "x": "[4.01865925 3.41736272 1.9510651  4.75981447 3.86082557 0.62065182]", "status": "2", "success": "False", "message": "Maximum number of function evaluations has been exceeded.", "nfev": "500", "fun": "0.03198109567165375", "maxcv": "0.0"}, "7": {"maxiter": 500, "tol": 1e-10, "catol": 1e-10, "duration": 0.08807897567749023, "x": "[4.01865925 3.41736272 1.9510651  4.75981447 3.86082557 0.62065182]", "status": "2", "success": "False", "message": "Maximum number of function evaluations has been exceeded.", "nfev": "500", "fun": "0.03198109567165375", "maxcv": "0.0"}, "8": {"maxiter": 1000, "tol": 1e-05, "catol": 1e-05, "duration": 0.17143797874450684, "x": "[5.09755023 4.27897974 2.55258926 4.27277955 5.24013643 1.26774481]", "status": "2", "success": "False", "message": "Maximum number of function evaluations has been exceeded.", "nfev": "1000", "fun": "0.008971871808171272", "maxcv": "0.0"}, "9": {"maxiter": 1000, "tol": 1e-05, "catol": 1e-10, "duration": 0.1715230941772461, "x": "[5.09755023 4.27897974 2.55258926 4.27277955 5.24013643 1.26774481]", "status": "2", "success": "False", "message": "Maximum number of function evaluations has been exceeded.", "nfev": "1000", "fun": "0.008971871808171272", "maxcv": "0.0"}, "10": {"maxiter": 1000, "tol": 1e-10, "catol": 1e-05, "duration": 0.1737527847290039, "x": "[5.09755023 4.27897974 2.55258926 4.27277955 5.24013643 1.26774481]", "status": "2", "success": "False", "message": "Maximum number of function evaluations has been exceeded.", "nfev": "1000", "fun": "0.008971871808171272", "maxcv": "0.0"}, "11": {"maxiter": 1000, "tol": 1e-10, "catol": 1e-10, "duration": 0.17209768295288086, "x": "[5.09755023 4.27897974 2.55258926 4.27277955 5.24013643 1.26774481]", "status": "2", "success": "False", "message": "Maximum number of function evaluations has been exceeded.", "nfev": "1000", "fun": "0.008971871808171272", "maxcv": "0.0"}}, "powell": {"0": {"maxiter": 100, "ftol": 1e-05, "xtol": 1e-05, "duration": 0.4586303234100342, "fun": "0.008437789045274258", "direc": "[[-3.37079321e-03  5.86914270e-03  6.71229887e-03  1.86988891e-03\n  -5.14215889e-03  1.52081812e-03]\n [ 1.96860772e-02  1.20075666e-02  4.47964592e-03  1.28776764e-02\n   2.85749739e-02  1.50416029e-02]\n [ 0.00000000e+00  0.00000000e+00  0.00000000e+00  0.00000000e+00\n   0.00000000e+00  1.00000000e+00]\n [ 2.21438464e-01  1.13325873e-01  2.16022222e-02 -4.32268491e-03\n   3.99984854e-01  2.50683831e-01]\n [ 7.28254909e-04  2.90336601e-03 -1.96607702e-03  6.87958650e-04\n   4.16009288e-03  3.56656240e-03]\n [ 4.26977252e-03  2.12312717e-03 -8.52855177e-04  5.69820497e-04\n   3.65139886e-03  1.81309264e-03]]", "nit": "30", "nfev": "2613", "status": "0", "success": "True", "message": "Optimization terminated successfully.", "x": "[5.28142503 4.3726499  2.5612704  4.29582664 5.49792048 1.4249613 ]"}, "1": {"maxiter": 100, "ftol": 1e-05, "xtol": 1e-10, "duration": 1.0000200271606445, "fun": "0.008437789045274258", "direc": "[[ 0.02015456  0.01147902  0.00481087  0.01253217  0.02673133  0.01335846]\n [ 0.          1.          0.          0.          0.          0.        ]\n [ 0.          0.          0.          0.          0.          1.        ]\n [ 0.17922177  0.0952591   0.01881415  0.00671411  0.35769168  0.2277301 ]\n [ 0.37601032  0.19404687  0.08275135 -0.12230352  0.33676639  0.18811549]\n [ 0.00993961  0.00621619 -0.00398891  0.00121469  0.00992256  0.00650326]]", "nit": "28", "nfev": "5741", "status": "0", "success": "True", "message": "Optimization terminated successfully.", "x": "[5.28165044 4.37274998 2.56120262 4.29576396 5.49827942 1.42522987]"}, "2": {"maxiter": 100, "ftol": 1e-10, "xtol": 1e-05, "duration": 0.5586929321289062, "fun": "0.008437780663371086", "direc": "[[-3.37079321e-03  5.86914270e-03  6.71229887e-03  1.86988891e-03\n  -5.14215889e-03  1.52081812e-03]\n [ 1.96860772e-02  1.20075666e-02  4.47964592e-03  1.28776764e-02\n   2.85749739e-02  1.50416029e-02]\n [ 0.00000000e+00  0.00000000e+00  0.00000000e+00  0.00000000e+00\n   0.00000000e+00  1.00000000e+00]\n [ 2.21438464e-01  1.13325873e-01  2.16022222e-02 -4.32268491e-03\n   3.99984854e-01  2.50683831e-01]\n [ 7.28254909e-04  2.90336601e-03 -1.96607702e-03  6.87958650e-04\n   4.16009288e-03  3.56656240e-03]\n [ 4.26977252e-03  2.12312717e-03 -8.52855177e-04  5.69820497e-04\n   3.65139886e-03  1.81309264e-03]]", "nit": "33", "nfev": "3206", "status": "0", "success": "True", "message": "Optimization terminated successfully.", "x": "[5.28154741 4.37273598 2.56124689 4.29576345 5.49785405 1.42503361]"}, "3": {"maxiter": 100, "ftol": 1e-10, "xtol": 1e-10, "duration": 1.0456569194793701, "fun": "0.008437779732048512", "direc": "[[ 2.01545577e-02  1.14790189e-02  4.81087165e-03  1.25321749e-02\n   2.67313322e-02  1.33584591e-02]\n [ 0.00000000e+00  1.00000000e+00  0.00000000e+00  0.00000000e+00\n   0.00000000e+00  0.00000000e+00]\n [ 0.00000000e+00  0.00000000e+00  0.00000000e+00  0.00000000e+00\n   0.00000000e+00  1.00000000e+00]\n [ 9.93960653e-03  6.21619328e-03 -3.98891424e-03  1.21468794e-03\n   9.92256244e-03  6.50326018e-03]\n [ 3.76010319e-01  1.94046871e-01  8.27513537e-02 -1.22303523e-01\n   3.36766388e-01  1.88115487e-01]\n [ 2.56150307e-05  8.68985910e-05 -8.65902917e-06  4.08713217e-05\n  -3.61104279e-04 -8.93905195e-05]]", "nit": "29", "nfev": "6010", "status": "0", "success": "True", "message": "Optimization terminated successfully.", "x": "[5.28164984 4.37281388 2.56119614 4.29579208 5.49792009 1.42513129]"}, "4": {"maxiter": 500, "ftol": 1e-05, "xtol": 1e-05, "duration": 0.44989609718322754, "fun": "0.008437789045274258", "direc": "[[-3.37079321e-03  5.86914270e-03  6.71229887e-03  1.86988891e-03\n  -5.14215889e-03  1.52081812e-03]\n [ 1.96860772e-02  1.20075666e-02  4.47964592e-03  1.28776764e-02\n   2.85749739e-02  1.50416029e-02]\n [ 0.00000000e+00  0.00000000e+00  0.00000000e+00  0.00000000e+00\n   0.00000000e+00  1.00000000e+00]\n [ 2.21438464e-01  1.13325873e-01  2.16022222e-02 -4.32268491e-03\n   3.99984854e-01  2.50683831e-01]\n [ 7.28254909e-04  2.90336601e-03 -1.96607702e-03  6.87958650e-04\n   4.16009288e-03  3.56656240e-03]\n [ 4.26977252e-03  2.12312717e-03 -8.52855177e-04  5.69820497e-04\n   3.65139886e-03  1.81309264e-03]]", "nit": "30", "nfev": "2613", "status": "0", "success": "True", "message": "Optimization terminated successfully.", "x": "[5.28142503 4.3726499  2.5612704  4.29582664 5.49792048 1.424961