{"conf_id": 10, "data_type": "random\n", "num_data_points": 1, "s_rank": 0, "unitary": "[[-0.45070455-0.02711853j,0.78437395-0.06613086j,0.06358678+0.19963393j,-0.07343613+0.35668523j],[-0.01890143-0.03813363j,0.32408202+0.25557629j,0.05872864-0.68979805j,0.55466693-0.20227297j],[-0.11215405+0.64023111j,-0.13344055+0.29565494j,-0.49012687-0.19046288j,-0.04241254+0.44046348j],[0.55771659+0.24656916j,0.31851997-0.05798805j,0.28761525-0.34294258j,-0.56718418+0.03616933j]]", "databatch_0": {"databatch": "[[[0.34345258-0.02198274j,-0.01600601-0.11595602j,0.1757699-0.05421445j,-0.14499003-0.0579512j],[0.28326136-0.14195782j,-0.05575209-0.00444653j,0.02486993-0.17667767j,-0.2827828-0.17414898j],[0.21305464-0.10143806j,-0.0428902+0.03100895j,-0.01920475-0.15888767j,-0.26010708-0.20458496j],[-0.21874148-0.1560435j,-0.20343763+0.14959304j,-0.09907912-0.28949029j,0.25781317-0.27264741j]]]", "nelder_mead": {"0": {"maxiter": 100, "fatol": 1e-05, "xatol": 1e-05, "duration": 0.028699159622192383, "fun": "0.3375478982925415", "nit": "100", "nfev": "158", "status": "2", "success": "False", "message": "Maximum number of iterations has been exceeded.", "x": "[4.06225669 4.81187596 2.92630539 5.60206492 1.99479625 1.16429439]", "final_simplex": "(array([[4.06225669, 4.81187596, 2.92630539, 5.60206492, 1.99479625,\n        1.16429439],\n       [4.1101462 , 4.8194636 , 2.95322113, 5.48081111, 1.95051331,\n        1.15234398],\n       [3.96843752, 4.79023717, 2.95464311, 5.55349064, 1.94705833,\n        1.14335914],\n       [4.09962515, 4.72007276, 2.84936655, 5.54376519, 1.99125526,\n        1.14702105],\n       [4.12358542, 5.00697694, 3.12486268, 5.47227192, 1.94817138,\n        1.14812685],\n       [4.05801777, 5.01273733, 2.95692702, 5.52423808, 1.97596394,\n        1.16385887],\n       [4.05808184, 4.8772599 , 3.08217642, 5.40977374, 1.92588295,\n        1.1393512 ]]), array([0.3375479 , 0.34018588, 0.34198973, 0.34238166, 0.34339154,\n       0.34340975, 0.3440021 ]))"}, "1": {"maxiter": 100, "fatol": 1e-05, "xatol": 1e-10, "duration": 0.029100894927978516, "fun": "0.3375478982925415", "nit": "100", "nfev": "158", "status": "2", "success": "False", "message": "Maximum number of iterations has been exceeded.", "x": "[4.06225669 4.81187596 2.92630539 5.60206492 1.99479625 1.16429439]", "final_simplex": "(array([[4.06225669, 4.81187596, 2.92630539, 5.60206492, 1.99479625,\n        1.16429439],\n       [4.1101462 , 4.8194636 , 2.95322113, 5.48081111, 1.95051331,\n        1.15234398],\n       [3.96843752, 4.79023717, 2.95464311, 5.55349064, 1.94705833,\n        1.14335914],\n       [4.09962515, 4.72007276, 2.84936655, 5.54376519, 1.99125526,\n        1.14702105],\n       [4.12358542, 5.00697694, 3.12486268, 5.47227192, 1.94817138,\n        1.14812685],\n       [4.05801777, 5.01273733, 2.95692702, 5.52423808, 1.97596394,\n        1.16385887],\n       [4.05808184, 4.8772599 , 3.08217642, 5.40977374, 1.92588295,\n        1.1393512 ]]), array([0.3375479 , 0.34018588, 0.34198973, 0.34238166, 0.34339154,\n       0.34340975, 0.3440021 ]))"}, "2": {"maxiter": 100, "fatol": 1e-10, "xatol": 1e-05, "duration": 0.028079748153686523, "fun": "0.3375478982925415", "nit": "100", "nfev": "158", "status": "2", "success": "False", "message": "Maximum number of iterations has been exceeded.", "x": "[4.06225669 4.81187596 2.92630539 5.60206492 1.99479625 1.16429439]", "final_simplex": "(array([[4.06225669, 4.81187596, 2.92630539, 5.60206492, 1.99479625,\n        1.16429439],\n       [4.1101462 , 4.8194636 , 2.95322113, 5.48081111, 1.95051331,\n        1.15234398],\n       [3.96843752, 4.79023717, 2.95464311, 5.55349064, 1.94705833,\n        1.14335914],\n       [4.09962515, 4.72007276, 2.84936655, 5.54376519, 1.99125526,\n        1.14702105],\n       [4.12358542, 5.00697694, 3.12486268, 5.47227192, 1.94817138,\n        1.14812685],\n       [4.05801777, 5.01273733, 2.95692702, 5.52423808, 1.97596394,\n        1.16385887],\n       [4.05808184, 4.8772599 , 3.08217642, 5.40977374, 1.92588295,\n        1.1393512 ]]), array([0.3375479 , 0.34018588, 0.34198973, 0.34238166, 0.34339154,\n       0.34340975, 0.3440021 ]))"}, "3": {"maxiter": 100, "fatol": 1e-10, "xatol": 1e-10, "duration": 0.028034210205078125, "fun": "0.3375478982925415", "nit": "100", "nfev": "158", "status": "2", "success": "False", "message": "Maximum number of iterations has been exceeded.", "x": "[4.06225669 4.81187596 2.92630539 5.60206492 1.99479625 1.16429439]", "final_simplex": "(array([[4.06225669, 4.81187596, 2.92630539, 5.60206492, 1.99479625,\n        1.16429439],\n       [4.1101462 , 4.8194636 , 2.95322113, 5.48081111, 1.95051331,\n        1.15234398],\n       [3.96843752, 4.79023717, 2.95464311, 5.55349064, 1.94705833,\n        1.14335914],\n       [4.09962515, 4.72007276, 2.84936655, 5.54376519, 1.99125526,\n        1.14702105],\n       [4.12358542, 5.00697694, 3.12486268, 5.47227192, 1.94817138,\n        1.14812685],\n       [4.05801777, 5.01273733, 2.95692702, 5.52423808, 1.97596394,\n        1.16385887],\n       [4.05808184, 4.8772599 , 3.08217642, 5.40977374, 1.92588295,\n        1.1393512 ]]), array([0.3375479 , 0.34018588, 0.34198973, 0.34238166, 0.34339154,\n       0.34340975, 0.3440021 ]))"}, "4": {"maxiter": 500, "fatol": 1e-05, "xatol": 1e-05, "duration": 0.09794998168945312, "fun": "0.28406161069869995", "nit": "338", "nfev": "555", "status": "0", "success": "True", "message": "Optimization terminated successfully.", "x": "[4.29176275 4.94116773 3.37134506 5.17958641 1.62618396 1.9979136 ]", "final_simplex": "(array([[4.29176275, 4.94116773, 3.37134506, 5.17958641, 1.62618396,\n        1.9979136 ],\n       [4.29176973, 4.94116683, 3.37134529, 5.17958071, 1.62618622,\n        1.99791528],\n       [4.29176843, 4.94116881, 3.37135079, 5.1795777 , 1.62618511,\n        1.99791847],\n       [4.29176461, 4.94116276, 3.37134402, 5.17957894, 1.62618563,\n        1.99791079],\n       [4.29177075, 4.94116256, 3.3713513 , 5.17957976, 1.62617544,\n        1.99791798],\n       [4.29176472, 4.94116017, 3.37134469, 5.179581  , 1.62618929,\n        1.99790706],\n       [4.29176542, 4.94116043, 3.37134464, 5.17958093, 1.62618145,\n        1.99791588]]), array([0.28406161, 0.28406161, 0.28406161, 0.28406161, 0.28406161,\n       0.28406161, 0.28406161]))"}, "5": {"maxiter": 500, "fatol": 1e-05, "xatol": 1e-10, "duration": 0.12106919288635254, "fun": "0.28406161069869995", "nit": "355", "nfev": "691", "status": "0", "success": "True", "message": "Optimization terminated successfully.", "x": "[4.29176275 4.94116773 3.37134506 5.17958641 1.62618396 1.9979136 ]", "final_simplex": "(array([[4.29176275, 4.94116773, 3.37134506, 5.17958641, 1.62618396,\n        1.9979136 ],\n       [4.29176275, 4.94116773, 3.37134506, 5.17958641, 1.62618396,\n        1.9979136 ],\n       [4.29176275, 4.94116773, 3.37134506, 5.17958641, 1.62618396,\n        1.9979136 ],\n       [4.29176275, 4.94116773, 3.37134506, 5.17958641, 1.62618396,\n        1.9979136 ],\n       [4.29176275, 4.94116773, 3.37134506, 5.17958641, 1.62618396,\n        1.9979136 ],\n       [4.29176275, 4.94116773, 3.37134506, 5.17958641, 1.62618396,\n        1.9979136 ],\n       [4.29176275, 4.94116773, 3.37134506, 5.17958641, 1.62618396,\n        1.9979136 ]]), array([0.28406161, 0.28406161, 0.28406161, 0.28406161, 0.28406161,\n       0.28406161, 0.28406161]))"}, "6": {"maxiter": 500, "fatol": 1e-10, "xatol": 1e-05, "duration": 0.0977780818939209, "fun": "0.28406161069869995", "nit": "338", "nfev": "555", "status": "0", "success": "True", "message": "Optimization terminated successfully.", "x": "[4.29176275 4.94116773 3.37134506 5.17958641 1.62618396 1.9979136 ]", "final_simplex": "(array([[4.29176275, 4.94116773, 3.37134506, 5.17958641, 1.62618396,\n        1.9979136 ],\n       [4.29176973, 4.94116683, 3.37134529, 5.17958071, 1.62618622,\n        1.99791528],\n       [4.29176843, 4.94116881, 3.37135079, 5.1795777 , 1.62618511,\n        1.99791847],\n       [4.29176461, 4.94116276, 3.37134402, 5.17957894, 1.62618563,\n        1.99791079],\n       [4.29177075, 4.94116256, 3.3713513 , 5.17957976, 1.62617544,\n        1.99791798],\n       [4.29176472, 4.94116017, 3.37134469, 5.179581  , 1.62618929,\n        1.99790706],\n       [4.29176542, 4.94116043, 3.37134464, 5.17958093, 1.62618145,\n        1.99791588]]), array([0.28406161, 0.28406161, 0.28406161, 0.28406161, 0.28406161,\n       0.28406161, 0.28406161]))"}, "7": {"maxiter": 500, "fatol": 1e-10, "xatol": 1e-10, "duration": 0.12098932266235352, "fun": "0.28406161069869995", "nit": "355", "nfev": "691", "status": "0", "success": "True", "message": "Optimization terminated successfully.", "x": "[4.29176275 4.94116773 3.37134506 5.17958641 1.62618396 1.9979136 ]", "final_simplex": "(array([[4.29176275, 4.94116773, 3.37134506, 5.17958641, 1.62618396,\n        1.9979136 ],\n       [4.29176275, 4.94116773, 3.37134506, 5.17958641, 1.62618396,\n        1.9979136 ],\n       [4.29176275, 4.94116773, 3.37134506, 5.17958641, 1.62618396,\n        1.9979136 ],\n       [4.29176275, 4.94116773, 3.37134506, 5.17958641, 1.62618396,\n        1.9979136 ],\n       [4.29176275, 4.94116773, 3.37134506, 5.17958641, 1.62618396,\n        1.9979136 ],\n       [4.29176275, 4.94116773, 3.37134506, 5.17958641, 1.62618396,\n        1.9979136 ],\n       [4.29176275, 4.94116773, 3.37134506, 5.17958641, 1.62618396,\n        1.9979136 ]]), array([0.28406161, 0.28406161, 0.28406161, 0.28406161, 0.28406161,\n       0.28406161, 0.28406161]))"}, "8": {"maxiter": 1000, "fatol": 1e-05, "xatol": 1e-05, "duration": 0.09722208976745605, "fun": "0.28406161069869995", "nit": "338", "nfev": "555", "status": "0", "success": "True", "message": "Optimization terminated successfully.", "x": "[4.29176275 4.94116773 3.37134506 5.17958641 1.62618396 1.9979136 ]", "final_simplex": "(array([[4.29176275, 4.94116773, 3.37134506, 5.17958641, 1.62618396,\n        1.9979136 ],\n       [4.29176973, 4.94116683, 3.37134529, 5.17958071, 1.62618622,\n        1.99791528],\n       [4.29176843, 4.94116881, 3.37135079, 5.1795777 , 1.62618511,\n        1.99791847],\n       [4.29176461, 4.94116276, 3.37134402, 5.17957894, 1.62618563,\n        1.99791079],\n       [4.29177075, 4.94116256, 3.3713513 , 5.17957976, 1.62617544,\n        1.99791798],\n       [4.29176472, 4.94116017, 3.37134469, 5.179581  , 1.62618929,\n        1.99790706],\n       [4.29176542, 4.94116043, 3.37134464, 5.17958093, 1.62618145,\n        1.99791588]]), array([0.28406161, 0.28406161, 0.28406161, 0.28406161, 0.28406161,\n       0.28406161, 0.28406161]))"}, "9": {"maxiter": 1000, "fatol": 1e-05, "xatol": 1e-10, "duration": 0.12071490287780762, "fun": "0.28406161069869995", "nit": "355", "nfev": "691", "status": "0", "success": "True", "message": "Optimization terminated successfully.", "x": "[4.29176275 4.94116773 3.37134506 5.17958641 1.62618396 1.9979136 ]", "final_simplex": "(array([[4.29176275, 4.94116773, 3.37134506, 5.17958641, 1.62618396,\n        1.9979136 ],\n       [4.29176275, 4.94116773, 3.37134506, 5.17958641, 1.62618396,\n        1.9979136 ],\n       [4.29176275, 4.94116773, 3.37134506, 5.17958641, 1.62618396,\n        1.9979136 ],\n       [4.29176275, 4.94116773, 3.37134506, 5.17958641, 1.62618396,\n        1.9979136 ],\n       [4.29176275, 4.94116773, 3.37134506, 5.17958641, 1.62618396,\n        1.9979136 ],\n       [4.29176275, 4.94116773, 3.37134506, 5.17958641, 1.62618396,\n        1.9979136 ],\n       [4.29176275, 4.94116773, 3.37134506, 5.17958641, 1.62618396,\n        1.9979136 ]]), array([0.28406161, 0.28406161, 0.28406161, 0.28406161, 0.28406161,\n       0.28406161, 0.28406161]))"}, "10": {"maxiter": 1000, "fatol": 1e-10, "xatol": 1e-05, "duration": 0.09766912460327148, "fun": "0.28406161069869995", "nit": "338", "nfev": "555", "status": "0", "success": "True", "message": "Optimization terminated successfully.", "x": "[4.29176275 4.94116773 3.37134506 5.17958641 1.62618396 1.9979136 ]", "final_simplex": "(array([[4.29176275, 4.94116773, 3.37134506, 5.17958641, 1.62618396,\n        1.9979136 ],\n       [4.29176973, 4.94116683, 3.37134529, 5.17958071, 1.62618622,\n        1.99791528],\n       [4.29176843, 4.94116881, 3.37135079, 5.1795777 , 1.62618511,\n        1.99791847],\n       [4.29176461, 4.94116276, 3.37134402, 5.17957894, 1.62618563,\n        1.99791079],\n       [4.29177075, 4.94116256, 3.3713513 , 5.17957976, 1.62617544,\n        1.99791798],\n       [4.29176472, 4.94116017, 3.37134469, 5.179581  , 1.62618929,\n        1.99790706],\n       [4.29176542, 4.94116043, 3.37134464, 5.17958093, 1.62618145,\n        1.99791588]]), array([0.28406161, 0.28406161, 0.28406161, 0.28406161, 0.28406161,\n       0.28406161, 0.28406161]))"}, "11": {"maxiter": 1000, "fatol": 1e-10, "xatol": 1e-10, "duration": 0.12153291702270508, "fun": "0.28406161069869995", "nit": "355", "nfev": "691", "status": "0", "success": "True", "message": "Optimization terminated successfully.", "x": "[4.29176275 4.94116773 3.37134506 5.17958641 1.62618396 1.9979136 ]", "final_simplex": "(array([[4.29176275, 4.94116773, 3.37134506, 5.17958641, 1.62618396,\n        1.9979136 ],\n       [4.29176275, 4.94116773, 3.37134506, 5.17958641, 1.62618396,\n        1.9979136 ],\n       [4.29176275, 4.94116773, 3.37134506, 5.17958641, 1.62618396,\n        1.9979136 ],\n       [4.29176275, 4.94116773, 3.37134506, 5.17958641, 1.62618396,\n        1.9979136 ],\n       [4.29176275, 4.94116773, 3.37134506, 5.17958641, 1.62618396,\n        1.9979136 ],\n       [4.29176275, 4.94116773, 3.37134506, 5.17958641, 1.62618396,\n        1.9979136 ],\n       [4.29176275, 4.94116773, 3.37134506, 5.17958641, 1.62618396,\n        1.9979136 ]]), array([0.28406161, 0.28406161, 0.28406161, 0.28406161, 0.28406161,\n       0.28406161, 0.28406161]))"}}, "bfgs": {"0": {"maxiter": 100, "gtol": 1e-05, "xrtol": 1e-05, "eps": 1e-05, "duration": 0.032833099365234375, "fun": "0.2840721011161804", "jac": "[0. 0. 0. 0. 0. 0.]", "hess_inv": "[[ 2.33699374 -0.72931138 -0.17963727 -1.72793143 -0.30059438  0.1052069 ]\n [-0.72931138  1.76884695  1.25032802 -0.82905155  0.91180646  0.30989064]\n [-0.17963727  1.25032802  2.35116157 -1.60928049  1.25789221  0.23484736]\n [-1.72793143 -0.82905155 -1.60928049  3.19913768 -0.84459417 -0.54214428]\n [-0.30059438  0.91180646  1.25789221 -0.84459417  2.30371329 -0.37539934]\n [ 0.1052069   0.30989064  0.23484736 -0.54214428 -0.37539934  1.52164409]]", "nfev": "182", "njev": "26", "status": "0", "success": "True", "message": "Optimization terminated successfully.", "x": "[4.29527402 4.93123354 3.36612149 5.17723545 1.62216289 1.99335697]", "nit": "20"}, "1": {"maxiter": 100, "gtol": 1e-05, "xrtol": 1e-05, "eps": 1e-10, "duration": 0.0013341903686523438, "fun": "0.8332589268684387", "jac": "[0. 0. 0. 0. 0. 0.]", "hess_inv": "[[1 0 0 0 0 0]\n [0 1 0 0 0 0]\n [0 0 1 0 0 0]\n [0 0 0 1 0 0]\n [0 0 0 0 1 0]\n [0 0 0 0 0 1]]", "nfev": "7", "njev": "1", "status": "0", "success": "True", "message": "Optimization terminated successfully.", "x": "[4.30449785 5.997326   4.71016628 3.04293894 1.5018121  0.97056296]", "nit": "0"}, "2": {"maxiter": 100, "gtol": 1e-05, "xrtol": 1e-10, "eps": 1e-05, "duration": 0.03290987014770508, "fun": "0.2840721011161804", "jac": "[0. 0. 0. 0. 0. 0.]", "hess_inv": "[[ 2.33699374 -0.72931138 -0.17963727 -1.72793143 -0.30059438  0.1052069 ]\n [-0.72931138  1.76884695  1.25032802 -0.82905155  0.91180646  0.30989064]\n [-0.17963727  1.25032802  2.35116157 -1.60928049  1.25789221  0.23484736]\n [-1.72793143 -0.82905155 -1.60928049  3.19913768 -0.84459417 -0.54214428]\n [-0.30059438  0.91180646  1.25789221 -0.84459417  2.30371329 -0.37539934]\n [ 0.1052069   0.30989064  0.23484736 -0.54214428 -0.37539934  1.52164409]]", "nfev": "182", "njev": "26", "status": "0", "success": "True", "message": "Optimization terminated successfully.", "x": "[4.29527402 4.93123354 3.36612149 5.17723545 1.62216289 1.99335697]", "nit": "20"}, "3": {"maxiter": 100, "gtol": 1e-05, "xrtol": 1e-10, "eps": 1e-10, "duration": 0.001275777816772461, "fun": "0.8332589268684387", "jac": "[0. 0. 0. 0. 0. 0.]", "hess_inv": "[[1 0 0 0 0 0]\n [0 1 0 0 0 0]\n [0 0 1 0 0 0]\n [0 0 0 1 0 0]\n [0 0 0 0 1 0]\n [0 0 0 0 0 1]]", "nfev": "7", "njev": "1", "status": "0", "success": "True", "message": "Optimization terminated successfully.", "x": "[4.30449785 5.997326   4.71016628 3.04293894 1.5018121  0.97056296]", "nit": "0"}, "4": {"maxiter": 100, "gtol": 1e-10, "xrtol": 1e-05, "eps": 1e-05, "duration": 0.03271484375, "fun": "0.2840721011161804", "jac": "[0. 0. 0. 0. 0. 0.]", "hess_inv": "[[ 2.33699374 -0.72931138 -0.17963727 -1.72793143 -0.30059438  0.1052069 ]\n [-0.72931138  1.76884695  1.25032802 -0.82905155  0.91180646  0.30989064]\n [-0.17963727  1.25032802  2.35116157 -1.60928049  1.25789221  0.23484736]\n [-1.72793143 -0.82905155 -1.60928049  3.19913768 -0.84459417 -0.54214428]\n [-0.30059438  0.91180646  1.25789221 -0.84459417  2.30371329 -0.37539934]\n [ 0.1052069   0.30989064  0.23484736 -0.54214428 -0.37539934  1.52164409]]", "nfev": "182", "njev": "26", "status": "0", "success": "True", "message": "Optimization terminated successfully.", "x": "[4.29527402 4.93123354 3.36612149 5.17723545 1.62216289 1.99335697]", "nit": "20"}, "5": {"maxiter": 100, "gtol": 1e-10, "xrtol": 1e-05, "eps": 1e-10, "duration": 0.0012700557708740234, "fun": "0.8332589268684387", "jac": "[0. 0. 0. 0. 0. 0.]", "hess_inv": "[[1 0 0 0 0 0]\n [0 1 0 0 0 0]\n [0 0 1 0 0 0]\n [0 0 0 1 0 0]\n [0 0 0 0 1 0]\n [0 0 0 0 0 1]]", "nfev": "7", "njev": "1", "status": "0", "success": "True", "message": "Optimization terminated successfully.", "x": "[4.30449785 5.997326   4.71016628 3.04293894 1.5018121  0.97056296]", "nit": "0"}, "6": {"maxiter": 100, "gtol": 1e-10, "xrtol": 1e-10, "eps": 1e-05, "duration": 0.03268933296203613, "fun": "0.2840721011161804", "jac": "[0. 0. 0. 0. 0. 0.]", "hess_inv": "[[ 2.33699374 -0.72931138 -0.17963727 -1.72793143 -0.30059438  0.1052069 ]\n [-0.72931138  1.76884695  1.25032802 -0.82905155  0.91180646  0.30989064]\n [-0.17963727  1.25032802  2.35116157 -1.60928049  1.25789221  0.23484736]\n [-1.72793143 -0.82905155 -1.60928049  3.19913768 -0.84459417 -0.54214428]\n [-0.30059438  0.91180646  1.25789221 -0.84459417  2.30371329 -0.37539934]\n [ 0.1052069   0.30989064  0.23484736 -0.54214428 -0.37539934  1.52164409]]", "nfev": "182", "njev": "26", "status": "0", "success": "True", "message": "Optimization terminated successfully.", "x": "[4.29527402 4.93123354 3.36612149 5.17723545 1.62216289 1.99335697]", "nit": "20"}, "7": {"maxiter": 100, "gtol": 1e-10, "xrtol": 1e-10, "eps": 1e-10, "duration": 0.0012691020965576172, "fun": "0.8332589268684387", "jac": "[0. 0. 0. 0. 0. 0.]", "hess_inv": "[[1 0 0 0 0 0]\n [0 1 0 0 0 0]\n [0 0 1 0 0 0]\n [0 0 0 1 0 0]\n [0 0 0 0 1 0]\n [0 0 0 0 0 1]]", "nfev": "7", "njev": "1", "status": "0", "success": "True", "message": "Optimization terminated successfully.", "x": "[4.30449785 5.997326   4.71016628 3.04293894 1.5018121  0.97056296]", "nit": "0"}, "8": {"maxiter": 500, "gtol": 1e-05, "xrtol": 1e-05, "eps": 1e-05, "duration": 0.03265380859375, "fun": "0.2840721011161804", "jac": "[0. 0. 0. 0. 0. 0.]", "hess_inv": "[[ 2.33699374 -0.72931138 -0.17963727 -1.72793143 -0.30059438  0.1052069 ]\n [-0.72931138  1.76884695  1.25032802 -0.82905155  0.91180646  0.30989064]\n [-0.17963727  1.25032802  2.35116157 -1.60928049  1.25789221  0.23484736]\n [-1.72793143 -0.82905155 -1.60928049  3.19913768 -0.84459417 -0.54214428]\n [-0.30059438  0.91180646  1.25789221 -0.84459417  2.30371329 -0.37539934]\n [ 0.1052069   0.30989064  0.23484736 -0.54214428 -0.37539934  1.52164409]]", "nfev": "182", "njev": "26", "status": "0", "success": "True", "message": "Optimization terminated successfully.", "x": "[4.29527402 4.93123354 3.36612149 5.17723545 1.62216289 1.99335697]", "nit": "20"}, "9": {"maxiter": 500, "gtol": 1e-05, "xrtol": 1e-05, "eps": 1e-10, "duration": 0.0013120174407958984, "fun": "0.8332589268684387", "jac": "[0. 0. 0. 0. 0. 0.]", "hess_inv": "[[1 0 0 0 0 0]\n [0 1 0 0 0 0]\n [0 0 1 0 0 0]\n [0 0 0 1 0 0]\n [0 0 0 0 1 0]\n [0 0 0 0 0 1]]", "nfev": "7", "njev": "1", "status": "0", "success": "True", "message": "Optimization terminated successfully.", "x": "[4.30449785 5.997326   4.71016628 3.04293894 1.5018121  0.97056296]", "nit": "0"}, "10": {"maxiter": 500, "gtol": 1e-05, "xrtol": 1e-10, "eps": 1e-05, "duration": 0.03266406059265137, "fun": "0.2840721011161804", "jac": "[0. 0. 0. 0. 0. 0.]", "hess_inv": "[[ 2.33699374 -0.72931138 -0.17963727 -1.72793143 -0.30059438  0.1052069 ]\n [-0.72931138  1.76884695  1.25032802 -0.82905155  0.91180646  0.30989064]\n [-0.17963727  1.25032802  2.35116157 -1.60928049  1.25789221  0.23484736]\n [-1.72793143 -0.82905155 -1.60928049  3.19913768 -0.84459417 -0.54214428]\n [-0.30059438  0.91180646  1.25789221 -0.84459417  2.30371329 -0.37539934]\n [ 0.1052069   0.30989064  0.23484736 -0.54214428 -0.37539934  1.52164409]]", "nfev": "182", "njev": "26", "status": "0", "success": "True", "message": "Optimization terminated successfully.", "x": "[4.29527402 4.93123354 3.36612149 5.17723545 1.62216289 1.99335697]", "nit": "20"}, "11": {"maxiter": 500, "gtol": 1e-05, "xrtol": 1e-10, "eps": 1e-10, "duration": 0.0012669563293457031, "fun": "0.8332589268684387", "jac": "[0. 0. 0. 0. 0. 0.]", "hess_inv": "[[1 0 0 0 0 0]\n [0 1 0 0 0 0]\n [0 0 1 0 0 0]\n [0 0 0 1 0 0]\n [0 0 0 0 1 0]\n [0 0 0 0 0 1]]", "nfev": "7", "njev": "1", "status": "0", "success": "True", "message": "Optimization terminated successfully.", "x": "[4.30449785 5.997326   4.71016628 3.04293894 1.5018121  0.97056296]", "nit": "0"}, "12": {"maxiter": 500, "gtol": 1e-10, "xrtol": 1e-05, "eps": 1e-05, "duration": 0.032550811767578125, "fun": "0.2840721011161804", "jac": "[0. 0. 0. 0. 0. 0.]", "hess_inv": "[[ 2.33699374 -0.72931138 -0.17963727 -1.72793143 -0.30059438  0.1052069 ]\n [-0.72931138  1.76884695  1.25032802 -0.82905155  0.91180646  0.30989064]\n [-0.17963727  1.25032802  2.35116157 -1.60928049  1.25789221  0.23484736]\n [-1.72793143 -0.82905155 -1.60928049  3.19913768 -0.84459417 -0.54214428]\n [-0.30059438  0.91180646  1.25789221 -0.84459417  2.30371329 -0.37539934]\n [ 0.1052069   0.30989064  0.23484736 -0.54214428 -0.37539934  1.52164409]]", "nfev": "182", "njev": "26", "status": "0", "success": "True", "message": "Optimization terminated successfully.", "x": "[4.29527402 4.93123354 3.36612149 5.17723545 1.62216289 1.99335697]", "nit": "20"}, "13": {"maxiter": 500, "gtol": 1e-10, "xrtol": 1e-05, "eps": 1e-10, "duration": 0.0012619495391845703, "fun": "0.8332589268684387", "jac": "[0. 0. 0. 0. 0. 0.]", "hess_inv": "[[1 0 0 0 0 0]\n [0 1 0 0 0 0]\n [0 0 1 0 0 0]\n [0 0 0 1 0 0]\n [0 0 0 0 1 0]\n [0 0 0 0 0 1]]", "nfev": "7", "njev": "1", "status": "0", "success": "True", "message": "Optimization terminated successfully.", "x": "[4.30449785 5.997326   4.71016628 3.04293894 1.5018121  0.97056296]", "nit": "0"}, "14": {"maxiter": 500, "gtol": 1e-10, "xrtol": 1e-10, "eps": 1e-05, "duration": 0.03257107734680176, "fun": "0.2840721011161804", "jac": "[0. 0. 0. 0. 0. 0.]", "hess_inv": "[[ 2.33699374 -0.72931138 -0.17963727 -1.72793143 -0.30059438  0.1052069 ]\n [-0.72931138  1.76884695  1.25032802 -0.82905155  0.91180646  0.30989064]\n [-0.17963727  1.25032802  2.35116157 -1.60928049  1.25789221  0.23484736]\n [-1.72793143 -0.82905155 -1.60928049  3.19913768 -0.84459417 -0.54214428]\n [-0.30059438  0.91180646  1.25789221 -0.84459417  2.30371329 -0.37539934]\n [ 0.1052069   0.30989064  0.23484736 -0.54214428 -0.37539934  1.52164409]]", "nfev": "182", "njev": "26", "status": "0", "success": "True", "message": "Optimization terminated successfully.", "x": "[4.29527402 4.93123354 3.36612149 5.17723545 1.62216289 1.99335697]", "nit": "20"}, "15": {"maxiter": 500, "gtol": 1e-10, "xrtol": 1e-10, "eps": 1e-10, "duration": 0.0012671947479248047, "fun": "0.8332589268684387", "jac": "[0. 0. 0. 0. 0. 0.]", "hess_inv": "[[1 0 0 0 0 0]\n [0 1 0 0 0 0]\n [0 0 1 0 0 0]\n [0 0 0 1 0 0]\n [0 0 0 0 1 0]\n [0 0 0 0 0 1]]", "nfev": "7", "njev": "1", "status": "0", "success": "True", "message": "Optimization terminated successfully.", "x": "[4.30449785 5.997326   4.71016628 3.04293894 1.5018121  0.97056296]", "nit": "0"}, "16": {"maxiter": 1000, "gtol": 1e-05, "xrtol": 1e-05, "eps": 1e-05, "duration": 0.03275012969970703, "fun": "0.2840721011161804", "jac": "[0. 0. 0. 0. 0. 0.]", "hess_inv": "[[ 2.33699374 -0.72931138 -0.17963727 -1.72793143 -0.30059438  0.1052069 ]\n [-0.72931138  1.76884695  1.25032802 -0.82905155  0.91180646  0.30989064]\n [-0.17963727  1.25032802  2.35116157 -1.60928049  1.25789221  0.23484736]\n [-1.72793143 -0.82905155 -1.60928049  3.19913768 -0.84459417 -0.54214428]\n [-0.30059438  0.91180646  1.25789221 -0.84459417  2.30371329 -0.37539934]\n [ 0.1052069   0.30989064  0.23484736 -0.54214428 -0.37539934  1.52164409]]", "nfev": "182", "njev": "26", "status": "0", "success": "True", "message": "Optimization terminated successfully.", "x": "[4.29527402 4.93123354 3.36612149 5.17723545 1.62216289 1.99335697]", "nit": "20"}, "17": {"maxiter": 1000, "gtol": 1e-05, "xrtol": 1e-05, "eps": 1e-10, "duration": 0.0012671947479248047, "fun": "0.8332589268684387", "jac": "[0. 0. 0. 0. 0. 0.]", "hess_inv": "[[1 0 0 0 0 0]\n [0 1 0 0 0 0]\n [0 0 1 0 0 0]\n [0 0 0 1 0 0]\n [0 0 0 0 1 0]\n [0 0 0 0 0 1]]", "nfev": "7", "njev": "1", "status": "0", "success": "True", "message": "Optimization terminated successfully.", "x": "[4.30449785 5.997326   4.71016628 3.04293894 1.5018121  0.97056296]", "nit": "0"}, "18": {"maxiter": 1000, "gtol": 1e-05, "xrtol": 1e-10, "eps": 1e-05, "duration": 0.03297877311706543, "fun": "0.2840721011161804", "jac": "[0. 0. 0. 0. 0. 0.]", "hess_inv": "[[ 2.33699374 -0.72931138 -0.17963727 -1.72793143 -0.30059438  0.1052069 ]\n [-0.72931138  1.76884695  1.25032802 -0.82905155  0.91180646  0.30989064]\n [-0.17963727  1.25032802  2.35116157 -1.60928049  1.25789221  0.23484736]\n [-1.72793143 -0.82905155 -1.60928049  3.19913768 -0.84459417 -0.54214428]\n [-0.30059438  0.91180646  1.25789221 -0.84459417  2.30371329 -0.37539934]\n [ 0.1052069   0.30989064  0.23484736 -0.54214428 -0.37539934  1.52164409]]", "nfev": "182", "njev": "26", "status": "0", "success": "True", "message": "Optimization terminated successfully.", "x": "[4.29527402 4.93123354 3.36612149 5.17723545 1.62216289 1.99335697]", "nit": "20"}, "19": {"maxiter": 1000, "gtol": 1e-05, "xrtol": 1e-10, "eps": 1e-10, "duration": 0.0012650489807128906, "fun": "0.8332589268684387", "jac": "[0. 0. 0. 0. 0. 0.]", "hess_inv": "[[1 0 0 0 0 0]\n [0 1 0 0 0 0]\n [0 0 1 0 0 0]\n [0 0 0 1 0 0]\n [0 0 0 0 1 0]\n [0 0 0 0 0 1]]", "nfev": "7", "njev": "1", "status": "0", "success": "True", "message": "Optimization terminated successfully.", "x": "[4.30449785 5.997326   4.71016628 3.04293894 1.5018121  0.97056296]", "nit": "0"}, "20": {"maxiter": 1000, "gtol": 1e-10, "xrtol": 1e-05, "eps": 1e-05, "duration": 0.032620906829833984, "fun": "0.2840721011161804", "jac": "[0. 0. 0. 0. 0. 0.]", "hess_inv": "[[ 2.33699374 -0.72931138 -0.17963727 -1.72793143 -0.30059438  0.1052069 ]\n [-0.72931138  1.76884695  1.25032802 -0.82905155  0.91180646  0.30989064]\n [-0.17963727  1.25032802  2.35116157 -1.60928049  1.25789221  0.23484736]\n [-1.72793143 -0.82905155 -1.60928049  3.19913768 -0.84459417 -0.54214428]\n [-0.30059438  0.91180646  1.25789221 -0.84459417  2.30371329 -0.37539934]\n [ 0.1052069   0.30989064  0.23484736 -0.54214428 -0.37539934  1.52164409]]", "nfev": "182", "njev": "26", "status": "0", "success": "True", "message": "Optimization terminated successfully.", "x": "[4.29527402 4.93123354 3.36612149 5.17723545 1.62216289 1.99335697]", "nit": "20"}, "21": {"maxiter": 1000, "gtol": 1e-10, "xrtol": 1e-05, "eps": 1e-10, "duration": 0.0012700557708740234, "fun": "0.8332589268684387", "jac": "[0. 0. 0. 0. 0. 0.]", "hess_inv": "[[1 0 0 0 0 0]\n [0 1 0 0 0 0]\n [0 0 1 0 0 0]\n [0 0 0 1 0 0]\n [0 0 0 0 1 0]\n [0 0 0 0 0 1]]", "nfev": "7", "njev": "1", "status": "0", "success": "True", "message": "Optimization terminated successfully.", "x": "[4.30449785 5.997326   4.71016628 3.04293894 1.5018121  0.97056296]", "nit": "0"}, "22": {"maxiter": 1000, "gtol": 1e-10, "xrtol": 1e-10, "eps": 1e-05, "duration": 0.032682180404663086, "fun": "0.2840721011161804", "jac": "[0. 0. 0. 0. 0. 0.]", "hess_inv": "[[ 2.33699374 -0.72931138 -0.17963727 -1.72793143 -0.30059438  0.1052069 ]\n [-0.72931138  1.76884695  1.25032802 -0.82905155  0.91180646  0.30989064]\n [-0.17963727  1.25032802  2.35116157 -1.60928049  1.25789221  0.23484736]\n [-1.72793143 -0.82905155 -1.60928049  3.19913768 -0.84459417 -0.54214428]\n [-0.30059438  0.91180646  1.25789221 -0.84459417  2.30371329 -0.37539934]\n [ 0.1052069   0.30989064  0.23484736 -0.54214428 -0.37539934  1.52164409]]", "nfev": "182", "njev": "26", "status": "0", "success": "True", "message": "Optimization terminated successfully.", "x": "[4.29527402 4.93123354 3.36612149 5.17723545 1.62216289 1.99335697]", "nit": "20"}, "23": {"maxiter": 1000, "gtol": 1e-10, "xrtol": 1e-10, "eps": 1e-10, "duration": 0.001316070556640625, "fun": "0.8332589268684387", "jac": "[0. 0. 0. 0. 0. 0.]", "hess_inv": "[[1 0 0 0 0 0]\n [0 1 0 0 0 0]\n [0 0 1 0 0 0]\n [0 0 0 1 0 0]\n [0 0 0 0 1 0]\n [0 0 0 0 0 1]]", "nfev": "7", "njev": "1", "status": "0", "success": "True", "message": "Optimization terminated successfully.", "x": "[4.30449785 5.997326   4.71016628 3.04293894 1.5018121  0.97056296]", "nit": "0"}}, "cobyla": {"0": {"maxiter": 100, "tol": 1e-05, "catol": 1e-05, "duration": 0.017255067825317383, "x": "[ 4.3341459   4.93692825  3.3615012   1.08485034 -1.46467374 -1.17319505]", "status": "2", "success": "False", "message": "Maximum number of function evaluations has been exceeded.", "nfev": "100", "fun": "0.2852463722229004", "maxcv": "0.0"}, "1": {"maxiter": 100, "tol": 1e-05, "catol": 1e-10, "duration": 0.017149925231933594, "x": "[ 4.3341459   4.93692825  3.3615012   1.08485034 -1.46467374 -1.17319505]", "status": "2", "success": "False", "message": "Maximum number of function evaluations has been exceeded.", "nfev": "100", "fun": "0.2852463722229004", "maxcv": "0.0"}, "2": {"maxiter": 100, "tol": 1e-10, "catol": 1e-05, "duration": 0.017922163009643555, "x": "[ 4.3341459   4.93692825  3.3615012   1.08485034 -1.46467374 -1.17319505]", "status": "2", "success": "False", "message": "Maximum number of function evaluations has been exceeded.", "nfev": "100", "fun": "0.2852463722229004", "maxcv": "0.0"}, "3": {"maxiter": 100, "tol": 1e-10, "catol": 1e-10, "duration": 0.01768779754638672, "x": "[ 4.3341459   4.93692825  3.3615012   1.08485034 -1.46467374 -1.17319505]", "status": "2", "success": "False", "message": "Maximum number of function evaluations has been exceeded.", "nfev": "100", "fun": "0.2852463722229004", "maxcv": "0.0"}, "4": {"maxiter": 500, "tol": 1e-05, "catol": 1e-05, "duration": 0.03303885459899902, "x": "[ 4.29142329  4.9413676   3.37152397  1.10326243 -1.51487877 -1.14392716]", "status": "1", "success": "True", "message": "Optimization terminated successfully.", "nfev": "187", "fun": "0.28406164050102234", "maxcv": "0.0"}, "5": {"maxiter": 500, "tol": 1e-05, "catol": 1e-10, "duration": 0.0331568717956543, "x": "[ 4.29142329  4.9413676   3.37152397  1.10326243 -1.51487877 -1.14392716]", "status": "1", "success": "True", "message": "Optimization terminated successfully.", "nfev": "187", "fun": "0.28406164050102234", "maxcv": "0.0"}, "6": {"maxiter": 500, "tol": 1e-10, "catol": 1e-05, "duration": 0.038967132568359375, "x": "[ 4.29142329  4.9413676   3.37152397  1.10326243 -1.51487877 -1.14392716]", "status": "1", "success": "True", "message": "Optimization terminated successfully.", "nfev": "221", "fun": "0.28406164050102234", "maxcv": "0.0"}, "7": {"maxiter": 500, "tol": 1e-10, "catol": 1e-10, "duration": 0.03899693489074707, "x": "[ 4.29142329  4.9413676   3.37152397  1.10326243 -1.51487877 -1.14392716]", "status": "1", "success": "True", "message": "Optimization terminated successfully.", "nfev": "221", "fun": "0.28406164050102234", "maxcv": "0.0"}, "8": {"maxiter": 1000, "tol": 1e-05, "catol": 1e-05, "duration": 0.03307986259460449, "x": "[ 4.29142329  4.9413676   3.37152397  1.10326243 -1.51487877 -1.14392716]", "status": "1", "success": "True", "message": "Optimization terminated successfully.", "nfev": "187", "fun": "0.28406164050102234", "maxcv": "0.0"}, "9": {"maxiter": 1000, "tol": 1e-05, "catol": 1e-10, "duration": 0.03300118446350098, "x": "[ 4.29142329  4.9413676   3.37152397  1.10326243 -1.51487877 -1.14392716]", "status": "1", "success": "True", "message": "Optimization terminated successfully.", "nfev": "187", "fun": "0.28406164050102234", "maxcv": "0.0"}, "10": {"maxiter": 1000, "tol": 1e-10, "catol": 1e-05, "duration": 0.038110971450805664, "x": "[ 4.29142329  4.9413676   3.37152397  1.10326243 -1.51487877 -1.14392716]", "status": "1", "success": "True", "message": "Optimization terminated successfully.", "nfev": "221", "fun": "0.28406164050102234", "maxcv": "0.0"}, "11": {"maxiter": 1000, "tol": 1e-10, "catol": 1e-10, "duration": 0.038002967834472656, "x": "[ 4.29142329  4.9413676   3.37152397  1.10326243 -1.51487877 -1.14392716]", "status": "1", "success": "True", "message": "Optimization terminated successfully.", "nfev": "221", "fun": "0.28406164050102234", "maxcv": "0.0"}}, "powell": {"0": {"maxiter": 100, "ftol": 1e-05, "xtol": 1e-05, "duration": 0.1344468593597412, "fun": "0.2840617299079895", "direc": "[[-0.49950888 -0.27006986 -0.7211634  -0.55685502 -2.56451793 -0.53207154]\n [ 0.          1.          0.          0.          0.          0.        ]\n [ 0.          0.          1.          0.          0.          0.        ]\n [ 0.          0.          0.          1.          0.          0.        ]\n [ 0.          0.          0.          0.          0.          1.        ]\n [-0.25002347  0.08584121 -0.02455426 -0.05200091  0.18888129 -0.04087508]]", "nit": "9", "nfev": "777", "status": "0", "success": "True", "message": "Optimization terminated successfully.", "x": "[ 4.29211216  4.94145196  3.3723967   1.10378312 -1.51541246 -1.14337525]"}, "1": {"maxiter": 100, "ftol": 1e-05, "xtol": 1e-10, "duration": 0.313554048538208, "fun": "0.28406164050102234", "direc": "[[-4.95594717e-01 -2.70142686e-01 -7.21372095e-01 -5.55785103e-01\n  -2.56817740e+00 -5.33649022e-01]\n [ 0.00000000e+00  1.00000000e+00  0.00000000e+00  0.00000000e+00\n   0.00000000e+00  0.00000000e+00]\n [ 0.00000000e+00  0.00000000e+00  1.00000000e+00  0.00000000e+00\n   0.00000000e+00  0.00000000e+00]\n [-2.49522512e-01  8.69911234e-02 -2.53411729e-02 -5.24533002e-02\n   1.88253831e-01 -4.03327156e-02]\n [ 0.00000000e+00  0.00000000e+00  0.00000000e+00  0.00000000e+00\n   0.00000000e+00  1.00000000e+00]\n [-1.60080427e-04  4.97529209e-04 -1.68758912e-03 -2.41921903e-03\n   5.87625625e-04 -7.73754360e-04]]", "nit": "9", "nfev": "1819", "status": "0", "success": "True", "message": "Optimization terminated successfully.", "x": "[ 4.29156974  4.94170796  3.37176476  1.1033286  -1.51513645 -1.14366108]"}, "2": {"maxiter": 100, "ftol": 1e-10, "xtol": 1e-05, "duration": 0.19677734375, "fun": "0.28406164050102234", "direc": "[[-0.49950888 -0.27006986 -0.7211634  -0.55685502 -2.56451793 -0.53207154]\n [ 0.          1.          0.          0.          0.          0.        ]\n [ 0.          0.          1.          0.          0.          0.        ]\n [ 0.          0.          0.          1.          0.          0.        ]\n [ 0.          0.          0.          0.          0.          1.        ]\n [-0.25002347  0.08584121 -0.02455426 -0.05200091  0.18888129 -0.04087508]]", "nit": "11", "nfev": "1139", "status": "0", "success": "True", "message": "Optimization terminated successfully.", "x": "[ 4.29211216  4.94127652  3.37160065  1.10370298 -1.51541246 -1.14352272]"}, "3": {"maxiter": 100, "ftol": 1e-10, "xtol": 1e-10, "duration": 0.36017680168151855, "fun": "0.28406164050102234", "direc": "[[-4.95594717e-01 -2.70142686e-01 -7.21372095e-01 -5.55785103e-01\n  -2.56817740e+00 -5.33649022e-01]\n [ 0.00000000e+00  1.00000000e+00  0.00000000e+00  0.00000000e+00\n   0.00000000e+00  0.00000000e+00]\n [ 0.00000000e+00  0.00000000e+00  1.00000000e+00  0.00000000e+00\n   0.00000000e+00  0.00000000e+00]\n [-2.49522512e-01  8.69911234e-02 -2.53411729e-02 -5.24533002e-02\n   1.88253831e-01 -4.03327156e-02]\n [ 0.00000000e+00  0.00000000e+00  0.00000000e+00  0.00000000e+00\n   0.00000000e+00  1.00000000e+00]\n [-1.60080427e-04  4.97529209e-04 -1.68758912e-03 -2.41921903e-03\n   5.87625625e-04 -7.73754360e-04]]", "nit": "10", "nfev": "2052", "status": "0", "success": "True", "message": "Optimization terminated successfully.", "x": "[ 4.29171633  4.94145012  3.37163124  1.10343724 -1.51526228 -1.14361299]"}, "4": {"maxiter": 500, "ftol": 1e-05, "xtol": 1e-05, "duration": 0.13445615768432617, "fun": "0.2840617299079895", "direc": "[[-0.49950888 -0.27006986 -0.7211634  -0.55685502 -2.56451793 -0.53207154]\n [ 0.          1.          0.          0.          0.          0.        ]\n [ 0.          0.          1.          0.          0.          0.        ]\n [ 0.          0.          0.          1.          0.          0.        ]\n [ 0.          0.          0.          0.          0.          1.        ]\n [-0.25002347  0.08584121 -0.02455426 -0.05200091  0.18888129 -0.04087508]]", "nit": "9", "nfev": "777", "status": "0", "success": "True", "message": "Optimization terminated successfully.", "x": "[ 4.29211216  4.94145196  3.3723967   1.10378312 -1.51541246 -1.14337525]"}, "5": {"maxiter": 500, "ftol": 1e-05, "xtol": 1e-10, "duration": 0.31375789642333984, "fun": "0.28406164050102234", "direc": "[[-4.95594717e-01 -2.70142686e-01 -7.21372095e-01 -5.55785103e-01\n  -2.56817740e+00 -5.33649022e-01]\n [ 0.00000000e+00  1.00000000e+00  0.00000000e+00  0.00000000e+00\n   0.00000000e+00  0.00000000e+00]\n [ 0.00000000e+00  0.00000000e+00  1.00000000e+00  0.00000000e+00\n   0.00000000e+00  0.00000000e+00]\n [-2.49522512e-01  8.69911234e-02 -2.53411729e-02 -5.24533002e-02\n   1.88253831e-01 -4.03327156e-02]\n [ 0.00000000e+00  0.00000000e+00  0.00000000e+00  0.00000000e+00\n   0.00000000e+00  1.00000000e+00]\n [-1.60080427e-04  4.97529209e-04 -1.68758912e-03 -2.41921903e-03\n   5.87625625e-04 -7.73754360e-04]]", "nit": "9", "nfev": "1819", "status": "0", "success": "True", "message": "Optimization terminated successfully.", "x": "[ 4.29156974  4.94170796  3.37176476  1.1033286  -1.51513645 -1.14366108]"}, "6": {"maxiter": 500, "ftol": 1e-10, "xtol": 1e-05, "duration": 0.20057916641235352, "fun": "0.28406164050102234", "direc": "[[-0.49950888 -0.27006986 -0.7211634  -0.55685502 -2.56451793 -0.53207154]\n [ 0.          1.          0.          0.          0.          0.        ]\n [ 0.          0.          1.          0.          0.          0.        ]\n [ 0.          0.          0.          1.          0.          0.        ]\n [ 0.          0.          0.          0.          0.          1.        ]\n [-0.25002347  0.08584121 -0.02455426 -0.05200091  0.18888129 -0.04087508]]", "nit": "11", "nfev": "1139", "status": "0", "success": "True", "message": "Optimization terminated successfully.", "x": "[ 4.29211216  4.94127652  3.37160065  1.10370298 -1.51541246 -1.14352272]"}, "7": {"maxiter": 500, "ftol": 1e-10, "xtol": 1e-10, "duration": 0.36317014694213867, "fun": "0.28406164050102234", "direc": "[[-4.95594717e-01 -2.70142686e-01 -7.21372095e-01 -5.55785103e-01\n  -2.56817740e+00 -5.33649022e-01]\n [ 0.00000000e+00  1.00000000e+00  0.00000000e+00  0.00000000e+00\n   0.00000000e+00  0.00000000e+00]\n [ 0.00000000e+00  0.00000000e+00  1.00000000e+00  0.00000000e+00\n   0.00000000e+00  0.00000000e+00]\n [-2.49522512e-01  8.69911234e-02 -2.53411729e-02 -5.24533002e-02\n   1.88253831e-01 -4.03327156e-02]\n [ 0.00000000e+00  0.00000000e+00  0.00000000e+00  0.00000000e+00\n   0.00000000e+00  1.00000000e+00]\n [-1.60080427e-04  4.9