{"conf_id": 11, "data_type": "random\n", "num_data_points": 1, "s_rank": 0, "unitary": "[[-0.56303964-0.00798273j,-0.21670212-0.15784972j,-0.06047197-0.73952673j,-0.01438004+0.24552571j],[-0.06976756+0.23474685j,-0.01275565-0.5435098j,-0.02703657-0.08917885j,-0.08210486-0.79311774j],[-0.38559961+0.10714929j,0.5933431-0.2687392j,-0.24060861+0.29149289j,-0.45147719+0.26241743j],[-0.50180421+0.45931857j,-0.11617175+0.44134496j,0.49642745+0.22684508j,-0.08544628-0.15407063j]]", "databatch_0": {"databatch": "[[[0.23416519-0.1535058j,0.03646161-0.22531021j,0.13890607+0.29434501j,0.23089472-0.03323103j],[0.13969577-0.06236932j,0.12049011+0.28381995j,0.36988045+0.01424255j,0.1311211-0.09491145j],[-0.23609007+0.04678032j,-0.07858786+0.05763151j,0.04065995-0.26204549j,-0.1880512+0.04380092j],[-0.28015257-0.08333568j,-0.2565003+0.05040595j,0.09208361+0.00354302j,-0.28186538-0.103612j]]]", "nelder_mead": {"0": {"maxiter": 100, "fatol": 1e-05, "xatol": 1e-05, "duration": 0.027469158172607422, "fun": "0.42142635583877563", "nit": "100", "nfev": "154", "status": "2", "success": "False", "message": "Maximum number of iterations has been exceeded.", "x": "[3.29841643 0.63389686 2.34309143 5.21465221 1.34736355 3.04024291]", "final_simplex": "(array([[3.29841643, 0.63389686, 2.34309143, 5.21465221, 1.34736355,\n        3.04024291],\n       [3.32848051, 0.676677  , 2.40395791, 5.00459446, 1.28005008,\n        3.15031492],\n       [3.33164365, 0.65829467, 2.44915148, 5.20853611, 1.3276622 ,\n        3.16120475],\n       [3.41478767, 0.65868844, 2.42495948, 5.16758482, 1.31854   ,\n        3.103653  ],\n       [3.52102692, 0.68529216, 2.25513941, 5.26906669, 1.29410236,\n        3.30924178],\n       [3.41489903, 0.63558958, 2.39582706, 5.18136658, 1.42113671,\n        3.15184307],\n       [3.24372673, 0.65002708, 2.25872351, 5.31554652, 1.08662818,\n        3.29346142]]), array([0.42142636, 0.4235025 , 0.4252232 , 0.4255226 , 0.42574888,\n       0.42590126, 0.4266893 ]))"}, "1": {"maxiter": 100, "fatol": 1e-05, "xatol": 1e-10, "duration": 0.02794480323791504, "fun": "0.42142635583877563", "nit": "100", "nfev": "154", "status": "2", "success": "False", "message": "Maximum number of iterations has been exceeded.", "x": "[3.29841643 0.63389686 2.34309143 5.21465221 1.34736355 3.04024291]", "final_simplex": "(array([[3.29841643, 0.63389686, 2.34309143, 5.21465221, 1.34736355,\n        3.04024291],\n       [3.32848051, 0.676677  , 2.40395791, 5.00459446, 1.28005008,\n        3.15031492],\n       [3.33164365, 0.65829467, 2.44915148, 5.20853611, 1.3276622 ,\n        3.16120475],\n       [3.41478767, 0.65868844, 2.42495948, 5.16758482, 1.31854   ,\n        3.103653  ],\n       [3.52102692, 0.68529216, 2.25513941, 5.26906669, 1.29410236,\n        3.30924178],\n       [3.41489903, 0.63558958, 2.39582706, 5.18136658, 1.42113671,\n        3.15184307],\n       [3.24372673, 0.65002708, 2.25872351, 5.31554652, 1.08662818,\n        3.29346142]]), array([0.42142636, 0.4235025 , 0.4252232 , 0.4255226 , 0.42574888,\n       0.42590126, 0.4266893 ]))"}, "2": {"maxiter": 100, "fatol": 1e-10, "xatol": 1e-05, "duration": 0.02776026725769043, "fun": "0.42142635583877563", "nit": "100", "nfev": "154", "status": "2", "success": "False", "message": "Maximum number of iterations has been exceeded.", "x": "[3.29841643 0.63389686 2.34309143 5.21465221 1.34736355 3.04024291]", "final_simplex": "(array([[3.29841643, 0.63389686, 2.34309143, 5.21465221, 1.34736355,\n        3.04024291],\n       [3.32848051, 0.676677  , 2.40395791, 5.00459446, 1.28005008,\n        3.15031492],\n       [3.33164365, 0.65829467, 2.44915148, 5.20853611, 1.3276622 ,\n        3.16120475],\n       [3.41478767, 0.65868844, 2.42495948, 5.16758482, 1.31854   ,\n        3.103653  ],\n       [3.52102692, 0.68529216, 2.25513941, 5.26906669, 1.29410236,\n        3.30924178],\n       [3.41489903, 0.63558958, 2.39582706, 5.18136658, 1.42113671,\n        3.15184307],\n       [3.24372673, 0.65002708, 2.25872351, 5.31554652, 1.08662818,\n        3.29346142]]), array([0.42142636, 0.4235025 , 0.4252232 , 0.4255226 , 0.42574888,\n       0.42590126, 0.4266893 ]))"}, "3": {"maxiter": 100, "fatol": 1e-10, "xatol": 1e-10, "duration": 0.02758026123046875, "fun": "0.42142635583877563", "nit": "100", "nfev": "154", "status": "2", "success": "False", "message": "Maximum number of iterations has been exceeded.", "x": "[3.29841643 0.63389686 2.34309143 5.21465221 1.34736355 3.04024291]", "final_simplex": "(array([[3.29841643, 0.63389686, 2.34309143, 5.21465221, 1.34736355,\n        3.04024291],\n       [3.32848051, 0.676677  , 2.40395791, 5.00459446, 1.28005008,\n        3.15031492],\n       [3.33164365, 0.65829467, 2.44915148, 5.20853611, 1.3276622 ,\n        3.16120475],\n       [3.41478767, 0.65868844, 2.42495948, 5.16758482, 1.31854   ,\n        3.103653  ],\n       [3.52102692, 0.68529216, 2.25513941, 5.26906669, 1.29410236,\n        3.30924178],\n       [3.41489903, 0.63558958, 2.39582706, 5.18136658, 1.42113671,\n        3.15184307],\n       [3.24372673, 0.65002708, 2.25872351, 5.31554652, 1.08662818,\n        3.29346142]]), array([0.42142636, 0.4235025 , 0.4252232 , 0.4255226 , 0.42574888,\n       0.42590126, 0.4266893 ]))"}, "4": {"maxiter": 500, "fatol": 1e-05, "xatol": 1e-05, "duration": 0.1322166919708252, "fun": "0.3633164167404175", "nit": "500", "nfev": "748", "status": "2", "success": "False", "message": "Maximum number of iterations has been exceeded.", "x": "[ 4.93394957 -1.28243703  1.58552927  3.93741986 -0.47708574  3.16997313]", "final_simplex": "(array([[ 4.93394957, -1.28243703,  1.58552927,  3.93741986, -0.47708574,\n         3.16997313],\n       [ 4.93438544, -1.256089  ,  1.5662006 ,  3.9316761 , -0.43715743,\n         3.21565246],\n       [ 4.9203096 , -1.25653864,  1.56615708,  3.9410931 , -0.43561865,\n         3.20269777],\n       [ 4.9207219 , -1.26643797,  1.57063221,  3.93141367, -0.42958328,\n         3.22132075],\n       [ 4.9177117 , -1.26832117,  1.54828646,  3.96228144, -0.43349463,\n         3.20852753],\n       [ 4.89113887, -1.25459572,  1.55830416,  3.97138699, -0.4061284 ,\n         3.23284659],\n       [ 4.91396298, -1.25169708,  1.55920582,  3.95097869, -0.41212086,\n         3.21035752]]), array([0.36331642, 0.36332524, 0.36334759, 0.36336422, 0.36336869,\n       0.36337885, 0.3633818 ]))"}, "5": {"maxiter": 500, "fatol": 1e-05, "xatol": 1e-10, "duration": 0.13278985023498535, "fun": "0.3633164167404175", "nit": "500", "nfev": "748", "status": "2", "success": "False", "message": "Maximum number of iterations has been exceeded.", "x": "[ 4.93394957 -1.28243703  1.58552927  3.93741986 -0.47708574  3.16997313]", "final_simplex": "(array([[ 4.93394957, -1.28243703,  1.58552927,  3.93741986, -0.47708574,\n         3.16997313],\n       [ 4.93438544, -1.256089  ,  1.5662006 ,  3.9316761 , -0.43715743,\n         3.21565246],\n       [ 4.9203096 , -1.25653864,  1.56615708,  3.9410931 , -0.43561865,\n         3.20269777],\n       [ 4.9207219 , -1.26643797,  1.57063221,  3.93141367, -0.42958328,\n         3.22132075],\n       [ 4.9177117 , -1.26832117,  1.54828646,  3.96228144, -0.43349463,\n         3.20852753],\n       [ 4.89113887, -1.25459572,  1.55830416,  3.97138699, -0.4061284 ,\n         3.23284659],\n       [ 4.91396298, -1.25169708,  1.55920582,  3.95097869, -0.41212086,\n         3.21035752]]), array([0.36331642, 0.36332524, 0.36334759, 0.36336422, 0.36336869,\n       0.36337885, 0.3633818 ]))"}, "6": {"maxiter": 500, "fatol": 1e-10, "xatol": 1e-05, "duration": 0.1324470043182373, "fun": "0.3633164167404175", "nit": "500", "nfev": "748", "status": "2", "success": "False", "message": "Maximum number of iterations has been exceeded.", "x": "[ 4.93394957 -1.28243703  1.58552927  3.93741986 -0.47708574  3.16997313]", "final_simplex": "(array([[ 4.93394957, -1.28243703,  1.58552927,  3.93741986, -0.47708574,\n         3.16997313],\n       [ 4.93438544, -1.256089  ,  1.5662006 ,  3.9316761 , -0.43715743,\n         3.21565246],\n       [ 4.9203096 , -1.25653864,  1.56615708,  3.9410931 , -0.43561865,\n         3.20269777],\n       [ 4.9207219 , -1.26643797,  1.57063221,  3.93141367, -0.42958328,\n         3.22132075],\n       [ 4.9177117 , -1.26832117,  1.54828646,  3.96228144, -0.43349463,\n         3.20852753],\n       [ 4.89113887, -1.25459572,  1.55830416,  3.97138699, -0.4061284 ,\n         3.23284659],\n       [ 4.91396298, -1.25169708,  1.55920582,  3.95097869, -0.41212086,\n         3.21035752]]), array([0.36331642, 0.36332524, 0.36334759, 0.36336422, 0.36336869,\n       0.36337885, 0.3633818 ]))"}, "7": {"maxiter": 500, "fatol": 1e-10, "xatol": 1e-10, "duration": 0.13217687606811523, "fun": "0.3633164167404175", "nit": "500", "nfev": "748", "status": "2", "success": "False", "message": "Maximum number of iterations has been exceeded.", "x": "[ 4.93394957 -1.28243703  1.58552927  3.93741986 -0.47708574  3.16997313]", "final_simplex": "(array([[ 4.93394957, -1.28243703,  1.58552927,  3.93741986, -0.47708574,\n         3.16997313],\n       [ 4.93438544, -1.256089  ,  1.5662006 ,  3.9316761 , -0.43715743,\n         3.21565246],\n       [ 4.9203096 , -1.25653864,  1.56615708,  3.9410931 , -0.43561865,\n         3.20269777],\n       [ 4.9207219 , -1.26643797,  1.57063221,  3.93141367, -0.42958328,\n         3.22132075],\n       [ 4.9177117 , -1.26832117,  1.54828646,  3.96228144, -0.43349463,\n         3.20852753],\n       [ 4.89113887, -1.25459572,  1.55830416,  3.97138699, -0.4061284 ,\n         3.23284659],\n       [ 4.91396298, -1.25169708,  1.55920582,  3.95097869, -0.41212086,\n         3.21035752]]), array([0.36331642, 0.36332524, 0.36334759, 0.36336422, 0.36336869,\n       0.36337885, 0.3633818 ]))"}, "8": {"maxiter": 1000, "fatol": 1e-05, "xatol": 1e-05, "duration": 0.16802215576171875, "fun": "0.3632444441318512", "nit": "591", "nfev": "939", "status": "0", "success": "True", "message": "Optimization terminated successfully.", "x": "[ 4.95335843 -1.27956245  1.59149796  3.93201981 -0.47332055  3.19476982]", "final_simplex": "(array([[ 4.95335843, -1.27956245,  1.59149796,  3.93201981, -0.47332055,\n         3.19476982],\n       [ 4.95335688, -1.27955951,  1.59149211,  3.93202422, -0.47331181,\n         3.19477867],\n       [ 4.9533592 , -1.27956025,  1.59149508,  3.93202108, -0.47331691,\n         3.19477642],\n       [ 4.95335912, -1.27956249,  1.59149592,  3.93202292, -0.47332257,\n         3.19476913],\n       [ 4.9533595 , -1.27956579,  1.59149744,  3.93202159, -0.47332508,\n         3.19476826],\n       [ 4.95335537, -1.27955989,  1.59149402,  3.93202371, -0.47331448,\n         3.1947756 ],\n       [ 4.95335743, -1.2795609 ,  1.59149605,  3.93202247, -0.47331711,\n         3.19477506]]), array([0.36324444, 0.36324444, 0.36324444, 0.36324444, 0.36324444,\n       0.36324444, 0.36324444]))"}, "9": {"maxiter": 1000, "fatol": 1e-05, "xatol": 1e-10, "duration": 0.19148969650268555, "fun": "0.3632444441318512", "nit": "608", "nfev": "1075", "status": "0", "success": "True", "message": "Optimization terminated successfully.", "x": "[ 4.95335843 -1.27956245  1.59149796  3.93201981 -0.47332055  3.19476982]", "final_simplex": "(array([[ 4.95335843, -1.27956245,  1.59149796,  3.93201981, -0.47332055,\n         3.19476982],\n       [ 4.95335843, -1.27956245,  1.59149796,  3.93201981, -0.47332055,\n         3.19476982],\n       [ 4.95335843, -1.27956245,  1.59149796,  3.93201981, -0.47332055,\n         3.19476982],\n       [ 4.95335843, -1.27956245,  1.59149796,  3.93201981, -0.47332055,\n         3.19476982],\n       [ 4.95335843, -1.27956245,  1.59149796,  3.93201981, -0.47332055,\n         3.19476982],\n       [ 4.95335843, -1.27956245,  1.59149796,  3.93201981, -0.47332055,\n         3.19476982],\n       [ 4.95335843, -1.27956245,  1.59149796,  3.93201981, -0.47332055,\n         3.19476982]]), array([0.36324444, 0.36324444, 0.36324444, 0.36324444, 0.36324444,\n       0.36324444, 0.36324444]))"}, "10": {"maxiter": 1000, "fatol": 1e-10, "xatol": 1e-05, "duration": 0.1658792495727539, "fun": "0.3632444441318512", "nit": "591", "nfev": "939", "status": "0", "success": "True", "message": "Optimization terminated successfully.", "x": "[ 4.95335843 -1.27956245  1.59149796  3.93201981 -0.47332055  3.19476982]", "final_simplex": "(array([[ 4.95335843, -1.27956245,  1.59149796,  3.93201981, -0.47332055,\n         3.19476982],\n       [ 4.95335688, -1.27955951,  1.59149211,  3.93202422, -0.47331181,\n         3.19477867],\n       [ 4.9533592 , -1.27956025,  1.59149508,  3.93202108, -0.47331691,\n         3.19477642],\n       [ 4.95335912, -1.27956249,  1.59149592,  3.93202292, -0.47332257,\n         3.19476913],\n       [ 4.9533595 , -1.27956579,  1.59149744,  3.93202159, -0.47332508,\n         3.19476826],\n       [ 4.95335537, -1.27955989,  1.59149402,  3.93202371, -0.47331448,\n         3.1947756 ],\n       [ 4.95335743, -1.2795609 ,  1.59149605,  3.93202247, -0.47331711,\n         3.19477506]]), array([0.36324444, 0.36324444, 0.36324444, 0.36324444, 0.36324444,\n       0.36324444, 0.36324444]))"}, "11": {"maxiter": 1000, "fatol": 1e-10, "xatol": 1e-10, "duration": 0.1886889934539795, "fun": "0.3632444441318512", "nit": "608", "nfev": "1075", "status": "0", "success": "True", "message": "Optimization terminated successfully.", "x": "[ 4.95335843 -1.27956245  1.59149796  3.93201981 -0.47332055  3.19476982]", "final_simplex": "(array([[ 4.95335843, -1.27956245,  1.59149796,  3.93201981, -0.47332055,\n         3.19476982],\n       [ 4.95335843, -1.27956245,  1.59149796,  3.93201981, -0.47332055,\n         3.19476982],\n       [ 4.95335843, -1.27956245,  1.59149796,  3.93201981, -0.47332055,\n         3.19476982],\n       [ 4.95335843, -1.27956245,  1.59149796,  3.93201981, -0.47332055,\n         3.19476982],\n       [ 4.95335843, -1.27956245,  1.59149796,  3.93201981, -0.47332055,\n         3.19476982],\n       [ 4.95335843, -1.27956245,  1.59149796,  3.93201981, -0.47332055,\n         3.19476982],\n       [ 4.95335843, -1.27956245,  1.59149796,  3.93201981, -0.47332055,\n         3.19476982]]), array([0.36324444, 0.36324444, 0.36324444, 0.36324444, 0.36324444,\n       0.36324444, 0.36324444]))"}}, "bfgs": {"0": {"maxiter": 100, "gtol": 1e-05, "xrtol": 1e-05, "eps": 1e-05, "duration": 0.03401494026184082, "fun": "0.4197913110256195", "jac": "[0. 0. 0. 0. 0. 0.]", "hess_inv": "[[ 4.08147771 -0.48940198 -1.14963363 -0.73425123  1.12523853  0.86099503]\n [-0.48940198  1.11175278 -0.12879577  0.15153094 -0.07879998  0.06033788]\n [-1.14963363 -0.12879577  1.98063263 -0.09702532  0.14315148 -1.21115298]\n [-0.73425123  0.15153094 -0.09702532  1.10254627 -0.72897936 -0.39545336]\n [ 1.12523853 -0.07879998  0.14315148 -0.72897936  3.12703626 -0.17246848]\n [ 0.86099503  0.06033788 -1.21115298 -0.39545336 -0.17246848  2.06869899]]", "nfev": "189", "njev": "27", "status": "0", "success": "True", "message": "Optimization terminated successfully.", "x": "[3.14112938 0.96986129 2.60673269 5.22752924 1.29163829 3.0469325 ]", "nit": "17"}, "1": {"maxiter": 100, "gtol": 1e-05, "xrtol": 1e-05, "eps": 1e-10, "duration": 0.0012760162353515625, "fun": "0.9643583297729492", "jac": "[0. 0. 0. 0. 0. 0.]", "hess_inv": "[[1 0 0 0 0 0]\n [0 1 0 0 0 0]\n [0 0 1 0 0 0]\n [0 0 0 1 0 0]\n [0 0 0 0 1 0]\n [0 0 0 0 0 1]]", "nfev": "7", "njev": "1", "status": "0", "success": "True", "message": "Optimization terminated successfully.", "x": "[3.93593578 0.57950713 4.8517207  5.38710002 2.18547667 3.73599825]", "nit": "0"}, "2": {"maxiter": 100, "gtol": 1e-05, "xrtol": 1e-10, "eps": 1e-05, "duration": 0.033988237380981445, "fun": "0.4197913110256195", "jac": "[0. 0. 0. 0. 0. 0.]", "hess_inv": "[[ 4.08147771 -0.48940198 -1.14963363 -0.73425123  1.12523853  0.86099503]\n [-0.48940198  1.11175278 -0.12879577  0.15153094 -0.07879998  0.06033788]\n [-1.14963363 -0.12879577  1.98063263 -0.09702532  0.14315148 -1.21115298]\n [-0.73425123  0.15153094 -0.09702532  1.10254627 -0.72897936 -0.39545336]\n [ 1.12523853 -0.07879998  0.14315148 -0.72897936  3.12703626 -0.17246848]\n [ 0.86099503  0.06033788 -1.21115298 -0.39545336 -0.17246848  2.06869899]]", "nfev": "189", "njev": "27", "status": "0", "success": "True", "message": "Optimization terminated successfully.", "x": "[3.14112938 0.96986129 2.60673269 5.22752924 1.29163829 3.0469325 ]", "nit": "17"}, "3": {"maxiter": 100, "gtol": 1e-05, "xrtol": 1e-10, "eps": 1e-10, "duration": 0.001280069351196289, "fun": "0.9643583297729492", "jac": "[0. 0. 0. 0. 0. 0.]", "hess_inv": "[[1 0 0 0 0 0]\n [0 1 0 0 0 0]\n [0 0 1 0 0 0]\n [0 0 0 1 0 0]\n [0 0 0 0 1 0]\n [0 0 0 0 0 1]]", "nfev": "7", "njev": "1", "status": "0", "success": "True", "message": "Optimization terminated successfully.", "x": "[3.93593578 0.57950713 4.8517207  5.38710002 2.18547667 3.73599825]", "nit": "0"}, "4": {"maxiter": 100, "gtol": 1e-10, "xrtol": 1e-05, "eps": 1e-05, "duration": 0.03366827964782715, "fun": "0.4197913110256195", "jac": "[0. 0. 0. 0. 0. 0.]", "hess_inv": "[[ 4.08147771 -0.48940198 -1.14963363 -0.73425123  1.12523853  0.86099503]\n [-0.48940198  1.11175278 -0.12879577  0.15153094 -0.07879998  0.06033788]\n [-1.14963363 -0.12879577  1.98063263 -0.09702532  0.14315148 -1.21115298]\n [-0.73425123  0.15153094 -0.09702532  1.10254627 -0.72897936 -0.39545336]\n [ 1.12523853 -0.07879998  0.14315148 -0.72897936  3.12703626 -0.17246848]\n [ 0.86099503  0.06033788 -1.21115298 -0.39545336 -0.17246848  2.06869899]]", "nfev": "189", "njev": "27", "status": "0", "success": "True", "message": "Optimization terminated successfully.", "x": "[3.14112938 0.96986129 2.60673269 5.22752924 1.29163829 3.0469325 ]", "nit": "17"}, "5": {"maxiter": 100, "gtol": 1e-10, "xrtol": 1e-05, "eps": 1e-10, "duration": 0.0012722015380859375, "fun": "0.9643583297729492", "jac": "[0. 0. 0. 0. 0. 0.]", "hess_inv": "[[1 0 0 0 0 0]\n [0 1 0 0 0 0]\n [0 0 1 0 0 0]\n [0 0 0 1 0 0]\n [0 0 0 0 1 0]\n [0 0 0 0 0 1]]", "nfev": "7", "njev": "1", "status": "0", "success": "True", "message": "Optimization terminated successfully.", "x": "[3.93593578 0.57950713 4.8517207  5.38710002 2.18547667 3.73599825]", "nit": "0"}, "6": {"maxiter": 100, "gtol": 1e-10, "xrtol": 1e-10, "eps": 1e-05, "duration": 0.03365492820739746, "fun": "0.4197913110256195", "jac": "[0. 0. 0. 0. 0. 0.]", "hess_inv": "[[ 4.08147771 -0.48940198 -1.14963363 -0.73425123  1.12523853  0.86099503]\n [-0.48940198  1.11175278 -0.12879577  0.15153094 -0.07879998  0.06033788]\n [-1.14963363 -0.12879577  1.98063263 -0.09702532  0.14315148 -1.21115298]\n [-0.73425123  0.15153094 -0.09702532  1.10254627 -0.72897936 -0.39545336]\n [ 1.12523853 -0.07879998  0.14315148 -0.72897936  3.12703626 -0.17246848]\n [ 0.86099503  0.06033788 -1.21115298 -0.39545336 -0.17246848  2.06869899]]", "nfev": "189", "njev": "27", "status": "0", "success": "True", "message": "Optimization terminated successfully.", "x": "[3.14112938 0.96986129 2.60673269 5.22752924 1.29163829 3.0469325 ]", "nit": "17"}, "7": {"maxiter": 100, "gtol": 1e-10, "xrtol": 1e-10, "eps": 1e-10, "duration": 0.0012729167938232422, "fun": "0.9643583297729492", "jac": "[0. 0. 0. 0. 0. 0.]", "hess_inv": "[[1 0 0 0 0 0]\n [0 1 0 0 0 0]\n [0 0 1 0 0 0]\n [0 0 0 1 0 0]\n [0 0 0 0 1 0]\n [0 0 0 0 0 1]]", "nfev": "7", "njev": "1", "status": "0", "success": "True", "message": "Optimization terminated successfully.", "x": "[3.93593578 0.57950713 4.8517207  5.38710002 2.18547667 3.73599825]", "nit": "0"}, "8": {"maxiter": 500, "gtol": 1e-05, "xrtol": 1e-05, "eps": 1e-05, "duration": 0.03388404846191406, "fun": "0.4197913110256195", "jac": "[0. 0. 0. 0. 0. 0.]", "hess_inv": "[[ 4.08147771 -0.48940198 -1.14963363 -0.73425123  1.12523853  0.86099503]\n [-0.48940198  1.11175278 -0.12879577  0.15153094 -0.07879998  0.06033788]\n [-1.14963363 -0.12879577  1.98063263 -0.09702532  0.14315148 -1.21115298]\n [-0.73425123  0.15153094 -0.09702532  1.10254627 -0.72897936 -0.39545336]\n [ 1.12523853 -0.07879998  0.14315148 -0.72897936  3.12703626 -0.17246848]\n [ 0.86099503  0.06033788 -1.21115298 -0.39545336 -0.17246848  2.06869899]]", "nfev": "189", "njev": "27", "status": "0", "success": "True", "message": "Optimization terminated successfully.", "x": "[3.14112938 0.96986129 2.60673269 5.22752924 1.29163829 3.0469325 ]", "nit": "17"}, "9": {"maxiter": 500, "gtol": 1e-05, "xrtol": 1e-05, "eps": 1e-10, "duration": 0.0014071464538574219, "fun": "0.9643583297729492", "jac": "[0. 0. 0. 0. 0. 0.]", "hess_inv": "[[1 0 0 0 0 0]\n [0 1 0 0 0 0]\n [0 0 1 0 0 0]\n [0 0 0 1 0 0]\n [0 0 0 0 1 0]\n [0 0 0 0 0 1]]", "nfev": "7", "njev": "1", "status": "0", "success": "True", "message": "Optimization terminated successfully.", "x": "[3.93593578 0.57950713 4.8517207  5.38710002 2.18547667 3.73599825]", "nit": "0"}, "10": {"maxiter": 500, "gtol": 1e-05, "xrtol": 1e-10, "eps": 1e-05, "duration": 0.03437995910644531, "fun": "0.4197913110256195", "jac": "[0. 0. 0. 0. 0. 0.]", "hess_inv": "[[ 4.08147771 -0.48940198 -1.14963363 -0.73425123  1.12523853  0.86099503]\n [-0.48940198  1.11175278 -0.12879577  0.15153094 -0.07879998  0.06033788]\n [-1.14963363 -0.12879577  1.98063263 -0.09702532  0.14315148 -1.21115298]\n [-0.73425123  0.15153094 -0.09702532  1.10254627 -0.72897936 -0.39545336]\n [ 1.12523853 -0.07879998  0.14315148 -0.72897936  3.12703626 -0.17246848]\n [ 0.86099503  0.06033788 -1.21115298 -0.39545336 -0.17246848  2.06869899]]", "nfev": "189", "njev": "27", "status": "0", "success": "True", "message": "Optimization terminated successfully.", "x": "[3.14112938 0.96986129 2.60673269 5.22752924 1.29163829 3.0469325 ]", "nit": "17"}, "11": {"maxiter": 500, "gtol": 1e-05, "xrtol": 1e-10, "eps": 1e-10, "duration": 0.001294851303100586, "fun": "0.9643583297729492", "jac": "[0. 0. 0. 0. 0. 0.]", "hess_inv": "[[1 0 0 0 0 0]\n [0 1 0 0 0 0]\n [0 0 1 0 0 0]\n [0 0 0 1 0 0]\n [0 0 0 0 1 0]\n [0 0 0 0 0 1]]", "nfev": "7", "njev": "1", "status": "0", "success": "True", "message": "Optimization terminated successfully.", "x": "[3.93593578 0.57950713 4.8517207  5.38710002 2.18547667 3.73599825]", "nit": "0"}, "12": {"maxiter": 500, "gtol": 1e-10, "xrtol": 1e-05, "eps": 1e-05, "duration": 0.03413677215576172, "fun": "0.4197913110256195", "jac": "[0. 0. 0. 0. 0. 0.]", "hess_inv": "[[ 4.08147771 -0.48940198 -1.14963363 -0.73425123  1.12523853  0.86099503]\n [-0.48940198  1.11175278 -0.12879577  0.15153094 -0.07879998  0.06033788]\n [-1.14963363 -0.12879577  1.98063263 -0.09702532  0.14315148 -1.21115298]\n [-0.73425123  0.15153094 -0.09702532  1.10254627 -0.72897936 -0.39545336]\n [ 1.12523853 -0.07879998  0.14315148 -0.72897936  3.12703626 -0.17246848]\n [ 0.86099503  0.06033788 -1.21115298 -0.39545336 -0.17246848  2.06869899]]", "nfev": "189", "njev": "27", "status": "0", "success": "True", "message": "Optimization terminated successfully.", "x": "[3.14112938 0.96986129 2.60673269 5.22752924 1.29163829 3.0469325 ]", "nit": "17"}, "13": {"maxiter": 500, "gtol": 1e-10, "xrtol": 1e-05, "eps": 1e-10, "duration": 0.0012848377227783203, "fun": "0.9643583297729492", "jac": "[0. 0. 0. 0. 0. 0.]", "hess_inv": "[[1 0 0 0 0 0]\n [0 1 0 0 0 0]\n [0 0 1 0 0 0]\n [0 0 0 1 0 0]\n [0 0 0 0 1 0]\n [0 0 0 0 0 1]]", "nfev": "7", "njev": "1", "status": "0", "success": "True", "message": "Optimization terminated successfully.", "x": "[3.93593578 0.57950713 4.8517207  5.38710002 2.18547667 3.73599825]", "nit": "0"}, "14": {"maxiter": 500, "gtol": 1e-10, "xrtol": 1e-10, "eps": 1e-05, "duration": 0.033989667892456055, "fun": "0.4197913110256195", "jac": "[0. 0. 0. 0. 0. 0.]", "hess_inv": "[[ 4.08147771 -0.48940198 -1.14963363 -0.73425123  1.12523853  0.86099503]\n [-0.48940198  1.11175278 -0.12879577  0.15153094 -0.07879998  0.06033788]\n [-1.14963363 -0.12879577  1.98063263 -0.09702532  0.14315148 -1.21115298]\n [-0.73425123  0.15153094 -0.09702532  1.10254627 -0.72897936 -0.39545336]\n [ 1.12523853 -0.07879998  0.14315148 -0.72897936  3.12703626 -0.17246848]\n [ 0.86099503  0.06033788 -1.21115298 -0.39545336 -0.17246848  2.06869899]]", "nfev": "189", "njev": "27", "status": "0", "success": "True", "message": "Optimization terminated successfully.", "x": "[3.14112938 0.96986129 2.60673269 5.22752924 1.29163829 3.0469325 ]", "nit": "17"}, "15": {"maxiter": 500, "gtol": 1e-10, "xrtol": 1e-10, "eps": 1e-10, "duration": 0.0012810230255126953, "fun": "0.9643583297729492", "jac": "[0. 0. 0. 0. 0. 0.]", "hess_inv": "[[1 0 0 0 0 0]\n [0 1 0 0 0 0]\n [0 0 1 0 0 0]\n [0 0 0 1 0 0]\n [0 0 0 0 1 0]\n [0 0 0 0 0 1]]", "nfev": "7", "njev": "1", "status": "0", "success": "True", "message": "Optimization terminated successfully.", "x": "[3.93593578 0.57950713 4.8517207  5.38710002 2.18547667 3.73599825]", "nit": "0"}, "16": {"maxiter": 1000, "gtol": 1e-05, "xrtol": 1e-05, "eps": 1e-05, "duration": 0.03399515151977539, "fun": "0.4197913110256195", "jac": "[0. 0. 0. 0. 0. 0.]", "hess_inv": "[[ 4.08147771 -0.48940198 -1.14963363 -0.73425123  1.12523853  0.86099503]\n [-0.48940198  1.11175278 -0.12879577  0.15153094 -0.07879998  0.06033788]\n [-1.14963363 -0.12879577  1.98063263 -0.09702532  0.14315148 -1.21115298]\n [-0.73425123  0.15153094 -0.09702532  1.10254627 -0.72897936 -0.39545336]\n [ 1.12523853 -0.07879998  0.14315148 -0.72897936  3.12703626 -0.17246848]\n [ 0.86099503  0.06033788 -1.21115298 -0.39545336 -0.17246848  2.06869899]]", "nfev": "189", "njev": "27", "status": "0", "success": "True", "message": "Optimization terminated successfully.", "x": "[3.14112938 0.96986129 2.60673269 5.22752924 1.29163829 3.0469325 ]", "nit": "17"}, "17": {"maxiter": 1000, "gtol": 1e-05, "xrtol": 1e-05, "eps": 1e-10, "duration": 0.0012760162353515625, "fun": "0.9643583297729492", "jac": "[0. 0. 0. 0. 0. 0.]", "hess_inv": "[[1 0 0 0 0 0]\n [0 1 0 0 0 0]\n [0 0 1 0 0 0]\n [0 0 0 1 0 0]\n [0 0 0 0 1 0]\n [0 0 0 0 0 1]]", "nfev": "7", "njev": "1", "status": "0", "success": "True", "message": "Optimization terminated successfully.", "x": "[3.93593578 0.57950713 4.8517207  5.38710002 2.18547667 3.73599825]", "nit": "0"}, "18": {"maxiter": 1000, "gtol": 1e-05, "xrtol": 1e-10, "eps": 1e-05, "duration": 0.0343630313873291, "fun": "0.4197913110256195", "jac": "[0. 0. 0. 0. 0. 0.]", "hess_inv": "[[ 4.08147771 -0.48940198 -1.14963363 -0.73425123  1.12523853  0.86099503]\n [-0.48940198  1.11175278 -0.12879577  0.15153094 -0.07879998  0.06033788]\n [-1.14963363 -0.12879577  1.98063263 -0.09702532  0.14315148 -1.21115298]\n [-0.73425123  0.15153094 -0.09702532  1.10254627 -0.72897936 -0.39545336]\n [ 1.12523853 -0.07879998  0.14315148 -0.72897936  3.12703626 -0.17246848]\n [ 0.86099503  0.06033788 -1.21115298 -0.39545336 -0.17246848  2.06869899]]", "nfev": "189", "njev": "27", "status": "0", "success": "True", "message": "Optimization terminated successfully.", "x": "[3.14112938 0.96986129 2.60673269 5.22752924 1.29163829 3.0469325 ]", "nit": "17"}, "19": {"maxiter": 1000, "gtol": 1e-05, "xrtol": 1e-10, "eps": 1e-10, "duration": 0.001371145248413086, "fun": "0.9643583297729492", "jac": "[0. 0. 0. 0. 0. 0.]", "hess_inv": "[[1 0 0 0 0 0]\n [0 1 0 0 0 0]\n [0 0 1 0 0 0]\n [0 0 0 1 0 0]\n [0 0 0 0 1 0]\n [0 0 0 0 0 1]]", "nfev": "7", "njev": "1", "status": "0", "success": "True", "message": "Optimization terminated successfully.", "x": "[3.93593578 0.57950713 4.8517207  5.38710002 2.18547667 3.73599825]", "nit": "0"}, "20": {"maxiter": 1000, "gtol": 1e-10, "xrtol": 1e-05, "eps": 1e-05, "duration": 0.034670114517211914, "fun": "0.4197913110256195", "jac": "[0. 0. 0. 0. 0. 0.]", "hess_inv": "[[ 4.08147771 -0.48940198 -1.14963363 -0.73425123  1.12523853  0.86099503]\n [-0.48940198  1.11175278 -0.12879577  0.15153094 -0.07879998  0.06033788]\n [-1.14963363 -0.12879577  1.98063263 -0.09702532  0.14315148 -1.21115298]\n [-0.73425123  0.15153094 -0.09702532  1.10254627 -0.72897936 -0.39545336]\n [ 1.12523853 -0.07879998  0.14315148 -0.72897936  3.12703626 -0.17246848]\n [ 0.86099503  0.06033788 -1.21115298 -0.39545336 -0.17246848  2.06869899]]", "nfev": "189", "njev": "27", "status": "0", "success": "True", "message": "Optimization terminated successfully.", "x": "[3.14112938 0.96986129 2.60673269 5.22752924 1.29163829 3.0469325 ]", "nit": "17"}, "21": {"maxiter": 1000, "gtol": 1e-10, "xrtol": 1e-05, "eps": 1e-10, "duration": 0.0013549327850341797, "fun": "0.9643583297729492", "jac": "[0. 0. 0. 0. 0. 0.]", "hess_inv": "[[1 0 0 0 0 0]\n [0 1 0 0 0 0]\n [0 0 1 0 0 0]\n [0 0 0 1 0 0]\n [0 0 0 0 1 0]\n [0 0 0 0 0 1]]", "nfev": "7", "njev": "1", "status": "0", "success": "True", "message": "Optimization terminated successfully.", "x": "[3.93593578 0.57950713 4.8517207  5.38710002 2.18547667 3.73599825]", "nit": "0"}, "22": {"maxiter": 1000, "gtol": 1e-10, "xrtol": 1e-10, "eps": 1e-05, "duration": 0.03485274314880371, "fun": "0.4197913110256195", "jac": "[0. 0. 0. 0. 0. 0.]", "hess_inv": "[[ 4.08147771 -0.48940198 -1.14963363 -0.73425123  1.12523853  0.86099503]\n [-0.48940198  1.11175278 -0.12879577  0.15153094 -0.07879998  0.06033788]\n [-1.14963363 -0.12879577  1.98063263 -0.09702532  0.14315148 -1.21115298]\n [-0.73425123  0.15153094 -0.09702532  1.10254627 -0.72897936 -0.39545336]\n [ 1.12523853 -0.07879998  0.14315148 -0.72897936  3.12703626 -0.17246848]\n [ 0.86099503  0.06033788 -1.21115298 -0.39545336 -0.17246848  2.06869899]]", "nfev": "189", "njev": "27", "status": "0", "success": "True", "message": "Optimization terminated successfully.", "x": "[3.14112938 0.96986129 2.60673269 5.22752924 1.29163829 3.0469325 ]", "nit": "17"}, "23": {"maxiter": 1000, "gtol": 1e-10, "xrtol": 1e-10, "eps": 1e-10, "duration": 0.0013098716735839844, "fun": "0.9643583297729492", "jac": "[0. 0. 0. 0. 0. 0.]", "hess_inv": "[[1 0 0 0 0 0]\n [0 1 0 0 0 0]\n [0 0 1 0 0 0]\n [0 0 0 1 0 0]\n [0 0 0 0 1 0]\n [0 0 0 0 0 1]]", "nfev": "7", "njev": "1", "status": "0", "success": "True", "message": "Optimization terminated successfully.", "x": "[3.93593578 0.57950713 4.8517207  5.38710002 2.18547667 3.73599825]", "nit": "0"}}, "cobyla": {"0": {"maxiter": 100, "tol": 1e-05, "catol": 1e-05, "duration": 0.017540931701660156, "x": "[3.30428966 2.43914001 3.91682904 5.29782953 1.66119382 2.78171239]", "status": "2", "success": "False", "message": "Maximum number of function evaluations has been exceeded.", "nfev": "100", "fun": "0.42925265431404114", "maxcv": "0.0"}, "1": {"maxiter": 100, "tol": 1e-05, "catol": 1e-10, "duration": 0.017562150955200195, "x": "[3.30428966 2.43914001 3.91682904 5.29782953 1.66119382 2.78171239]", "status": "2", "success": "False", "message": "Maximum number of function evaluations has been exceeded.", "nfev": "100", "fun": "0.42925265431404114", "maxcv": "0.0"}, "2": {"maxiter": 100, "tol": 1e-10, "catol": 1e-05, "duration": 0.017550945281982422, "x": "[3.30428966 2.43914001 3.91682904 5.29782953 1.66119382 2.78171239]", "status": "2", "success": "False", "message": "Maximum number of function evaluations has been exceeded.", "nfev": "100", "fun": "0.42925265431404114", "maxcv": "0.0"}, "3": {"maxiter": 100, "tol": 1e-10, "catol": 1e-10, "duration": 0.017590045928955078, "x": "[3.30428966 2.43914001 3.91682904 5.29782953 1.66119382 2.78171239]", "status": "2", "success": "False", "message": "Maximum number of function evaluations has been exceeded.", "nfev": "100", "fun": "0.42925265431404114", "maxcv": "0.0"}, "4": {"maxiter": 500, "tol": 1e-05, "catol": 1e-05, "duration": 0.08767390251159668, "x": "[ 1.39952857  1.92680183  4.66243418  3.9921454  -0.31577621  3.30689147]", "status": "2", "success": "False", "message": "Maximum number of function evaluations has been exceeded.", "nfev": "500", "fun": "0.3634779155254364", "maxcv": "0.0"}, "5": {"maxiter": 500, "tol": 1e-05, "catol": 1e-10, "duration": 0.0879659652709961, "x": "[ 1.39952857  1.92680183  4.66243418  3.9921454  -0.31577621  3.30689147]", "status": "2", "success": "False", "message": "Maximum number of function evaluations has been exceeded.", "nfev": "500", "fun": "0.3634779155254364", "maxcv": "0.0"}, "6": {"maxiter": 500, "tol": 1e-10, "catol": 1e-05, "duration": 0.08685994148254395, "x": "[ 1.39952857  1.92680183  4.66243418  3.9921454  -0.31577621  3.30689147]", "status": "2", "success": "False", "message": "Maximum number of function evaluations has been exceeded.", "nfev": "500", "fun": "0.3634779155254364", "maxcv": "0.0"}, "7": {"maxiter": 500, "tol": 1e-10, "catol": 1e-10, "duration": 0.08801102638244629, "x": "[ 1.39952857  1.92680183  4.66243418  3.9921454  -0.31577621  3.30689147]", "status": "2", "success": "False", "message": "Maximum number of function evaluations has been exceeded.", "nfev": "500", "fun": "0.3634779155254364", "maxcv": "0.0"}, "8": {"maxiter": 1000, "tol": 1e-05, "catol": 1e-05, "duration": 0.17209506034851074, "x": "[ 1.33679365  1.86828859  4.72530952  3.93793103 -0.45754443  3.20672341]", "status": "1", "success": "True", "message": "Optimization terminated successfully.", "nfev": "957", "fun": "0.3632466793060303", "maxcv": "0.0"}, "9": {"maxiter": 1000, "tol": 1e-05, "catol": 1e-10, "duration": 0.17421197891235352, "x": "[ 1.33679365  1.86828859  4.72530952  3.93793103 -0.45754443  3.20672341]", "status": "1", "success": "True", "message": "Optimization terminated successfully.", "nfev": "957", "fun": "0.3632466793060303", "maxcv": "0.0"}, "10": {"maxiter": 1000, "tol": 1e-10, "catol": 1e-05, "duration": 0.17670893669128418, "x": "[ 1.33679365  1.86828859  4.72530952  3.93793103 -0.45754443  3.20672341]", "status": "1", "success": "True", "message": "Optimization terminated successfully.", "nfev": "993", "fun": "0.3632466793060303", "maxcv": "0.0"}, "11": {"maxiter": 1000, "tol": 1e-10, "catol": 1e-10, "duration": 0.17560696601867676, "x": "[ 1.33679365  1.86828859  4.72530952  3.93793103 -0.45754443  3.20672341]", "status": "1", "success": "True", "message": "Optimization terminated successfully.", "nfev": "993", "fun": "0.3632466793060303", "maxcv": "0.0"}}, "powell": {"0": {"maxiter": 100, "ftol": 1e-05, "xtol": 1e-05, "duration": 0.24671626091003418, "fun": "0.3632444739341736", "direc": "[[-0.00862492 -0.03494095  0.00416369  0.00962344 -0.08013138 -0.06020985]\n [-0.5233484  -0.1448433   0.22320615 -0.49878132 -0.38610772  0.1163984 ]\n [ 0.          0.          1.          0.          0.          0.        ]\n [ 0.          0.          0.          1.          0.          0.        ]\n [-0.14578336 -0.15167316  0.10361892 -0.15557743 -0.20509268 -0.17402978]\n [-0.0068152  -0.00482164  0.01250751 -0.0064679  -0.0164941  -0.01547231]]", "nit": "15", "nfev": "1383", "status": "0", "success": "True", "message": "Optimization terminated successfully.", "x": "[ 1.33053706  1.86203642  4.73218808  3.93308303 -0.47237798  3.19580295]"}, "1": {"maxiter": 100, "ftol": 1e-05, "xtol": 1e-10, "duration": 0.5550539493560791, "fun": "0.36324450373649597", "direc": "[[-0.00899661 -0.03459901  0.00319552  0.00968935 -0.07912918 -0.0588732 ]\n [-0.51619625 -0.14489287  0.2193792  -0.49671825 -0.38430556  0.11509964]\n [ 0.          0.          1.          0.          0.          0.        ]\n [ 0.          0.          0.          1.          0.          0.        ]\n [-0.14722852 -0.15379659  0.10307756 -0.1552519  -0.20612918 -0.17326259]\n [-0.00789653 -0.00582488  0.01494912 -0.00788447 -0.01987993 -0.01896515]]", "nit": "15", "nfev": "3164", "status": "0", "success": "True", "message": "Optimization terminated successfully.", "x": "[ 1.33021426  1.86192881  4.73236883  3.93304428 -0.47229063  3.19618947]"}, "2": {"maxiter": 100, "ftol": 1e-10, "xtol": 1e-05, "duration": 0.27475476264953613, "fun": "0.3632444739341736", "direc": "[[-0.00862492 -0.03494095  0.00416369  0.00962344 -0.08013138 -0.06020985]\n [-0.5233484  -0.1448433   0.22320615 -0.49878132 -0.38610772  0.1163984 ]\n [ 0.          0.          1.          0.          0.          0.        ]\n [ 0.          0.          0.          1.          0.          0.        ]\n [-0.14578336 -0.15167316  0.10361892 -0.15557743 -0.20509268 -0.17402978]\n [-0.0068152  -0.00482164  0.01250751 -0.0064679  -0.0164941  -0.01547231]]", "nit": "16", "nfev": "1534", "status": "0", "success": "True", "message": "Optimization terminated successfully.", "x": "[ 1.3307917   1.86233947  4.73202541  3.93314771 -0.47167927  3.19618954]"}, "3": {"maxiter": 100, "ftol": 1e-10, "xtol": 1e-10, "duration": 0.6813979148864746, "fun": "0.3632444441318512", "direc": "[[-8.99661081e-03 -3.45990071e-02  3.19552120e-03  9.68935317e-03\n  -7.91291770e-02 -5.88731976e-02]\n [-5.16196250e-01 -1.44892869e-01  2.19379196e-01 -4.96718253e-01\n  -3.84305563e-01  1.15099644e-01]\n [ 0.00000000e+00  0.00000000e+00  1.00000000e+00  0.00000000e+00\n   0.00000000e+00  0.00000000e+00]\n [ 0.00000000e+00  0.00000000e+00  0.00000000e+00  1.00000000e+00\n   0.00000000e+00  0.00000000e+00]\n [-1.47228522e-01 -1.53796586e-01  1.03077559e-01 -1.55251897e-01\n  -2.06129184e-01 -1.73262593e-01]\n [-2.77533980e-04 -1.08203548e-04  5.21898874e-04 -4.14351566e-04\n  -7.54182307e-04 -7.73429794e-04]]", "nit": "18", "nfev": "3924", "status": "0", "success": "True", "message": "Optimization terminated successfully.", "x": "[ 1.33029432  1.86231392  4.73258635  3.93262309 -0.47261054  3.19529309]"}, "4": {"maxiter": 500, "ftol": 1e-05, "xtol": 1e-05, "duration": 0.2409379482269287, "fun": "0.3632444739341736", "direc": "[[-0.00862492 -0.03494095  0.00416369  0.00962344 -0.08013138 -0.06020985]\n [-0.5233484  -0.1448433   0.22320615 -0.49878132 -0.38610772  0.1163984 ]\n [ 0.          0.          1.          0.          0.          0.        ]\n [ 0.          0.          0.          1.          0.          0.        ]\n [-0.14578336 -0.15167316  0.10361892 -0.15557743 -0.20509268 -0.17402978]\n [-0.0068152  -0.00482164  0.01250751 -0.0064679  -0.0164941  -0.01547231]]", "nit": "15", "nfev": "1383", "status": "0", "success": "True", "message": "Optimization terminated successfully.", "x": "[ 1.33053706  1.86203642  4.73218808  3.93308303 -0.47237798  3.19580295]"}, "5": {"maxiter": 500, "ftol": 1e-05, "xtol": 1e-10, "duration": 0.5489287376403809, "fun": "0.36324450373649597", "direc": "[[-0.00899661 -0.03459901  0.00319552  0.00968935 -0.07912918 -0.0588732 ]\n [-0.51619625 -0.14489287  0.2193792  -0.49671825 -0.38430556  0.11509964]\n [ 0.          0.          1.          0.          0.          0.        ]\n [ 0.          0.          0.          1.          0.          0.        ]\n [-0.14722852 -0.15379659  0.10307756 -0.1552519  -0.20612918 -0.17326259]\n [-0.00789653 -0.00582488  0.01494912 -0.00788447 -0.01987993 -0.01896515]]", "nit": "15", "nfev": "3164", "status": "0", "success": "True", "message": "Optimization terminated successfully.", "x": "[ 1.33021426  1.86192881  4.73236883  3.93304428 -0.47229063  3.19618947]"}, "6": {"maxiter": 500, "ftol": 1e-10, "xtol": 1e-05, "duration": 0.2665131092071533, "fun": "0.3632444739341736", "direc": "[[-0.00862492 -0.03494095  0.00416369  0.00962344 -0.08013138 -0.06020985]\n [-0.5233484  -0.1448433   0.22320615 -0.49878132 -0.38610772  0.1163984 ]\n [ 0.          0.          1.          0.          0.          0.        ]\n [ 0.          0.          0.          1.          0.          0.        ]\n [-0.14578336 -0.15167316  0.10361892 -0.15557743 -0.20509268 -0.17402978]\n [-0.0068152  -0.00482164  0.01250751 -0.0064679  -0.0164941  -0.01547231]]", "nit": "16", "nfev": "1534", "status": "0", "success": "True", "message": "Optimization terminated successfully.", "x": "[ 1.3307917   1.86233947  4.73202541  3.93314771 -0.47167927  3.19618954]"}, "7": {"maxiter": 500, "ftol": 1e-10, "xtol": 1e-10, "duration": 0.6797041893005371, "fun": "0.3632444441318512", "direc": "[[-8.99661081e-03 -3.45990071e-02  3.19552120e-03  9.68935317e-03\n  -7.91291770e-02 -5.88731976e-02]\n [-5.16196250e-01 -1.44892869e-01  2.19379196e-01 -4.96718253e-01\n  -3.84305563e-01  1.15099644e-01]\n [ 0.00000000e+00  0.00000000e+00  1.00000000e+00  0.00000000e+00\n   0.00000000e+00  0.00000000e+00]\n [ 0.00000000e+00  0.00000000e+00  0.00000000e+00  1.00000000e+00\n  