{"conf_id": 31, "data_type": "random\n", "num_data_points": 2, "s_rank": 0, "unitary": "[[-0.56303964-0.00798273j,-0.21670212-0.15784972j,-0.06047197-0.73952673j,-0.01438004+0.24552571j],[-0.06976756+0.23474685j,-0.01275565-0.5435098j,-0.02703657-0.08917885j,-0.08210486-0.79311774j],[-0.38559961+0.10714929j,0.5933431-0.2687392j,-0.24060861+0.29149289j,-0.45147719+0.26241743j],[-0.50180421+0.45931857j,-0.11617175+0.44134496j,0.49642745+0.22684508j,-0.08544628-0.15407063j]]", "databatch_0": {"databatch": "[[[0.1482445-0.2010065j,0.13158641-0.15129176j,-0.10374021-0.04365144j,-0.03139876+0.03750147j],[0.15100335+0.35173726j,-0.09991552+0.11844186j,0.195404-0.18507733j,-0.13689467+0.02966255j],[0.06321619+0.06636857j,-0.06355968-0.2001392j,0.11614456-0.07293242j,-0.15256438+0.01465266j],[-0.20293048+0.31238941j,-0.54081549-0.013918j,0.23868504-0.08541234j,-0.11942113+0.12247797j]],[[-0.00510566-0.05299698j,0.03957054-0.29028839j,-0.05027002-0.22789308j,-0.00546651-0.04617877j],[-0.29968872-0.12535267j,-0.17775007+0.45487071j,-0.03312477+0.09216063j,-0.02398621-0.0914506j],[-0.12022096+0.02025128j,0.17883425-0.1317136j,-0.38074051+0.10775403j,0.0715463-0.21637155j],[-0.10222113-0.04581151j,0.00270305+0.14640247j,0.36664559+0.15750077j,-0.14620438-0.06961134j]]]", "nelder_mead": {"0": {"maxiter": 100, "fatol": 1e-05, "xatol": 1e-05, "duration": 0.02901625633239746, "fun": "0.49339935183525085", "nit": "100", "nfev": "158", "status": "2", "success": "False", "message": "Maximum number of iterations has been exceeded.", "x": "[0.82251703 6.55941549 6.05009329 2.98129135 0.32358812 5.65613275]", "final_simplex": "(array([[0.82251703, 6.55941549, 6.05009329, 2.98129135, 0.32358812,\n        5.65613275],\n       [0.78404902, 6.59181416, 6.08360769, 2.77556301, 0.35406259,\n        5.42328759],\n       [0.75640671, 6.62921622, 6.10874531, 2.70220607, 0.36973255,\n        5.50012501],\n       [0.79433565, 6.84341573, 5.85484419, 2.86568322, 0.32297352,\n        5.41974593],\n       [0.72835834, 6.66857202, 6.0476428 , 2.87527155, 0.36958913,\n        5.55169264],\n       [0.72169076, 6.73995891, 5.96884278, 2.86096274, 0.34341493,\n        5.7632154 ],\n       [0.75562541, 6.30053245, 5.94774493, 2.90440514, 0.39655593,\n        5.79975317]]), array([0.49339935, 0.50163519, 0.50602752, 0.50777251, 0.50873357,\n       0.51059645, 0.5108965 ]))"}, "1": {"maxiter": 100, "fatol": 1e-05, "xatol": 1e-10, "duration": 0.02919483184814453, "fun": "0.49339935183525085", "nit": "100", "nfev": "158", "status": "2", "success": "False", "message": "Maximum number of iterations has been exceeded.", "x": "[0.82251703 6.55941549 6.05009329 2.98129135 0.32358812 5.65613275]", "final_simplex": "(array([[0.82251703, 6.55941549, 6.05009329, 2.98129135, 0.32358812,\n        5.65613275],\n       [0.78404902, 6.59181416, 6.08360769, 2.77556301, 0.35406259,\n        5.42328759],\n       [0.75640671, 6.62921622, 6.10874531, 2.70220607, 0.36973255,\n        5.50012501],\n       [0.79433565, 6.84341573, 5.85484419, 2.86568322, 0.32297352,\n        5.41974593],\n       [0.72835834, 6.66857202, 6.0476428 , 2.87527155, 0.36958913,\n        5.55169264],\n       [0.72169076, 6.73995891, 5.96884278, 2.86096274, 0.34341493,\n        5.7632154 ],\n       [0.75562541, 6.30053245, 5.94774493, 2.90440514, 0.39655593,\n        5.79975317]]), array([0.49339935, 0.50163519, 0.50602752, 0.50777251, 0.50873357,\n       0.51059645, 0.5108965 ]))"}, "2": {"maxiter": 100, "fatol": 1e-10, "xatol": 1e-05, "duration": 0.02942800521850586, "fun": "0.49339935183525085", "nit": "100", "nfev": "158", "status": "2", "success": "False", "message": "Maximum number of iterations has been exceeded.", "x": "[0.82251703 6.55941549 6.05009329 2.98129135 0.32358812 5.65613275]", "final_simplex": "(array([[0.82251703, 6.55941549, 6.05009329, 2.98129135, 0.32358812,\n        5.65613275],\n       [0.78404902, 6.59181416, 6.08360769, 2.77556301, 0.35406259,\n        5.42328759],\n       [0.75640671, 6.62921622, 6.10874531, 2.70220607, 0.36973255,\n        5.50012501],\n       [0.79433565, 6.84341573, 5.85484419, 2.86568322, 0.32297352,\n        5.41974593],\n       [0.72835834, 6.66857202, 6.0476428 , 2.87527155, 0.36958913,\n        5.55169264],\n       [0.72169076, 6.73995891, 5.96884278, 2.86096274, 0.34341493,\n        5.7632154 ],\n       [0.75562541, 6.30053245, 5.94774493, 2.90440514, 0.39655593,\n        5.79975317]]), array([0.49339935, 0.50163519, 0.50602752, 0.50777251, 0.50873357,\n       0.51059645, 0.5108965 ]))"}, "3": {"maxiter": 100, "fatol": 1e-10, "xatol": 1e-10, "duration": 0.03034806251525879, "fun": "0.49339935183525085", "nit": "100", "nfev": "158", "status": "2", "success": "False", "message": "Maximum number of iterations has been exceeded.", "x": "[0.82251703 6.55941549 6.05009329 2.98129135 0.32358812 5.65613275]", "final_simplex": "(array([[0.82251703, 6.55941549, 6.05009329, 2.98129135, 0.32358812,\n        5.65613275],\n       [0.78404902, 6.59181416, 6.08360769, 2.77556301, 0.35406259,\n        5.42328759],\n       [0.75640671, 6.62921622, 6.10874531, 2.70220607, 0.36973255,\n        5.50012501],\n       [0.79433565, 6.84341573, 5.85484419, 2.86568322, 0.32297352,\n        5.41974593],\n       [0.72835834, 6.66857202, 6.0476428 , 2.87527155, 0.36958913,\n        5.55169264],\n       [0.72169076, 6.73995891, 5.96884278, 2.86096274, 0.34341493,\n        5.7632154 ],\n       [0.75562541, 6.30053245, 5.94774493, 2.90440514, 0.39655593,\n        5.79975317]]), array([0.49339935, 0.50163519, 0.50602752, 0.50777251, 0.50873357,\n       0.51059645, 0.5108965 ]))"}, "4": {"maxiter": 500, "fatol": 1e-05, "xatol": 1e-05, "duration": 0.1038520336151123, "fun": "0.4349723756313324", "nit": "318", "nfev": "550", "status": "0", "success": "True", "message": "Optimization terminated successfully.", "x": "[1.49492513 6.46201074 6.21602395 2.61783318 0.1473202  5.36837721]", "final_simplex": "(array([[1.49492513, 6.46201074, 6.21602395, 2.61783318, 0.1473202 ,\n        5.36837721],\n       [1.49492364, 6.46200984, 6.21602523, 2.61783471, 0.14731945,\n        5.36837567],\n       [1.4949212 , 6.46201103, 6.21602373, 2.61783274, 0.14731595,\n        5.36837531],\n       [1.49492221, 6.46200861, 6.21602343, 2.61783295, 0.14731504,\n        5.36837193],\n       [1.49492152, 6.46201043, 6.21602341, 2.6178347 , 0.1473129 ,\n        5.36837278],\n       [1.49492251, 6.46200877, 6.21602464, 2.61783243, 0.14731699,\n        5.36837721],\n       [1.49492204, 6.46200983, 6.21602489, 2.61783269, 0.14731408,\n        5.36837215]]), array([0.43497238, 0.43497238, 0.43497238, 0.43497238, 0.43497238,\n       0.43497238, 0.43497238]))"}, "5": {"maxiter": 500, "fatol": 1e-05, "xatol": 1e-10, "duration": 0.12906312942504883, "fun": "0.4349723756313324", "nit": "335", "nfev": "686", "status": "0", "success": "True", "message": "Optimization terminated successfully.", "x": "[1.49492513 6.46201074 6.21602395 2.61783318 0.1473202  5.36837721]", "final_simplex": "(array([[1.49492513, 6.46201074, 6.21602395, 2.61783318, 0.1473202 ,\n        5.36837721],\n       [1.49492513, 6.46201074, 6.21602395, 2.61783318, 0.1473202 ,\n        5.36837721],\n       [1.49492513, 6.46201074, 6.21602395, 2.61783318, 0.1473202 ,\n        5.36837721],\n       [1.49492513, 6.46201074, 6.21602395, 2.61783318, 0.1473202 ,\n        5.36837721],\n       [1.49492513, 6.46201074, 6.21602395, 2.61783318, 0.1473202 ,\n        5.36837721],\n       [1.49492513, 6.46201074, 6.21602395, 2.61783318, 0.1473202 ,\n        5.36837721],\n       [1.49492513, 6.46201074, 6.21602395, 2.61783318, 0.1473202 ,\n        5.36837721]]), array([0.43497238, 0.43497238, 0.43497238, 0.43497238, 0.43497238,\n       0.43497238, 0.43497238]))"}, "6": {"maxiter": 500, "fatol": 1e-10, "xatol": 1e-05, "duration": 0.10482287406921387, "fun": "0.4349723756313324", "nit": "318", "nfev": "550", "status": "0", "success": "True", "message": "Optimization terminated successfully.", "x": "[1.49492513 6.46201074 6.21602395 2.61783318 0.1473202  5.36837721]", "final_simplex": "(array([[1.49492513, 6.46201074, 6.21602395, 2.61783318, 0.1473202 ,\n        5.36837721],\n       [1.49492364, 6.46200984, 6.21602523, 2.61783471, 0.14731945,\n        5.36837567],\n       [1.4949212 , 6.46201103, 6.21602373, 2.61783274, 0.14731595,\n        5.36837531],\n       [1.49492221, 6.46200861, 6.21602343, 2.61783295, 0.14731504,\n        5.36837193],\n       [1.49492152, 6.46201043, 6.21602341, 2.6178347 , 0.1473129 ,\n        5.36837278],\n       [1.49492251, 6.46200877, 6.21602464, 2.61783243, 0.14731699,\n        5.36837721],\n       [1.49492204, 6.46200983, 6.21602489, 2.61783269, 0.14731408,\n        5.36837215]]), array([0.43497238, 0.43497238, 0.43497238, 0.43497238, 0.43497238,\n       0.43497238, 0.43497238]))"}, "7": {"maxiter": 500, "fatol": 1e-10, "xatol": 1e-10, "duration": 0.12616705894470215, "fun": "0.4349723756313324", "nit": "335", "nfev": "686", "status": "0", "success": "True", "message": "Optimization terminated successfully.", "x": "[1.49492513 6.46201074 6.21602395 2.61783318 0.1473202  5.36837721]", "final_simplex": "(array([[1.49492513, 6.46201074, 6.21602395, 2.61783318, 0.1473202 ,\n        5.36837721],\n       [1.49492513, 6.46201074, 6.21602395, 2.61783318, 0.1473202 ,\n        5.36837721],\n       [1.49492513, 6.46201074, 6.21602395, 2.61783318, 0.1473202 ,\n        5.36837721],\n       [1.49492513, 6.46201074, 6.21602395, 2.61783318, 0.1473202 ,\n        5.36837721],\n       [1.49492513, 6.46201074, 6.21602395, 2.61783318, 0.1473202 ,\n        5.36837721],\n       [1.49492513, 6.46201074, 6.21602395, 2.61783318, 0.1473202 ,\n        5.36837721],\n       [1.49492513, 6.46201074, 6.21602395, 2.61783318, 0.1473202 ,\n        5.36837721]]), array([0.43497238, 0.43497238, 0.43497238, 0.43497238, 0.43497238,\n       0.43497238, 0.43497238]))"}, "8": {"maxiter": 1000, "fatol": 1e-05, "xatol": 1e-05, "duration": 0.10397100448608398, "fun": "0.4349723756313324", "nit": "318", "nfev": "550", "status": "0", "success": "True", "message": "Optimization terminated successfully.", "x": "[1.49492513 6.46201074 6.21602395 2.61783318 0.1473202  5.36837721]", "final_simplex": "(array([[1.49492513, 6.46201074, 6.21602395, 2.61783318, 0.1473202 ,\n        5.36837721],\n       [1.49492364, 6.46200984, 6.21602523, 2.61783471, 0.14731945,\n        5.36837567],\n       [1.4949212 , 6.46201103, 6.21602373, 2.61783274, 0.14731595,\n        5.36837531],\n       [1.49492221, 6.46200861, 6.21602343, 2.61783295, 0.14731504,\n        5.36837193],\n       [1.49492152, 6.46201043, 6.21602341, 2.6178347 , 0.1473129 ,\n        5.36837278],\n       [1.49492251, 6.46200877, 6.21602464, 2.61783243, 0.14731699,\n        5.36837721],\n       [1.49492204, 6.46200983, 6.21602489, 2.61783269, 0.14731408,\n        5.36837215]]), array([0.43497238, 0.43497238, 0.43497238, 0.43497238, 0.43497238,\n       0.43497238, 0.43497238]))"}, "9": {"maxiter": 1000, "fatol": 1e-05, "xatol": 1e-10, "duration": 0.12455892562866211, "fun": "0.4349723756313324", "nit": "335", "nfev": "686", "status": "0", "success": "True", "message": "Optimization terminated successfully.", "x": "[1.49492513 6.46201074 6.21602395 2.61783318 0.1473202  5.36837721]", "final_simplex": "(array([[1.49492513, 6.46201074, 6.21602395, 2.61783318, 0.1473202 ,\n        5.36837721],\n       [1.49492513, 6.46201074, 6.21602395, 2.61783318, 0.1473202 ,\n        5.36837721],\n       [1.49492513, 6.46201074, 6.21602395, 2.61783318, 0.1473202 ,\n        5.36837721],\n       [1.49492513, 6.46201074, 6.21602395, 2.61783318, 0.1473202 ,\n        5.36837721],\n       [1.49492513, 6.46201074, 6.21602395, 2.61783318, 0.1473202 ,\n        5.36837721],\n       [1.49492513, 6.46201074, 6.21602395, 2.61783318, 0.1473202 ,\n        5.36837721],\n       [1.49492513, 6.46201074, 6.21602395, 2.61783318, 0.1473202 ,\n        5.36837721]]), array([0.43497238, 0.43497238, 0.43497238, 0.43497238, 0.43497238,\n       0.43497238, 0.43497238]))"}, "10": {"maxiter": 1000, "fatol": 1e-10, "xatol": 1e-05, "duration": 0.09921836853027344, "fun": "0.4349723756313324", "nit": "318", "nfev": "550", "status": "0", "success": "True", "message": "Optimization terminated successfully.", "x": "[1.49492513 6.46201074 6.21602395 2.61783318 0.1473202  5.36837721]", "final_simplex": "(array([[1.49492513, 6.46201074, 6.21602395, 2.61783318, 0.1473202 ,\n        5.36837721],\n       [1.49492364, 6.46200984, 6.21602523, 2.61783471, 0.14731945,\n        5.36837567],\n       [1.4949212 , 6.46201103, 6.21602373, 2.61783274, 0.14731595,\n        5.36837531],\n       [1.49492221, 6.46200861, 6.21602343, 2.61783295, 0.14731504,\n        5.36837193],\n       [1.49492152, 6.46201043, 6.21602341, 2.6178347 , 0.1473129 ,\n        5.36837278],\n       [1.49492251, 6.46200877, 6.21602464, 2.61783243, 0.14731699,\n        5.36837721],\n       [1.49492204, 6.46200983, 6.21602489, 2.61783269, 0.14731408,\n        5.36837215]]), array([0.43497238, 0.43497238, 0.43497238, 0.43497238, 0.43497238,\n       0.43497238, 0.43497238]))"}, "11": {"maxiter": 1000, "fatol": 1e-10, "xatol": 1e-10, "duration": 0.12501883506774902, "fun": "0.4349723756313324", "nit": "335", "nfev": "686", "status": "0", "success": "True", "message": "Optimization terminated successfully.", "x": "[1.49492513 6.46201074 6.21602395 2.61783318 0.1473202  5.36837721]", "final_simplex": "(array([[1.49492513, 6.46201074, 6.21602395, 2.61783318, 0.1473202 ,\n        5.36837721],\n       [1.49492513, 6.46201074, 6.21602395, 2.61783318, 0.1473202 ,\n        5.36837721],\n       [1.49492513, 6.46201074, 6.21602395, 2.61783318, 0.1473202 ,\n        5.36837721],\n       [1.49492513, 6.46201074, 6.21602395, 2.61783318, 0.1473202 ,\n        5.36837721],\n       [1.49492513, 6.46201074, 6.21602395, 2.61783318, 0.1473202 ,\n        5.36837721],\n       [1.49492513, 6.46201074, 6.21602395, 2.61783318, 0.1473202 ,\n        5.36837721],\n       [1.49492513, 6.46201074, 6.21602395, 2.61783318, 0.1473202 ,\n        5.36837721]]), array([0.43497238, 0.43497238, 0.43497238, 0.43497238, 0.43497238,\n       0.43497238, 0.43497238]))"}}, "bfgs": {"0": {"maxiter": 100, "gtol": 1e-05, "xrtol": 1e-05, "eps": 1e-05, "duration": 0.16852879524230957, "fun": "0.43501999974250793", "jac": "[0.         0.         0.         0.00298023 0.         0.00298023]", "hess_inv": "[[ 4.21149902 -0.54816914 -0.07878563 -1.14992236 -0.23357166 -0.4305721 ]\n [-0.54816914  4.19325133 -0.69344288  0.45772734 -2.6583249  -1.6148809 ]\n [-0.07878563 -0.69344288  3.50596304 -0.24088358  3.7466614   2.49658704]\n [-1.14992236  0.45772734 -0.24088358  3.39090772 -0.88162289 -2.22022847]\n [-0.23357166 -2.6583249   3.7466614  -0.88162289 19.0876546  11.68133311]\n [-0.4305721  -1.6148809   2.49658704 -2.22022847 11.68133311 10.97531817]]", "nfev": "887", "njev": "125", "status": "2", "success": "False", "message": "Desired error not necessarily achieved due to precision loss.", "x": "[1.49078002 6.45126671 6.20487294 2.6206943  0.10654352 5.34795941]", "nit": "49"}, "1": {"maxiter": 100, "gtol": 1e-05, "xrtol": 1e-05, "eps": 1e-10, "duration": 0.0013451576232910156, "fun": "0.8811315298080444", "jac": "[0. 0. 0. 0. 0. 0.]", "hess_inv": "[[1 0 0 0 0 0]\n [0 1 0 0 0 0]\n [0 0 1 0 0 0]\n [0 0 0 1 0 0]\n [0 0 0 0 1 0]\n [0 0 0 0 0 1]]", "nfev": "7", "njev": "1", "status": "0", "success": "True", "message": "Optimization terminated successfully.", "x": "[0.63881079 5.27257275 4.28476622 5.45641218 0.68383684 3.92713783]", "nit": "0"}, "2": {"maxiter": 100, "gtol": 1e-05, "xrtol": 1e-10, "eps": 1e-05, "duration": 0.16840815544128418, "fun": "0.43501999974250793", "jac": "[0.         0.         0.         0.00298023 0.         0.00298023]", "hess_inv": "[[ 4.21149902 -0.54816914 -0.07878563 -1.14992236 -0.23357166 -0.4305721 ]\n [-0.54816914  4.19325133 -0.69344288  0.45772734 -2.6583249  -1.6148809 ]\n [-0.07878563 -0.69344288  3.50596304 -0.24088358  3.7466614   2.49658704]\n [-1.14992236  0.45772734 -0.24088358  3.39090772 -0.88162289 -2.22022847]\n [-0.23357166 -2.6583249   3.7466614  -0.88162289 19.0876546  11.68133311]\n [-0.4305721  -1.6148809   2.49658704 -2.22022847 11.68133311 10.97531817]]", "nfev": "887", "njev": "125", "status": "2", "success": "False", "message": "Desired error not necessarily achieved due to precision loss.", "x": "[1.49078002 6.45126671 6.20487294 2.6206943  0.10654352 5.34795941]", "nit": "49"}, "3": {"maxiter": 100, "gtol": 1e-05, "xrtol": 1e-10, "eps": 1e-10, "duration": 0.0013260841369628906, "fun": "0.8811315298080444", "jac": "[0. 0. 0. 0. 0. 0.]", "hess_inv": "[[1 0 0 0 0 0]\n [0 1 0 0 0 0]\n [0 0 1 0 0 0]\n [0 0 0 1 0 0]\n [0 0 0 0 1 0]\n [0 0 0 0 0 1]]", "nfev": "7", "njev": "1", "status": "0", "success": "True", "message": "Optimization terminated successfully.", "x": "[0.63881079 5.27257275 4.28476622 5.45641218 0.68383684 3.92713783]", "nit": "0"}, "4": {"maxiter": 100, "gtol": 1e-10, "xrtol": 1e-05, "eps": 1e-05, "duration": 0.1678149700164795, "fun": "0.43501999974250793", "jac": "[0.         0.         0.         0.00298023 0.         0.00298023]", "hess_inv": "[[ 4.21149902 -0.54816914 -0.07878563 -1.14992236 -0.23357166 -0.4305721 ]\n [-0.54816914  4.19325133 -0.69344288  0.45772734 -2.6583249  -1.6148809 ]\n [-0.07878563 -0.69344288  3.50596304 -0.24088358  3.7466614   2.49658704]\n [-1.14992236  0.45772734 -0.24088358  3.39090772 -0.88162289 -2.22022847]\n [-0.23357166 -2.6583249   3.7466614  -0.88162289 19.0876546  11.68133311]\n [-0.4305721  -1.6148809   2.49658704 -2.22022847 11.68133311 10.97531817]]", "nfev": "887", "njev": "125", "status": "2", "success": "False", "message": "Desired error not necessarily achieved due to precision loss.", "x": "[1.49078002 6.45126671 6.20487294 2.6206943  0.10654352 5.34795941]", "nit": "49"}, "5": {"maxiter": 100, "gtol": 1e-10, "xrtol": 1e-05, "eps": 1e-10, "duration": 0.001405954360961914, "fun": "0.8811315298080444", "jac": "[0. 0. 0. 0. 0. 0.]", "hess_inv": "[[1 0 0 0 0 0]\n [0 1 0 0 0 0]\n [0 0 1 0 0 0]\n [0 0 0 1 0 0]\n [0 0 0 0 1 0]\n [0 0 0 0 0 1]]", "nfev": "7", "njev": "1", "status": "0", "success": "True", "message": "Optimization terminated successfully.", "x": "[0.63881079 5.27257275 4.28476622 5.45641218 0.68383684 3.92713783]", "nit": "0"}, "6": {"maxiter": 100, "gtol": 1e-10, "xrtol": 1e-10, "eps": 1e-05, "duration": 0.16477370262145996, "fun": "0.43501999974250793", "jac": "[0.         0.         0.         0.00298023 0.         0.00298023]", "hess_inv": "[[ 4.21149902 -0.54816914 -0.07878563 -1.14992236 -0.23357166 -0.4305721 ]\n [-0.54816914  4.19325133 -0.69344288  0.45772734 -2.6583249  -1.6148809 ]\n [-0.07878563 -0.69344288  3.50596304 -0.24088358  3.7466614   2.49658704]\n [-1.14992236  0.45772734 -0.24088358  3.39090772 -0.88162289 -2.22022847]\n [-0.23357166 -2.6583249   3.7466614  -0.88162289 19.0876546  11.68133311]\n [-0.4305721  -1.6148809   2.49658704 -2.22022847 11.68133311 10.97531817]]", "nfev": "887", "njev": "125", "status": "2", "success": "False", "message": "Desired error not necessarily achieved due to precision loss.", "x": "[1.49078002 6.45126671 6.20487294 2.6206943  0.10654352 5.34795941]", "nit": "49"}, "7": {"maxiter": 100, "gtol": 1e-10, "xrtol": 1e-10, "eps": 1e-10, "duration": 0.0013561248779296875, "fun": "0.8811315298080444", "jac": "[0. 0. 0. 0. 0. 0.]", "hess_inv": "[[1 0 0 0 0 0]\n [0 1 0 0 0 0]\n [0 0 1 0 0 0]\n [0 0 0 1 0 0]\n [0 0 0 0 1 0]\n [0 0 0 0 0 1]]", "nfev": "7", "njev": "1", "status": "0", "success": "True", "message": "Optimization terminated successfully.", "x": "[0.63881079 5.27257275 4.28476622 5.45641218 0.68383684 3.92713783]", "nit": "0"}, "8": {"maxiter": 500, "gtol": 1e-05, "xrtol": 1e-05, "eps": 1e-05, "duration": 0.16904592514038086, "fun": "0.43501999974250793", "jac": "[0.         0.         0.         0.00298023 0.         0.00298023]", "hess_inv": "[[ 4.21149902 -0.54816914 -0.07878563 -1.14992236 -0.23357166 -0.4305721 ]\n [-0.54816914  4.19325133 -0.69344288  0.45772734 -2.6583249  -1.6148809 ]\n [-0.07878563 -0.69344288  3.50596304 -0.24088358  3.7466614   2.49658704]\n [-1.14992236  0.45772734 -0.24088358  3.39090772 -0.88162289 -2.22022847]\n [-0.23357166 -2.6583249   3.7466614  -0.88162289 19.0876546  11.68133311]\n [-0.4305721  -1.6148809   2.49658704 -2.22022847 11.68133311 10.97531817]]", "nfev": "887", "njev": "125", "status": "2", "success": "False", "message": "Desired error not necessarily achieved due to precision loss.", "x": "[1.49078002 6.45126671 6.20487294 2.6206943  0.10654352 5.34795941]", "nit": "49"}, "9": {"maxiter": 500, "gtol": 1e-05, "xrtol": 1e-05, "eps": 1e-10, "duration": 0.00133514404296875, "fun": "0.8811315298080444", "jac": "[0. 0. 0. 0. 0. 0.]", "hess_inv": "[[1 0 0 0 0 0]\n [0 1 0 0 0 0]\n [0 0 1 0 0 0]\n [0 0 0 1 0 0]\n [0 0 0 0 1 0]\n [0 0 0 0 0 1]]", "nfev": "7", "njev": "1", "status": "0", "success": "True", "message": "Optimization terminated successfully.", "x": "[0.63881079 5.27257275 4.28476622 5.45641218 0.68383684 3.92713783]", "nit": "0"}, "10": {"maxiter": 500, "gtol": 1e-05, "xrtol": 1e-10, "eps": 1e-05, "duration": 0.16900086402893066, "fun": "0.43501999974250793", "jac": "[0.         0.         0.         0.00298023 0.         0.00298023]", "hess_inv": "[[ 4.21149902 -0.54816914 -0.07878563 -1.14992236 -0.23357166 -0.4305721 ]\n [-0.54816914  4.19325133 -0.69344288  0.45772734 -2.6583249  -1.6148809 ]\n [-0.07878563 -0.69344288  3.50596304 -0.24088358  3.7466614   2.49658704]\n [-1.14992236  0.45772734 -0.24088358  3.39090772 -0.88162289 -2.22022847]\n [-0.23357166 -2.6583249   3.7466614  -0.88162289 19.0876546  11.68133311]\n [-0.4305721  -1.6148809   2.49658704 -2.22022847 11.68133311 10.97531817]]", "nfev": "887", "njev": "125", "status": "2", "success": "False", "message": "Desired error not necessarily achieved due to precision loss.", "x": "[1.49078002 6.45126671 6.20487294 2.6206943  0.10654352 5.34795941]", "nit": "49"}, "11": {"maxiter": 500, "gtol": 1e-05, "xrtol": 1e-10, "eps": 1e-10, "duration": 0.0013780593872070312, "fun": "0.8811315298080444", "jac": "[0. 0. 0. 0. 0. 0.]", "hess_inv": "[[1 0 0 0 0 0]\n [0 1 0 0 0 0]\n [0 0 1 0 0 0]\n [0 0 0 1 0 0]\n [0 0 0 0 1 0]\n [0 0 0 0 0 1]]", "nfev": "7", "njev": "1", "status": "0", "success": "True", "message": "Optimization terminated successfully.", "x": "[0.63881079 5.27257275 4.28476622 5.45641218 0.68383684 3.92713783]", "nit": "0"}, "12": {"maxiter": 500, "gtol": 1e-10, "xrtol": 1e-05, "eps": 1e-05, "duration": 0.17772984504699707, "fun": "0.43501999974250793", "jac": "[0.         0.         0.         0.00298023 0.         0.00298023]", "hess_inv": "[[ 4.21149902 -0.54816914 -0.07878563 -1.14992236 -0.23357166 -0.4305721 ]\n [-0.54816914  4.19325133 -0.69344288  0.45772734 -2.6583249  -1.6148809 ]\n [-0.07878563 -0.69344288  3.50596304 -0.24088358  3.7466614   2.49658704]\n [-1.14992236  0.45772734 -0.24088358  3.39090772 -0.88162289 -2.22022847]\n [-0.23357166 -2.6583249   3.7466614  -0.88162289 19.0876546  11.68133311]\n [-0.4305721  -1.6148809   2.49658704 -2.22022847 11.68133311 10.97531817]]", "nfev": "887", "njev": "125", "status": "2", "success": "False", "message": "Desired error not necessarily achieved due to precision loss.", "x": "[1.49078002 6.45126671 6.20487294 2.6206943  0.10654352 5.34795941]", "nit": "49"}, "13": {"maxiter": 500, "gtol": 1e-10, "xrtol": 1e-05, "eps": 1e-10, "duration": 0.0014467239379882812, "fun": "0.8811315298080444", "jac": "[0. 0. 0. 0. 0. 0.]", "hess_inv": "[[1 0 0 0 0 0]\n [0 1 0 0 0 0]\n [0 0 1 0 0 0]\n [0 0 0 1 0 0]\n [0 0 0 0 1 0]\n [0 0 0 0 0 1]]", "nfev": "7", "njev": "1", "status": "0", "success": "True", "message": "Optimization terminated successfully.", "x": "[0.63881079 5.27257275 4.28476622 5.45641218 0.68383684 3.92713783]", "nit": "0"}, "14": {"maxiter": 500, "gtol": 1e-10, "xrtol": 1e-10, "eps": 1e-05, "duration": 0.16888689994812012, "fun": "0.43501999974250793", "jac": "[0.         0.         0.         0.00298023 0.         0.00298023]", "hess_inv": "[[ 4.21149902 -0.54816914 -0.07878563 -1.14992236 -0.23357166 -0.4305721 ]\n [-0.54816914  4.19325133 -0.69344288  0.45772734 -2.6583249  -1.6148809 ]\n [-0.07878563 -0.69344288  3.50596304 -0.24088358  3.7466614   2.49658704]\n [-1.14992236  0.45772734 -0.24088358  3.39090772 -0.88162289 -2.22022847]\n [-0.23357166 -2.6583249   3.7466614  -0.88162289 19.0876546  11.68133311]\n [-0.4305721  -1.6148809   2.49658704 -2.22022847 11.68133311 10.97531817]]", "nfev": "887", "njev": "125", "status": "2", "success": "False", "message": "Desired error not necessarily achieved due to precision loss.", "x": "[1.49078002 6.45126671 6.20487294 2.6206943  0.10654352 5.34795941]", "nit": "49"}, "15": {"maxiter": 500, "gtol": 1e-10, "xrtol": 1e-10, "eps": 1e-10, "duration": 0.0013518333435058594, "fun": "0.8811315298080444", "jac": "[0. 0. 0. 0. 0. 0.]", "hess_inv": "[[1 0 0 0 0 0]\n [0 1 0 0 0 0]\n [0 0 1 0 0 0]\n [0 0 0 1 0 0]\n [0 0 0 0 1 0]\n [0 0 0 0 0 1]]", "nfev": "7", "njev": "1", "status": "0", "success": "True", "message": "Optimization terminated successfully.", "x": "[0.63881079 5.27257275 4.28476622 5.45641218 0.68383684 3.92713783]", "nit": "0"}, "16": {"maxiter": 1000, "gtol": 1e-05, "xrtol": 1e-05, "eps": 1e-05, "duration": 0.16803503036499023, "fun": "0.43501999974250793", "jac": "[0.         0.         0.         0.00298023 0.         0.00298023]", "hess_inv": "[[ 4.21149902 -0.54816914 -0.07878563 -1.14992236 -0.23357166 -0.4305721 ]\n [-0.54816914  4.19325133 -0.69344288  0.45772734 -2.6583249  -1.6148809 ]\n [-0.07878563 -0.69344288  3.50596304 -0.24088358  3.7466614   2.49658704]\n [-1.14992236  0.45772734 -0.24088358  3.39090772 -0.88162289 -2.22022847]\n [-0.23357166 -2.6583249   3.7466614  -0.88162289 19.0876546  11.68133311]\n [-0.4305721  -1.6148809   2.49658704 -2.22022847 11.68133311 10.97531817]]", "nfev": "887", "njev": "125", "status": "2", "success": "False", "message": "Desired error not necessarily achieved due to precision loss.", "x": "[1.49078002 6.45126671 6.20487294 2.6206943  0.10654352 5.34795941]", "nit": "49"}, "17": {"maxiter": 1000, "gtol": 1e-05, "xrtol": 1e-05, "eps": 1e-10, "duration": 0.0013399124145507812, "fun": "0.8811315298080444", "jac": "[0. 0. 0. 0. 0. 0.]", "hess_inv": "[[1 0 0 0 0 0]\n [0 1 0 0 0 0]\n [0 0 1 0 0 0]\n [0 0 0 1 0 0]\n [0 0 0 0 1 0]\n [0 0 0 0 0 1]]", "nfev": "7", "njev": "1", "status": "0", "success": "True", "message": "Optimization terminated successfully.", "x": "[0.63881079 5.27257275 4.28476622 5.45641218 0.68383684 3.92713783]", "nit": "0"}, "18": {"maxiter": 1000, "gtol": 1e-05, "xrtol": 1e-10, "eps": 1e-05, "duration": 0.16554808616638184, "fun": "0.43501999974250793", "jac": "[0.         0.         0.         0.00298023 0.         0.00298023]", "hess_inv": "[[ 4.21149902 -0.54816914 -0.07878563 -1.14992236 -0.23357166 -0.4305721 ]\n [-0.54816914  4.19325133 -0.69344288  0.45772734 -2.6583249  -1.6148809 ]\n [-0.07878563 -0.69344288  3.50596304 -0.24088358  3.7466614   2.49658704]\n [-1.14992236  0.45772734 -0.24088358  3.39090772 -0.88162289 -2.22022847]\n [-0.23357166 -2.6583249   3.7466614  -0.88162289 19.0876546  11.68133311]\n [-0.4305721  -1.6148809   2.49658704 -2.22022847 11.68133311 10.97531817]]", "nfev": "887", "njev": "125", "status": "2", "success": "False", "message": "Desired error not necessarily achieved due to precision loss.", "x": "[1.49078002 6.45126671 6.20487294 2.6206943  0.10654352 5.34795941]", "nit": "49"}, "19": {"maxiter": 1000, "gtol": 1e-05, "xrtol": 1e-10, "eps": 1e-10, "duration": 0.0013248920440673828, "fun": "0.8811315298080444", "jac": "[0. 0. 0. 0. 0. 0.]", "hess_inv": "[[1 0 0 0 0 0]\n [0 1 0 0 0 0]\n [0 0 1 0 0 0]\n [0 0 0 1 0 0]\n [0 0 0 0 1 0]\n [0 0 0 0 0 1]]", "nfev": "7", "njev": "1", "status": "0", "success": "True", "message": "Optimization terminated successfully.", "x": "[0.63881079 5.27257275 4.28476622 5.45641218 0.68383684 3.92713783]", "nit": "0"}, "20": {"maxiter": 1000, "gtol": 1e-10, "xrtol": 1e-05, "eps": 1e-05, "duration": 0.16498517990112305, "fun": "0.43501999974250793", "jac": "[0.         0.         0.         0.00298023 0.         0.00298023]", "hess_inv": "[[ 4.21149902 -0.54816914 -0.07878563 -1.14992236 -0.23357166 -0.4305721 ]\n [-0.54816914  4.19325133 -0.69344288  0.45772734 -2.6583249  -1.6148809 ]\n [-0.07878563 -0.69344288  3.50596304 -0.24088358  3.7466614   2.49658704]\n [-1.14992236  0.45772734 -0.24088358  3.39090772 -0.88162289 -2.22022847]\n [-0.23357166 -2.6583249   3.7466614  -0.88162289 19.0876546  11.68133311]\n [-0.4305721  -1.6148809   2.49658704 -2.22022847 11.68133311 10.97531817]]", "nfev": "887", "njev": "125", "status": "2", "success": "False", "message": "Desired error not necessarily achieved due to precision loss.", "x": "[1.49078002 6.45126671 6.20487294 2.6206943  0.10654352 5.34795941]", "nit": "49"}, "21": {"maxiter": 1000, "gtol": 1e-10, "xrtol": 1e-05, "eps": 1e-10, "duration": 0.0013282299041748047, "fun": "0.8811315298080444", "jac": "[0. 0. 0. 0. 0. 0.]", "hess_inv": "[[1 0 0 0 0 0]\n [0 1 0 0 0 0]\n [0 0 1 0 0 0]\n [0 0 0 1 0 0]\n [0 0 0 0 1 0]\n [0 0 0 0 0 1]]", "nfev": "7", "njev": "1", "status": "0", "success": "True", "message": "Optimization terminated successfully.", "x": "[0.63881079 5.27257275 4.28476622 5.45641218 0.68383684 3.92713783]", "nit": "0"}, "22": {"maxiter": 1000, "gtol": 1e-10, "xrtol": 1e-10, "eps": 1e-05, "duration": 0.1636209487915039, "fun": "0.43501999974250793", "jac": "[0.         0.         0.         0.00298023 0.         0.00298023]", "hess_inv": "[[ 4.21149902 -0.54816914 -0.07878563 -1.14992236 -0.23357166 -0.4305721 ]\n [-0.54816914  4.19325133 -0.69344288  0.45772734 -2.6583249  -1.6148809 ]\n [-0.07878563 -0.69344288  3.50596304 -0.24088358  3.7466614   2.49658704]\n [-1.14992236  0.45772734 -0.24088358  3.39090772 -0.88162289 -2.22022847]\n [-0.23357166 -2.6583249   3.7466614  -0.88162289 19.0876546  11.68133311]\n [-0.4305721  -1.6148809   2.49658704 -2.22022847 11.68133311 10.97531817]]", "nfev": "887", "njev": "125", "status": "2", "success": "False", "message": "Desired error not necessarily achieved due to precision loss.", "x": "[1.49078002 6.45126671 6.20487294 2.6206943  0.10654352 5.34795941]", "nit": "49"}, "23": {"maxiter": 1000, "gtol": 1e-10, "xrtol": 1e-10, "eps": 1e-10, "duration": 0.0013229846954345703, "fun": "0.8811315298080444", "jac": "[0. 0. 0. 0. 0. 0.]", "hess_inv": "[[1 0 0 0 0 0]\n [0 1 0 0 0 0]\n [0 0 1 0 0 0]\n [0 0 0 1 0 0]\n [0 0 0 0 1 0]\n [0 0 0 0 0 1]]", "nfev": "7", "njev": "1", "status": "0", "success": "True", "message": "Optimization terminated successfully.", "x": "[0.63881079 5.27257275 4.28476622 5.45641218 0.68383684 3.92713783]", "nit": "0"}}, "cobyla": {"0": {"maxiter": 100, "tol": 1e-05, "catol": 1e-05, "duration": 0.017566204071044922, "x": "[2.59590094 6.24012381 5.77859809 4.39707097 0.0326118  3.52615262]", "status": "2", "success": "False", "message": "Maximum number of function evaluations has been exceeded.", "nfev": "100", "fun": "0.5212910771369934", "maxcv": "0.0"}, "1": {"maxiter": 100, "tol": 1e-05, "catol": 1e-10, "duration": 0.01749396324157715, "x": "[2.59590094 6.24012381 5.77859809 4.39707097 0.0326118  3.52615262]", "status": "2", "success": "False", "message": "Maximum number of function evaluations has been exceeded.", "nfev": "100", "fun": "0.5212910771369934", "maxcv": "0.0"}, "2": {"maxiter": 100, "tol": 1e-10, "catol": 1e-05, "duration": 0.01795220375061035, "x": "[2.59590094 6.24012381 5.77859809 4.39707097 0.0326118  3.52615262]", "status": "2", "success": "False", "message": "Maximum number of function evaluations has been exceeded.", "nfev": "100", "fun": "0.5212910771369934", "maxcv": "0.0"}, "3": {"maxiter": 100, "tol": 1e-10, "catol": 1e-10, "duration": 0.017772912979125977, "x": "[2.59590094 6.24012381 5.77859809 4.39707097 0.0326118  3.52615262]", "status": "2", "success": "False", "message": "Maximum number of function evaluations has been exceeded.", "nfev": "100", "fun": "0.5212910771369934", "maxcv": "0.0"}, "4": {"maxiter": 500, "tol": 1e-05, "catol": 1e-05, "duration": 0.08830475807189941, "x": "[ 1.50392976  6.48122258  6.2180534   3.63939228 -2.79193406  2.37963382]", "status": "2", "success": "False", "message": "Maximum number of function evaluations has been exceeded.", "nfev": "500", "fun": "0.4357939660549164", "maxcv": "0.0"}, "5": {"maxiter": 500, "tol": 1e-05, "catol": 1e-10, "duration": 0.08935976028442383, "x": "[ 1.50392976  6.48122258  6.2180534   3.63939228 -2.79193406  2.37963382]", "status": "2", "success": "False", "message": "Maximum number of function evaluations has been exceeded.", "nfev": "500", "fun": "0.4357939660549164", "maxcv": "0.0"}, "6": {"maxiter": 500, "tol": 1e-10, "catol": 1e-05, "duration": 0.09006500244140625, "x": "[ 1.50392976  6.48122258  6.2180534   3.63939228 -2.79193406  2.37963382]", "status": "2", "success": "False", "message": "Maximum number of function evaluations has been exceeded.", "nfev": "500", "fun": "0.4357939660549164", "maxcv": "0.0"}, "7": {"maxiter": 500, "tol": 1e-10, "catol": 1e-10, "duration": 0.09392094612121582, "x": "[ 1.50392976  6.48122258  6.2180534   3.63939228 -2.79193406  2.37963382]", "status": "2", "success": "False", "message": "Maximum number of function evaluations has been exceeded.", "nfev": "500", "fun": "0.4357939660549164", "maxcv": "0.0"}, "8": {"maxiter": 1000, "tol": 1e-05, "catol": 1e-05, "duration": 0.12339496612548828, "x": "[ 1.49534901  6.46217585  6.21626627  3.665105   -2.99096417  2.22921743]", "status": "1", "success": "True", "message": "Optimization terminated successfully.", "nfev": "675", "fun": "0.4349726736545563", "maxcv": "0.0"}, "9": {"maxiter": 1000, "tol": 1e-05, "catol": 1e-10, "duration": 0.12095212936401367, "x": "[ 1.49534901  6.46217585  6.21626627  3.665105   -2.99096417  2.22921743]", "status": "1", "success": "True", "message": "Optimization terminated successfully.", "nfev": "675", "fun": "0.4349726736545563", "maxcv": "0.0"}, "10": {"maxiter": 1000, "tol": 1e-10, "catol": 1e-05, "duration": 0.13136816024780273, "x": "[ 1.49534901  6.46217585  6.21626627  3.665105   -2.99096417  2.22921743]", "status": "1", "success": "True", "message": "Optimization terminated successfully.", "nfev": "711", "fun": "0.4349726736545563", "maxcv": "0.0"}, "11": {"maxiter": 1000, "tol": 1e-10, "catol": 1e-10, "duration": 0.13222503662109375, "x": "[ 1.49534901  6.46217585  6.21626627  3.665105   -2.99096417  2.22921743]", "status": "1", "success": "True", "message": "Optimization terminated successfully.", "nfev": "711", "fun": "0.4349726736545563", "maxcv": "0.0"}}, "powell": {"0": {"maxiter": 100, "ftol": 1e-05, "xtol": 1e-05, "duration": 0.5022821426391602, "fun": "0.4349726140499115", "direc": "[[-8.51797873e-02  9.69060931e-02  2.25498280e-02 -2.33503878e-02\n   3.15187708e-02  1.40593509e-02]\n [-1.66518275e-03 -1.24204401e-03 -1.69021315e-03  1.36178520e-02\n  -6.51496570e-04  2.36517412e-03]\n [ 1.11837071e-01  1.10630557e-01  1.82759963e-02  3.88829192e-01\n  -9.80814470e-01 -1.02400010e+00]\n [-3.21705484e-02 -4.22077346e-02 -3.26082536e-02 -1.63073030e-02\n  -3.84198169e-02 -9.23403195e-03]\n [ 0.00000000e+00  0.00000000e+00  0.00000000e+00  0.00000000e+00\n   1.00000000e+00  0.00000000e+00]\n [-5.59161706e-02 -6.31986567e-02  7.24698579e-02  1.91467353e-02\n  -1.55734757e-01 -1.22699261e-01]]", "nit": "30", "nfev": "2701", "status": "0", "success": "True", "message": "Optimization terminated successfully.", "x": "[ 1.49427806  6.46256077  6.21531547  3.66454025 -2.99682242  2.22481815]"}, "1": {"maxiter": 100, "ftol": 1e-05, "xtol": 1e-10, "duration": 1.0694248676300049, "fun": "0.4349725842475891", "direc": "[[-2.66406182e-02  4.94799294e-02  3.60936806e-02 -7.74738429e-02\n  -2.92677853e-02 -2.31250833e-02]\n [-4.68701863e-02 -1.44814135e-01 -1.19752553e-01 -4.98126274e-02\n  -1.30119529e-01 -3.21660563e-02]\n [ 6.38773345e-03 -8.69567296e-02 -1.21455089e-02  9.66460647e-02\n  -5.78673156e-01 -4.70431431e-01]\n [-1.67380798e-01  5.51160223e-02  2.89183195e-02  6.98470919e-03\n  -1.83909437e-01 -8.48083735e-02]\n [ 0.00000000e+00  0.00000000e+00  0.00000000e+00  0.00000000e+00\n   1.00000000e+00  0.00000000e+00]\n [-1.24525820e-03  1.44956378e-02 -4.91918241e-03 -1.45964900e-03\n  -4.63047180e-04 -7.07754969e-03]]", "nit": "26", "nfev": "5713", "status": "0", "success": "True", "message": "Optimization terminated successfully.", "x": "[ 1.49450137  6.46169161  6.21706061  3.666153   -2.99546714  2.22517286]"}, "2": {"maxiter": 100, "ftol": 1e-10, "xtol": 1e-05, "duration": 0.562171220779419, "fun": "0.4349724352359772", "direc": "[[-8.51797873e-02  9.69060931e-02  2.25498280e-02 -2.33503878e-02\n   3.15187708e-02  1.40593509e-02]\n [-1.66518275e-03 -1.24204401e-03 -1.69021315e-03  1.36178520e-02\n  -6.51496570e-04  2.36517412e-03]\n [ 1.11837071e-01  1.10630557e-01  1.82759963e-02  3.88829192e-01\n  -9.80814470e-01 -1.02400010e+00]\n [-3.21705484e-02 -4.22077346e-02 -3.26082536e-02 -1.63073030e-02\n  -3.84198169e-02 -9.23403195e-03]\n [ 0.00000000e+00  0.00000000e+00  0.00000000e+00  0.00000000e+00\n   1.00000000e+00  0.00000000e+00]\n [-5.59161706e-02 -6.31986567e-02  7.24698579e-02  1.91467353e-02\n  -1.55734757e-01 -1.22699261e-01]]", "nit": "32", "nfev": "3018", "status": "0", "success": "True", "message": "Optimization terminated successfully.", "x": "[ 1.49478984  6.46215206  6.21559302  3.66494504 -2.99554773  2.22611957]"}, "3": {"maxiter": 100, "ftol": 1e-10, "xtol": 1e-10, "duration": 1.1627581119537354, "fun": "0.4349724054336548", "direc": "[[-2.66406182e-02  4.94799294e-02  3.60936806e-02 -7.74738429e-02\n  -2.92677853e-02 -2.31250833e-02]\n [-4.68701863e-02 -1.44814135e-01 -1.19752553e-01 -4.98126274e-02\n  -1.30119529e-01 -3.21660563e-02]\n [ 6.38773345e-03 -8.69567296e-02 -1.21455089e-02  9.66460647e-02\n  -5.78673156e-01 -4.70431431e-01]\n [-1.67380798e-01  5.51160223e-02  2.89183195e-02  6.98470919e-03\n  -1.83909437e-01 -8.48083735e-02]\n [ 0.00000000e+00  0.00000000e+00  0.00000000e+00  0.00000000e+00\n   1.00000000e+00  0.00000000e+00]\n [-1.24525820e-03  1.44956378e-02 -4.91918241e-03 -1.45964900e-03\n  -4.63047180e-04 -7.07754969e-03]]", "nit": "28", "nfev": "6214", "status": "0", "success": "True", "message": "Optimization terminated successfully.", "x": "[ 1.49491492  6.46168557  6.216491    3.66590567 -2.99515158  2.22601801]"}, "4": {"maxiter": 500, "ftol": 1e-05, "xtol": 1e-05, "duration": 0.4884951114654541, "fun": "0.4349726140499115", "direc": "[[-8.51797873e-02  9.69060931e-02  2.25498280e-02 -2.33503878e-02\n   3.15187708e-02  1.40593509e-02]\n [-1.66518275e-03 -1.24204401e-03 -1.69021315e-03  1.36178520e-02\n  -6.51496570e-04  2.36517412e-03]\n [ 1.11837071e-01  1.10630557e-01  1.82759963e-02  3.88829192e-01\n  -9.80814470e-01 -1.02400010e+00]\n [-3.21705484e-02 -4.22077346e-02 -3.26082536e-02 -1.63073030e-02\n  -3.84198169e-02 -9.23403195e-03]\n [ 0.00000000e+00  0.00000000e+00  0.00000000e+00  0.00000000e+00\n   1.00000000e+00  0.00000000e+00]\n [-5.59161706e-02 -6.31986567e-02  7.24698579e-02  1.91467353e-02\n  -1.55734757e-01 -1.22699261e-01]]", "nit": "30", "nfev": "2701", "status": "0", "success": "True", "message": "Optimization terminated successfully.", "x": "[ 1.49427806  6.46256077  6.21531547  3.66454025 -2.99682242  2.22481815]"}, "5": {"maxiter": 500, "ftol": 1e-05, "xtol": 1e-10, "duration": 1.0260601043701172, "fun": "0.4349725842475891", "direc": "[[-2.66406182e-02  4.94799294e-02  3.60936806e-02 -7.74738429e-02\n  -2.92677853e-02 -2.31250833e-02]\n [-4.68701863e-02 -1.44814135e-01 -1.19752553e-01 -4.98126274e-02\n  -1.30119529e-01 -3.21660563e-02]\n [ 6.38773345e-03 -8.69567296e-02 -1.21455089e-02  9.66460647e-02\n  -5.78673156e-01 -4.70431431e-01]\n [-1.67380798e-01  5.51160223e-02  2.89183195e-02  6.98470919e-03\n  -1.83909437e-01 -8.48083735e-02]\n [ 0.00000000e+00  0.00000000e