{"conf_id": 4, "data_type": "random\n", "num_data_points": 1, "s_rank": 0, "unitary": "[[-0.24866696+0.58742286j,-0.44704345-0.43151574j,-0.35669027-0.20570733j,-0.10517633+0.1626036j],[0.10596805-0.19687975j,-0.30269685-0.15056416j,0.18246286+0.30440582j,-0.83484447-0.11310748j],[0.26054512-0.52548482j,0.0285017-0.50723956j,-0.43110112+0.17165838j,0.15243271+0.39915801j],[0.42978035+0.11991271j,-0.17224126-0.46030424j,0.6827807-0.15164662j,0.26483638+0.0061855j]]", "databatch_0": {"databatch": "[[[-1.86404538e-01-0.19259899j,-6.85340488e-02+0.11842998j,-1.63851806e-06-0.05996791j,-1.03677229e-01+0.01531896j],[-2.65995868e-01-0.50623005j,-2.11416620e-01+0.20131763j,3.60011212e-02-0.12277505j,-2.21458870e-01-0.0308844j],[-5.70888063e-02-0.15909095j,-7.01431363e-02+0.05025294j,1.55751576e-02-0.03446009j,-6.35555244e-02-0.01812637j],[-4.61429177e-01+0.20716543j,1.66173039e-01+0.19763561j,-1.06418679e-01-0.03848873j,-3.93626920e-02+0.19381594j]]]", "nelder_mead": {"0": {"maxiter": 100, "fatol": 1e-05, "xatol": 1e-05, "duration": 0.029140949249267578, "fun": "0.0007710859645158052", "nit": "100", "nfev": "161", "status": "2", "success": "False", "message": "Maximum number of iterations has been exceeded.", "x": "[1.16235474 0.82986146 6.50619649 4.74772451 2.08799715 2.66598386]", "final_simplex": "(array([[1.16235474, 0.82986146, 6.50619649, 4.74772451, 2.08799715,\n        2.66598386],\n       [1.16468045, 0.82716646, 6.50537395, 4.73673515, 2.0835465 ,\n        2.66782173],\n       [1.16003401, 0.83200447, 6.5014169 , 4.74257037, 2.06901376,\n        2.65689108],\n       [1.16462211, 0.82140955, 6.49753813, 4.743885  , 2.06999154,\n        2.65616102],\n       [1.16442772, 0.82623997, 6.49267585, 4.73581345, 2.07733537,\n        2.65492787],\n       [1.16583593, 0.82334986, 6.50798435, 4.74470363, 2.07561121,\n        2.64192025],\n       [1.16537638, 0.81994352, 6.507879  , 4.73801095, 2.08800891,\n        2.67600717]]), array([0.00077109, 0.00079589, 0.00079941, 0.00080044, 0.00080312,\n       0.00081086, 0.00082714]))"}, "1": {"maxiter": 100, "fatol": 1e-05, "xatol": 1e-10, "duration": 0.02994680404663086, "fun": "0.0007710859645158052", "nit": "100", "nfev": "161", "status": "2", "success": "False", "message": "Maximum number of iterations has been exceeded.", "x": "[1.16235474 0.82986146 6.50619649 4.74772451 2.08799715 2.66598386]", "final_simplex": "(array([[1.16235474, 0.82986146, 6.50619649, 4.74772451, 2.08799715,\n        2.66598386],\n       [1.16468045, 0.82716646, 6.50537395, 4.73673515, 2.0835465 ,\n        2.66782173],\n       [1.16003401, 0.83200447, 6.5014169 , 4.74257037, 2.06901376,\n        2.65689108],\n       [1.16462211, 0.82140955, 6.49753813, 4.743885  , 2.06999154,\n        2.65616102],\n       [1.16442772, 0.82623997, 6.49267585, 4.73581345, 2.07733537,\n        2.65492787],\n       [1.16583593, 0.82334986, 6.50798435, 4.74470363, 2.07561121,\n        2.64192025],\n       [1.16537638, 0.81994352, 6.507879  , 4.73801095, 2.08800891,\n        2.67600717]]), array([0.00077109, 0.00079589, 0.00079941, 0.00080044, 0.00080312,\n       0.00081086, 0.00082714]))"}, "2": {"maxiter": 100, "fatol": 1e-10, "xatol": 1e-05, "duration": 0.029293060302734375, "fun": "0.0007710859645158052", "nit": "100", "nfev": "161", "status": "2", "success": "False", "message": "Maximum number of iterations has been exceeded.", "x": "[1.16235474 0.82986146 6.50619649 4.74772451 2.08799715 2.66598386]", "final_simplex": "(array([[1.16235474, 0.82986146, 6.50619649, 4.74772451, 2.08799715,\n        2.66598386],\n       [1.16468045, 0.82716646, 6.50537395, 4.73673515, 2.0835465 ,\n        2.66782173],\n       [1.16003401, 0.83200447, 6.5014169 , 4.74257037, 2.06901376,\n        2.65689108],\n       [1.16462211, 0.82140955, 6.49753813, 4.743885  , 2.06999154,\n        2.65616102],\n       [1.16442772, 0.82623997, 6.49267585, 4.73581345, 2.07733537,\n        2.65492787],\n       [1.16583593, 0.82334986, 6.50798435, 4.74470363, 2.07561121,\n        2.64192025],\n       [1.16537638, 0.81994352, 6.507879  , 4.73801095, 2.08800891,\n        2.67600717]]), array([0.00077109, 0.00079589, 0.00079941, 0.00080044, 0.00080312,\n       0.00081086, 0.00082714]))"}, "3": {"maxiter": 100, "fatol": 1e-10, "xatol": 1e-10, "duration": 0.028918981552124023, "fun": "0.0007710859645158052", "nit": "100", "nfev": "161", "status": "2", "success": "False", "message": "Maximum number of iterations has been exceeded.", "x": "[1.16235474 0.82986146 6.50619649 4.74772451 2.08799715 2.66598386]", "final_simplex": "(array([[1.16235474, 0.82986146, 6.50619649, 4.74772451, 2.08799715,\n        2.66598386],\n       [1.16468045, 0.82716646, 6.50537395, 4.73673515, 2.0835465 ,\n        2.66782173],\n       [1.16003401, 0.83200447, 6.5014169 , 4.74257037, 2.06901376,\n        2.65689108],\n       [1.16462211, 0.82140955, 6.49753813, 4.743885  , 2.06999154,\n        2.65616102],\n       [1.16442772, 0.82623997, 6.49267585, 4.73581345, 2.07733537,\n        2.65492787],\n       [1.16583593, 0.82334986, 6.50798435, 4.74470363, 2.07561121,\n        2.64192025],\n       [1.16537638, 0.81994352, 6.507879  , 4.73801095, 2.08800891,\n        2.67600717]]), array([0.00077109, 0.00079589, 0.00079941, 0.00080044, 0.00080312,\n       0.00081086, 0.00082714]))"}, "4": {"maxiter": 500, "fatol": 1e-05, "xatol": 1e-05, "duration": 0.06032729148864746, "fun": "0.0007519158534705639", "nit": "198", "nfev": "338", "status": "0", "success": "True", "message": "Optimization terminated successfully.", "x": "[1.15976234 0.83466017 6.49805516 4.75063016 2.0790874  2.65961282]", "final_simplex": "(array([[1.15976234, 0.83466017, 6.49805516, 4.75063016, 2.0790874 ,\n        2.65961282],\n       [1.15976389, 0.83465813, 6.49805224, 4.75063053, 2.07908716,\n        2.65960776],\n       [1.15976365, 0.83465849, 6.49805231, 4.75062694, 2.07908291,\n        2.65960709],\n       [1.15976483, 0.83465607, 6.49805107, 4.75062704, 2.0790855 ,\n        2.65960889],\n       [1.15976505, 0.8346554 , 6.4980529 , 4.75062704, 2.0790849 ,\n        2.65960741],\n       [1.15976557, 0.83465603, 6.49805651, 4.75062514, 2.07909106,\n        2.65960896],\n       [1.15976334, 0.83465961, 6.49805597, 4.75062778, 2.07908896,\n        2.65961404]]), array([0.00075192, 0.00075192, 0.00075192, 0.00075192, 0.00075192,\n       0.00075192, 0.00075192]))"}, "5": {"maxiter": 500, "fatol": 1e-05, "xatol": 1e-10, "duration": 0.08206796646118164, "fun": "0.0007519158534705639", "nit": "214", "nfev": "466", "status": "0", "success": "True", "message": "Optimization terminated successfully.", "x": "[1.15976234 0.83466017 6.49805516 4.75063016 2.0790874  2.65961282]", "final_simplex": "(array([[1.15976234, 0.83466017, 6.49805516, 4.75063016, 2.0790874 ,\n        2.65961282],\n       [1.15976234, 0.83466017, 6.49805516, 4.75063016, 2.0790874 ,\n        2.65961282],\n       [1.15976234, 0.83466017, 6.49805516, 4.75063016, 2.0790874 ,\n        2.65961282],\n       [1.15976234, 0.83466016, 6.49805516, 4.75063016, 2.0790874 ,\n        2.65961282],\n       [1.15976234, 0.83466016, 6.49805516, 4.75063016, 2.0790874 ,\n        2.65961282],\n       [1.15976234, 0.83466016, 6.49805516, 4.75063016, 2.0790874 ,\n        2.65961282],\n       [1.15976234, 0.83466017, 6.49805516, 4.75063016, 2.0790874 ,\n        2.65961282]]), array([0.00075192, 0.00075192, 0.00075192, 0.00075192, 0.00075192,\n       0.00075192, 0.00075192]))"}, "6": {"maxiter": 500, "fatol": 1e-10, "xatol": 1e-05, "duration": 0.059942007064819336, "fun": "0.0007519158534705639", "nit": "198", "nfev": "338", "status": "0", "success": "True", "message": "Optimization terminated successfully.", "x": "[1.15976234 0.83466017 6.49805516 4.75063016 2.0790874  2.65961282]", "final_simplex": "(array([[1.15976234, 0.83466017, 6.49805516, 4.75063016, 2.0790874 ,\n        2.65961282],\n       [1.15976389, 0.83465813, 6.49805224, 4.75063053, 2.07908716,\n        2.65960776],\n       [1.15976365, 0.83465849, 6.49805231, 4.75062694, 2.07908291,\n        2.65960709],\n       [1.15976483, 0.83465607, 6.49805107, 4.75062704, 2.0790855 ,\n        2.65960889],\n       [1.15976505, 0.8346554 , 6.4980529 , 4.75062704, 2.0790849 ,\n        2.65960741],\n       [1.15976557, 0.83465603, 6.49805651, 4.75062514, 2.07909106,\n        2.65960896],\n       [1.15976334, 0.83465961, 6.49805597, 4.75062778, 2.07908896,\n        2.65961404]]), array([0.00075192, 0.00075192, 0.00075192, 0.00075192, 0.00075192,\n       0.00075192, 0.00075192]))"}, "7": {"maxiter": 500, "fatol": 1e-10, "xatol": 1e-10, "duration": 0.08407306671142578, "fun": "0.0007519158534705639", "nit": "214", "nfev": "466", "status": "0", "success": "True", "message": "Optimization terminated successfully.", "x": "[1.15976234 0.83466017 6.49805516 4.75063016 2.0790874  2.65961282]", "final_simplex": "(array([[1.15976234, 0.83466017, 6.49805516, 4.75063016, 2.0790874 ,\n        2.65961282],\n       [1.15976234, 0.83466017, 6.49805516, 4.75063016, 2.0790874 ,\n        2.65961282],\n       [1.15976234, 0.83466017, 6.49805516, 4.75063016, 2.0790874 ,\n        2.65961282],\n       [1.15976234, 0.83466016, 6.49805516, 4.75063016, 2.0790874 ,\n        2.65961282],\n       [1.15976234, 0.83466016, 6.49805516, 4.75063016, 2.0790874 ,\n        2.65961282],\n       [1.15976234, 0.83466016, 6.49805516, 4.75063016, 2.0790874 ,\n        2.65961282],\n       [1.15976234, 0.83466017, 6.49805516, 4.75063016, 2.0790874 ,\n        2.65961282]]), array([0.00075192, 0.00075192, 0.00075192, 0.00075192, 0.00075192,\n       0.00075192, 0.00075192]))"}, "8": {"maxiter": 1000, "fatol": 1e-05, "xatol": 1e-05, "duration": 0.0626978874206543, "fun": "0.0007519158534705639", "nit": "198", "nfev": "338", "status": "0", "success": "True", "message": "Optimization terminated successfully.", "x": "[1.15976234 0.83466017 6.49805516 4.75063016 2.0790874  2.65961282]", "final_simplex": "(array([[1.15976234, 0.83466017, 6.49805516, 4.75063016, 2.0790874 ,\n        2.65961282],\n       [1.15976389, 0.83465813, 6.49805224, 4.75063053, 2.07908716,\n        2.65960776],\n       [1.15976365, 0.83465849, 6.49805231, 4.75062694, 2.07908291,\n        2.65960709],\n       [1.15976483, 0.83465607, 6.49805107, 4.75062704, 2.0790855 ,\n        2.65960889],\n       [1.15976505, 0.8346554 , 6.4980529 , 4.75062704, 2.0790849 ,\n        2.65960741],\n       [1.15976557, 0.83465603, 6.49805651, 4.75062514, 2.07909106,\n        2.65960896],\n       [1.15976334, 0.83465961, 6.49805597, 4.75062778, 2.07908896,\n        2.65961404]]), array([0.00075192, 0.00075192, 0.00075192, 0.00075192, 0.00075192,\n       0.00075192, 0.00075192]))"}, "9": {"maxiter": 1000, "fatol": 1e-05, "xatol": 1e-10, "duration": 0.0858609676361084, "fun": "0.0007519158534705639", "nit": "214", "nfev": "466", "status": "0", "success": "True", "message": "Optimization terminated successfully.", "x": "[1.15976234 0.83466017 6.49805516 4.75063016 2.0790874  2.65961282]", "final_simplex": "(array([[1.15976234, 0.83466017, 6.49805516, 4.75063016, 2.0790874 ,\n        2.65961282],\n       [1.15976234, 0.83466017, 6.49805516, 4.75063016, 2.0790874 ,\n        2.65961282],\n       [1.15976234, 0.83466017, 6.49805516, 4.75063016, 2.0790874 ,\n        2.65961282],\n       [1.15976234, 0.83466016, 6.49805516, 4.75063016, 2.0790874 ,\n        2.65961282],\n       [1.15976234, 0.83466016, 6.49805516, 4.75063016, 2.0790874 ,\n        2.65961282],\n       [1.15976234, 0.83466016, 6.49805516, 4.75063016, 2.0790874 ,\n        2.65961282],\n       [1.15976234, 0.83466017, 6.49805516, 4.75063016, 2.0790874 ,\n        2.65961282]]), array([0.00075192, 0.00075192, 0.00075192, 0.00075192, 0.00075192,\n       0.00075192, 0.00075192]))"}, "10": {"maxiter": 1000, "fatol": 1e-10, "xatol": 1e-05, "duration": 0.06492805480957031, "fun": "0.0007519158534705639", "nit": "198", "nfev": "338", "status": "0", "success": "True", "message": "Optimization terminated successfully.", "x": "[1.15976234 0.83466017 6.49805516 4.75063016 2.0790874  2.65961282]", "final_simplex": "(array([[1.15976234, 0.83466017, 6.49805516, 4.75063016, 2.0790874 ,\n        2.65961282],\n       [1.15976389, 0.83465813, 6.49805224, 4.75063053, 2.07908716,\n        2.65960776],\n       [1.15976365, 0.83465849, 6.49805231, 4.75062694, 2.07908291,\n        2.65960709],\n       [1.15976483, 0.83465607, 6.49805107, 4.75062704, 2.0790855 ,\n        2.65960889],\n       [1.15976505, 0.8346554 , 6.4980529 , 4.75062704, 2.0790849 ,\n        2.65960741],\n       [1.15976557, 0.83465603, 6.49805651, 4.75062514, 2.07909106,\n        2.65960896],\n       [1.15976334, 0.83465961, 6.49805597, 4.75062778, 2.07908896,\n        2.65961404]]), array([0.00075192, 0.00075192, 0.00075192, 0.00075192, 0.00075192,\n       0.00075192, 0.00075192]))"}, "11": {"maxiter": 1000, "fatol": 1e-10, "xatol": 1e-10, "duration": 0.08632588386535645, "fun": "0.0007519158534705639", "nit": "214", "nfev": "466", "status": "0", "success": "True", "message": "Optimization terminated successfully.", "x": "[1.15976234 0.83466017 6.49805516 4.75063016 2.0790874  2.65961282]", "final_simplex": "(array([[1.15976234, 0.83466017, 6.49805516, 4.75063016, 2.0790874 ,\n        2.65961282],\n       [1.15976234, 0.83466017, 6.49805516, 4.75063016, 2.0790874 ,\n        2.65961282],\n       [1.15976234, 0.83466017, 6.49805516, 4.75063016, 2.0790874 ,\n        2.65961282],\n       [1.15976234, 0.83466016, 6.49805516, 4.75063016, 2.0790874 ,\n        2.65961282],\n       [1.15976234, 0.83466016, 6.49805516, 4.75063016, 2.0790874 ,\n        2.65961282],\n       [1.15976234, 0.83466016, 6.49805516, 4.75063016, 2.0790874 ,\n        2.65961282],\n       [1.15976234, 0.83466017, 6.49805516, 4.75063016, 2.0790874 ,\n        2.65961282]]), array([0.00075192, 0.00075192, 0.00075192, 0.00075192, 0.00075192,\n       0.00075192, 0.00075192]))"}}, "bfgs": {"0": {"maxiter": 100, "gtol": 1e-05, "xrtol": 1e-05, "eps": 1e-05, "duration": 0.02492523193359375, "fun": "0.0007519159698858857", "jac": "[-5.82076609e-06  5.82076609e-06  0.00000000e+00 -5.82076609e-06\n  5.82076609e-06  0.00000000e+00]", "hess_inv": "[[ 2.83705847 -0.64812326  0.91640614 -0.45357768  1.38204172 -0.10317404]\n [-0.64812326  4.03191807 -2.95967337  0.84811063 -0.2406047   1.91464881]\n [ 0.91640614 -2.95967337  4.45963217  0.26471216  0.51464687 -2.20127684]\n [-0.45357768  0.84811063  0.26471216  2.48130755 -0.21814494 -0.13686412]\n [ 1.38204172 -0.2406047   0.51464687 -0.21814494  2.11126945 -0.14664916]\n [-0.10317404  1.91464881 -2.20127684 -0.13686412 -0.14664916  2.67690101]]", "nfev": "133", "njev": "19", "status": "0", "success": "True", "message": "Optimization terminated successfully.", "x": "[0.70518127 0.44977458 6.85109017 4.60514234 2.32646889 3.14759802]", "nit": "17"}, "1": {"maxiter": 100, "gtol": 1e-05, "xrtol": 1e-05, "eps": 1e-10, "duration": 0.0012941360473632812, "fun": "0.5144897699356079", "jac": "[0. 0. 0. 0. 0. 0.]", "hess_inv": "[[1 0 0 0 0 0]\n [0 1 0 0 0 0]\n [0 0 1 0 0 0]\n [0 0 0 1 0 0]\n [0 0 0 0 1 0]\n [0 0 0 0 0 1]]", "nfev": "7", "njev": "1", "status": "0", "success": "True", "message": "Optimization terminated successfully.", "x": "[0.92313975 1.2742038  5.35660288 5.47082292 2.92390864 3.65609804]", "nit": "0"}, "2": {"maxiter": 100, "gtol": 1e-05, "xrtol": 1e-10, "eps": 1e-05, "duration": 0.023870229721069336, "fun": "0.0007519159698858857", "jac": "[-5.82076609e-06  5.82076609e-06  0.00000000e+00 -5.82076609e-06\n  5.82076609e-06  0.00000000e+00]", "hess_inv": "[[ 2.83705847 -0.64812326  0.91640614 -0.45357768  1.38204172 -0.10317404]\n [-0.64812326  4.03191807 -2.95967337  0.84811063 -0.2406047   1.91464881]\n [ 0.91640614 -2.95967337  4.45963217  0.26471216  0.51464687 -2.20127684]\n [-0.45357768  0.84811063  0.26471216  2.48130755 -0.21814494 -0.13686412]\n [ 1.38204172 -0.2406047   0.51464687 -0.21814494  2.11126945 -0.14664916]\n [-0.10317404  1.91464881 -2.20127684 -0.13686412 -0.14664916  2.67690101]]", "nfev": "133", "njev": "19", "status": "0", "success": "True", "message": "Optimization terminated successfully.", "x": "[0.70518127 0.44977458 6.85109017 4.60514234 2.32646889 3.14759802]", "nit": "17"}, "3": {"maxiter": 100, "gtol": 1e-05, "xrtol": 1e-10, "eps": 1e-10, "duration": 0.0012919902801513672, "fun": "0.5144897699356079", "jac": "[0. 0. 0. 0. 0. 0.]", "hess_inv": "[[1 0 0 0 0 0]\n [0 1 0 0 0 0]\n [0 0 1 0 0 0]\n [0 0 0 1 0 0]\n [0 0 0 0 1 0]\n [0 0 0 0 0 1]]", "nfev": "7", "njev": "1", "status": "0", "success": "True", "message": "Optimization terminated successfully.", "x": "[0.92313975 1.2742038  5.35660288 5.47082292 2.92390864 3.65609804]", "nit": "0"}, "4": {"maxiter": 100, "gtol": 1e-10, "xrtol": 1e-05, "eps": 1e-05, "duration": 0.024083852767944336, "fun": "0.0007519159698858857", "jac": "[-5.82076609e-06  5.82076609e-06  0.00000000e+00 -5.82076609e-06\n  5.82076609e-06  0.00000000e+00]", "hess_inv": "[[ 2.83705847 -0.64812326  0.91640614 -0.45357768  1.38204172 -0.10317404]\n [-0.64812326  4.03191807 -2.95967337  0.84811063 -0.2406047   1.91464881]\n [ 0.91640614 -2.95967337  4.45963217  0.26471216  0.51464687 -2.20127684]\n [-0.45357768  0.84811063  0.26471216  2.48130755 -0.21814494 -0.13686412]\n [ 1.38204172 -0.2406047   0.51464687 -0.21814494  2.11126945 -0.14664916]\n [-0.10317404  1.91464881 -2.20127684 -0.13686412 -0.14664916  2.67690101]]", "nfev": "133", "njev": "19", "status": "0", "success": "True", "message": "Optimization terminated successfully.", "x": "[0.70518127 0.44977458 6.85109017 4.60514234 2.32646889 3.14759802]", "nit": "17"}, "5": {"maxiter": 100, "gtol": 1e-10, "xrtol": 1e-05, "eps": 1e-10, "duration": 0.0012791156768798828, "fun": "0.5144897699356079", "jac": "[0. 0. 0. 0. 0. 0.]", "hess_inv": "[[1 0 0 0 0 0]\n [0 1 0 0 0 0]\n [0 0 1 0 0 0]\n [0 0 0 1 0 0]\n [0 0 0 0 1 0]\n [0 0 0 0 0 1]]", "nfev": "7", "njev": "1", "status": "0", "success": "True", "message": "Optimization terminated successfully.", "x": "[0.92313975 1.2742038  5.35660288 5.47082292 2.92390864 3.65609804]", "nit": "0"}, "6": {"maxiter": 100, "gtol": 1e-10, "xrtol": 1e-10, "eps": 1e-05, "duration": 0.08055925369262695, "fun": "0.0007519159116782248", "jac": "[0.00000000e+00 0.00000000e+00 0.00000000e+00 5.82076609e-06\n 0.00000000e+00 0.00000000e+00]", "hess_inv": "[[ 3.03491956 -1.22965321  1.08542547 -0.80007285  0.96024946 -0.09425782]\n [-1.22965321  5.61610888 -3.59035703  1.6320107   0.71391384  2.04270319]\n [ 1.08542547 -3.59035703  4.29824344 -0.64211383 -0.14038737 -1.92934678]\n [-0.80007285  1.6320107  -0.64211383  1.85133761  0.00952891  0.35635217]\n [ 0.96024946  0.71391384 -0.14038737  0.00952891  2.35901813  0.17970829]\n [-0.09425782  2.04270319 -1.92934678  0.35635217  0.17970829  2.42648022]]", "nfev": "453", "njev": "63", "status": "2", "success": "False", "message": "Desired error not necessarily achieved due to precision loss.", "x": "[0.70519119 0.44974957 6.85111073 4.60514968 2.32645671 3.14758869]", "nit": "18"}, "7": {"maxiter": 100, "gtol": 1e-10, "xrtol": 1e-10, "eps": 1e-10, "duration": 0.0012791156768798828, "fun": "0.5144897699356079", "jac": "[0. 0. 0. 0. 0. 0.]", "hess_inv": "[[1 0 0 0 0 0]\n [0 1 0 0 0 0]\n [0 0 1 0 0 0]\n [0 0 0 1 0 0]\n [0 0 0 0 1 0]\n [0 0 0 0 0 1]]", "nfev": "7", "njev": "1", "status": "0", "success": "True", "message": "Optimization terminated successfully.", "x": "[0.92313975 1.2742038  5.35660288 5.47082292 2.92390864 3.65609804]", "nit": "0"}, "8": {"maxiter": 500, "gtol": 1e-05, "xrtol": 1e-05, "eps": 1e-05, "duration": 0.024119138717651367, "fun": "0.0007519159698858857", "jac": "[-5.82076609e-06  5.82076609e-06  0.00000000e+00 -5.82076609e-06\n  5.82076609e-06  0.00000000e+00]", "hess_inv": "[[ 2.83705847 -0.64812326  0.91640614 -0.45357768  1.38204172 -0.10317404]\n [-0.64812326  4.03191807 -2.95967337  0.84811063 -0.2406047   1.91464881]\n [ 0.91640614 -2.95967337  4.45963217  0.26471216  0.51464687 -2.20127684]\n [-0.45357768  0.84811063  0.26471216  2.48130755 -0.21814494 -0.13686412]\n [ 1.38204172 -0.2406047   0.51464687 -0.21814494  2.11126945 -0.14664916]\n [-0.10317404  1.91464881 -2.20127684 -0.13686412 -0.14664916  2.67690101]]", "nfev": "133", "njev": "19", "status": "0", "success": "True", "message": "Optimization terminated successfully.", "x": "[0.70518127 0.44977458 6.85109017 4.60514234 2.32646889 3.14759802]", "nit": "17"}, "9": {"maxiter": 500, "gtol": 1e-05, "xrtol": 1e-05, "eps": 1e-10, "duration": 0.0012919902801513672, "fun": "0.5144897699356079", "jac": "[0. 0. 0. 0. 0. 0.]", "hess_inv": "[[1 0 0 0 0 0]\n [0 1 0 0 0 0]\n [0 0 1 0 0 0]\n [0 0 0 1 0 0]\n [0 0 0 0 1 0]\n [0 0 0 0 0 1]]", "nfev": "7", "njev": "1", "status": "0", "success": "True", "message": "Optimization terminated successfully.", "x": "[0.92313975 1.2742038  5.35660288 5.47082292 2.92390864 3.65609804]", "nit": "0"}, "10": {"maxiter": 500, "gtol": 1e-05, "xrtol": 1e-10, "eps": 1e-05, "duration": 0.023925065994262695, "fun": "0.0007519159698858857", "jac": "[-5.82076609e-06  5.82076609e-06  0.00000000e+00 -5.82076609e-06\n  5.82076609e-06  0.00000000e+00]", "hess_inv": "[[ 2.83705847 -0.64812326  0.91640614 -0.45357768  1.38204172 -0.10317404]\n [-0.64812326  4.03191807 -2.95967337  0.84811063 -0.2406047   1.91464881]\n [ 0.91640614 -2.95967337  4.45963217  0.26471216  0.51464687 -2.20127684]\n [-0.45357768  0.84811063  0.26471216  2.48130755 -0.21814494 -0.13686412]\n [ 1.38204172 -0.2406047   0.51464687 -0.21814494  2.11126945 -0.14664916]\n [-0.10317404  1.91464881 -2.20127684 -0.13686412 -0.14664916  2.67690101]]", "nfev": "133", "njev": "19", "status": "0", "success": "True", "message": "Optimization terminated successfully.", "x": "[0.70518127 0.44977458 6.85109017 4.60514234 2.32646889 3.14759802]", "nit": "17"}, "11": {"maxiter": 500, "gtol": 1e-05, "xrtol": 1e-10, "eps": 1e-10, "duration": 0.0012810230255126953, "fun": "0.5144897699356079", "jac": "[0. 0. 0. 0. 0. 0.]", "hess_inv": "[[1 0 0 0 0 0]\n [0 1 0 0 0 0]\n [0 0 1 0 0 0]\n [0 0 0 1 0 0]\n [0 0 0 0 1 0]\n [0 0 0 0 0 1]]", "nfev": "7", "njev": "1", "status": "0", "success": "True", "message": "Optimization terminated successfully.", "x": "[0.92313975 1.2742038  5.35660288 5.47082292 2.92390864 3.65609804]", "nit": "0"}, "12": {"maxiter": 500, "gtol": 1e-10, "xrtol": 1e-05, "eps": 1e-05, "duration": 0.02448415756225586, "fun": "0.0007519159698858857", "jac": "[-5.82076609e-06  5.82076609e-06  0.00000000e+00 -5.82076609e-06\n  5.82076609e-06  0.00000000e+00]", "hess_inv": "[[ 2.83705847 -0.64812326  0.91640614 -0.45357768  1.38204172 -0.10317404]\n [-0.64812326  4.03191807 -2.95967337  0.84811063 -0.2406047   1.91464881]\n [ 0.91640614 -2.95967337  4.45963217  0.26471216  0.51464687 -2.20127684]\n [-0.45357768  0.84811063  0.26471216  2.48130755 -0.21814494 -0.13686412]\n [ 1.38204172 -0.2406047   0.51464687 -0.21814494  2.11126945 -0.14664916]\n [-0.10317404  1.91464881 -2.20127684 -0.13686412 -0.14664916  2.67690101]]", "nfev": "133", "njev": "19", "status": "0", "success": "True", "message": "Optimization terminated successfully.", "x": "[0.70518127 0.44977458 6.85109017 4.60514234 2.32646889 3.14759802]", "nit": "17"}, "13": {"maxiter": 500, "gtol": 1e-10, "xrtol": 1e-05, "eps": 1e-10, "duration": 0.0013089179992675781, "fun": "0.5144897699356079", "jac": "[0. 0. 0. 0. 0. 0.]", "hess_inv": "[[1 0 0 0 0 0]\n [0 1 0 0 0 0]\n [0 0 1 0 0 0]\n [0 0 0 1 0 0]\n [0 0 0 0 1 0]\n [0 0 0 0 0 1]]", "nfev": "7", "njev": "1", "status": "0", "success": "True", "message": "Optimization terminated successfully.", "x": "[0.92313975 1.2742038  5.35660288 5.47082292 2.92390864 3.65609804]", "nit": "0"}, "14": {"maxiter": 500, "gtol": 1e-10, "xrtol": 1e-10, "eps": 1e-05, "duration": 0.08121180534362793, "fun": "0.0007519159116782248", "jac": "[0.00000000e+00 0.00000000e+00 0.00000000e+00 5.82076609e-06\n 0.00000000e+00 0.00000000e+00]", "hess_inv": "[[ 3.03491956 -1.22965321  1.08542547 -0.80007285  0.96024946 -0.09425782]\n [-1.22965321  5.61610888 -3.59035703  1.6320107   0.71391384  2.04270319]\n [ 1.08542547 -3.59035703  4.29824344 -0.64211383 -0.14038737 -1.92934678]\n [-0.80007285  1.6320107  -0.64211383  1.85133761  0.00952891  0.35635217]\n [ 0.96024946  0.71391384 -0.14038737  0.00952891  2.35901813  0.17970829]\n [-0.09425782  2.04270319 -1.92934678  0.35635217  0.17970829  2.42648022]]", "nfev": "453", "njev": "63", "status": "2", "success": "False", "message": "Desired error not necessarily achieved due to precision loss.", "x": "[0.70519119 0.44974957 6.85111073 4.60514968 2.32645671 3.14758869]", "nit": "18"}, "15": {"maxiter": 500, "gtol": 1e-10, "xrtol": 1e-10, "eps": 1e-10, "duration": 0.0012929439544677734, "fun": "0.5144897699356079", "jac": "[0. 0. 0. 0. 0. 0.]", "hess_inv": "[[1 0 0 0 0 0]\n [0 1 0 0 0 0]\n [0 0 1 0 0 0]\n [0 0 0 1 0 0]\n [0 0 0 0 1 0]\n [0 0 0 0 0 1]]", "nfev": "7", "njev": "1", "status": "0", "success": "True", "message": "Optimization terminated successfully.", "x": "[0.92313975 1.2742038  5.35660288 5.47082292 2.92390864 3.65609804]", "nit": "0"}, "16": {"maxiter": 1000, "gtol": 1e-05, "xrtol": 1e-05, "eps": 1e-05, "duration": 0.023890018463134766, "fun": "0.0007519159698858857", "jac": "[-5.82076609e-06  5.82076609e-06  0.00000000e+00 -5.82076609e-06\n  5.82076609e-06  0.00000000e+00]", "hess_inv": "[[ 2.83705847 -0.64812326  0.91640614 -0.45357768  1.38204172 -0.10317404]\n [-0.64812326  4.03191807 -2.95967337  0.84811063 -0.2406047   1.91464881]\n [ 0.91640614 -2.95967337  4.45963217  0.26471216  0.51464687 -2.20127684]\n [-0.45357768  0.84811063  0.26471216  2.48130755 -0.21814494 -0.13686412]\n [ 1.38204172 -0.2406047   0.51464687 -0.21814494  2.11126945 -0.14664916]\n [-0.10317404  1.91464881 -2.20127684 -0.13686412 -0.14664916  2.67690101]]", "nfev": "133", "njev": "19", "status": "0", "success": "True", "message": "Optimization terminated successfully.", "x": "[0.70518127 0.44977458 6.85109017 4.60514234 2.32646889 3.14759802]", "nit": "17"}, "17": {"maxiter": 1000, "gtol": 1e-05, "xrtol": 1e-05, "eps": 1e-10, "duration": 0.0012784004211425781, "fun": "0.5144897699356079", "jac": "[0. 0. 0. 0. 0. 0.]", "hess_inv": "[[1 0 0 0 0 0]\n [0 1 0 0 0 0]\n [0 0 1 0 0 0]\n [0 0 0 1 0 0]\n [0 0 0 0 1 0]\n [0 0 0 0 0 1]]", "nfev": "7", "njev": "1", "status": "0", "success": "True", "message": "Optimization terminated successfully.", "x": "[0.92313975 1.2742038  5.35660288 5.47082292 2.92390864 3.65609804]", "nit": "0"}, "18": {"maxiter": 1000, "gtol": 1e-05, "xrtol": 1e-10, "eps": 1e-05, "duration": 0.024309873580932617, "fun": "0.0007519159698858857", "jac": "[-5.82076609e-06  5.82076609e-06  0.00000000e+00 -5.82076609e-06\n  5.82076609e-06  0.00000000e+00]", "hess_inv": "[[ 2.83705847 -0.64812326  0.91640614 -0.45357768  1.38204172 -0.10317404]\n [-0.64812326  4.03191807 -2.95967337  0.84811063 -0.2406047   1.91464881]\n [ 0.91640614 -2.95967337  4.45963217  0.26471216  0.51464687 -2.20127684]\n [-0.45357768  0.84811063  0.26471216  2.48130755 -0.21814494 -0.13686412]\n [ 1.38204172 -0.2406047   0.51464687 -0.21814494  2.11126945 -0.14664916]\n [-0.10317404  1.91464881 -2.20127684 -0.13686412 -0.14664916  2.67690101]]", "nfev": "133", "njev": "19", "status": "0", "success": "True", "message": "Optimization terminated successfully.", "x": "[0.70518127 0.44977458 6.85109017 4.60514234 2.32646889 3.14759802]", "nit": "17"}, "19": {"maxiter": 1000, "gtol": 1e-05, "xrtol": 1e-10, "eps": 1e-10, "duration": 0.0012958049774169922, "fun": "0.5144897699356079", "jac": "[0. 0. 0. 0. 0. 0.]", "hess_inv": "[[1 0 0 0 0 0]\n [0 1 0 0 0 0]\n [0 0 1 0 0 0]\n [0 0 0 1 0 0]\n [0 0 0 0 1 0]\n [0 0 0 0 0 1]]", "nfev": "7", "njev": "1", "status": "0", "success": "True", "message": "Optimization terminated successfully.", "x": "[0.92313975 1.2742038  5.35660288 5.47082292 2.92390864 3.65609804]", "nit": "0"}, "20": {"maxiter": 1000, "gtol": 1e-10, "xrtol": 1e-05, "eps": 1e-05, "duration": 0.02396368980407715, "fun": "0.0007519159698858857", "jac": "[-5.82076609e-06  5.82076609e-06  0.00000000e+00 -5.82076609e-06\n  5.82076609e-06  0.00000000e+00]", "hess_inv": "[[ 2.83705847 -0.64812326  0.91640614 -0.45357768  1.38204172 -0.10317404]\n [-0.64812326  4.03191807 -2.95967337  0.84811063 -0.2406047   1.91464881]\n [ 0.91640614 -2.95967337  4.45963217  0.26471216  0.51464687 -2.20127684]\n [-0.45357768  0.84811063  0.26471216  2.48130755 -0.21814494 -0.13686412]\n [ 1.38204172 -0.2406047   0.51464687 -0.21814494  2.11126945 -0.14664916]\n [-0.10317404  1.91464881 -2.20127684 -0.13686412 -0.14664916  2.67690101]]", "nfev": "133", "njev": "19", "status": "0", "success": "True", "message": "Optimization terminated successfully.", "x": "[0.70518127 0.44977458 6.85109017 4.60514234 2.32646889 3.14759802]", "nit": "17"}, "21": {"maxiter": 1000, "gtol": 1e-10, "xrtol": 1e-05, "eps": 1e-10, "duration": 0.0013036727905273438, "fun": "0.5144897699356079", "jac": "[0. 0. 0. 0. 0. 0.]", "hess_inv": "[[1 0 0 0 0 0]\n [0 1 0 0 0 0]\n [0 0 1 0 0 0]\n [0 0 0 1 0 0]\n [0 0 0 0 1 0]\n [0 0 0 0 0 1]]", "nfev": "7", "njev": "1", "status": "0", "success": "True", "message": "Optimization terminated successfully.", "x": "[0.92313975 1.2742038  5.35660288 5.47082292 2.92390864 3.65609804]", "nit": "0"}, "22": {"maxiter": 1000, "gtol": 1e-10, "xrtol": 1e-10, "eps": 1e-05, "duration": 0.07987213134765625, "fun": "0.0007519159116782248", "jac": "[0.00000000e+00 0.00000000e+00 0.00000000e+00 5.82076609e-06\n 0.00000000e+00 0.00000000e+00]", "hess_inv": "[[ 3.03491956 -1.22965321  1.08542547 -0.80007285  0.96024946 -0.09425782]\n [-1.22965321  5.61610888 -3.59035703  1.6320107   0.71391384  2.04270319]\n [ 1.08542547 -3.59035703  4.29824344 -0.64211383 -0.14038737 -1.92934678]\n [-0.80007285  1.6320107  -0.64211383  1.85133761  0.00952891  0.35635217]\n [ 0.96024946  0.71391384 -0.14038737  0.00952891  2.35901813  0.17970829]\n [-0.09425782  2.04270319 -1.92934678  0.35635217  0.17970829  2.42648022]]", "nfev": "453", "njev": "63", "status": "2", "success": "False", "message": "Desired error not necessarily achieved due to precision loss.", "x": "[0.70519119 0.44974957 6.85111073 4.60514968 2.32645671 3.14758869]", "nit": "18"}, "23": {"maxiter": 1000, "gtol": 1e-10, "xrtol": 1e-10, "eps": 1e-10, "duration": 0.0012798309326171875, "fun": "0.5144897699356079", "jac": "[0. 0. 0. 0. 0. 0.]", "hess_inv": "[[1 0 0 0 0 0]\n [0 1 0 0 0 0]\n [0 0 1 0 0 0]\n [0 0 0 1 0 0]\n [0 0 0 0 1 0]\n [0 0 0 0 0 1]]", "nfev": "7", "njev": "1", "status": "0", "success": "True", "message": "Optimization terminated successfully.", "x": "[0.92313975 1.2742038  5.35660288 5.47082292 2.92390864 3.65609804]", "nit": "0"}}, "cobyla": {"0": {"maxiter": 100, "tol": 1e-05, "catol": 1e-05, "duration": 0.01708507537841797, "x": "[-0.5036473   2.68892839  4.58372566  4.5944583   2.60862805  3.64783257]", "status": "2", "success": "False", "message": "Maximum number of function evaluations has been exceeded.", "nfev": "100", "fun": "0.0007523613749071956", "maxcv": "0.0"}, "1": {"maxiter": 100, "tol": 1e-05, "catol": 1e-10, "duration": 0.018559932708740234, "x": "[-0.5036473   2.68892839  4.58372566  4.5944583   2.60862805  3.64783257]", "status": "2", "success": "False", "message": "Maximum number of function evaluations has been exceeded.", "nfev": "100", "fun": "0.0007523613749071956", "maxcv": "0.0"}, "2": {"maxiter": 100, "tol": 1e-10, "catol": 1e-05, "duration": 0.017421245574951172, "x": "[-0.5036473   2.68892839  4.58372566  4.5944583   2.60862805  3.64783257]", "status": "2", "success": "False", "message": "Maximum number of function evaluations has been exceeded.", "nfev": "100", "fun": "0.0007523613749071956", "maxcv": "0.0"}, "3": {"maxiter": 100, "tol": 1e-10, "catol": 1e-10, "duration": 0.017132997512817383, "x": "[-0.5036473   2.68892839  4.58372566  4.5944583   2.60862805  3.64783257]", "status": "2", "success": "False", "message": "Maximum number of function evaluations has been exceeded.", "nfev": "100", "fun": "0.0007523613749071956", "maxcv": "0.0"}, "4": {"maxiter": 500, "tol": 1e-05, "catol": 1e-05, "duration": 0.028644800186157227, "x": "[-0.50403691  2.68970859  4.58425167  4.59532429  2.60871739  3.64835693]", "status": "1", "success": "True", "message": "Optimization terminated successfully.", "nfev": "168", "fun": "0.0007519159698858857", "maxcv": "0.0"}, "5": {"maxiter": 500, "tol": 1e-05, "catol": 1e-10, "duration": 0.02867889404296875, "x": "[-0.50403691  2.68970859  4.58425167  4.59532429  2.60871739  3.64835693]", "status": "1", "success": "True", "message": "Optimization terminated successfully.", "nfev": "168", "fun": "0.0007519159698858857", "maxcv": "0.0"}, "6": {"maxiter": 500, "tol": 1e-10, "catol": 1e-05, "duration": 0.034684181213378906, "x": "[-0.50403756  2.68970485  4.58425022  4.59532212  2.60871292  3.6483646 ]", "status": "1", "success": "True", "message": "Optimization terminated successfully.", "nfev": "204", "fun": "0.0007519159116782248", "maxcv": "0.0"}, "7": {"maxiter": 500, "tol": 1e-10, "catol": 1e-10, "duration": 0.03467392921447754, "x": "[-0.50403756  2.68970485  4.58425022  4.59532212  2.60871292  3.6483646 ]", "status": "1", "success": "True", "message": "Optimization terminated successfully.", "nfev": "204", "fun": "0.0007519159116782248", "maxcv": "0.0"}, "8": {"maxiter": 1000, "tol": 1e-05, "catol": 1e-05, "duration": 0.028543949127197266, "x": "[-0.50403691  2.68970859  4.58425167  4.59532429  2.60871739  3.64835693]", "status": "1", "success": "True", "message": "Optimization terminated successfully.", "nfev": "168", "fun": "0.0007519159698858857", "maxcv": "0.0"}, "9": {"maxiter": 1000, "tol": 1e-05, "catol": 1e-10, "duration": 0.028513193130493164, "x": "[-0.50403691  2.68970859  4.58425167  4.59532429  2.60871739  3.64835693]", "status": "1", "success": "True", "message": "Optimization terminated successfully.", "nfev": "168", "fun": "0.0007519159698858857", "maxcv": "0.0"}, "10": {"maxiter": 1000, "tol": 1e-10, "catol": 1e-05, "duration": 0.03464984893798828, "x": "[-0.50403756  2.68970485  4.58425022  4.59532212  2.60871292  3.6483646 ]", "status": "1", "success": "True", "message": "Optimization terminated successfully.", "nfev": "204", "fun": "0.0007519159116782248", "maxcv": "0.0"}, "11": {"maxiter": 1000, "tol": 1e-10, "catol": 1e-10, "duration": 0.0346221923828125, "x": "[-0.50403756  2.68970485  4.58425022  4.59532212  2.60871292  3.6483646 ]", "status": "1", "success": "True", "message": "Optimization terminated successfully.", "nfev": "204", "fun": "0.0007519159116782248", "maxcv": "0.0"}}, "powell": {"0": {"maxiter": 100, "ftol": 1e-05, "xtol": 1e-05, "duration": 0.15526390075683594, "fun": "0.0007519159116782248", "direc": "[[1. 0. 0. 0. 0. 0.]\n [0. 1. 0. 0. 0. 0.]\n [0. 0. 1. 0. 0. 0.]\n [0. 0. 0. 1. 0. 0.]\n [0. 0. 0. 0. 1. 0.]\n [0. 0. 0. 0. 0. 1.]]", "nit": "10", "nfev": "898", "status": "0", "success": "True", "message": "Optimization terminated successfully.", "x": "[-0.96305058  1.70006322  5.53322517  4.81001043  2.94844156  4.33403538]"}, "1": {"maxiter": 100, "ftol": 1e-05, "xtol": 1e-10, "duration": 0.3034329414367676, "fun": "0.0007519159116782248", "direc": "[[1. 0. 0. 0. 0. 0.]\n [0. 1. 0. 0. 0. 0.]\n [0. 0. 1. 0. 0. 0.]\n [0. 0. 0. 1. 0. 0.]\n [0. 0. 0. 0. 1. 0.]\n [0. 0. 0. 0. 0. 1.]]", "nit": "10", "nfev": "1758", "status": "0", "success": "True", "message": "Optimization terminated successfully.", "x": "[-0.9628828   1.70018072  5.53311992  4.8099312   2.94837587  4.33387636]"}, "2": {"maxiter": 100, "ftol": 1e-10, "xtol": 1e-05, "duration": 0.21120882034301758, "fun": "0.0007519158534705639", "direc": "[[1. 0. 0. 0. 0. 0.]\n [0. 1. 0. 0. 0. 0.]\n [0. 0. 1. 0. 0. 0.]\n [0. 0. 0. 1. 0. 0.]\n [0. 0. 0. 0. 1. 0.]\n [0. 0. 0. 0. 0. 1.]]", "nit": "12", "nfev": "1221", "status": "0", "success": "True", "message": "Optimization terminated successfully.", "x": "[-0.96305058  1.70008503  5.5332308   4.81000587  2.94843803  4.33402059]"}, "3": {"maxiter": 100, "ftol": 1e-10, "xtol": 1e-10, "duration": 0.3700439929962158, "fun": "0.0007519158534705639", "direc": "[[1. 0. 0. 0. 0. 0.]\n [0. 1. 0. 0. 0. 0.]\n [0. 0. 1. 0. 0. 0.]\n [0. 0. 0. 1. 0. 0.]\n [0. 0. 0. 0. 1. 0.]\n [0. 0. 0. 0. 0. 1.]]", "nit": "12", "nfev": "2169", "status": "0", "success": "True", "message": "Optimization terminated successfully.", "x": "[-0.96289367  1.70019471  5.53311992  4.80992565  2.94837587  4.33387431]"}, "4": {"maxiter": 500, "ftol": 1e-05, "xtol": 1e-05, "duration": 0.1548910140991211, "fun": "0.0007519159116782248", "direc": "[[1. 0. 0. 0. 0. 0.]\n [0. 1. 0. 0. 0. 0.]\n [0. 0. 1. 0. 0. 0.]\n [0. 0. 0. 1. 0. 0.]\n [0. 0. 0. 0. 1. 0.]\n [0. 0. 0. 0. 0. 1.]]", "nit": "10", "nfev": "898", "status": "0", "success": "True", "message": "Optimization terminated successfully.", "x": "[-0.96305058  1.70006322  5.53322517  4.81001043  2.94844156  4.33403538]"}, "5": {"maxiter": 500, "ftol": 1e-05, "xtol": 1e-10, "duration": 0.29961180686950684, "fun": "0.0007519159116782248", "direc": "[[1. 0. 0. 0. 0. 0.]\n [0. 1. 0. 0. 0. 0.]\n [0. 0. 1. 0. 0. 0.]\n [0. 0. 0. 1. 0. 0.]\n [0. 0. 0. 0. 1. 0.]\n [0. 0. 0. 0. 0. 1.]]", "nit": "10", "nfev": "1758", "status": "0", "success": "True", "message": "Optimization terminated successfully.", "x": "[-0.9628828   1.70018072  5.53311992  4.8099312   2.94837587  4.33387636]"}, "6": {"maxiter": 500, "ftol": 1e-10, "xtol": 1e-05, "duration": 0.21080493927001953, "fun": "0.0007519158534705639", "direc": "[[1. 0. 0. 0. 0. 0.]\n [0. 1. 0. 0. 0. 0.]\n [0. 0. 1. 0. 0. 0.]\n [0. 0. 0. 1. 0. 0.]\n [0. 0. 0. 0. 1. 0.]\n [0. 0. 0. 0. 0. 1.]]", "nit": "12", "nfev": "1221", "status": "0", "success": "True", "message": "Optimization terminated successfully.", "x": "[-0.96305058  1.70008503  5.5332308   4.81000587  2.94843803  4.33402059]"}, "7": {"maxiter": 500, "ftol": 1e-10, "xtol": 1e-10, "duration": 0.37256383895874023, "fun": "0.0007519158534705639", "direc": "[[1. 0. 0. 0. 0. 0.]\n [0. 1. 0. 0. 0. 0.]\n [0. 0. 1. 0. 0. 0.]\n [0. 0. 0. 1. 0. 0.]\n [0. 0. 0. 0. 1. 0.]\n [0. 0. 0. 0. 0. 1.]]", "nit": "12", "nfev": "2169", "status": "0", "success": "True", "message": "Optimization terminated successfully.", "x": "[-0.96289367  1.70019471  5.53311992  4.80992565  2.94837587  4.33387431]"}, "8": {"maxiter": 1000, "ftol": 1e-05, "xtol": 1e-05, "duration": 0.15447592735290527, "fun": "0.0007519159116782248", "direc": "[[1. 0. 0. 0. 0. 0.]\n [0. 1. 0. 0. 0. 0.]\n [0. 0. 1. 0. 0. 0.]\n [0. 0. 0. 1. 0. 0.]\n [0. 0. 0. 0. 1. 0.]\n [0. 0. 0. 0. 0. 1.]]", "nit": "10", "nfev": "898", "status": "0", "success": "True", "message": "Optimization terminated successfully.", "x": "[-0.96305058  1.70006322  5.53322517  4.81001043  2.94844156  4.33403538]"}, "9": {"maxiter": 1000, "ftol": 1e-05, "xtol": 1e-10, "duration": 0.30073118209838867, "fun": "0.0007519159116782248", "direc": "[[1. 0. 0. 0. 0. 0.]\n [0. 1. 0. 0. 0. 0.]\n [0. 0. 1. 0. 0. 0.]\n [0. 0. 0. 1. 0. 0.]\n [0. 0. 0. 0. 1. 0.]\n [0. 0. 0. 0. 0. 1.]]", "nit": "10", "nfev": "1758", "status": "0", "success": "True", "message": "Optimization terminated successfully.", "x": "[-0.9628828   1.70018072  5.53311992  4.8099312   2.94837587  4.33387636]"}, "10": {"maxiter": 1000, "ftol": 1e-10, "xtol": 1e-05, "duration": 0.21071696281433105, "fun": "0.0007519158534705639", "direc": "[[1. 0. 0. 0. 0. 0.]\n [0. 1. 0. 0. 0. 0.]\n [0. 0. 1. 0. 0. 0.]\n [0. 0. 0. 1. 0. 0.]\n [0. 0. 0. 0. 1. 0.]\n [0. 0. 0. 0. 0. 1.]]", "nit": "12", "nfev": "1221", "status": "0", "success": "True", "message": "Optimization terminated successfully.", "x": "[-0.96305058  1.70008503  5.5332308   4.81000587  2.94843803  4.33402059]"}, "11": {"maxiter": 1000, "ftol": 1e-10, "xtol": 1e-10, "duration": 0.3726792335510254, "fun": "0.0007519158534705639", "direc": "[[1. 0. 0. 0. 0. 0.]\n [0. 1. 0. 0. 0. 0.]\n [0. 0. 1. 0. 0. 0.]\n [0. 0. 0. 1. 0. 0.]\n [0. 0. 0. 0. 1. 0.]\n [0. 0. 0. 0. 0. 1.]]", "nit": "12", "nfev": "2169", "status": "0", "success": "True", "message": "Optimization terminated su