{"conf_id": 15, "data_type": "random\n", "num_data_points": 1, "s_rank": 0, "unitary": "[[-0.45070455-0.02711853j,0.78437395-0.06613086j,0.06358678+0.19963393j,-0.07343613+0.35668523j],[-0.01890143-0.03813363j,0.32408202+0.25557629j,0.05872864-0.68979805j,0.55466693-0.20227297j],[-0.11215405+0.64023111j,-0.13344055+0.29565494j,-0.49012687-0.19046288j,-0.04241254+0.44046348j],[0.55771659+0.24656916j,0.31851997-0.05798805j,0.28761525-0.34294258j,-0.56718418+0.03616933j]]", "databatch_0": {"databatch": "[[[-0.05755091-0.11998703j,-0.20708521+0.25774418j,0.38735691-0.18474474j,0.23778568+0.0672157j],[-0.05170426-0.15976061j,-0.06895815+0.11700032j,-0.00744766-0.11482942j,0.20748711+0.0475646j],[-0.51784472+0.13403348j,-0.14289312+0.01254461j,0.02623855-0.02662416j,0.02020747+0.04687753j],[0.13182617+0.27750695j,-0.1095279+0.1473729j,0.24036484+0.12922143j,0.08768806-0.03962262j]]]", "nelder_mead": {"0": {"maxiter": 100, "fatol": 1e-05, "xatol": 1e-05, "duration": 0.030086040496826172, "fun": "0.4061855673789978", "nit": "100", "nfev": "167", "status": "2", "success": "False", "message": "Maximum number of iterations has been exceeded.", "x": "[1.98835401 0.80786472 2.3036224  3.07220487 1.31318555 0.52611214]", "final_simplex": "(array([[1.98835401, 0.80786472, 2.3036224 , 3.07220487, 1.31318555,\n        0.52611214],\n       [1.99529149, 0.80863143, 2.28925194, 3.07491432, 1.32290837,\n        0.53344567],\n       [2.00540197, 0.80695729, 2.28142094, 3.08200371, 1.30308316,\n        0.52783558],\n       [2.01500189, 0.80322241, 2.29275068, 3.07439529, 1.32547336,\n        0.52931367],\n       [2.00463276, 0.81169115, 2.25840565, 3.08255871, 1.29387141,\n        0.52837146],\n       [2.03392369, 0.80227532, 2.30523071, 3.04933755, 1.32925733,\n        0.53426819],\n       [2.00990256, 0.81406334, 2.28118583, 3.07411545, 1.28355491,\n        0.53012805]]), array([0.40618557, 0.40620989, 0.40621188, 0.40623012, 0.40625718,\n       0.40627196, 0.40630332]))"}, "1": {"maxiter": 100, "fatol": 1e-05, "xatol": 1e-10, "duration": 0.030041217803955078, "fun": "0.4061855673789978", "nit": "100", "nfev": "167", "status": "2", "success": "False", "message": "Maximum number of iterations has been exceeded.", "x": "[1.98835401 0.80786472 2.3036224  3.07220487 1.31318555 0.52611214]", "final_simplex": "(array([[1.98835401, 0.80786472, 2.3036224 , 3.07220487, 1.31318555,\n        0.52611214],\n       [1.99529149, 0.80863143, 2.28925194, 3.07491432, 1.32290837,\n        0.53344567],\n       [2.00540197, 0.80695729, 2.28142094, 3.08200371, 1.30308316,\n        0.52783558],\n       [2.01500189, 0.80322241, 2.29275068, 3.07439529, 1.32547336,\n        0.52931367],\n       [2.00463276, 0.81169115, 2.25840565, 3.08255871, 1.29387141,\n        0.52837146],\n       [2.03392369, 0.80227532, 2.30523071, 3.04933755, 1.32925733,\n        0.53426819],\n       [2.00990256, 0.81406334, 2.28118583, 3.07411545, 1.28355491,\n        0.53012805]]), array([0.40618557, 0.40620989, 0.40621188, 0.40623012, 0.40625718,\n       0.40627196, 0.40630332]))"}, "2": {"maxiter": 100, "fatol": 1e-10, "xatol": 1e-05, "duration": 0.030462980270385742, "fun": "0.4061855673789978", "nit": "100", "nfev": "167", "status": "2", "success": "False", "message": "Maximum number of iterations has been exceeded.", "x": "[1.98835401 0.80786472 2.3036224  3.07220487 1.31318555 0.52611214]", "final_simplex": "(array([[1.98835401, 0.80786472, 2.3036224 , 3.07220487, 1.31318555,\n        0.52611214],\n       [1.99529149, 0.80863143, 2.28925194, 3.07491432, 1.32290837,\n        0.53344567],\n       [2.00540197, 0.80695729, 2.28142094, 3.08200371, 1.30308316,\n        0.52783558],\n       [2.01500189, 0.80322241, 2.29275068, 3.07439529, 1.32547336,\n        0.52931367],\n       [2.00463276, 0.81169115, 2.25840565, 3.08255871, 1.29387141,\n        0.52837146],\n       [2.03392369, 0.80227532, 2.30523071, 3.04933755, 1.32925733,\n        0.53426819],\n       [2.00990256, 0.81406334, 2.28118583, 3.07411545, 1.28355491,\n        0.53012805]]), array([0.40618557, 0.40620989, 0.40621188, 0.40623012, 0.40625718,\n       0.40627196, 0.40630332]))"}, "3": {"maxiter": 100, "fatol": 1e-10, "xatol": 1e-10, "duration": 0.02985215187072754, "fun": "0.4061855673789978", "nit": "100", "nfev": "167", "status": "2", "success": "False", "message": "Maximum number of iterations has been exceeded.", "x": "[1.98835401 0.80786472 2.3036224  3.07220487 1.31318555 0.52611214]", "final_simplex": "(array([[1.98835401, 0.80786472, 2.3036224 , 3.07220487, 1.31318555,\n        0.52611214],\n       [1.99529149, 0.80863143, 2.28925194, 3.07491432, 1.32290837,\n        0.53344567],\n       [2.00540197, 0.80695729, 2.28142094, 3.08200371, 1.30308316,\n        0.52783558],\n       [2.01500189, 0.80322241, 2.29275068, 3.07439529, 1.32547336,\n        0.52931367],\n       [2.00463276, 0.81169115, 2.25840565, 3.08255871, 1.29387141,\n        0.52837146],\n       [2.03392369, 0.80227532, 2.30523071, 3.04933755, 1.32925733,\n        0.53426819],\n       [2.00990256, 0.81406334, 2.28118583, 3.07411545, 1.28355491,\n        0.53012805]]), array([0.40618557, 0.40620989, 0.40621188, 0.40623012, 0.40625718,\n       0.40627196, 0.40630332]))"}, "4": {"maxiter": 500, "fatol": 1e-05, "xatol": 1e-05, "duration": 0.1337590217590332, "fun": "0.3387720584869385", "nit": "460", "nfev": "760", "status": "0", "success": "True", "message": "Optimization terminated successfully.", "x": "[ 0.99517437  1.05420193  0.54373287  1.70818182 -2.09022088 -1.37118975]", "final_simplex": "(array([[ 0.99517437,  1.05420193,  0.54373287,  1.70818182, -2.09022088,\n        -1.37118975],\n       [ 0.99517439,  1.05420354,  0.54373349,  1.70818098, -2.09022086,\n        -1.37118949],\n       [ 0.99517489,  1.05420079,  0.54373551,  1.70818065, -2.09021955,\n        -1.37119063],\n       [ 0.99517349,  1.0542025 ,  0.54373525,  1.70818076, -2.0902177 ,\n        -1.37119017],\n       [ 0.99517456,  1.05420468,  0.54372929,  1.70817974, -2.09022384,\n        -1.37119032],\n       [ 0.99517714,  1.0542001 ,  0.54373831,  1.70818338, -2.09021795,\n        -1.37119095],\n       [ 0.99517591,  1.05420275,  0.54373255,  1.70818059, -2.09022058,\n        -1.37118926]]), array([0.33877206, 0.33877206, 0.33877206, 0.33877206, 0.33877206,\n       0.33877206, 0.33877206]))"}, "5": {"maxiter": 500, "fatol": 1e-05, "xatol": 1e-10, "duration": 0.15515899658203125, "fun": "0.3387720584869385", "nit": "476", "nfev": "888", "status": "0", "success": "True", "message": "Optimization terminated successfully.", "x": "[ 0.99517437  1.05420193  0.54373287  1.70818182 -2.09022088 -1.37118975]", "final_simplex": "(array([[ 0.99517437,  1.05420193,  0.54373287,  1.70818182, -2.09022088,\n        -1.37118975],\n       [ 0.99517437,  1.05420193,  0.54373287,  1.70818182, -2.09022088,\n        -1.37118975],\n       [ 0.99517437,  1.05420193,  0.54373287,  1.70818182, -2.09022088,\n        -1.37118975],\n       [ 0.99517437,  1.05420193,  0.54373287,  1.70818182, -2.09022088,\n        -1.37118975],\n       [ 0.99517437,  1.05420193,  0.54373287,  1.70818182, -2.09022088,\n        -1.37118975],\n       [ 0.99517437,  1.05420193,  0.54373287,  1.70818182, -2.09022088,\n        -1.37118975],\n       [ 0.99517437,  1.05420193,  0.54373287,  1.70818182, -2.09022088,\n        -1.37118975]]), array([0.33877206, 0.33877206, 0.33877206, 0.33877206, 0.33877206,\n       0.33877206, 0.33877206]))"}, "6": {"maxiter": 500, "fatol": 1e-10, "xatol": 1e-05, "duration": 0.13350892066955566, "fun": "0.3387720584869385", "nit": "460", "nfev": "760", "status": "0", "success": "True", "message": "Optimization terminated successfully.", "x": "[ 0.99517437  1.05420193  0.54373287  1.70818182 -2.09022088 -1.37118975]", "final_simplex": "(array([[ 0.99517437,  1.05420193,  0.54373287,  1.70818182, -2.09022088,\n        -1.37118975],\n       [ 0.99517439,  1.05420354,  0.54373349,  1.70818098, -2.09022086,\n        -1.37118949],\n       [ 0.99517489,  1.05420079,  0.54373551,  1.70818065, -2.09021955,\n        -1.37119063],\n       [ 0.99517349,  1.0542025 ,  0.54373525,  1.70818076, -2.0902177 ,\n        -1.37119017],\n       [ 0.99517456,  1.05420468,  0.54372929,  1.70817974, -2.09022384,\n        -1.37119032],\n       [ 0.99517714,  1.0542001 ,  0.54373831,  1.70818338, -2.09021795,\n        -1.37119095],\n       [ 0.99517591,  1.05420275,  0.54373255,  1.70818059, -2.09022058,\n        -1.37118926]]), array([0.33877206, 0.33877206, 0.33877206, 0.33877206, 0.33877206,\n       0.33877206, 0.33877206]))"}, "7": {"maxiter": 500, "fatol": 1e-10, "xatol": 1e-10, "duration": 0.15682697296142578, "fun": "0.3387720584869385", "nit": "476", "nfev": "888", "status": "0", "success": "True", "message": "Optimization terminated successfully.", "x": "[ 0.99517437  1.05420193  0.54373287  1.70818182 -2.09022088 -1.37118975]", "final_simplex": "(array([[ 0.99517437,  1.05420193,  0.54373287,  1.70818182, -2.09022088,\n        -1.37118975],\n       [ 0.99517437,  1.05420193,  0.54373287,  1.70818182, -2.09022088,\n        -1.37118975],\n       [ 0.99517437,  1.05420193,  0.54373287,  1.70818182, -2.09022088,\n        -1.37118975],\n       [ 0.99517437,  1.05420193,  0.54373287,  1.70818182, -2.09022088,\n        -1.37118975],\n       [ 0.99517437,  1.05420193,  0.54373287,  1.70818182, -2.09022088,\n        -1.37118975],\n       [ 0.99517437,  1.05420193,  0.54373287,  1.70818182, -2.09022088,\n        -1.37118975],\n       [ 0.99517437,  1.05420193,  0.54373287,  1.70818182, -2.09022088,\n        -1.37118975]]), array([0.33877206, 0.33877206, 0.33877206, 0.33877206, 0.33877206,\n       0.33877206, 0.33877206]))"}, "8": {"maxiter": 1000, "fatol": 1e-05, "xatol": 1e-05, "duration": 0.13476204872131348, "fun": "0.3387720584869385", "nit": "460", "nfev": "760", "status": "0", "success": "True", "message": "Optimization terminated successfully.", "x": "[ 0.99517437  1.05420193  0.54373287  1.70818182 -2.09022088 -1.37118975]", "final_simplex": "(array([[ 0.99517437,  1.05420193,  0.54373287,  1.70818182, -2.09022088,\n        -1.37118975],\n       [ 0.99517439,  1.05420354,  0.54373349,  1.70818098, -2.09022086,\n        -1.37118949],\n       [ 0.99517489,  1.05420079,  0.54373551,  1.70818065, -2.09021955,\n        -1.37119063],\n       [ 0.99517349,  1.0542025 ,  0.54373525,  1.70818076, -2.0902177 ,\n        -1.37119017],\n       [ 0.99517456,  1.05420468,  0.54372929,  1.70817974, -2.09022384,\n        -1.37119032],\n       [ 0.99517714,  1.0542001 ,  0.54373831,  1.70818338, -2.09021795,\n        -1.37119095],\n       [ 0.99517591,  1.05420275,  0.54373255,  1.70818059, -2.09022058,\n        -1.37118926]]), array([0.33877206, 0.33877206, 0.33877206, 0.33877206, 0.33877206,\n       0.33877206, 0.33877206]))"}, "9": {"maxiter": 1000, "fatol": 1e-05, "xatol": 1e-10, "duration": 0.1607060432434082, "fun": "0.3387720584869385", "nit": "476", "nfev": "888", "status": "0", "success": "True", "message": "Optimization terminated successfully.", "x": "[ 0.99517437  1.05420193  0.54373287  1.70818182 -2.09022088 -1.37118975]", "final_simplex": "(array([[ 0.99517437,  1.05420193,  0.54373287,  1.70818182, -2.09022088,\n        -1.37118975],\n       [ 0.99517437,  1.05420193,  0.54373287,  1.70818182, -2.09022088,\n        -1.37118975],\n       [ 0.99517437,  1.05420193,  0.54373287,  1.70818182, -2.09022088,\n        -1.37118975],\n       [ 0.99517437,  1.05420193,  0.54373287,  1.70818182, -2.09022088,\n        -1.37118975],\n       [ 0.99517437,  1.05420193,  0.54373287,  1.70818182, -2.09022088,\n        -1.37118975],\n       [ 0.99517437,  1.05420193,  0.54373287,  1.70818182, -2.09022088,\n        -1.37118975],\n       [ 0.99517437,  1.05420193,  0.54373287,  1.70818182, -2.09022088,\n        -1.37118975]]), array([0.33877206, 0.33877206, 0.33877206, 0.33877206, 0.33877206,\n       0.33877206, 0.33877206]))"}, "10": {"maxiter": 1000, "fatol": 1e-10, "xatol": 1e-05, "duration": 0.13894200325012207, "fun": "0.3387720584869385", "nit": "460", "nfev": "760", "status": "0", "success": "True", "message": "Optimization terminated successfully.", "x": "[ 0.99517437  1.05420193  0.54373287  1.70818182 -2.09022088 -1.37118975]", "final_simplex": "(array([[ 0.99517437,  1.05420193,  0.54373287,  1.70818182, -2.09022088,\n        -1.37118975],\n       [ 0.99517439,  1.05420354,  0.54373349,  1.70818098, -2.09022086,\n        -1.37118949],\n       [ 0.99517489,  1.05420079,  0.54373551,  1.70818065, -2.09021955,\n        -1.37119063],\n       [ 0.99517349,  1.0542025 ,  0.54373525,  1.70818076, -2.0902177 ,\n        -1.37119017],\n       [ 0.99517456,  1.05420468,  0.54372929,  1.70817974, -2.09022384,\n        -1.37119032],\n       [ 0.99517714,  1.0542001 ,  0.54373831,  1.70818338, -2.09021795,\n        -1.37119095],\n       [ 0.99517591,  1.05420275,  0.54373255,  1.70818059, -2.09022058,\n        -1.37118926]]), array([0.33877206, 0.33877206, 0.33877206, 0.33877206, 0.33877206,\n       0.33877206, 0.33877206]))"}, "11": {"maxiter": 1000, "fatol": 1e-10, "xatol": 1e-10, "duration": 0.1575918197631836, "fun": "0.3387720584869385", "nit": "476", "nfev": "888", "status": "0", "success": "True", "message": "Optimization terminated successfully.", "x": "[ 0.99517437  1.05420193  0.54373287  1.70818182 -2.09022088 -1.37118975]", "final_simplex": "(array([[ 0.99517437,  1.05420193,  0.54373287,  1.70818182, -2.09022088,\n        -1.37118975],\n       [ 0.99517437,  1.05420193,  0.54373287,  1.70818182, -2.09022088,\n        -1.37118975],\n       [ 0.99517437,  1.05420193,  0.54373287,  1.70818182, -2.09022088,\n        -1.37118975],\n       [ 0.99517437,  1.05420193,  0.54373287,  1.70818182, -2.09022088,\n        -1.37118975],\n       [ 0.99517437,  1.05420193,  0.54373287,  1.70818182, -2.09022088,\n        -1.37118975],\n       [ 0.99517437,  1.05420193,  0.54373287,  1.70818182, -2.09022088,\n        -1.37118975],\n       [ 0.99517437,  1.05420193,  0.54373287,  1.70818182, -2.09022088,\n        -1.37118975]]), array([0.33877206, 0.33877206, 0.33877206, 0.33877206, 0.33877206,\n       0.33877206, 0.33877206]))"}}, "bfgs": {"0": {"maxiter": 100, "gtol": 1e-05, "xrtol": 1e-05, "eps": 1e-05, "duration": 0.11426591873168945, "fun": "0.3387855291366577", "jac": "[0. 0. 0. 0. 0. 0.]", "hess_inv": "[[ 0.25659634 -0.03489817 -0.00185994 -0.01637889  0.03009821  0.13125641]\n [-0.03489817  1.31782387 -1.29424189  0.03219055 -1.0490521  -0.75316081]\n [-0.00185994 -1.29424189  1.3195184  -0.03739751  1.03104167  0.74886561]\n [-0.01637889  0.03219055 -0.03739751  0.02203341 -0.05445509 -0.03201055]\n [ 0.03009821 -1.0490521   1.03104167 -0.05445509  1.33465759  0.38260548]\n [ 0.13125641 -0.75316081  0.74886561 -0.03201055  0.38260548  1.36413279]]", "nfev": "630", "njev": "90", "status": "0", "success": "True", "message": "Optimization terminated successfully.", "x": "[ 0.99918378  1.0536809   6.83725508  1.71782468  4.20061573 -1.36843763]", "nit": "64"}, "1": {"maxiter": 100, "gtol": 1e-05, "xrtol": 1e-05, "eps": 1e-10, "duration": 0.0013070106506347656, "fun": "0.8047857284545898", "jac": "[0. 0. 0. 0. 0. 0.]", "hess_inv": "[[1 0 0 0 0 0]\n [0 1 0 0 0 0]\n [0 0 1 0 0 0]\n [0 0 0 1 0 0]\n [0 0 0 0 1 0]\n [0 0 0 0 0 1]]", "nfev": "7", "njev": "1", "status": "0", "success": "True", "message": "Optimization terminated successfully.", "x": "[2.59885665 0.46727919 4.62413722 2.26451133 2.42058752 0.58466017]", "nit": "0"}, "2": {"maxiter": 100, "gtol": 1e-05, "xrtol": 1e-10, "eps": 1e-05, "duration": 0.11448001861572266, "fun": "0.3387855291366577", "jac": "[0. 0. 0. 0. 0. 0.]", "hess_inv": "[[ 0.25659634 -0.03489817 -0.00185994 -0.01637889  0.03009821  0.13125641]\n [-0.03489817  1.31782387 -1.29424189  0.03219055 -1.0490521  -0.75316081]\n [-0.00185994 -1.29424189  1.3195184  -0.03739751  1.03104167  0.74886561]\n [-0.01637889  0.03219055 -0.03739751  0.02203341 -0.05445509 -0.03201055]\n [ 0.03009821 -1.0490521   1.03104167 -0.05445509  1.33465759  0.38260548]\n [ 0.13125641 -0.75316081  0.74886561 -0.03201055  0.38260548  1.36413279]]", "nfev": "630", "njev": "90", "status": "0", "success": "True", "message": "Optimization terminated successfully.", "x": "[ 0.99918378  1.0536809   6.83725508  1.71782468  4.20061573 -1.36843763]", "nit": "64"}, "3": {"maxiter": 100, "gtol": 1e-05, "xrtol": 1e-10, "eps": 1e-10, "duration": 0.0012989044189453125, "fun": "0.8047857284545898", "jac": "[0. 0. 0. 0. 0. 0.]", "hess_inv": "[[1 0 0 0 0 0]\n [0 1 0 0 0 0]\n [0 0 1 0 0 0]\n [0 0 0 1 0 0]\n [0 0 0 0 1 0]\n [0 0 0 0 0 1]]", "nfev": "7", "njev": "1", "status": "0", "success": "True", "message": "Optimization terminated successfully.", "x": "[2.59885665 0.46727919 4.62413722 2.26451133 2.42058752 0.58466017]", "nit": "0"}, "4": {"maxiter": 100, "gtol": 1e-10, "xrtol": 1e-05, "eps": 1e-05, "duration": 0.11637187004089355, "fun": "0.3387855291366577", "jac": "[0. 0. 0. 0. 0. 0.]", "hess_inv": "[[ 0.25659634 -0.03489817 -0.00185994 -0.01637889  0.03009821  0.13125641]\n [-0.03489817  1.31782387 -1.29424189  0.03219055 -1.0490521  -0.75316081]\n [-0.00185994 -1.29424189  1.3195184  -0.03739751  1.03104167  0.74886561]\n [-0.01637889  0.03219055 -0.03739751  0.02203341 -0.05445509 -0.03201055]\n [ 0.03009821 -1.0490521   1.03104167 -0.05445509  1.33465759  0.38260548]\n [ 0.13125641 -0.75316081  0.74886561 -0.03201055  0.38260548  1.36413279]]", "nfev": "630", "njev": "90", "status": "0", "success": "True", "message": "Optimization terminated successfully.", "x": "[ 0.99918378  1.0536809   6.83725508  1.71782468  4.20061573 -1.36843763]", "nit": "64"}, "5": {"maxiter": 100, "gtol": 1e-10, "xrtol": 1e-05, "eps": 1e-10, "duration": 0.0013408660888671875, "fun": "0.8047857284545898", "jac": "[0. 0. 0. 0. 0. 0.]", "hess_inv": "[[1 0 0 0 0 0]\n [0 1 0 0 0 0]\n [0 0 1 0 0 0]\n [0 0 0 1 0 0]\n [0 0 0 0 1 0]\n [0 0 0 0 0 1]]", "nfev": "7", "njev": "1", "status": "0", "success": "True", "message": "Optimization terminated successfully.", "x": "[2.59885665 0.46727919 4.62413722 2.26451133 2.42058752 0.58466017]", "nit": "0"}, "6": {"maxiter": 100, "gtol": 1e-10, "xrtol": 1e-10, "eps": 1e-05, "duration": 0.20234990119934082, "fun": "0.3387855291366577", "jac": "[0. 0. 0. 0. 0. 0.]", "hess_inv": "[[ 0.25659634 -0.03489817 -0.00185994 -0.01637889  0.03009821  0.13125641]\n [-0.03489817  1.31782387 -1.29424189  0.03219055 -1.0490521  -0.75316081]\n [-0.00185994 -1.29424189  1.3195184  -0.03739751  1.03104167  0.74886561]\n [-0.01637889  0.03219055 -0.03739751  0.02203341 -0.05445509 -0.03201055]\n [ 0.03009821 -1.0490521   1.03104167 -0.05445509  1.33465759  0.38260548]\n [ 0.13125641 -0.75316081  0.74886561 -0.03201055  0.38260548  1.36413279]]", "nfev": "630", "njev": "90", "status": "0", "success": "True", "message": "Optimization terminated successfully.", "x": "[ 0.99918378  1.0536809   6.83725508  1.71782468  4.20061573 -1.36843763]", "nit": "64"}, "7": {"maxiter": 100, "gtol": 1e-10, "xrtol": 1e-10, "eps": 1e-10, "duration": 0.0013570785522460938, "fun": "0.8047857284545898", "jac": "[0. 0. 0. 0. 0. 0.]", "hess_inv": "[[1 0 0 0 0 0]\n [0 1 0 0 0 0]\n [0 0 1 0 0 0]\n [0 0 0 1 0 0]\n [0 0 0 0 1 0]\n [0 0 0 0 0 1]]", "nfev": "7", "njev": "1", "status": "0", "success": "True", "message": "Optimization terminated successfully.", "x": "[2.59885665 0.46727919 4.62413722 2.26451133 2.42058752 0.58466017]", "nit": "0"}, "8": {"maxiter": 500, "gtol": 1e-05, "xrtol": 1e-05, "eps": 1e-05, "duration": 0.13384413719177246, "fun": "0.3387855291366577", "jac": "[0. 0. 0. 0. 0. 0.]", "hess_inv": "[[ 0.25659634 -0.03489817 -0.00185994 -0.01637889  0.03009821  0.13125641]\n [-0.03489817  1.31782387 -1.29424189  0.03219055 -1.0490521  -0.75316081]\n [-0.00185994 -1.29424189  1.3195184  -0.03739751  1.03104167  0.74886561]\n [-0.01637889  0.03219055 -0.03739751  0.02203341 -0.05445509 -0.03201055]\n [ 0.03009821 -1.0490521   1.03104167 -0.05445509  1.33465759  0.38260548]\n [ 0.13125641 -0.75316081  0.74886561 -0.03201055  0.38260548  1.36413279]]", "nfev": "630", "njev": "90", "status": "0", "success": "True", "message": "Optimization terminated successfully.", "x": "[ 0.99918378  1.0536809   6.83725508  1.71782468  4.20061573 -1.36843763]", "nit": "64"}, "9": {"maxiter": 500, "gtol": 1e-05, "xrtol": 1e-05, "eps": 1e-10, "duration": 0.0013287067413330078, "fun": "0.8047857284545898", "jac": "[0. 0. 0. 0. 0. 0.]", "hess_inv": "[[1 0 0 0 0 0]\n [0 1 0 0 0 0]\n [0 0 1 0 0 0]\n [0 0 0 1 0 0]\n [0 0 0 0 1 0]\n [0 0 0 0 0 1]]", "nfev": "7", "njev": "1", "status": "0", "success": "True", "message": "Optimization terminated successfully.", "x": "[2.59885665 0.46727919 4.62413722 2.26451133 2.42058752 0.58466017]", "nit": "0"}, "10": {"maxiter": 500, "gtol": 1e-05, "xrtol": 1e-10, "eps": 1e-05, "duration": 0.11848688125610352, "fun": "0.3387855291366577", "jac": "[0. 0. 0. 0. 0. 0.]", "hess_inv": "[[ 0.25659634 -0.03489817 -0.00185994 -0.01637889  0.03009821  0.13125641]\n [-0.03489817  1.31782387 -1.29424189  0.03219055 -1.0490521  -0.75316081]\n [-0.00185994 -1.29424189  1.3195184  -0.03739751  1.03104167  0.74886561]\n [-0.01637889  0.03219055 -0.03739751  0.02203341 -0.05445509 -0.03201055]\n [ 0.03009821 -1.0490521   1.03104167 -0.05445509  1.33465759  0.38260548]\n [ 0.13125641 -0.75316081  0.74886561 -0.03201055  0.38260548  1.36413279]]", "nfev": "630", "njev": "90", "status": "0", "success": "True", "message": "Optimization terminated successfully.", "x": "[ 0.99918378  1.0536809   6.83725508  1.71782468  4.20061573 -1.36843763]", "nit": "64"}, "11": {"maxiter": 500, "gtol": 1e-05, "xrtol": 1e-10, "eps": 1e-10, "duration": 0.0013022422790527344, "fun": "0.8047857284545898", "jac": "[0. 0. 0. 0. 0. 0.]", "hess_inv": "[[1 0 0 0 0 0]\n [0 1 0 0 0 0]\n [0 0 1 0 0 0]\n [0 0 0 1 0 0]\n [0 0 0 0 1 0]\n [0 0 0 0 0 1]]", "nfev": "7", "njev": "1", "status": "0", "success": "True", "message": "Optimization terminated successfully.", "x": "[2.59885665 0.46727919 4.62413722 2.26451133 2.42058752 0.58466017]", "nit": "0"}, "12": {"maxiter": 500, "gtol": 1e-10, "xrtol": 1e-05, "eps": 1e-05, "duration": 0.11797404289245605, "fun": "0.3387855291366577", "jac": "[0. 0. 0. 0. 0. 0.]", "hess_inv": "[[ 0.25659634 -0.03489817 -0.00185994 -0.01637889  0.03009821  0.13125641]\n [-0.03489817  1.31782387 -1.29424189  0.03219055 -1.0490521  -0.75316081]\n [-0.00185994 -1.29424189  1.3195184  -0.03739751  1.03104167  0.74886561]\n [-0.01637889  0.03219055 -0.03739751  0.02203341 -0.05445509 -0.03201055]\n [ 0.03009821 -1.0490521   1.03104167 -0.05445509  1.33465759  0.38260548]\n [ 0.13125641 -0.75316081  0.74886561 -0.03201055  0.38260548  1.36413279]]", "nfev": "630", "njev": "90", "status": "0", "success": "True", "message": "Optimization terminated successfully.", "x": "[ 0.99918378  1.0536809   6.83725508  1.71782468  4.20061573 -1.36843763]", "nit": "64"}, "13": {"maxiter": 500, "gtol": 1e-10, "xrtol": 1e-05, "eps": 1e-10, "duration": 0.0017390251159667969, "fun": "0.8047857284545898", "jac": "[0. 0. 0. 0. 0. 0.]", "hess_inv": "[[1 0 0 0 0 0]\n [0 1 0 0 0 0]\n [0 0 1 0 0 0]\n [0 0 0 1 0 0]\n [0 0 0 0 1 0]\n [0 0 0 0 0 1]]", "nfev": "7", "njev": "1", "status": "0", "success": "True", "message": "Optimization terminated successfully.", "x": "[2.59885665 0.46727919 4.62413722 2.26451133 2.42058752 0.58466017]", "nit": "0"}, "14": {"maxiter": 500, "gtol": 1e-10, "xrtol": 1e-10, "eps": 1e-05, "duration": 0.12086987495422363, "fun": "0.3387855291366577", "jac": "[0. 0. 0. 0. 0. 0.]", "hess_inv": "[[ 0.25659634 -0.03489817 -0.00185994 -0.01637889  0.03009821  0.13125641]\n [-0.03489817  1.31782387 -1.29424189  0.03219055 -1.0490521  -0.75316081]\n [-0.00185994 -1.29424189  1.3195184  -0.03739751  1.03104167  0.74886561]\n [-0.01637889  0.03219055 -0.03739751  0.02203341 -0.05445509 -0.03201055]\n [ 0.03009821 -1.0490521   1.03104167 -0.05445509  1.33465759  0.38260548]\n [ 0.13125641 -0.75316081  0.74886561 -0.03201055  0.38260548  1.36413279]]", "nfev": "630", "njev": "90", "status": "0", "success": "True", "message": "Optimization terminated successfully.", "x": "[ 0.99918378  1.0536809   6.83725508  1.71782468  4.20061573 -1.36843763]", "nit": "64"}, "15": {"maxiter": 500, "gtol": 1e-10, "xrtol": 1e-10, "eps": 1e-10, "duration": 0.0013949871063232422, "fun": "0.8047857284545898", "jac": "[0. 0. 0. 0. 0. 0.]", "hess_inv": "[[1 0 0 0 0 0]\n [0 1 0 0 0 0]\n [0 0 1 0 0 0]\n [0 0 0 1 0 0]\n [0 0 0 0 1 0]\n [0 0 0 0 0 1]]", "nfev": "7", "njev": "1", "status": "0", "success": "True", "message": "Optimization terminated successfully.", "x": "[2.59885665 0.46727919 4.62413722 2.26451133 2.42058752 0.58466017]", "nit": "0"}, "16": {"maxiter": 1000, "gtol": 1e-05, "xrtol": 1e-05, "eps": 1e-05, "duration": 0.12412810325622559, "fun": "0.3387855291366577", "jac": "[0. 0. 0. 0. 0. 0.]", "hess_inv": "[[ 0.25659634 -0.03489817 -0.00185994 -0.01637889  0.03009821  0.13125641]\n [-0.03489817  1.31782387 -1.29424189  0.03219055 -1.0490521  -0.75316081]\n [-0.00185994 -1.29424189  1.3195184  -0.03739751  1.03104167  0.74886561]\n [-0.01637889  0.03219055 -0.03739751  0.02203341 -0.05445509 -0.03201055]\n [ 0.03009821 -1.0490521   1.03104167 -0.05445509  1.33465759  0.38260548]\n [ 0.13125641 -0.75316081  0.74886561 -0.03201055  0.38260548  1.36413279]]", "nfev": "630", "njev": "90", "status": "0", "success": "True", "message": "Optimization terminated successfully.", "x": "[ 0.99918378  1.0536809   6.83725508  1.71782468  4.20061573 -1.36843763]", "nit": "64"}, "17": {"maxiter": 1000, "gtol": 1e-05, "xrtol": 1e-05, "eps": 1e-10, "duration": 0.001325845718383789, "fun": "0.8047857284545898", "jac": "[0. 0. 0. 0. 0. 0.]", "hess_inv": "[[1 0 0 0 0 0]\n [0 1 0 0 0 0]\n [0 0 1 0 0 0]\n [0 0 0 1 0 0]\n [0 0 0 0 1 0]\n [0 0 0 0 0 1]]", "nfev": "7", "njev": "1", "status": "0", "success": "True", "message": "Optimization terminated successfully.", "x": "[2.59885665 0.46727919 4.62413722 2.26451133 2.42058752 0.58466017]", "nit": "0"}, "18": {"maxiter": 1000, "gtol": 1e-05, "xrtol": 1e-10, "eps": 1e-05, "duration": 0.12168693542480469, "fun": "0.3387855291366577", "jac": "[0. 0. 0. 0. 0. 0.]", "hess_inv": "[[ 0.25659634 -0.03489817 -0.00185994 -0.01637889  0.03009821  0.13125641]\n [-0.03489817  1.31782387 -1.29424189  0.03219055 -1.0490521  -0.75316081]\n [-0.00185994 -1.29424189  1.3195184  -0.03739751  1.03104167  0.74886561]\n [-0.01637889  0.03219055 -0.03739751  0.02203341 -0.05445509 -0.03201055]\n [ 0.03009821 -1.0490521   1.03104167 -0.05445509  1.33465759  0.38260548]\n [ 0.13125641 -0.75316081  0.74886561 -0.03201055  0.38260548  1.36413279]]", "nfev": "630", "njev": "90", "status": "0", "success": "True", "message": "Optimization terminated successfully.", "x": "[ 0.99918378  1.0536809   6.83725508  1.71782468  4.20061573 -1.36843763]", "nit": "64"}, "19": {"maxiter": 1000, "gtol": 1e-05, "xrtol": 1e-10, "eps": 1e-10, "duration": 0.00133514404296875, "fun": "0.8047857284545898", "jac": "[0. 0. 0. 0. 0. 0.]", "hess_inv": "[[1 0 0 0 0 0]\n [0 1 0 0 0 0]\n [0 0 1 0 0 0]\n [0 0 0 1 0 0]\n [0 0 0 0 1 0]\n [0 0 0 0 0 1]]", "nfev": "7", "njev": "1", "status": "0", "success": "True", "message": "Optimization terminated successfully.", "x": "[2.59885665 0.46727919 4.62413722 2.26451133 2.42058752 0.58466017]", "nit": "0"}, "20": {"maxiter": 1000, "gtol": 1e-10, "xrtol": 1e-05, "eps": 1e-05, "duration": 0.11714792251586914, "fun": "0.3387855291366577", "jac": "[0. 0. 0. 0. 0. 0.]", "hess_inv": "[[ 0.25659634 -0.03489817 -0.00185994 -0.01637889  0.03009821  0.13125641]\n [-0.03489817  1.31782387 -1.29424189  0.03219055 -1.0490521  -0.75316081]\n [-0.00185994 -1.29424189  1.3195184  -0.03739751  1.03104167  0.74886561]\n [-0.01637889  0.03219055 -0.03739751  0.02203341 -0.05445509 -0.03201055]\n [ 0.03009821 -1.0490521   1.03104167 -0.05445509  1.33465759  0.38260548]\n [ 0.13125641 -0.75316081  0.74886561 -0.03201055  0.38260548  1.36413279]]", "nfev": "630", "njev": "90", "status": "0", "success": "True", "message": "Optimization terminated successfully.", "x": "[ 0.99918378  1.0536809   6.83725508  1.71782468  4.20061573 -1.36843763]", "nit": "64"}, "21": {"maxiter": 1000, "gtol": 1e-10, "xrtol": 1e-05, "eps": 1e-10, "duration": 0.001325845718383789, "fun": "0.8047857284545898", "jac": "[0. 0. 0. 0. 0. 0.]", "hess_inv": "[[1 0 0 0 0 0]\n [0 1 0 0 0 0]\n [0 0 1 0 0 0]\n [0 0 0 1 0 0]\n [0 0 0 0 1 0]\n [0 0 0 0 0 1]]", "nfev": "7", "njev": "1", "status": "0", "success": "True", "message": "Optimization terminated successfully.", "x": "[2.59885665 0.46727919 4.62413722 2.26451133 2.42058752 0.58466017]", "nit": "0"}, "22": {"maxiter": 1000, "gtol": 1e-10, "xrtol": 1e-10, "eps": 1e-05, "duration": 0.11590290069580078, "fun": "0.3387855291366577", "jac": "[0. 0. 0. 0. 0. 0.]", "hess_inv": "[[ 0.25659634 -0.03489817 -0.00185994 -0.01637889  0.03009821  0.13125641]\n [-0.03489817  1.31782387 -1.29424189  0.03219055 -1.0490521  -0.75316081]\n [-0.00185994 -1.29424189  1.3195184  -0.03739751  1.03104167  0.74886561]\n [-0.01637889  0.03219055 -0.03739751  0.02203341 -0.05445509 -0.03201055]\n [ 0.03009821 -1.0490521   1.03104167 -0.05445509  1.33465759  0.38260548]\n [ 0.13125641 -0.75316081  0.74886561 -0.03201055  0.38260548  1.36413279]]", "nfev": "630", "njev": "90", "status": "0", "success": "True", "message": "Optimization terminated successfully.", "x": "[ 0.99918378  1.0536809   6.83725508  1.71782468  4.20061573 -1.36843763]", "nit": "64"}, "23": {"maxiter": 1000, "gtol": 1e-10, "xrtol": 1e-10, "eps": 1e-10, "duration": 0.0012989044189453125, "fun": "0.8047857284545898", "jac": "[0. 0. 0. 0. 0. 0.]", "hess_inv": "[[1 0 0 0 0 0]\n [0 1 0 0 0 0]\n [0 0 1 0 0 0]\n [0 0 0 1 0 0]\n [0 0 0 0 1 0]\n [0 0 0 0 0 1]]", "nfev": "7", "njev": "1", "status": "0", "success": "True", "message": "Optimization terminated successfully.", "x": "[2.59885665 0.46727919 4.62413722 2.26451133 2.42058752 0.58466017]", "nit": "0"}}, "cobyla": {"0": {"maxiter": 100, "tol": 1e-05, "catol": 1e-05, "duration": 0.01757502555847168, "x": "[ 2.01654912  1.91480582  4.31170546  1.8663127   2.07245015 -0.09898757]", "status": "2", "success": "False", "message": "Maximum number of function evaluations has been exceeded.", "nfev": "100", "fun": "0.3976556658744812", "maxcv": "0.0"}, "1": {"maxiter": 100, "tol": 1e-05, "catol": 1e-10, "duration": 0.0177462100982666, "x": "[ 2.01654912  1.91480582  4.31170546  1.8663127   2.07245015 -0.09898757]", "status": "2", "success": "False", "message": "Maximum number of function evaluations has been exceeded.", "nfev": "100", "fun": "0.3976556658744812", "maxcv": "0.0"}, "2": {"maxiter": 100, "tol": 1e-10, "catol": 1e-05, "duration": 0.017667055130004883, "x": "[ 2.01654912  1.91480582  4.31170546  1.8663127   2.07245015 -0.09898757]", "status": "2", "success": "False", "message": "Maximum number of function evaluations has been exceeded.", "nfev": "100", "fun": "0.3976556658744812", "maxcv": "0.0"}, "3": {"maxiter": 100, "tol": 1e-10, "catol": 1e-10, "duration": 0.017460107803344727, "x": "[ 2.01654912  1.91480582  4.31170546  1.8663127   2.07245015 -0.09898757]", "status": "2", "success": "False", "message": "Maximum number of function evaluations has been exceeded.", "nfev": "100", "fun": "0.3976556658744812", "maxcv": "0.0"}, "4": {"maxiter": 500, "tol": 1e-05, "catol": 1e-05, "duration": 0.08821606636047363, "x": "[ 1.03256739  1.73042638  5.83400168  1.3608619   3.51876964 -0.99687999]", "status": "2", "success": "False", "message": "Maximum number of function evaluations has been exceeded.", "nfev": "500", "fun": "0.35199975967407227", "maxcv": "0.0"}, "5": {"maxiter": 500, "tol": 1e-05, "catol": 1e-10, "duration": 0.08912515640258789, "x": "[ 1.03256739  1.73042638  5.83400168  1.3608619   3.51876964 -0.99687999]", "status": "2", "success": "False", "message": "Maximum number of function evaluations has been exceeded.", "nfev": "500", "fun": "0.35199975967407227", "maxcv": "0.0"}, "6": {"maxiter": 500, "tol": 1e-10, "catol": 1e-05, "duration": 0.08947491645812988, "x": "[ 1.03256739  1.73042638  5.83400168  1.3608619   3.51876964 -0.99687999]", "status": "2", "success": "False", "message": "Maximum number of function evaluations has been exceeded.", "nfev": "500", "fun": "0.35199975967407227", "maxcv": "0.0"}, "7": {"maxiter": 500, "tol": 1e-10, "catol": 1e-10, "duration": 0.0899362564086914, "x": "[ 1.03256739  1.73042638  5.83400168  1.3608619   3.51876964 -0.99687999]", "status": "2", "success": "False", "message": "Maximum number of function evaluations has been exceeded.", "nfev": "500", "fun": "0.35199975967407227", "maxcv": "0.0"}, "8": {"maxiter": 1000, "tol": 1e-05, "catol": 1e-05, "duration": 0.17792582511901855, "x": "[ 0.992549    1.06218489  6.8149342   1.70210777  4.1854181  -1.36810495]", "status": "2", "success": "False", "message": "Maximum number of function evaluations has been exceeded.", "nfev": "1000", "fun": "0.33877450227737427", "maxcv": "0.0"}, "9": {"maxiter": 1000, "tol": 1e-05, "catol": 1e-10, "duration": 0.17854785919189453, "x": "[ 0.992549    1.06218489  6.8149342   1.70210777  4.1854181  -1.36810495]", "status": "2", "success": "False", "message": "Maximum number of function evaluations has been exceeded.", "nfev": "1000", "fun": "0.33877450227737427", "maxcv": "0.0"}, "10": {"maxiter": 1000, "tol": 1e-10, "catol": 1e-05, "duration": 0.17555713653564453, "x": "[ 0.992549    1.06218489  6.8149342   1.70210777  4.1854181  -1.36810495]", "status": "2", "success": "False", "message": "Maximum number of function evaluations has been exceeded.", "nfev": "1000", "fun": "0.33877450227737427", "maxcv": "0.0"}, "11": {"maxiter": 1000, "tol": 1e-10, "catol": 1e-10, "duration": 0.17404913902282715, "x": "[ 0.992549    1.06218489  6.8149342   1.70210777  4.1854181  -1.36810495]", "status": "2", "success": "False", "message": "Maximum number of function evaluations has been exceeded.", "nfev": "1000", "fun": "0.33877450227737427", "maxcv": "0.0"}}, "powell": {"0": {"maxiter": 100, "ftol": 1e-05, "xtol": 1e-05, "duration": 0.2009139060974121, "fun": "0.33877211809158325", "direc": "[[ 1.          0.          0.          0.          0.          0.        ]\n [ 0.          1.          0.          0.          0.          0.        ]\n [ 0.          0.          0.          0.          0.          1.        ]\n [ 0.08912914 -0.39168783  0.66293908  0.17911844  0.37900933 -0.20361763]\n [ 0.          0.          0.          0.          1.          0.        ]\n [ 0.00805609 -0.00802334  0.01527444  0.01580344  0.00918337 -0.00184389]]", "nit": "13", "nfev": "1108", "status": "0", "success": "True", "message": "Optimization terminated successfully.", "x": "[ 0.99510236  1.05433798  6.82672427  1.70831418  4.19246332 -1.37150953]"}, "1": {"maxiter": 100, "ftol": 1e-05, "xtol": 1e-10, "duration": 0.47420477867126465, "fun": "0.33877208828926086", "direc": "[[ 1.          0.          0.          0.          0.          0.        ]\n [ 0.          1.          0.          0.          0.          0.        ]\n [ 0.          0.          0.          0.          0.          1.        ]\n [ 0.08703635 -0.39069631  0.66223103  0.17836921  0.378524   -0.20328695]\n [ 0.          0.          0.          0.          1.          0.        ]\n [ 0.00840404 -0.0091631   0.01553147  0.01600336  0.00941617 -0.00196608]]", "nit": "13", "nfev": "2686", "status": "0", "success": "True", "message": "Optimization terminated successfully.", "x": "[ 0.99556698  1.05388572  6.82718325  1.70827308  4.19296759 -1.37152009]"}, "2": {"maxiter": 100, "ftol": 1e-10, "xtol": 1e-05, "duration": 0.27780914306640625, "fun": "0.33877208828926086", "direc": "[[ 1.          0.          0.          0.          0.          0.        ]\n [ 0.          1.          0.          0.          0.          0.        ]\n [ 0.          0.          0.          0.          0.          1.        ]\n [ 0.08912914 -0.39168783  0.66293908  0.17911844  0.37900933 -0.20361763]\n [ 0.          0.          0.          0.          1.          0.        ]\n [ 0.00805609 -0.00802334  0.01527444  0.01580344  0.00918337 -0.00184389]]", "nit": "15", "nfev": "1578", "status": "0", "success": "True", "message": "Optimization terminated successfully.", "x": "[ 0.99510236  1.05433798  6.82672427  1.70831418  4.1928393  -1.37150953]"}, "3": {"maxiter": 100, "ftol": 1e-10, "xtol": 1e-10, "duration": 0.5178730487823486, "fun": "0.33877208828926086", "direc": "[[ 1.          0.          0.          0.          0.          0.        ]\n [ 0.          1.          0.          0.          0.          0.        ]\n [ 0.          0.          0.          0.          0.          1.        ]\n [ 0.08703635 -0.39069631  0.66223103  0.17836921  0.378524   -0.20328695]\n [ 0.          0.          0.          0.          1.          0.        ]\n [ 0.00840404 -0.0091631   0.01553147  0.01600336  0.00941617 -0.00196608]]", "nit": "14", "nfev": "2933", "status": "0", "success": "True", "message": "Optimization terminated successfully.", "x": "[ 0.99537574  1.05393384  6.82710169  1.70825111  4.19292097 -1.37149506]"}, "4": {"maxiter": 500, "ftol": 1e-05, "xtol": 1e-05, "duration": 0.20138907432556152, "fun": "0.33877211809158325", "direc": "[[ 1.          0.          0.          0.          0.          0.        ]\n [ 0.          1.          0.          0.          0.          0.        ]\n [ 0.          0.          0.          0.          0.          1.        ]\n [ 0.08912914 -0.39168783  0.66293908  0.17911844  0.37900933 -0.20361763]\n [ 0.          0.          0.          0.          1.          0.        ]\n [ 0.00805609 -0.00802334  0.01527444  0.01580344  0.00918337 -0.00184389]]", "nit": "13", "nfev": "1108", "status": "0", "success": "True", "message": "Optimization terminated successfully.", "x": "[ 0.99510236  1.05433798  6.82672427  1.70831418  4.19246332 -1.37150953]"}, "5": {"maxiter": 500, "ftol": 1e-05, "xtol": 1e-10, "duration": 0.4681859016418457, "fun": "0.33877208828926086", "direc": "[[ 1.          0.          0.          0.          0.          0.        ]\n [ 0.          1.          0.          0.          0.          0.        ]\n [ 0.          0.          0.          0.          0.          1.        ]\n [ 0.08703635 -0.39069631  0.66223103  0.17836921  0.378524   -0.20328695]\n [ 0.          0.          0.          0.          1.          0.        ]\n [ 0.00840404 -0.0091631   0.01553147  0.01600336  0.00941617 -0.00196608]]", "nit": "13", "nfev": "2686", "status": "0", "success": "True", "message": "Optimization terminated successfully.", "x": "[ 0.99556698  1.05388572  6.82718325  1.70827308  4.19296759 -1.37152009]"}, "6": {"maxiter": 500, "ftol": 1e-10, "xtol": 1e-05, "duration": 0.2744588851928711, "fun": "0.33877208828926086", "direc": "[[ 1.          0.          0.          0.          0.          0.        ]\n [ 0.          1.          0.          0.          0.          0.        ]\n [ 0.          0.          0.          0.          0.          1.        ]\n [ 0.08912914 -0.39168783  0.66293908  0.17911844  0.37900933 -0.20361763]\n [ 0.          0.          0.          0.          1.          0.        ]\n [ 0.00805609 -0.00802334  0.01527444  0.01580344  0.00918337 -0.00184389]]", "nit": "15", "nfev": "1578", "status": "0", "success": "True", "message": "Optimization terminated successfully.", "x": "[ 0.99510236  1.05433798  6.82672427  1.70831418  4.1928393  -1.37150953]"}, "7": {"maxiter": 500, "ftol": 1e-10, "xtol": 1e-10, "duration": 0.5105059146881104, "fun": "0.33877208828926086", "direc": "[[ 1.          0.          0.          0.          0.          0.        ]\n [ 0.          1.          0.          0.          0.          0.        ]\n [ 0.          0.          0.          0.          0.          1.        ]\n [ 0.08703635 -0.39069631  0.66223103  0.17836921  0.378524   -0.20328695]\n [ 0.          0.          0.          0.          1.          0.        ]\n [ 0.00840404 -0.