{"conf_id": 29, "data_type": "random\n", "num_data_points": 2, "s_rank": 0, "unitary": "[[-0.24866696+0.58742286j,-0.44704345-0.43151574j,-0.35669027-0.20570733j,-0.10517633+0.1626036j],[0.10596805-0.19687975j,-0.30269685-0.15056416j,0.18246286+0.30440582j,-0.83484447-0.11310748j],[0.26054512-0.52548482j,0.0285017-0.50723956j,-0.43110112+0.17165838j,0.15243271+0.39915801j],[0.42978035+0.11991271j,-0.17224126-0.46030424j,0.6827807-0.15164662j,0.26483638+0.0061855j]]", "databatch_0": {"databatch": "[[[-0.39855846-0.03750724j,-0.19568131+0.08239753j,-0.1634711+0.02151238j,0.17826686-0.13873589j],[-0.27335029-0.33600366j,-0.20264403-0.06994031j,-0.18754874-0.15028276j,0.26517849+0.0314765j],[0.30328757-0.12111698j,0.11931468-0.13856549j,0.09557008-0.05111205j,-0.08006397+0.15639563j],[-0.32428517-0.00586702j,-0.18290747+0.07938925j,-0.04941165-0.00896628j,0.12262683-0.09267847j]],[[-0.22518511+0.11697239j,-0.06389994-0.13071838j,-0.04108765+0.14029967j,-0.54076298-0.12894613j],[-0.17600586+0.33024298j,-0.34717376+0.01849897j,-0.07555606+0.25266529j,0.2980444-0.1211185j],[-0.00198466+0.02943265j,-0.01928757-0.00905473j,0.01157274+0.00669355j,-0.04416316+0.09035358j],[-0.03858608-0.08712178j,0.01672762-0.00603157j,-0.07893584-0.01648804j,0.26690267-0.22650308j]]]", "nelder_mead": {"0": {"maxiter": 100, "fatol": 1e-05, "xatol": 1e-05, "duration": 0.0279233455657959, "fun": "0.3641779124736786", "nit": "100", "nfev": "155", "status": "2", "success": "False", "message": "Maximum number of iterations has been exceeded.", "x": "[ 1.61810566 -0.37858682  6.37938651  4.29540034  7.65133544  2.59474749]", "final_simplex": "(array([[ 1.61810566, -0.37858682,  6.37938651,  4.29540034,  7.65133544,\n         2.59474749],\n       [ 1.51731494, -0.33779872,  6.18126034,  4.42683435,  7.51789409,\n         2.51344608],\n       [ 1.58729874, -0.33116266,  6.2236158 ,  4.45478931,  7.55795119,\n         2.36642344],\n       [ 1.54532655, -0.27173622,  6.03602046,  4.33994084,  7.42171683,\n         2.28958945],\n       [ 1.56025076, -0.30474141,  6.24097912,  4.37915961,  7.37872394,\n         2.32816107],\n       [ 1.54183651, -0.29271924,  6.16884854,  4.41598792,  7.40733618,\n         2.35683758],\n       [ 1.57182611, -0.29885362,  6.04471044,  4.45613092,  7.33483768,\n         2.32922018]]), array([0.36417791, 0.37288773, 0.3732917 , 0.37545547, 0.37547651,\n       0.37597096, 0.3760401 ]))"}, "1": {"maxiter": 100, "fatol": 1e-05, "xatol": 1e-10, "duration": 0.02776813507080078, "fun": "0.3641779124736786", "nit": "100", "nfev": "155", "status": "2", "success": "False", "message": "Maximum number of iterations has been exceeded.", "x": "[ 1.61810566 -0.37858682  6.37938651  4.29540034  7.65133544  2.59474749]", "final_simplex": "(array([[ 1.61810566, -0.37858682,  6.37938651,  4.29540034,  7.65133544,\n         2.59474749],\n       [ 1.51731494, -0.33779872,  6.18126034,  4.42683435,  7.51789409,\n         2.51344608],\n       [ 1.58729874, -0.33116266,  6.2236158 ,  4.45478931,  7.55795119,\n         2.36642344],\n       [ 1.54532655, -0.27173622,  6.03602046,  4.33994084,  7.42171683,\n         2.28958945],\n       [ 1.56025076, -0.30474141,  6.24097912,  4.37915961,  7.37872394,\n         2.32816107],\n       [ 1.54183651, -0.29271924,  6.16884854,  4.41598792,  7.40733618,\n         2.35683758],\n       [ 1.57182611, -0.29885362,  6.04471044,  4.45613092,  7.33483768,\n         2.32922018]]), array([0.36417791, 0.37288773, 0.3732917 , 0.37545547, 0.37547651,\n       0.37597096, 0.3760401 ]))"}, "2": {"maxiter": 100, "fatol": 1e-10, "xatol": 1e-05, "duration": 0.027711868286132812, "fun": "0.3641779124736786", "nit": "100", "nfev": "155", "status": "2", "success": "False", "message": "Maximum number of iterations has been exceeded.", "x": "[ 1.61810566 -0.37858682  6.37938651  4.29540034  7.65133544  2.59474749]", "final_simplex": "(array([[ 1.61810566, -0.37858682,  6.37938651,  4.29540034,  7.65133544,\n         2.59474749],\n       [ 1.51731494, -0.33779872,  6.18126034,  4.42683435,  7.51789409,\n         2.51344608],\n       [ 1.58729874, -0.33116266,  6.2236158 ,  4.45478931,  7.55795119,\n         2.36642344],\n       [ 1.54532655, -0.27173622,  6.03602046,  4.33994084,  7.42171683,\n         2.28958945],\n       [ 1.56025076, -0.30474141,  6.24097912,  4.37915961,  7.37872394,\n         2.32816107],\n       [ 1.54183651, -0.29271924,  6.16884854,  4.41598792,  7.40733618,\n         2.35683758],\n       [ 1.57182611, -0.29885362,  6.04471044,  4.45613092,  7.33483768,\n         2.32922018]]), array([0.36417791, 0.37288773, 0.3732917 , 0.37545547, 0.37547651,\n       0.37597096, 0.3760401 ]))"}, "3": {"maxiter": 100, "fatol": 1e-10, "xatol": 1e-10, "duration": 0.027740001678466797, "fun": "0.3641779124736786", "nit": "100", "nfev": "155", "status": "2", "success": "False", "message": "Maximum number of iterations has been exceeded.", "x": "[ 1.61810566 -0.37858682  6.37938651  4.29540034  7.65133544  2.59474749]", "final_simplex": "(array([[ 1.61810566, -0.37858682,  6.37938651,  4.29540034,  7.65133544,\n         2.59474749],\n       [ 1.51731494, -0.33779872,  6.18126034,  4.42683435,  7.51789409,\n         2.51344608],\n       [ 1.58729874, -0.33116266,  6.2236158 ,  4.45478931,  7.55795119,\n         2.36642344],\n       [ 1.54532655, -0.27173622,  6.03602046,  4.33994084,  7.42171683,\n         2.28958945],\n       [ 1.56025076, -0.30474141,  6.24097912,  4.37915961,  7.37872394,\n         2.32816107],\n       [ 1.54183651, -0.29271924,  6.16884854,  4.41598792,  7.40733618,\n         2.35683758],\n       [ 1.57182611, -0.29885362,  6.04471044,  4.45613092,  7.33483768,\n         2.32922018]]), array([0.36417791, 0.37288773, 0.3732917 , 0.37545547, 0.37547651,\n       0.37597096, 0.3760401 ]))"}, "4": {"maxiter": 500, "fatol": 1e-05, "xatol": 1e-05, "duration": 0.1014859676361084, "fun": "0.315995454788208", "nit": "337", "nfev": "566", "status": "0", "success": "True", "message": "Optimization terminated successfully.", "x": "[ 1.75708762 -0.9971292   6.45486774  4.1988343   7.87819351  2.77580691]", "final_simplex": "(array([[ 1.75708762, -0.9971292 ,  6.45486774,  4.1988343 ,  7.87819351,\n         2.77580691],\n       [ 1.75708458, -0.99713412,  6.45486983,  4.19883065,  7.87819113,\n         2.77580567],\n       [ 1.75708622, -0.99713169,  6.45486673,  4.19883136,  7.87818661,\n         2.77580218],\n       [ 1.75708705, -0.99712961,  6.45486343,  4.19882799,  7.87818732,\n         2.775801  ],\n       [ 1.75708311, -0.99712922,  6.45486832,  4.19883207,  7.87818629,\n         2.77580171],\n       [ 1.757089  , -0.99712651,  6.45486868,  4.19883009,  7.87818845,\n         2.77580323],\n       [ 1.75708776, -0.99712836,  6.45486939,  4.19882963,  7.8781888 ,\n         2.77580074]]), array([0.31599545, 0.31599545, 0.31599545, 0.31599545, 0.31599545,\n       0.31599545, 0.31599545]))"}, "5": {"maxiter": 500, "fatol": 1e-05, "xatol": 1e-10, "duration": 0.12720108032226562, "fun": "0.315995454788208", "nit": "354", "nfev": "702", "status": "0", "success": "True", "message": "Optimization terminated successfully.", "x": "[ 1.75708762 -0.9971292   6.45486774  4.1988343   7.87819351  2.77580691]", "final_simplex": "(array([[ 1.75708762, -0.9971292 ,  6.45486774,  4.1988343 ,  7.87819351,\n         2.77580691],\n       [ 1.75708762, -0.9971292 ,  6.45486774,  4.1988343 ,  7.87819351,\n         2.77580691],\n       [ 1.75708762, -0.9971292 ,  6.45486774,  4.1988343 ,  7.87819351,\n         2.77580691],\n       [ 1.75708762, -0.9971292 ,  6.45486774,  4.1988343 ,  7.87819351,\n         2.77580691],\n       [ 1.75708762, -0.9971292 ,  6.45486774,  4.1988343 ,  7.87819351,\n         2.77580691],\n       [ 1.75708762, -0.9971292 ,  6.45486774,  4.1988343 ,  7.87819351,\n         2.77580691],\n       [ 1.75708762, -0.9971292 ,  6.45486774,  4.1988343 ,  7.87819351,\n         2.77580691]]), array([0.31599545, 0.31599545, 0.31599545, 0.31599545, 0.31599545,\n       0.31599545, 0.31599545]))"}, "6": {"maxiter": 500, "fatol": 1e-10, "xatol": 1e-05, "duration": 0.10210108757019043, "fun": "0.315995454788208", "nit": "337", "nfev": "566", "status": "0", "success": "True", "message": "Optimization terminated successfully.", "x": "[ 1.75708762 -0.9971292   6.45486774  4.1988343   7.87819351  2.77580691]", "final_simplex": "(array([[ 1.75708762, -0.9971292 ,  6.45486774,  4.1988343 ,  7.87819351,\n         2.77580691],\n       [ 1.75708458, -0.99713412,  6.45486983,  4.19883065,  7.87819113,\n         2.77580567],\n       [ 1.75708622, -0.99713169,  6.45486673,  4.19883136,  7.87818661,\n         2.77580218],\n       [ 1.75708705, -0.99712961,  6.45486343,  4.19882799,  7.87818732,\n         2.775801  ],\n       [ 1.75708311, -0.99712922,  6.45486832,  4.19883207,  7.87818629,\n         2.77580171],\n       [ 1.757089  , -0.99712651,  6.45486868,  4.19883009,  7.87818845,\n         2.77580323],\n       [ 1.75708776, -0.99712836,  6.45486939,  4.19882963,  7.8781888 ,\n         2.77580074]]), array([0.31599545, 0.31599545, 0.31599545, 0.31599545, 0.31599545,\n       0.31599545, 0.31599545]))"}, "7": {"maxiter": 500, "fatol": 1e-10, "xatol": 1e-10, "duration": 0.12465786933898926, "fun": "0.315995454788208", "nit": "354", "nfev": "702", "status": "0", "success": "True", "message": "Optimization terminated successfully.", "x": "[ 1.75708762 -0.9971292   6.45486774  4.1988343   7.87819351  2.77580691]", "final_simplex": "(array([[ 1.75708762, -0.9971292 ,  6.45486774,  4.1988343 ,  7.87819351,\n         2.77580691],\n       [ 1.75708762, -0.9971292 ,  6.45486774,  4.1988343 ,  7.87819351,\n         2.77580691],\n       [ 1.75708762, -0.9971292 ,  6.45486774,  4.1988343 ,  7.87819351,\n         2.77580691],\n       [ 1.75708762, -0.9971292 ,  6.45486774,  4.1988343 ,  7.87819351,\n         2.77580691],\n       [ 1.75708762, -0.9971292 ,  6.45486774,  4.1988343 ,  7.87819351,\n         2.77580691],\n       [ 1.75708762, -0.9971292 ,  6.45486774,  4.1988343 ,  7.87819351,\n         2.77580691],\n       [ 1.75708762, -0.9971292 ,  6.45486774,  4.1988343 ,  7.87819351,\n         2.77580691]]), array([0.31599545, 0.31599545, 0.31599545, 0.31599545, 0.31599545,\n       0.31599545, 0.31599545]))"}, "8": {"maxiter": 1000, "fatol": 1e-05, "xatol": 1e-05, "duration": 0.10292720794677734, "fun": "0.315995454788208", "nit": "337", "nfev": "566", "status": "0", "success": "True", "message": "Optimization terminated successfully.", "x": "[ 1.75708762 -0.9971292   6.45486774  4.1988343   7.87819351  2.77580691]", "final_simplex": "(array([[ 1.75708762, -0.9971292 ,  6.45486774,  4.1988343 ,  7.87819351,\n         2.77580691],\n       [ 1.75708458, -0.99713412,  6.45486983,  4.19883065,  7.87819113,\n         2.77580567],\n       [ 1.75708622, -0.99713169,  6.45486673,  4.19883136,  7.87818661,\n         2.77580218],\n       [ 1.75708705, -0.99712961,  6.45486343,  4.19882799,  7.87818732,\n         2.775801  ],\n       [ 1.75708311, -0.99712922,  6.45486832,  4.19883207,  7.87818629,\n         2.77580171],\n       [ 1.757089  , -0.99712651,  6.45486868,  4.19883009,  7.87818845,\n         2.77580323],\n       [ 1.75708776, -0.99712836,  6.45486939,  4.19882963,  7.8781888 ,\n         2.77580074]]), array([0.31599545, 0.31599545, 0.31599545, 0.31599545, 0.31599545,\n       0.31599545, 0.31599545]))"}, "9": {"maxiter": 1000, "fatol": 1e-05, "xatol": 1e-10, "duration": 0.12694692611694336, "fun": "0.315995454788208", "nit": "354", "nfev": "702", "status": "0", "success": "True", "message": "Optimization terminated successfully.", "x": "[ 1.75708762 -0.9971292   6.45486774  4.1988343   7.87819351  2.77580691]", "final_simplex": "(array([[ 1.75708762, -0.9971292 ,  6.45486774,  4.1988343 ,  7.87819351,\n         2.77580691],\n       [ 1.75708762, -0.9971292 ,  6.45486774,  4.1988343 ,  7.87819351,\n         2.77580691],\n       [ 1.75708762, -0.9971292 ,  6.45486774,  4.1988343 ,  7.87819351,\n         2.77580691],\n       [ 1.75708762, -0.9971292 ,  6.45486774,  4.1988343 ,  7.87819351,\n         2.77580691],\n       [ 1.75708762, -0.9971292 ,  6.45486774,  4.1988343 ,  7.87819351,\n         2.77580691],\n       [ 1.75708762, -0.9971292 ,  6.45486774,  4.1988343 ,  7.87819351,\n         2.77580691],\n       [ 1.75708762, -0.9971292 ,  6.45486774,  4.1988343 ,  7.87819351,\n         2.77580691]]), array([0.31599545, 0.31599545, 0.31599545, 0.31599545, 0.31599545,\n       0.31599545, 0.31599545]))"}, "10": {"maxiter": 1000, "fatol": 1e-10, "xatol": 1e-05, "duration": 0.10062837600708008, "fun": "0.315995454788208", "nit": "337", "nfev": "566", "status": "0", "success": "True", "message": "Optimization terminated successfully.", "x": "[ 1.75708762 -0.9971292   6.45486774  4.1988343   7.87819351  2.77580691]", "final_simplex": "(array([[ 1.75708762, -0.9971292 ,  6.45486774,  4.1988343 ,  7.87819351,\n         2.77580691],\n       [ 1.75708458, -0.99713412,  6.45486983,  4.19883065,  7.87819113,\n         2.77580567],\n       [ 1.75708622, -0.99713169,  6.45486673,  4.19883136,  7.87818661,\n         2.77580218],\n       [ 1.75708705, -0.99712961,  6.45486343,  4.19882799,  7.87818732,\n         2.775801  ],\n       [ 1.75708311, -0.99712922,  6.45486832,  4.19883207,  7.87818629,\n         2.77580171],\n       [ 1.757089  , -0.99712651,  6.45486868,  4.19883009,  7.87818845,\n         2.77580323],\n       [ 1.75708776, -0.99712836,  6.45486939,  4.19882963,  7.8781888 ,\n         2.77580074]]), array([0.31599545, 0.31599545, 0.31599545, 0.31599545, 0.31599545,\n       0.31599545, 0.31599545]))"}, "11": {"maxiter": 1000, "fatol": 1e-10, "xatol": 1e-10, "duration": 0.12444806098937988, "fun": "0.315995454788208", "nit": "354", "nfev": "702", "status": "0", "success": "True", "message": "Optimization terminated successfully.", "x": "[ 1.75708762 -0.9971292   6.45486774  4.1988343   7.87819351  2.77580691]", "final_simplex": "(array([[ 1.75708762, -0.9971292 ,  6.45486774,  4.1988343 ,  7.87819351,\n         2.77580691],\n       [ 1.75708762, -0.9971292 ,  6.45486774,  4.1988343 ,  7.87819351,\n         2.77580691],\n       [ 1.75708762, -0.9971292 ,  6.45486774,  4.1988343 ,  7.87819351,\n         2.77580691],\n       [ 1.75708762, -0.9971292 ,  6.45486774,  4.1988343 ,  7.87819351,\n         2.77580691],\n       [ 1.75708762, -0.9971292 ,  6.45486774,  4.1988343 ,  7.87819351,\n         2.77580691],\n       [ 1.75708762, -0.9971292 ,  6.45486774,  4.1988343 ,  7.87819351,\n         2.77580691],\n       [ 1.75708762, -0.9971292 ,  6.45486774,  4.1988343 ,  7.87819351,\n         2.77580691]]), array([0.31599545, 0.31599545, 0.31599545, 0.31599545, 0.31599545,\n       0.31599545, 0.31599545]))"}}, "bfgs": {"0": {"maxiter": 100, "gtol": 1e-05, "xrtol": 1e-05, "eps": 1e-05, "duration": 0.0383908748626709, "fun": "0.3159984052181244", "jac": "[0. 0. 0. 0. 0. 0.]", "hess_inv": "[[ 0.57715525 -0.28615179 -0.22300735  0.17051108  0.09252048  0.13783559]\n [-0.28615179  3.1446057  -0.72360588  0.85215409 -0.64105028 -1.89817136]\n [-0.22300735 -0.72360588  2.32309191 -1.06318949 -0.22568157 -1.11683766]\n [ 0.17051108  0.85215409 -1.06318949  2.77094729  0.04482402 -0.05817331]\n [ 0.09252048 -0.64105028 -0.22568157  0.04482402  0.61531057  0.46303641]\n [ 0.13783559 -1.89817136 -1.11683766 -0.05817331  0.46303641  2.86046418]]", "nfev": "210", "njev": "30", "status": "0", "success": "True", "message": "Optimization terminated successfully.", "x": "[ 1.76234269 -0.99563793  6.45586566  2.08627339  4.73873346 -0.36391654]", "nit": "25"}, "1": {"maxiter": 100, "gtol": 1e-05, "xrtol": 1e-05, "eps": 1e-10, "duration": 0.0012989044189453125, "fun": "0.9006014466285706", "jac": "[0. 0. 0. 0. 0. 0.]", "hess_inv": "[[1 0 0 0 0 0]\n [0 1 0 0 0 0]\n [0 0 1 0 0 0]\n [0 0 0 1 0 0]\n [0 0 0 0 1 0]\n [0 0 0 0 0 1]]", "nfev": "7", "njev": "1", "status": "0", "success": "True", "message": "Optimization terminated successfully.", "x": "[1.14234712 0.3188153  4.38277104 2.1578113  5.01581935 1.75350638]", "nit": "0"}, "2": {"maxiter": 100, "gtol": 1e-05, "xrtol": 1e-10, "eps": 1e-05, "duration": 0.03814196586608887, "fun": "0.3159984052181244", "jac": "[0. 0. 0. 0. 0. 0.]", "hess_inv": "[[ 0.57715525 -0.28615179 -0.22300735  0.17051108  0.09252048  0.13783559]\n [-0.28615179  3.1446057  -0.72360588  0.85215409 -0.64105028 -1.89817136]\n [-0.22300735 -0.72360588  2.32309191 -1.06318949 -0.22568157 -1.11683766]\n [ 0.17051108  0.85215409 -1.06318949  2.77094729  0.04482402 -0.05817331]\n [ 0.09252048 -0.64105028 -0.22568157  0.04482402  0.61531057  0.46303641]\n [ 0.13783559 -1.89817136 -1.11683766 -0.05817331  0.46303641  2.86046418]]", "nfev": "210", "njev": "30", "status": "0", "success": "True", "message": "Optimization terminated successfully.", "x": "[ 1.76234269 -0.99563793  6.45586566  2.08627339  4.73873346 -0.36391654]", "nit": "25"}, "3": {"maxiter": 100, "gtol": 1e-05, "xrtol": 1e-10, "eps": 1e-10, "duration": 0.0012936592102050781, "fun": "0.9006014466285706", "jac": "[0. 0. 0. 0. 0. 0.]", "hess_inv": "[[1 0 0 0 0 0]\n [0 1 0 0 0 0]\n [0 0 1 0 0 0]\n [0 0 0 1 0 0]\n [0 0 0 0 1 0]\n [0 0 0 0 0 1]]", "nfev": "7", "njev": "1", "status": "0", "success": "True", "message": "Optimization terminated successfully.", "x": "[1.14234712 0.3188153  4.38277104 2.1578113  5.01581935 1.75350638]", "nit": "0"}, "4": {"maxiter": 100, "gtol": 1e-10, "xrtol": 1e-05, "eps": 1e-05, "duration": 0.03804492950439453, "fun": "0.3159984052181244", "jac": "[0. 0. 0. 0. 0. 0.]", "hess_inv": "[[ 0.57715525 -0.28615179 -0.22300735  0.17051108  0.09252048  0.13783559]\n [-0.28615179  3.1446057  -0.72360588  0.85215409 -0.64105028 -1.89817136]\n [-0.22300735 -0.72360588  2.32309191 -1.06318949 -0.22568157 -1.11683766]\n [ 0.17051108  0.85215409 -1.06318949  2.77094729  0.04482402 -0.05817331]\n [ 0.09252048 -0.64105028 -0.22568157  0.04482402  0.61531057  0.46303641]\n [ 0.13783559 -1.89817136 -1.11683766 -0.05817331  0.46303641  2.86046418]]", "nfev": "210", "njev": "30", "status": "0", "success": "True", "message": "Optimization terminated successfully.", "x": "[ 1.76234269 -0.99563793  6.45586566  2.08627339  4.73873346 -0.36391654]", "nit": "25"}, "5": {"maxiter": 100, "gtol": 1e-10, "xrtol": 1e-05, "eps": 1e-10, "duration": 0.0012950897216796875, "fun": "0.9006014466285706", "jac": "[0. 0. 0. 0. 0. 0.]", "hess_inv": "[[1 0 0 0 0 0]\n [0 1 0 0 0 0]\n [0 0 1 0 0 0]\n [0 0 0 1 0 0]\n [0 0 0 0 1 0]\n [0 0 0 0 0 1]]", "nfev": "7", "njev": "1", "status": "0", "success": "True", "message": "Optimization terminated successfully.", "x": "[1.14234712 0.3188153  4.38277104 2.1578113  5.01581935 1.75350638]", "nit": "0"}, "6": {"maxiter": 100, "gtol": 1e-10, "xrtol": 1e-10, "eps": 1e-05, "duration": 0.03829026222229004, "fun": "0.3159984052181244", "jac": "[0. 0. 0. 0. 0. 0.]", "hess_inv": "[[ 0.57715525 -0.28615179 -0.22300735  0.17051108  0.09252048  0.13783559]\n [-0.28615179  3.1446057  -0.72360588  0.85215409 -0.64105028 -1.89817136]\n [-0.22300735 -0.72360588  2.32309191 -1.06318949 -0.22568157 -1.11683766]\n [ 0.17051108  0.85215409 -1.06318949  2.77094729  0.04482402 -0.05817331]\n [ 0.09252048 -0.64105028 -0.22568157  0.04482402  0.61531057  0.46303641]\n [ 0.13783559 -1.89817136 -1.11683766 -0.05817331  0.46303641  2.86046418]]", "nfev": "210", "njev": "30", "status": "0", "success": "True", "message": "Optimization terminated successfully.", "x": "[ 1.76234269 -0.99563793  6.45586566  2.08627339  4.73873346 -0.36391654]", "nit": "25"}, "7": {"maxiter": 100, "gtol": 1e-10, "xrtol": 1e-10, "eps": 1e-10, "duration": 0.0012879371643066406, "fun": "0.9006014466285706", "jac": "[0. 0. 0. 0. 0. 0.]", "hess_inv": "[[1 0 0 0 0 0]\n [0 1 0 0 0 0]\n [0 0 1 0 0 0]\n [0 0 0 1 0 0]\n [0 0 0 0 1 0]\n [0 0 0 0 0 1]]", "nfev": "7", "njev": "1", "status": "0", "success": "True", "message": "Optimization terminated successfully.", "x": "[1.14234712 0.3188153  4.38277104 2.1578113  5.01581935 1.75350638]", "nit": "0"}, "8": {"maxiter": 500, "gtol": 1e-05, "xrtol": 1e-05, "eps": 1e-05, "duration": 0.03817105293273926, "fun": "0.3159984052181244", "jac": "[0. 0. 0. 0. 0. 0.]", "hess_inv": "[[ 0.57715525 -0.28615179 -0.22300735  0.17051108  0.09252048  0.13783559]\n [-0.28615179  3.1446057  -0.72360588  0.85215409 -0.64105028 -1.89817136]\n [-0.22300735 -0.72360588  2.32309191 -1.06318949 -0.22568157 -1.11683766]\n [ 0.17051108  0.85215409 -1.06318949  2.77094729  0.04482402 -0.05817331]\n [ 0.09252048 -0.64105028 -0.22568157  0.04482402  0.61531057  0.46303641]\n [ 0.13783559 -1.89817136 -1.11683766 -0.05817331  0.46303641  2.86046418]]", "nfev": "210", "njev": "30", "status": "0", "success": "True", "message": "Optimization terminated successfully.", "x": "[ 1.76234269 -0.99563793  6.45586566  2.08627339  4.73873346 -0.36391654]", "nit": "25"}, "9": {"maxiter": 500, "gtol": 1e-05, "xrtol": 1e-05, "eps": 1e-10, "duration": 0.0012881755828857422, "fun": "0.9006014466285706", "jac": "[0. 0. 0. 0. 0. 0.]", "hess_inv": "[[1 0 0 0 0 0]\n [0 1 0 0 0 0]\n [0 0 1 0 0 0]\n [0 0 0 1 0 0]\n [0 0 0 0 1 0]\n [0 0 0 0 0 1]]", "nfev": "7", "njev": "1", "status": "0", "success": "True", "message": "Optimization terminated successfully.", "x": "[1.14234712 0.3188153  4.38277104 2.1578113  5.01581935 1.75350638]", "nit": "0"}, "10": {"maxiter": 500, "gtol": 1e-05, "xrtol": 1e-10, "eps": 1e-05, "duration": 0.03904414176940918, "fun": "0.3159984052181244", "jac": "[0. 0. 0. 0. 0. 0.]", "hess_inv": "[[ 0.57715525 -0.28615179 -0.22300735  0.17051108  0.09252048  0.13783559]\n [-0.28615179  3.1446057  -0.72360588  0.85215409 -0.64105028 -1.89817136]\n [-0.22300735 -0.72360588  2.32309191 -1.06318949 -0.22568157 -1.11683766]\n [ 0.17051108  0.85215409 -1.06318949  2.77094729  0.04482402 -0.05817331]\n [ 0.09252048 -0.64105028 -0.22568157  0.04482402  0.61531057  0.46303641]\n [ 0.13783559 -1.89817136 -1.11683766 -0.05817331  0.46303641  2.86046418]]", "nfev": "210", "njev": "30", "status": "0", "success": "True", "message": "Optimization terminated successfully.", "x": "[ 1.76234269 -0.99563793  6.45586566  2.08627339  4.73873346 -0.36391654]", "nit": "25"}, "11": {"maxiter": 500, "gtol": 1e-05, "xrtol": 1e-10, "eps": 1e-10, "duration": 0.001313924789428711, "fun": "0.9006014466285706", "jac": "[0. 0. 0. 0. 0. 0.]", "hess_inv": "[[1 0 0 0 0 0]\n [0 1 0 0 0 0]\n [0 0 1 0 0 0]\n [0 0 0 1 0 0]\n [0 0 0 0 1 0]\n [0 0 0 0 0 1]]", "nfev": "7", "njev": "1", "status": "0", "success": "True", "message": "Optimization terminated successfully.", "x": "[1.14234712 0.3188153  4.38277104 2.1578113  5.01581935 1.75350638]", "nit": "0"}, "12": {"maxiter": 500, "gtol": 1e-10, "xrtol": 1e-05, "eps": 1e-05, "duration": 0.038519859313964844, "fun": "0.3159984052181244", "jac": "[0. 0. 0. 0. 0. 0.]", "hess_inv": "[[ 0.57715525 -0.28615179 -0.22300735  0.17051108  0.09252048  0.13783559]\n [-0.28615179  3.1446057  -0.72360588  0.85215409 -0.64105028 -1.89817136]\n [-0.22300735 -0.72360588  2.32309191 -1.06318949 -0.22568157 -1.11683766]\n [ 0.17051108  0.85215409 -1.06318949  2.77094729  0.04482402 -0.05817331]\n [ 0.09252048 -0.64105028 -0.22568157  0.04482402  0.61531057  0.46303641]\n [ 0.13783559 -1.89817136 -1.11683766 -0.05817331  0.46303641  2.86046418]]", "nfev": "210", "njev": "30", "status": "0", "success": "True", "message": "Optimization terminated successfully.", "x": "[ 1.76234269 -0.99563793  6.45586566  2.08627339  4.73873346 -0.36391654]", "nit": "25"}, "13": {"maxiter": 500, "gtol": 1e-10, "xrtol": 1e-05, "eps": 1e-10, "duration": 0.0012919902801513672, "fun": "0.9006014466285706", "jac": "[0. 0. 0. 0. 0. 0.]", "hess_inv": "[[1 0 0 0 0 0]\n [0 1 0 0 0 0]\n [0 0 1 0 0 0]\n [0 0 0 1 0 0]\n [0 0 0 0 1 0]\n [0 0 0 0 0 1]]", "nfev": "7", "njev": "1", "status": "0", "success": "True", "message": "Optimization terminated successfully.", "x": "[1.14234712 0.3188153  4.38277104 2.1578113  5.01581935 1.75350638]", "nit": "0"}, "14": {"maxiter": 500, "gtol": 1e-10, "xrtol": 1e-10, "eps": 1e-05, "duration": 0.03830099105834961, "fun": "0.3159984052181244", "jac": "[0. 0. 0. 0. 0. 0.]", "hess_inv": "[[ 0.57715525 -0.28615179 -0.22300735  0.17051108  0.09252048  0.13783559]\n [-0.28615179  3.1446057  -0.72360588  0.85215409 -0.64105028 -1.89817136]\n [-0.22300735 -0.72360588  2.32309191 -1.06318949 -0.22568157 -1.11683766]\n [ 0.17051108  0.85215409 -1.06318949  2.77094729  0.04482402 -0.05817331]\n [ 0.09252048 -0.64105028 -0.22568157  0.04482402  0.61531057  0.46303641]\n [ 0.13783559 -1.89817136 -1.11683766 -0.05817331  0.46303641  2.86046418]]", "nfev": "210", "njev": "30", "status": "0", "success": "True", "message": "Optimization terminated successfully.", "x": "[ 1.76234269 -0.99563793  6.45586566  2.08627339  4.73873346 -0.36391654]", "nit": "25"}, "15": {"maxiter": 500, "gtol": 1e-10, "xrtol": 1e-10, "eps": 1e-10, "duration": 0.0013010501861572266, "fun": "0.9006014466285706", "jac": "[0. 0. 0. 0. 0. 0.]", "hess_inv": "[[1 0 0 0 0 0]\n [0 1 0 0 0 0]\n [0 0 1 0 0 0]\n [0 0 0 1 0 0]\n [0 0 0 0 1 0]\n [0 0 0 0 0 1]]", "nfev": "7", "njev": "1", "status": "0", "success": "True", "message": "Optimization terminated successfully.", "x": "[1.14234712 0.3188153  4.38277104 2.1578113  5.01581935 1.75350638]", "nit": "0"}, "16": {"maxiter": 1000, "gtol": 1e-05, "xrtol": 1e-05, "eps": 1e-05, "duration": 0.038101911544799805, "fun": "0.3159984052181244", "jac": "[0. 0. 0. 0. 0. 0.]", "hess_inv": "[[ 0.57715525 -0.28615179 -0.22300735  0.17051108  0.09252048  0.13783559]\n [-0.28615179  3.1446057  -0.72360588  0.85215409 -0.64105028 -1.89817136]\n [-0.22300735 -0.72360588  2.32309191 -1.06318949 -0.22568157 -1.11683766]\n [ 0.17051108  0.85215409 -1.06318949  2.77094729  0.04482402 -0.05817331]\n [ 0.09252048 -0.64105028 -0.22568157  0.04482402  0.61531057  0.46303641]\n [ 0.13783559 -1.89817136 -1.11683766 -0.05817331  0.46303641  2.86046418]]", "nfev": "210", "njev": "30", "status": "0", "success": "True", "message": "Optimization terminated successfully.", "x": "[ 1.76234269 -0.99563793  6.45586566  2.08627339  4.73873346 -0.36391654]", "nit": "25"}, "17": {"maxiter": 1000, "gtol": 1e-05, "xrtol": 1e-05, "eps": 1e-10, "duration": 0.0013158321380615234, "fun": "0.9006014466285706", "jac": "[0. 0. 0. 0. 0. 0.]", "hess_inv": "[[1 0 0 0 0 0]\n [0 1 0 0 0 0]\n [0 0 1 0 0 0]\n [0 0 0 1 0 0]\n [0 0 0 0 1 0]\n [0 0 0 0 0 1]]", "nfev": "7", "njev": "1", "status": "0", "success": "True", "message": "Optimization terminated successfully.", "x": "[1.14234712 0.3188153  4.38277104 2.1578113  5.01581935 1.75350638]", "nit": "0"}, "18": {"maxiter": 1000, "gtol": 1e-05, "xrtol": 1e-10, "eps": 1e-05, "duration": 0.03853297233581543, "fun": "0.3159984052181244", "jac": "[0. 0. 0. 0. 0. 0.]", "hess_inv": "[[ 0.57715525 -0.28615179 -0.22300735  0.17051108  0.09252048  0.13783559]\n [-0.28615179  3.1446057  -0.72360588  0.85215409 -0.64105028 -1.89817136]\n [-0.22300735 -0.72360588  2.32309191 -1.06318949 -0.22568157 -1.11683766]\n [ 0.17051108  0.85215409 -1.06318949  2.77094729  0.04482402 -0.05817331]\n [ 0.09252048 -0.64105028 -0.22568157  0.04482402  0.61531057  0.46303641]\n [ 0.13783559 -1.89817136 -1.11683766 -0.05817331  0.46303641  2.86046418]]", "nfev": "210", "njev": "30", "status": "0", "success": "True", "message": "Optimization terminated successfully.", "x": "[ 1.76234269 -0.99563793  6.45586566  2.08627339  4.73873346 -0.36391654]", "nit": "25"}, "19": {"maxiter": 1000, "gtol": 1e-05, "xrtol": 1e-10, "eps": 1e-10, "duration": 0.0012981891632080078, "fun": "0.9006014466285706", "jac": "[0. 0. 0. 0. 0. 0.]", "hess_inv": "[[1 0 0 0 0 0]\n [0 1 0 0 0 0]\n [0 0 1 0 0 0]\n [0 0 0 1 0 0]\n [0 0 0 0 1 0]\n [0 0 0 0 0 1]]", "nfev": "7", "njev": "1", "status": "0", "success": "True", "message": "Optimization terminated successfully.", "x": "[1.14234712 0.3188153  4.38277104 2.1578113  5.01581935 1.75350638]", "nit": "0"}, "20": {"maxiter": 1000, "gtol": 1e-10, "xrtol": 1e-05, "eps": 1e-05, "duration": 0.038390159606933594, "fun": "0.3159984052181244", "jac": "[0. 0. 0. 0. 0. 0.]", "hess_inv": "[[ 0.57715525 -0.28615179 -0.22300735  0.17051108  0.09252048  0.13783559]\n [-0.28615179  3.1446057  -0.72360588  0.85215409 -0.64105028 -1.89817136]\n [-0.22300735 -0.72360588  2.32309191 -1.06318949 -0.22568157 -1.11683766]\n [ 0.17051108  0.85215409 -1.06318949  2.77094729  0.04482402 -0.05817331]\n [ 0.09252048 -0.64105028 -0.22568157  0.04482402  0.61531057  0.46303641]\n [ 0.13783559 -1.89817136 -1.11683766 -0.05817331  0.46303641  2.86046418]]", "nfev": "210", "njev": "30", "status": "0", "success": "True", "message": "Optimization terminated successfully.", "x": "[ 1.76234269 -0.99563793  6.45586566  2.08627339  4.73873346 -0.36391654]", "nit": "25"}, "21": {"maxiter": 1000, "gtol": 1e-10, "xrtol": 1e-05, "eps": 1e-10, "duration": 0.0012950897216796875, "fun": "0.9006014466285706", "jac": "[0. 0. 0. 0. 0. 0.]", "hess_inv": "[[1 0 0 0 0 0]\n [0 1 0 0 0 0]\n [0 0 1 0 0 0]\n [0 0 0 1 0 0]\n [0 0 0 0 1 0]\n [0 0 0 0 0 1]]", "nfev": "7", "njev": "1", "status": "0", "success": "True", "message": "Optimization terminated successfully.", "x": "[1.14234712 0.3188153  4.38277104 2.1578113  5.01581935 1.75350638]", "nit": "0"}, "22": {"maxiter": 1000, "gtol": 1e-10, "xrtol": 1e-10, "eps": 1e-05, "duration": 0.0383610725402832, "fun": "0.3159984052181244", "jac": "[0. 0. 0. 0. 0. 0.]", "hess_inv": "[[ 0.57715525 -0.28615179 -0.22300735  0.17051108  0.09252048  0.13783559]\n [-0.28615179  3.1446057  -0.72360588  0.85215409 -0.64105028 -1.89817136]\n [-0.22300735 -0.72360588  2.32309191 -1.06318949 -0.22568157 -1.11683766]\n [ 0.17051108  0.85215409 -1.06318949  2.77094729  0.04482402 -0.05817331]\n [ 0.09252048 -0.64105028 -0.22568157  0.04482402  0.61531057  0.46303641]\n [ 0.13783559 -1.89817136 -1.11683766 -0.05817331  0.46303641  2.86046418]]", "nfev": "210", "njev": "30", "status": "0", "success": "True", "message": "Optimization terminated successfully.", "x": "[ 1.76234269 -0.99563793  6.45586566  2.08627339  4.73873346 -0.36391654]", "nit": "25"}, "23": {"maxiter": 1000, "gtol": 1e-10, "xrtol": 1e-10, "eps": 1e-10, "duration": 0.0012888908386230469, "fun": "0.9006014466285706", "jac": "[0. 0. 0. 0. 0. 0.]", "hess_inv": "[[1 0 0 0 0 0]\n [0 1 0 0 0 0]\n [0 0 1 0 0 0]\n [0 0 0 1 0 0]\n [0 0 0 0 1 0]\n [0 0 0 0 0 1]]", "nfev": "7", "njev": "1", "status": "0", "success": "True", "message": "Optimization terminated successfully.", "x": "[1.14234712 0.3188153  4.38277104 2.1578113  5.01581935 1.75350638]", "nit": "0"}}, "cobyla": {"0": {"maxiter": 100, "tol": 1e-05, "catol": 1e-05, "duration": 0.01751708984375, "x": "[ 4.50694195  2.13230227  3.33729905  2.07530221  4.78039747 -0.32293984]", "status": "2", "success": "False", "message": "Maximum number of function evaluations has been exceeded.", "nfev": "100", "fun": "0.31612467765808105", "maxcv": "0.0"}, "1": {"maxiter": 100, "tol": 1e-05, "catol": 1e-10, "duration": 0.017473936080932617, "x": "[ 4.50694195  2.13230227  3.33729905  2.07530221  4.78039747 -0.32293984]", "status": "2", "success": "False", "message": "Maximum number of function evaluations has been exceeded.", "nfev": "100", "fun": "0.31612467765808105", "maxcv": "0.0"}, "2": {"maxiter": 100, "tol": 1e-10, "catol": 1e-05, "duration": 0.017575979232788086, "x": "[ 4.50694195  2.13230227  3.33729905  2.07530221  4.78039747 -0.32293984]", "status": "2", "success": "False", "message": "Maximum number of function evaluations has been exceeded.", "nfev": "100", "fun": "0.31612467765808105", "maxcv": "0.0"}, "3": {"maxiter": 100, "tol": 1e-10, "catol": 1e-10, "duration": 0.01746821403503418, "x": "[ 4.50694195  2.13230227  3.33729905  2.07530221  4.78039747 -0.32293984]", "status": "2", "success": "False", "message": "Maximum number of function evaluations has been exceeded.", "nfev": "100", "fun": "0.31612467765808105", "maxcv": "0.0"}, "4": {"maxiter": 500, "tol": 1e-05, "catol": 1e-05, "duration": 0.03581404685974121, "x": "[ 4.52544953  2.14414207  3.31473241  2.08468742  4.73843596 -0.36426792]", "status": "1", "success": "True", "message": "Optimization terminated successfully.", "nfev": "205", "fun": "0.31599560379981995", "maxcv": "0.0"}, "5": {"maxiter": 500, "tol": 1e-05, "catol": 1e-10, "duration": 0.03575301170349121, "x": "[ 4.52544953  2.14414207  3.31473241  2.08468742  4.73843596 -0.36426792]", "status": "1", "success": "True", "message": "Optimization terminated successfully.", "nfev": "205", "fun": "0.31599560379981995", "maxcv": "0.0"}, "6": {"maxiter": 500, "tol": 1e-10, "catol": 1e-05, "duration": 0.04162716865539551, "x": "[ 4.52544953  2.14414207  3.31473241  2.08468742  4.73843596 -0.36426792]", "status": "1", "success": "True", "message": "Optimization terminated successfully.", "nfev": "239", "fun": "0.31599560379981995", "maxcv": "0.0"}, "7": {"maxiter": 500, "tol": 1e-10, "catol": 1e-10, "duration": 0.04151296615600586, "x": "[ 4.52544953  2.14414207  3.31473241  2.08468742  4.73843596 -0.36426792]", "status": "1", "success": "True", "message": "Optimization terminated successfully.", "nfev": "239", "fun": "0.31599560379981995", "maxcv": "0.0"}, "8": {"maxiter": 1000, "tol": 1e-05, "catol": 1e-05, "duration": 0.035642147064208984, "x": "[ 4.52544953  2.14414207  3.31473241  2.08468742  4.73843596 -0.36426792]", "status": "1", "success": "True", "message": "Optimization terminated successfully.", "nfev": "205", "fun": "0.31599560379981995", "maxcv": "0.0"}, "9": {"maxiter": 1000, "tol": 1e-05, "catol": 1e-10, "duration": 0.03586220741271973, "x": "[ 4.52544953  2.14414207  3.31473241  2.08468742  4.73843596 -0.36426792]", "status": "1", "success": "True", "message": "Optimization terminated successfully.", "nfev": "205", "fun": "0.31599560379981995", "maxcv": "0.0"}, "10": {"maxiter": 1000, "tol": 1e-10, "catol": 1e-05, "duration": 0.04141497611999512, "x": "[ 4.52544953  2.14414207  3.31473241  2.08468742  4.73843596 -0.36426792]", "status": "1", "success": "True", "message": "Optimization terminated successfully.", "nfev": "239", "fun": "0.31599560379981995", "maxcv": "0.0"}, "11": {"maxiter": 1000, "tol": 1e-10, "catol": 1e-10, "duration": 0.04142284393310547, "x": "[ 4.52544953  2.14414207  3.31473241  2.08468742  4.73843596 -0.36426792]", "status": "1", "success": "True", "message": "Optimization terminated successfully.", "nfev": "239", "fun": "0.31599560379981995", "maxcv": "0.0"}}, "powell": {"0": {"maxiter": 100, "ftol": 1e-05, "xtol": 1e-05, "duration": 0.12436795234680176, "fun": "0.3159955143928528", "direc": "[[ 1.00000000e+00  0.00000000e+00  0.00000000e+00  0.00000000e+00\n   0.00000000e+00  0.00000000e+00]\n [ 0.00000000e+00  1.00000000e+00  0.00000000e+00  0.00000000e+00\n   0.00000000e+00  0.00000000e+00]\n [ 0.00000000e+00  0.00000000e+00  1.00000000e+00  0.00000000e+00\n   0.00000000e+00  0.00000000e+00]\n [ 2.61191038e-01  5.72624234e-02 -2.63564212e-01  1.04698325e-01\n  -3.83456097e-01 -2.62017023e-01]\n [ 0.00000000e+00  0.00000000e+00  0.00000000e+00  0.00000000e+00\n   0.00000000e+00  1.00000000e+00]\n [ 1.52555465e-03 -1.73768312e-03 -1.44060188e-04 -4.39874486e-03\n  -6.65506021e-03 -3.00141632e-03]]", "nit": "9", "nfev": "715", "status": "0", "success": "True", "message": "Optimization terminated successfully.", "x": "[ 4.52512652  2.14458145  3.31246888  2.08550153  4.736181   -0.36548611]"}, "1": {"maxiter": 100, "ftol": 1e-05, "xtol": 1e-10, "duration": 0.309589147567749, "fun": "0.3159955143928528", "direc": "[[ 1.00000000e+00  0.00000000e+00  0.00000000e+00  0.00000000e+00\n   0.00000000e+00  0.00000000e+00]\n [ 0.00000000e+00  1.00000000e+00  0.00000000e+00  0.00000000e+00\n   0.00000000e+00  0.00000000e+00]\n [ 0.00000000e+00  0.00000000e+00  1.00000000e+00  0.00000000e+00\n   0.00000000e+00  0.00000000e+00]\n [ 2.60785706e-01  5.81573861e-02 -2.64314797e-01  1.04612413e-01\n  -3.83581023e-01 -2.62237516e-01]\n [ 0.00000000e+00  0.00000000e+00  0.00000000e+00  0.00000000e+00\n   0.00000000e+00  1.00000000e+00]\n [ 1.59461269e-03 -1.79149830e-03 -5.11547938e-05 -4.15223535e-03\n  -6.09223124e-03 -2.85149502e-03]]", "nit": "9", "nfev": "1782", "status": "0", "success": "True", "message": "Optimization terminated successfully.", "x": "[ 4.5254497   2.14466982  3.31226789  2.08566404  4.73604882 -0.36558267]"}, "2": {"maxiter": 100, "ftol": 1e-10, "xtol": 1e-05, "duration": 0.21777629852294922, "fun": "0.3159954249858856", "direc": "[[ 1.52555465e-03 -1.73768312e-03 -1.44060188e-04 -4.39874486e-03\n  -6.65506021e-03 -3.00141632e-03]\n [ 0.00000000e+00  1.00000000e+00  0.00000000e+00  0.00000000e+00\n   0.00000000e+00  0.00000000e+00]\n [ 0.00000000e+00  0.00000000e+00  1.00000000e+00  0.00000000e+00\n   0.00000000e+00  0.00000000e+00]\n [ 2.61191038e-01  5.72624234e-02 -2.63564212e-01  1.04698325e-01\n  -3.83456097e-01 -2.62017023e-01]\n [ 0.00000000e+00  0.00000000e+00  0.00000000e+00  0.00000000e+00\n   0.00000000e+00  1.00000000e+00]\n [ 1.44184483e-04  1.14637802e-05  2.31526218e-04 -9.19715391e-05\n   3.36844427e-04  1.32165449e-04]]", "nit": "12", "nfev": "1251", "status": "0", "success": "True", "message": "Optimization terminated successfully.", "x": "[ 4.52551892  2.14448528  3.31292128  2.08501653  4.73639761 -0.36548253]"}, "3": {"maxiter": 100, "ftol": 1e-10, "xtol": 1e-10, "duration": 0.4367802143096924, "fun": "0.3159954249858856", "direc": "[[ 1.00000000e+00  0.00000000e+00  0.00000000e+00  0.00000000e+00\n   0.00000000e+00  0.00000000e+00]\n [ 0.00000000e+00  1.00000000e+00  0.00000000e+00  0.00000000e+00\n   0.00000000e+00  0.00000000e+00]\n [ 0.00000000e+00  0.00000000e+00  1.00000000e+00  0.00000000e+00\n   0.00000000e+00  0.00000000e+00]\n [ 2.60785706e-01  5.81573861e-02 -2.64314797e-01  1.04612413e-01\n  -3.83581023e-01 -2.62237516e-01]\n [ 0.00000000e+00  0.00000000e+00  0.00000000e+00  0.00000000e+00\n   0.00000000e+00  1.00000000e+00]\n [ 1.59461269e-03 -1.79149830e-03 -5.11547938e-05 -4.15223535e-03\n  -6.09223124e-03 -2.85149502e-03]]", "nit": "12", "nfev": "2518", "status": "0", "success": "True", "message": "Optimization terminated successfully.", "x": "[ 4.52553229  2.14440784  3.31301082  2.085142    4.73679813 -0.36519317]"}, "4": {"maxiter": 500, "ftol": 1e-05, "xtol": 1e-05, "duration": 0.1242530345916748, "fun": "0.3159955143928528", "direc": "[[ 1.00000000e+00  0.00000000e+00  0.00000000e+00  0.00000000e+00\n   0.00000000e+00  0.00000000e+00]\n [ 0.00000000e+00  1.00000000e+00  0.00000000e+00  0.00000000e+00\n   0.00000000e+00  0.00000000e+00]\n [ 0.00000000e+00  0.00000000e+00  1.00000000e+00  0.00000000e+00\n   0.00000000e+00  0.00000000e+00]\n [ 2.61191038e-01  5.72624234e-02 -2.63564212e-01  1.04698325e-01\n  -3.83456097e-01 -2.62017023e-01]\n [ 0.00000000e+00  0.00000000e+00  0.00000000e+00  0.00000000e+00\n   0.00000000e+00  1.00000000e+00]\n [ 1.52555465e-03 -1.73768312e-03 -1.44060188e-04 -4.39874486e-03\n  -6.65506021e-03 -3.00141632e-03]]", "nit": "9", "nfev": "715", "status": "0", "success": "True", "message": "Optimization terminated successfully.", "x": "[ 4.52512652  2.14458145  3.31246888  2.08550153  4.736181   -0.36548611]"}, "5": {"maxiter": 500, "ftol": 1e-05, "xtol": 1e-10, "duration": 0.3089258670806885, "fun": "0.3159955143928528", "direc": "[[ 1.00000000e+00  0.00000000e+00  0.00000000e+00  0.00000000e+00\n   0.00000000e+00  0.00000000e+00]\n [ 0.00000000e+00  1.00000000e+00  0.00000000e+00  0.00000000e+00\n   0.00000000e+00  0.00000000e+00]\n [ 0.00000000e+00  0.00000000e+00  1.00000000e+00  0.00000000e+00\n   0.00000000e+00  0.00000000e+00]\n [ 2.60785706e-01  5.81573861e-02 -2.64314797e-01  1.04612413e-01\n  -3.83581023e-01 -2.62237516e-01]\n [ 0.00000000e+00  0.00000000e+00  0.00000000e+00  0.00000000e+00\n   0.00000000e+00  1.00000000e+00]\n [ 1.59461269e-03 -1.79149830e-03 -5.11547938e-05 -4.15223535e-03\n  -6.09223124e-03 -2.85149502e-03]]", "nit": "9", "nfev": "1782", "status": "0", "success": "True", "message": "Optimization terminated successfully.", "x": "[ 4.5254497 