{"conf_id": 14, "data_type": "random\n", "num_data_points": 1, "s_rank": 0, "unitary": "[[-0.24866696+0.58742286j,-0.44704345-0.43151574j,-0.35669027-0.20570733j,-0.10517633+0.1626036j],[0.10596805-0.19687975j,-0.30269685-0.15056416j,0.18246286+0.30440582j,-0.83484447-0.11310748j],[0.26054512-0.52548482j,0.0285017-0.50723956j,-0.43110112+0.17165838j,0.15243271+0.39915801j],[0.42978035+0.11991271j,-0.17224126-0.46030424j,0.6827807-0.15164662j,0.26483638+0.0061855j]]", "databatch_0": {"databatch": "[[[0.21386637-0.07112725j,-0.33070997-0.1432963j,-0.25053066+0.23739811j,-0.32660486-0.07448362j],[0.05243053-0.07159728j,0.15288836-0.05086042j,0.23390695+0.21963801j,0.13363523-0.17310876j],[0.07459456+0.0719394j,-0.08942977+0.13363555j,-0.35116624+0.00999798j,0.09970649+0.27486589j],[-0.07545649-0.06586456j,0.14609006+0.07773987j,0.29255932+0.16308884j,0.05560193-0.07167878j]]]", "nelder_mead": {"0": {"maxiter": 100, "fatol": 1e-05, "xatol": 1e-05, "duration": 0.028839826583862305, "fun": "0.4506855905056", "nit": "100", "nfev": "159", "status": "2", "success": "False", "message": "Maximum number of iterations has been exceeded.", "x": "[ 0.47046903  2.16967503  2.76570127  0.00497677  0.90857062 -0.80039515]", "final_simplex": "(array([[ 0.47046903,  2.16967503,  2.76570127,  0.00497677,  0.90857062,\n        -0.80039515],\n       [ 0.4538135 ,  2.11903261,  2.75930451,  0.0053447 ,  0.91256937,\n        -0.78254147],\n       [ 0.41954831,  2.11055778,  2.82598628,  0.00573784,  0.90923077,\n        -0.79105437],\n       [ 0.41504273,  2.1106148 ,  2.83968849,  0.00572197,  0.90187962,\n        -0.76380005],\n       [ 0.42429962,  2.10842275,  2.86473104,  0.00558779,  0.89843341,\n        -0.72596062],\n       [ 0.40232163,  2.09844918,  2.84699174,  0.00597601,  0.90124467,\n        -0.78594556],\n       [ 0.39566744,  2.08390314,  2.83611784,  0.0060566 ,  0.90046874,\n        -0.75905762]]), array([0.45068559, 0.45193383, 0.4522661 , 0.45228797, 0.45241281,\n       0.45279527, 0.45304468]))"}, "1": {"maxiter": 100, "fatol": 1e-05, "xatol": 1e-10, "duration": 0.028583049774169922, "fun": "0.4506855905056", "nit": "100", "nfev": "159", "status": "2", "success": "False", "message": "Maximum number of iterations has been exceeded.", "x": "[ 0.47046903  2.16967503  2.76570127  0.00497677  0.90857062 -0.80039515]", "final_simplex": "(array([[ 0.47046903,  2.16967503,  2.76570127,  0.00497677,  0.90857062,\n        -0.80039515],\n       [ 0.4538135 ,  2.11903261,  2.75930451,  0.0053447 ,  0.91256937,\n        -0.78254147],\n       [ 0.41954831,  2.11055778,  2.82598628,  0.00573784,  0.90923077,\n        -0.79105437],\n       [ 0.41504273,  2.1106148 ,  2.83968849,  0.00572197,  0.90187962,\n        -0.76380005],\n       [ 0.42429962,  2.10842275,  2.86473104,  0.00558779,  0.89843341,\n        -0.72596062],\n       [ 0.40232163,  2.09844918,  2.84699174,  0.00597601,  0.90124467,\n        -0.78594556],\n       [ 0.39566744,  2.08390314,  2.83611784,  0.0060566 ,  0.90046874,\n        -0.75905762]]), array([0.45068559, 0.45193383, 0.4522661 , 0.45228797, 0.45241281,\n       0.45279527, 0.45304468]))"}, "2": {"maxiter": 100, "fatol": 1e-10, "xatol": 1e-05, "duration": 0.028499126434326172, "fun": "0.4506855905056", "nit": "100", "nfev": "159", "status": "2", "success": "False", "message": "Maximum number of iterations has been exceeded.", "x": "[ 0.47046903  2.16967503  2.76570127  0.00497677  0.90857062 -0.80039515]", "final_simplex": "(array([[ 0.47046903,  2.16967503,  2.76570127,  0.00497677,  0.90857062,\n        -0.80039515],\n       [ 0.4538135 ,  2.11903261,  2.75930451,  0.0053447 ,  0.91256937,\n        -0.78254147],\n       [ 0.41954831,  2.11055778,  2.82598628,  0.00573784,  0.90923077,\n        -0.79105437],\n       [ 0.41504273,  2.1106148 ,  2.83968849,  0.00572197,  0.90187962,\n        -0.76380005],\n       [ 0.42429962,  2.10842275,  2.86473104,  0.00558779,  0.89843341,\n        -0.72596062],\n       [ 0.40232163,  2.09844918,  2.84699174,  0.00597601,  0.90124467,\n        -0.78594556],\n       [ 0.39566744,  2.08390314,  2.83611784,  0.0060566 ,  0.90046874,\n        -0.75905762]]), array([0.45068559, 0.45193383, 0.4522661 , 0.45228797, 0.45241281,\n       0.45279527, 0.45304468]))"}, "3": {"maxiter": 100, "fatol": 1e-10, "xatol": 1e-10, "duration": 0.028200149536132812, "fun": "0.4506855905056", "nit": "100", "nfev": "159", "status": "2", "success": "False", "message": "Maximum number of iterations has been exceeded.", "x": "[ 0.47046903  2.16967503  2.76570127  0.00497677  0.90857062 -0.80039515]", "final_simplex": "(array([[ 0.47046903,  2.16967503,  2.76570127,  0.00497677,  0.90857062,\n        -0.80039515],\n       [ 0.4538135 ,  2.11903261,  2.75930451,  0.0053447 ,  0.91256937,\n        -0.78254147],\n       [ 0.41954831,  2.11055778,  2.82598628,  0.00573784,  0.90923077,\n        -0.79105437],\n       [ 0.41504273,  2.1106148 ,  2.83968849,  0.00572197,  0.90187962,\n        -0.76380005],\n       [ 0.42429962,  2.10842275,  2.86473104,  0.00558779,  0.89843341,\n        -0.72596062],\n       [ 0.40232163,  2.09844918,  2.84699174,  0.00597601,  0.90124467,\n        -0.78594556],\n       [ 0.39566744,  2.08390314,  2.83611784,  0.0060566 ,  0.90046874,\n        -0.75905762]]), array([0.45068559, 0.45193383, 0.4522661 , 0.45228797, 0.45241281,\n       0.45279527, 0.45304468]))"}, "4": {"maxiter": 500, "fatol": 1e-05, "xatol": 1e-05, "duration": 0.1365659236907959, "fun": "0.4395521283149719", "nit": "500", "nfev": "772", "status": "2", "success": "False", "message": "Maximum number of iterations has been exceeded.", "x": "[ 0.55068829  2.53379896  2.43186003  0.04541162  0.53340564 -0.32038679]", "final_simplex": "(array([[ 0.55068829,  2.53379896,  2.43186003,  0.04541162,  0.53340564,\n        -0.32038679],\n       [ 0.59196793,  2.59407368,  2.43176045,  0.03616615,  0.81314872,\n        -0.59010125],\n       [ 0.58890006,  2.60026739,  2.39122395,  0.03454936,  0.57050932,\n        -0.36328068],\n       [ 0.60197898,  2.56157004,  2.44182401,  0.0324504 ,  0.50260216,\n        -0.29371431],\n       [ 0.54407617,  2.53906486,  2.47569093,  0.03432565,  0.7009082 ,\n        -0.46020823],\n       [ 0.57175656,  2.55790665,  2.43658849,  0.02867872,  0.33026006,\n        -0.14201099],\n       [ 0.56754195,  2.5065448 ,  2.46828227,  0.02613227,  0.4580338 ,\n        -0.26611213]]), array([0.43955213, 0.44095328, 0.44097897, 0.4413068 , 0.44178158,\n       0.44208583, 0.44233584]))"}, "5": {"maxiter": 500, "fatol": 1e-05, "xatol": 1e-10, "duration": 0.13620901107788086, "fun": "0.4395521283149719", "nit": "500", "nfev": "772", "status": "2", "success": "False", "message": "Maximum number of iterations has been exceeded.", "x": "[ 0.55068829  2.53379896  2.43186003  0.04541162  0.53340564 -0.32038679]", "final_simplex": "(array([[ 0.55068829,  2.53379896,  2.43186003,  0.04541162,  0.53340564,\n        -0.32038679],\n       [ 0.59196793,  2.59407368,  2.43176045,  0.03616615,  0.81314872,\n        -0.59010125],\n       [ 0.58890006,  2.60026739,  2.39122395,  0.03454936,  0.57050932,\n        -0.36328068],\n       [ 0.60197898,  2.56157004,  2.44182401,  0.0324504 ,  0.50260216,\n        -0.29371431],\n       [ 0.54407617,  2.53906486,  2.47569093,  0.03432565,  0.7009082 ,\n        -0.46020823],\n       [ 0.57175656,  2.55790665,  2.43658849,  0.02867872,  0.33026006,\n        -0.14201099],\n       [ 0.56754195,  2.5065448 ,  2.46828227,  0.02613227,  0.4580338 ,\n        -0.26611213]]), array([0.43955213, 0.44095328, 0.44097897, 0.4413068 , 0.44178158,\n       0.44208583, 0.44233584]))"}, "6": {"maxiter": 500, "fatol": 1e-10, "xatol": 1e-05, "duration": 0.13601922988891602, "fun": "0.4395521283149719", "nit": "500", "nfev": "772", "status": "2", "success": "False", "message": "Maximum number of iterations has been exceeded.", "x": "[ 0.55068829  2.53379896  2.43186003  0.04541162  0.53340564 -0.32038679]", "final_simplex": "(array([[ 0.55068829,  2.53379896,  2.43186003,  0.04541162,  0.53340564,\n        -0.32038679],\n       [ 0.59196793,  2.59407368,  2.43176045,  0.03616615,  0.81314872,\n        -0.59010125],\n       [ 0.58890006,  2.60026739,  2.39122395,  0.03454936,  0.57050932,\n        -0.36328068],\n       [ 0.60197898,  2.56157004,  2.44182401,  0.0324504 ,  0.50260216,\n        -0.29371431],\n       [ 0.54407617,  2.53906486,  2.47569093,  0.03432565,  0.7009082 ,\n        -0.46020823],\n       [ 0.57175656,  2.55790665,  2.43658849,  0.02867872,  0.33026006,\n        -0.14201099],\n       [ 0.56754195,  2.5065448 ,  2.46828227,  0.02613227,  0.4580338 ,\n        -0.26611213]]), array([0.43955213, 0.44095328, 0.44097897, 0.4413068 , 0.44178158,\n       0.44208583, 0.44233584]))"}, "7": {"maxiter": 500, "fatol": 1e-10, "xatol": 1e-10, "duration": 0.13861989974975586, "fun": "0.4395521283149719", "nit": "500", "nfev": "772", "status": "2", "success": "False", "message": "Maximum number of iterations has been exceeded.", "x": "[ 0.55068829  2.53379896  2.43186003  0.04541162  0.53340564 -0.32038679]", "final_simplex": "(array([[ 0.55068829,  2.53379896,  2.43186003,  0.04541162,  0.53340564,\n        -0.32038679],\n       [ 0.59196793,  2.59407368,  2.43176045,  0.03616615,  0.81314872,\n        -0.59010125],\n       [ 0.58890006,  2.60026739,  2.39122395,  0.03454936,  0.57050932,\n        -0.36328068],\n       [ 0.60197898,  2.56157004,  2.44182401,  0.0324504 ,  0.50260216,\n        -0.29371431],\n       [ 0.54407617,  2.53906486,  2.47569093,  0.03432565,  0.7009082 ,\n        -0.46020823],\n       [ 0.57175656,  2.55790665,  2.43658849,  0.02867872,  0.33026006,\n        -0.14201099],\n       [ 0.56754195,  2.5065448 ,  2.46828227,  0.02613227,  0.4580338 ,\n        -0.26611213]]), array([0.43955213, 0.44095328, 0.44097897, 0.4413068 , 0.44178158,\n       0.44208583, 0.44233584]))"}, "8": {"maxiter": 1000, "fatol": 1e-05, "xatol": 1e-05, "duration": 0.24493002891540527, "fun": "0.30120137333869934", "nit": "850", "nfev": "1362", "status": "0", "success": "True", "message": "Optimization terminated successfully.", "x": "[ 2.78324482  4.38383665  2.87819128  2.299904   -0.97029074  0.07313455]", "final_simplex": "(array([[ 2.78324482,  4.38383665,  2.87819128,  2.299904  , -0.97029074,\n         0.07313455],\n       [ 2.78324404,  4.38383742,  2.8781929 ,  2.29990394, -0.9702886 ,\n         0.07313663],\n       [ 2.78324374,  4.38383994,  2.8781959 ,  2.29990485, -0.97029073,\n         0.07313304],\n       [ 2.78324475,  4.38384479,  2.87820001,  2.29990419, -0.97029178,\n         0.07313366],\n       [ 2.78324525,  4.38384093,  2.87819786,  2.29990378, -0.97028986,\n         0.07313579],\n       [ 2.78324301,  4.38383362,  2.8781886 ,  2.29990135, -0.97028849,\n         0.07313621],\n       [ 2.78324569,  4.38384141,  2.87819617,  2.29990469, -0.97028989,\n         0.07313441]]), array([0.30120137, 0.30120137, 0.30120137, 0.30120137, 0.30120137,\n       0.30120137, 0.30120137]))"}, "9": {"maxiter": 1000, "fatol": 1e-05, "xatol": 1e-10, "duration": 0.26419901847839355, "fun": "0.30120137333869934", "nit": "867", "nfev": "1498", "status": "0", "success": "True", "message": "Optimization terminated successfully.", "x": "[ 2.78324482  4.38383665  2.87819128  2.299904   -0.97029074  0.07313455]", "final_simplex": "(array([[ 2.78324482,  4.38383665,  2.87819128,  2.299904  , -0.97029074,\n         0.07313455],\n       [ 2.78324482,  4.38383665,  2.87819128,  2.299904  , -0.97029074,\n         0.07313455],\n       [ 2.78324482,  4.38383665,  2.87819128,  2.299904  , -0.97029074,\n         0.07313455],\n       [ 2.78324482,  4.38383665,  2.87819128,  2.299904  , -0.97029074,\n         0.07313455],\n       [ 2.78324482,  4.38383665,  2.87819128,  2.299904  , -0.97029074,\n         0.07313455],\n       [ 2.78324482,  4.38383665,  2.87819128,  2.299904  , -0.97029074,\n         0.07313455],\n       [ 2.78324482,  4.38383665,  2.87819128,  2.299904  , -0.97029074,\n         0.07313455]]), array([0.30120137, 0.30120137, 0.30120137, 0.30120137, 0.30120137,\n       0.30120137, 0.30120137]))"}, "10": {"maxiter": 1000, "fatol": 1e-10, "xatol": 1e-05, "duration": 0.23969292640686035, "fun": "0.30120137333869934", "nit": "850", "nfev": "1362", "status": "0", "success": "True", "message": "Optimization terminated successfully.", "x": "[ 2.78324482  4.38383665  2.87819128  2.299904   -0.97029074  0.07313455]", "final_simplex": "(array([[ 2.78324482,  4.38383665,  2.87819128,  2.299904  , -0.97029074,\n         0.07313455],\n       [ 2.78324404,  4.38383742,  2.8781929 ,  2.29990394, -0.9702886 ,\n         0.07313663],\n       [ 2.78324374,  4.38383994,  2.8781959 ,  2.29990485, -0.97029073,\n         0.07313304],\n       [ 2.78324475,  4.38384479,  2.87820001,  2.29990419, -0.97029178,\n         0.07313366],\n       [ 2.78324525,  4.38384093,  2.87819786,  2.29990378, -0.97028986,\n         0.07313579],\n       [ 2.78324301,  4.38383362,  2.8781886 ,  2.29990135, -0.97028849,\n         0.07313621],\n       [ 2.78324569,  4.38384141,  2.87819617,  2.29990469, -0.97028989,\n         0.07313441]]), array([0.30120137, 0.30120137, 0.30120137, 0.30120137, 0.30120137,\n       0.30120137, 0.30120137]))"}, "11": {"maxiter": 1000, "fatol": 1e-10, "xatol": 1e-10, "duration": 0.26729917526245117, "fun": "0.30120137333869934", "nit": "867", "nfev": "1498", "status": "0", "success": "True", "message": "Optimization terminated successfully.", "x": "[ 2.78324482  4.38383665  2.87819128  2.299904   -0.97029074  0.07313455]", "final_simplex": "(array([[ 2.78324482,  4.38383665,  2.87819128,  2.299904  , -0.97029074,\n         0.07313455],\n       [ 2.78324482,  4.38383665,  2.87819128,  2.299904  , -0.97029074,\n         0.07313455],\n       [ 2.78324482,  4.38383665,  2.87819128,  2.299904  , -0.97029074,\n         0.07313455],\n       [ 2.78324482,  4.38383665,  2.87819128,  2.299904  , -0.97029074,\n         0.07313455],\n       [ 2.78324482,  4.38383665,  2.87819128,  2.299904  , -0.97029074,\n         0.07313455],\n       [ 2.78324482,  4.38383665,  2.87819128,  2.299904  , -0.97029074,\n         0.07313455],\n       [ 2.78324482,  4.38383665,  2.87819128,  2.299904  , -0.97029074,\n         0.07313455]]), array([0.30120137, 0.30120137, 0.30120137, 0.30120137, 0.30120137,\n       0.30120137, 0.30120137]))"}}, "bfgs": {"0": {"maxiter": 100, "gtol": 1e-05, "xrtol": 1e-05, "eps": 1e-05, "duration": 0.12627696990966797, "fun": "0.30159682035446167", "jac": "[0. 0. 0. 0. 0. 0.]", "hess_inv": "[[  4.78140892  -8.11209898  -8.6492215    5.56993998   3.5146297\n   -0.82078908]\n [ -8.11209898  15.64002155  16.455702   -10.4405656   -7.16452749\n    1.24422985]\n [ -8.6492215   16.455702    18.36794797 -11.31368639  -8.22084787\n    1.11385997]\n [  5.56993998 -10.4405656  -11.31368639   7.28509688   4.84489529\n   -0.78320331]\n [  3.5146297   -7.16452749  -8.22084787   4.84489529   4.12012175\n   -0.55578065]\n [ -0.82078908   1.24422985   1.11385997  -0.78320331  -0.55578065\n    0.54665947]]", "nfev": "679", "njev": "97", "status": "0", "success": "True", "message": "Optimization terminated successfully.", "x": "[ 2.81655894 -1.35890887  3.42411932 -2.38399881  2.04760516  3.15435529]", "nit": "71"}, "1": {"maxiter": 100, "gtol": 1e-05, "xrtol": 1e-05, "eps": 1e-10, "duration": 0.0013267993927001953, "fun": "0.8194501399993896", "jac": "[0. 0. 0. 0. 0. 0.]", "hess_inv": "[[1 0 0 0 0 0]\n [0 1 0 0 0 0]\n [0 0 1 0 0 0]\n [0 0 0 1 0 0]\n [0 0 0 0 1 0]\n [0 0 0 0 0 1]]", "nfev": "7", "njev": "1", "status": "0", "success": "True", "message": "Optimization terminated successfully.", "x": "[0.32592222 1.29446179 4.07341991 0.00472172 0.70543707 2.34184379]", "nit": "0"}, "2": {"maxiter": 100, "gtol": 1e-05, "xrtol": 1e-10, "eps": 1e-05, "duration": 0.12635493278503418, "fun": "0.30159682035446167", "jac": "[0. 0. 0. 0. 0. 0.]", "hess_inv": "[[  4.78140892  -8.11209898  -8.6492215    5.56993998   3.5146297\n   -0.82078908]\n [ -8.11209898  15.64002155  16.455702   -10.4405656   -7.16452749\n    1.24422985]\n [ -8.6492215   16.455702    18.36794797 -11.31368639  -8.22084787\n    1.11385997]\n [  5.56993998 -10.4405656  -11.31368639   7.28509688   4.84489529\n   -0.78320331]\n [  3.5146297   -7.16452749  -8.22084787   4.84489529   4.12012175\n   -0.55578065]\n [ -0.82078908   1.24422985   1.11385997  -0.78320331  -0.55578065\n    0.54665947]]", "nfev": "679", "njev": "97", "status": "0", "success": "True", "message": "Optimization terminated successfully.", "x": "[ 2.81655894 -1.35890887  3.42411932 -2.38399881  2.04760516  3.15435529]", "nit": "71"}, "3": {"maxiter": 100, "gtol": 1e-05, "xrtol": 1e-10, "eps": 1e-10, "duration": 0.001332998275756836, "fun": "0.8194501399993896", "jac": "[0. 0. 0. 0. 0. 0.]", "hess_inv": "[[1 0 0 0 0 0]\n [0 1 0 0 0 0]\n [0 0 1 0 0 0]\n [0 0 0 1 0 0]\n [0 0 0 0 1 0]\n [0 0 0 0 0 1]]", "nfev": "7", "njev": "1", "status": "0", "success": "True", "message": "Optimization terminated successfully.", "x": "[0.32592222 1.29446179 4.07341991 0.00472172 0.70543707 2.34184379]", "nit": "0"}, "4": {"maxiter": 100, "gtol": 1e-10, "xrtol": 1e-05, "eps": 1e-05, "duration": 0.12553024291992188, "fun": "0.30159682035446167", "jac": "[0. 0. 0. 0. 0. 0.]", "hess_inv": "[[  4.78140892  -8.11209898  -8.6492215    5.56993998   3.5146297\n   -0.82078908]\n [ -8.11209898  15.64002155  16.455702   -10.4405656   -7.16452749\n    1.24422985]\n [ -8.6492215   16.455702    18.36794797 -11.31368639  -8.22084787\n    1.11385997]\n [  5.56993998 -10.4405656  -11.31368639   7.28509688   4.84489529\n   -0.78320331]\n [  3.5146297   -7.16452749  -8.22084787   4.84489529   4.12012175\n   -0.55578065]\n [ -0.82078908   1.24422985   1.11385997  -0.78320331  -0.55578065\n    0.54665947]]", "nfev": "679", "njev": "97", "status": "0", "success": "True", "message": "Optimization terminated successfully.", "x": "[ 2.81655894 -1.35890887  3.42411932 -2.38399881  2.04760516  3.15435529]", "nit": "71"}, "5": {"maxiter": 100, "gtol": 1e-10, "xrtol": 1e-05, "eps": 1e-10, "duration": 0.0013098716735839844, "fun": "0.8194501399993896", "jac": "[0. 0. 0. 0. 0. 0.]", "hess_inv": "[[1 0 0 0 0 0]\n [0 1 0 0 0 0]\n [0 0 1 0 0 0]\n [0 0 0 1 0 0]\n [0 0 0 0 1 0]\n [0 0 0 0 0 1]]", "nfev": "7", "njev": "1", "status": "0", "success": "True", "message": "Optimization terminated successfully.", "x": "[0.32592222 1.29446179 4.07341991 0.00472172 0.70543707 2.34184379]", "nit": "0"}, "6": {"maxiter": 100, "gtol": 1e-10, "xrtol": 1e-10, "eps": 1e-05, "duration": 0.12153506278991699, "fun": "0.30159682035446167", "jac": "[0. 0. 0. 0. 0. 0.]", "hess_inv": "[[  4.78140892  -8.11209898  -8.6492215    5.56993998   3.5146297\n   -0.82078908]\n [ -8.11209898  15.64002155  16.455702   -10.4405656   -7.16452749\n    1.24422985]\n [ -8.6492215   16.455702    18.36794797 -11.31368639  -8.22084787\n    1.11385997]\n [  5.56993998 -10.4405656  -11.31368639   7.28509688   4.84489529\n   -0.78320331]\n [  3.5146297   -7.16452749  -8.22084787   4.84489529   4.12012175\n   -0.55578065]\n [ -0.82078908   1.24422985   1.11385997  -0.78320331  -0.55578065\n    0.54665947]]", "nfev": "679", "njev": "97", "status": "0", "success": "True", "message": "Optimization terminated successfully.", "x": "[ 2.81655894 -1.35890887  3.42411932 -2.38399881  2.04760516  3.15435529]", "nit": "71"}, "7": {"maxiter": 100, "gtol": 1e-10, "xrtol": 1e-10, "eps": 1e-10, "duration": 0.0013339519500732422, "fun": "0.8194501399993896", "jac": "[0. 0. 0. 0. 0. 0.]", "hess_inv": "[[1 0 0 0 0 0]\n [0 1 0 0 0 0]\n [0 0 1 0 0 0]\n [0 0 0 1 0 0]\n [0 0 0 0 1 0]\n [0 0 0 0 0 1]]", "nfev": "7", "njev": "1", "status": "0", "success": "True", "message": "Optimization terminated successfully.", "x": "[0.32592222 1.29446179 4.07341991 0.00472172 0.70543707 2.34184379]", "nit": "0"}, "8": {"maxiter": 500, "gtol": 1e-05, "xrtol": 1e-05, "eps": 1e-05, "duration": 0.12142491340637207, "fun": "0.30159682035446167", "jac": "[0. 0. 0. 0. 0. 0.]", "hess_inv": "[[  4.78140892  -8.11209898  -8.6492215    5.56993998   3.5146297\n   -0.82078908]\n [ -8.11209898  15.64002155  16.455702   -10.4405656   -7.16452749\n    1.24422985]\n [ -8.6492215   16.455702    18.36794797 -11.31368639  -8.22084787\n    1.11385997]\n [  5.56993998 -10.4405656  -11.31368639   7.28509688   4.84489529\n   -0.78320331]\n [  3.5146297   -7.16452749  -8.22084787   4.84489529   4.12012175\n   -0.55578065]\n [ -0.82078908   1.24422985   1.11385997  -0.78320331  -0.55578065\n    0.54665947]]", "nfev": "679", "njev": "97", "status": "0", "success": "True", "message": "Optimization terminated successfully.", "x": "[ 2.81655894 -1.35890887  3.42411932 -2.38399881  2.04760516  3.15435529]", "nit": "71"}, "9": {"maxiter": 500, "gtol": 1e-05, "xrtol": 1e-05, "eps": 1e-10, "duration": 0.0012810230255126953, "fun": "0.8194501399993896", "jac": "[0. 0. 0. 0. 0. 0.]", "hess_inv": "[[1 0 0 0 0 0]\n [0 1 0 0 0 0]\n [0 0 1 0 0 0]\n [0 0 0 1 0 0]\n [0 0 0 0 1 0]\n [0 0 0 0 0 1]]", "nfev": "7", "njev": "1", "status": "0", "success": "True", "message": "Optimization terminated successfully.", "x": "[0.32592222 1.29446179 4.07341991 0.00472172 0.70543707 2.34184379]", "nit": "0"}, "10": {"maxiter": 500, "gtol": 1e-05, "xrtol": 1e-10, "eps": 1e-05, "duration": 0.12116312980651855, "fun": "0.30159682035446167", "jac": "[0. 0. 0. 0. 0. 0.]", "hess_inv": "[[  4.78140892  -8.11209898  -8.6492215    5.56993998   3.5146297\n   -0.82078908]\n [ -8.11209898  15.64002155  16.455702   -10.4405656   -7.16452749\n    1.24422985]\n [ -8.6492215   16.455702    18.36794797 -11.31368639  -8.22084787\n    1.11385997]\n [  5.56993998 -10.4405656  -11.31368639   7.28509688   4.84489529\n   -0.78320331]\n [  3.5146297   -7.16452749  -8.22084787   4.84489529   4.12012175\n   -0.55578065]\n [ -0.82078908   1.24422985   1.11385997  -0.78320331  -0.55578065\n    0.54665947]]", "nfev": "679", "njev": "97", "status": "0", "success": "True", "message": "Optimization terminated successfully.", "x": "[ 2.81655894 -1.35890887  3.42411932 -2.38399881  2.04760516  3.15435529]", "nit": "71"}, "11": {"maxiter": 500, "gtol": 1e-05, "xrtol": 1e-10, "eps": 1e-10, "duration": 0.0012750625610351562, "fun": "0.8194501399993896", "jac": "[0. 0. 0. 0. 0. 0.]", "hess_inv": "[[1 0 0 0 0 0]\n [0 1 0 0 0 0]\n [0 0 1 0 0 0]\n [0 0 0 1 0 0]\n [0 0 0 0 1 0]\n [0 0 0 0 0 1]]", "nfev": "7", "njev": "1", "status": "0", "success": "True", "message": "Optimization terminated successfully.", "x": "[0.32592222 1.29446179 4.07341991 0.00472172 0.70543707 2.34184379]", "nit": "0"}, "12": {"maxiter": 500, "gtol": 1e-10, "xrtol": 1e-05, "eps": 1e-05, "duration": 0.12200498580932617, "fun": "0.30159682035446167", "jac": "[0. 0. 0. 0. 0. 0.]", "hess_inv": "[[  4.78140892  -8.11209898  -8.6492215    5.56993998   3.5146297\n   -0.82078908]\n [ -8.11209898  15.64002155  16.455702   -10.4405656   -7.16452749\n    1.24422985]\n [ -8.6492215   16.455702    18.36794797 -11.31368639  -8.22084787\n    1.11385997]\n [  5.56993998 -10.4405656  -11.31368639   7.28509688   4.84489529\n   -0.78320331]\n [  3.5146297   -7.16452749  -8.22084787   4.84489529   4.12012175\n   -0.55578065]\n [ -0.82078908   1.24422985   1.11385997  -0.78320331  -0.55578065\n    0.54665947]]", "nfev": "679", "njev": "97", "status": "0", "success": "True", "message": "Optimization terminated successfully.", "x": "[ 2.81655894 -1.35890887  3.42411932 -2.38399881  2.04760516  3.15435529]", "nit": "71"}, "13": {"maxiter": 500, "gtol": 1e-10, "xrtol": 1e-05, "eps": 1e-10, "duration": 0.0013279914855957031, "fun": "0.8194501399993896", "jac": "[0. 0. 0. 0. 0. 0.]", "hess_inv": "[[1 0 0 0 0 0]\n [0 1 0 0 0 0]\n [0 0 1 0 0 0]\n [0 0 0 1 0 0]\n [0 0 0 0 1 0]\n [0 0 0 0 0 1]]", "nfev": "7", "njev": "1", "status": "0", "success": "True", "message": "Optimization terminated successfully.", "x": "[0.32592222 1.29446179 4.07341991 0.00472172 0.70543707 2.34184379]", "nit": "0"}, "14": {"maxiter": 500, "gtol": 1e-10, "xrtol": 1e-10, "eps": 1e-05, "duration": 0.12135505676269531, "fun": "0.30159682035446167", "jac": "[0. 0. 0. 0. 0. 0.]", "hess_inv": "[[  4.78140892  -8.11209898  -8.6492215    5.56993998   3.5146297\n   -0.82078908]\n [ -8.11209898  15.64002155  16.455702   -10.4405656   -7.16452749\n    1.24422985]\n [ -8.6492215   16.455702    18.36794797 -11.31368639  -8.22084787\n    1.11385997]\n [  5.56993998 -10.4405656  -11.31368639   7.28509688   4.84489529\n   -0.78320331]\n [  3.5146297   -7.16452749  -8.22084787   4.84489529   4.12012175\n   -0.55578065]\n [ -0.82078908   1.24422985   1.11385997  -0.78320331  -0.55578065\n    0.54665947]]", "nfev": "679", "njev": "97", "status": "0", "success": "True", "message": "Optimization terminated successfully.", "x": "[ 2.81655894 -1.35890887  3.42411932 -2.38399881  2.04760516  3.15435529]", "nit": "71"}, "15": {"maxiter": 500, "gtol": 1e-10, "xrtol": 1e-10, "eps": 1e-10, "duration": 0.0012791156768798828, "fun": "0.8194501399993896", "jac": "[0. 0. 0. 0. 0. 0.]", "hess_inv": "[[1 0 0 0 0 0]\n [0 1 0 0 0 0]\n [0 0 1 0 0 0]\n [0 0 0 1 0 0]\n [0 0 0 0 1 0]\n [0 0 0 0 0 1]]", "nfev": "7", "njev": "1", "status": "0", "success": "True", "message": "Optimization terminated successfully.", "x": "[0.32592222 1.29446179 4.07341991 0.00472172 0.70543707 2.34184379]", "nit": "0"}, "16": {"maxiter": 1000, "gtol": 1e-05, "xrtol": 1e-05, "eps": 1e-05, "duration": 0.12294292449951172, "fun": "0.30159682035446167", "jac": "[0. 0. 0. 0. 0. 0.]", "hess_inv": "[[  4.78140892  -8.11209898  -8.6492215    5.56993998   3.5146297\n   -0.82078908]\n [ -8.11209898  15.64002155  16.455702   -10.4405656   -7.16452749\n    1.24422985]\n [ -8.6492215   16.455702    18.36794797 -11.31368639  -8.22084787\n    1.11385997]\n [  5.56993998 -10.4405656  -11.31368639   7.28509688   4.84489529\n   -0.78320331]\n [  3.5146297   -7.16452749  -8.22084787   4.84489529   4.12012175\n   -0.55578065]\n [ -0.82078908   1.24422985   1.11385997  -0.78320331  -0.55578065\n    0.54665947]]", "nfev": "679", "njev": "97", "status": "0", "success": "True", "message": "Optimization terminated successfully.", "x": "[ 2.81655894 -1.35890887  3.42411932 -2.38399881  2.04760516  3.15435529]", "nit": "71"}, "17": {"maxiter": 1000, "gtol": 1e-05, "xrtol": 1e-05, "eps": 1e-10, "duration": 0.0012938976287841797, "fun": "0.8194501399993896", "jac": "[0. 0. 0. 0. 0. 0.]", "hess_inv": "[[1 0 0 0 0 0]\n [0 1 0 0 0 0]\n [0 0 1 0 0 0]\n [0 0 0 1 0 0]\n [0 0 0 0 1 0]\n [0 0 0 0 0 1]]", "nfev": "7", "njev": "1", "status": "0", "success": "True", "message": "Optimization terminated successfully.", "x": "[0.32592222 1.29446179 4.07341991 0.00472172 0.70543707 2.34184379]", "nit": "0"}, "18": {"maxiter": 1000, "gtol": 1e-05, "xrtol": 1e-10, "eps": 1e-05, "duration": 0.12226295471191406, "fun": "0.30159682035446167", "jac": "[0. 0. 0. 0. 0. 0.]", "hess_inv": "[[  4.78140892  -8.11209898  -8.6492215    5.56993998   3.5146297\n   -0.82078908]\n [ -8.11209898  15.64002155  16.455702   -10.4405656   -7.16452749\n    1.24422985]\n [ -8.6492215   16.455702    18.36794797 -11.31368639  -8.22084787\n    1.11385997]\n [  5.56993998 -10.4405656  -11.31368639   7.28509688   4.84489529\n   -0.78320331]\n [  3.5146297   -7.16452749  -8.22084787   4.84489529   4.12012175\n   -0.55578065]\n [ -0.82078908   1.24422985   1.11385997  -0.78320331  -0.55578065\n    0.54665947]]", "nfev": "679", "njev": "97", "status": "0", "success": "True", "message": "Optimization terminated successfully.", "x": "[ 2.81655894 -1.35890887  3.42411932 -2.38399881  2.04760516  3.15435529]", "nit": "71"}, "19": {"maxiter": 1000, "gtol": 1e-05, "xrtol": 1e-10, "eps": 1e-10, "duration": 0.0012841224670410156, "fun": "0.8194501399993896", "jac": "[0. 0. 0. 0. 0. 0.]", "hess_inv": "[[1 0 0 0 0 0]\n [0 1 0 0 0 0]\n [0 0 1 0 0 0]\n [0 0 0 1 0 0]\n [0 0 0 0 1 0]\n [0 0 0 0 0 1]]", "nfev": "7", "njev": "1", "status": "0", "success": "True", "message": "Optimization terminated successfully.", "x": "[0.32592222 1.29446179 4.07341991 0.00472172 0.70543707 2.34184379]", "nit": "0"}, "20": {"maxiter": 1000, "gtol": 1e-10, "xrtol": 1e-05, "eps": 1e-05, "duration": 0.12246894836425781, "fun": "0.30159682035446167", "jac": "[0. 0. 0. 0. 0. 0.]", "hess_inv": "[[  4.78140892  -8.11209898  -8.6492215    5.56993998   3.5146297\n   -0.82078908]\n [ -8.11209898  15.64002155  16.455702   -10.4405656   -7.16452749\n    1.24422985]\n [ -8.6492215   16.455702    18.36794797 -11.31368639  -8.22084787\n    1.11385997]\n [  5.56993998 -10.4405656  -11.31368639   7.28509688   4.84489529\n   -0.78320331]\n [  3.5146297   -7.16452749  -8.22084787   4.84489529   4.12012175\n   -0.55578065]\n [ -0.82078908   1.24422985   1.11385997  -0.78320331  -0.55578065\n    0.54665947]]", "nfev": "679", "njev": "97", "status": "0", "success": "True", "message": "Optimization terminated successfully.", "x": "[ 2.81655894 -1.35890887  3.42411932 -2.38399881  2.04760516  3.15435529]", "nit": "71"}, "21": {"maxiter": 1000, "gtol": 1e-10, "xrtol": 1e-05, "eps": 1e-10, "duration": 0.0012941360473632812, "fun": "0.8194501399993896", "jac": "[0. 0. 0. 0. 0. 0.]", "hess_inv": "[[1 0 0 0 0 0]\n [0 1 0 0 0 0]\n [0 0 1 0 0 0]\n [0 0 0 1 0 0]\n [0 0 0 0 1 0]\n [0 0 0 0 0 1]]", "nfev": "7", "njev": "1", "status": "0", "success": "True", "message": "Optimization terminated successfully.", "x": "[0.32592222 1.29446179 4.07341991 0.00472172 0.70543707 2.34184379]", "nit": "0"}, "22": {"maxiter": 1000, "gtol": 1e-10, "xrtol": 1e-10, "eps": 1e-05, "duration": 0.12325000762939453, "fun": "0.30159682035446167", "jac": "[0. 0. 0. 0. 0. 0.]", "hess_inv": "[[  4.78140892  -8.11209898  -8.6492215    5.56993998   3.5146297\n   -0.82078908]\n [ -8.11209898  15.64002155  16.455702   -10.4405656   -7.16452749\n    1.24422985]\n [ -8.6492215   16.455702    18.36794797 -11.31368639  -8.22084787\n    1.11385997]\n [  5.56993998 -10.4405656  -11.31368639   7.28509688   4.84489529\n   -0.78320331]\n [  3.5146297   -7.16452749  -8.22084787   4.84489529   4.12012175\n   -0.55578065]\n [ -0.82078908   1.24422985   1.11385997  -0.78320331  -0.55578065\n    0.54665947]]", "nfev": "679", "njev": "97", "status": "0", "success": "True", "message": "Optimization terminated successfully.", "x": "[ 2.81655894 -1.35890887  3.42411932 -2.38399881  2.04760516  3.15435529]", "nit": "71"}, "23": {"maxiter": 1000, "gtol": 1e-10, "xrtol": 1e-10, "eps": 1e-10, "duration": 0.0013241767883300781, "fun": "0.8194501399993896", "jac": "[0. 0. 0. 0. 0. 0.]", "hess_inv": "[[1 0 0 0 0 0]\n [0 1 0 0 0 0]\n [0 0 1 0 0 0]\n [0 0 0 1 0 0]\n [0 0 0 0 1 0]\n [0 0 0 0 0 1]]", "nfev": "7", "njev": "1", "status": "0", "success": "True", "message": "Optimization terminated successfully.", "x": "[0.32592222 1.29446179 4.07341991 0.00472172 0.70543707 2.34184379]", "nit": "0"}}, "cobyla": {"0": {"maxiter": 100, "tol": 1e-05, "catol": 1e-05, "duration": 0.017756223678588867, "x": "[-2.42557435  2.83468259  1.25425358 -2.57233935  1.1698325   2.50101044]", "status": "2", "success": "False", "message": "Maximum number of function evaluations has been exceeded.", "nfev": "100", "fun": "0.31027594208717346", "maxcv": "0.0"}, "1": {"maxiter": 100, "tol": 1e-05, "catol": 1e-10, "duration": 0.017257213592529297, "x": "[-2.42557435  2.83468259  1.25425358 -2.57233935  1.1698325   2.50101044]", "status": "2", "success": "False", "message": "Maximum number of function evaluations has been exceeded.", "nfev": "100", "fun": "0.31027594208717346", "maxcv": "0.0"}, "2": {"maxiter": 100, "tol": 1e-10, "catol": 1e-05, "duration": 0.017271041870117188, "x": "[-2.42557435  2.83468259  1.25425358 -2.57233935  1.1698325   2.50101044]", "status": "2", "success": "False", "message": "Maximum number of function evaluations has been exceeded.", "nfev": "100", "fun": "0.31027594208717346", "maxcv": "0.0"}, "3": {"maxiter": 100, "tol": 1e-10, "catol": 1e-10, "duration": 0.017229795455932617, "x": "[-2.42557435  2.83468259  1.25425358 -2.57233935  1.1698325   2.50101044]", "status": "2", "success": "False", "message": "Maximum number of function evaluations has been exceeded.", "nfev": "100", "fun": "0.31027594208717346", "maxcv": "0.0"}, "4": {"maxiter": 500, "tol": 1e-05, "catol": 1e-05, "duration": 0.08596611022949219, "x": "[-2.77166779  2.21405088  0.70016177 -2.45337817  1.88405564  3.04668203]", "status": "2", "success": "False", "message": "Maximum number of function evaluations has been exceeded.", "nfev": "500", "fun": "0.3024877607822418", "maxcv": "0.0"}, "5": {"maxiter": 500, "tol": 1e-05, "catol": 1e-10, "duration": 0.08595919609069824, "x": "[-2.77166779  2.21405088  0.70016177 -2.45337817  1.88405564  3.04668203]", "status": "2", "success": "False", "message": "Maximum number of function evaluations has been exceeded.", "nfev": "500", "fun": "0.3024877607822418", "maxcv": "0.0"}, "6": {"maxiter": 500, "tol": 1e-10, "catol": 1e-05, "duration": 0.08577895164489746, "x": "[-2.77166779  2.21405088  0.70016177 -2.45337817  1.88405564  3.04668203]", "status": "2", "success": "False", "message": "Maximum number of function evaluations has been exceeded.", "nfev": "500", "fun": "0.3024877607822418", "maxcv": "0.0"}, "7": {"maxiter": 500, "tol": 1e-10, "catol": 1e-10, "duration": 0.08642792701721191, "x": "[-2.77166779  2.21405088  0.70016177 -2.45337817  1.88405564  3.04668203]", "status": "2", "success": "False", "message": "Maximum number of function evaluations has been exceeded.", "nfev": "500", "fun": "0.3024877607822418", "maxcv": "0.0"}, "8": {"maxiter": 1000, "tol": 1e-05, "catol": 1e-05, "duration": 0.17367887496948242, "x": "[-2.80714496  1.87472029  0.36864349 -2.40185683  2.00404049  3.12353311]", "status": "2", "success": "False", "message": "Maximum number of function evaluations has been exceeded.", "nfev": "1000", "fun": "0.3017019033432007", "maxcv": "0.0"}, "9": {"maxiter": 1000, "tol": 1e-05, "catol": 1e-10, "duration": 0.17482709884643555, "x": "[-2.80714496  1.87472029  0.36864349 -2.40185683  2.00404049  3.12353311]", "status": "2", "success": "False", "message": "Maximum number of function evaluations has been exceeded.", "nfev": "1000", "fun": "0.3017019033432007", "maxcv": "0.0"}, "10": {"maxiter": 1000, "tol": 1e-10, "catol": 1e-05, "duration": 0.17371869087219238, "x": "[-2.80714496  1.87472029  0.36864349 -2.40185683  2.00404049  3.12353311]", "status": "2", "success": "False", "message": "Maximum number of function evaluations has been exceeded.", "nfev": "1000", "fun": "0.3017019033432007", "maxcv": "0.0"}, "11": {"maxiter": 1000, "tol": 1e-10, "catol": 1e-10, "duration": 0.17171692848205566, "x": "[-2.80714496  1.87472029  0.36864349 -2.40185683  2.00404049  3.12353311]", "status": "2", "success": "False", "message": "Maximum number of function evaluations has been exceeded.", "nfev": "1000", "fun": "0.3017019033432007", "maxcv": "0.0"}}, "powell": {"0": {"maxiter": 100, "ftol": 1e-05, "xtol": 1e-05, "duration": 0.2319629192352295, "fun": "0.3012017607688904", "direc": "[[-0.02145931  0.16959749  0.1528071  -0.0422884  -0.04098228 -0.02157608]\n [-0.07669223  0.11672586  0.087423   -0.07820916 -0.07703457 -0.06831376]\n [-0.07868598  0.13324093  0.14595297 -0.05391292 -0.03646988  0.01396139]\n [ 0.          0.          0.          1.          0.          0.        ]\n [ 0.          0.          0.          0.          1.          0.        ]\n [-0.01191076  0.04823733  0.05395312 -0.00964903 -0.01624863 -0.00873774]]", "nit": "15", "nfev": "1337", "status": "0", "success": "True", "message": "Optimization terminated successfully.", "x": "[-2.78279216  1.2407776   6.01925979 -2.29937828  2.17328613  3.21698001]"}, "1": {"maxiter": 100, "ftol": 1e-05, "xtol": 1e-10, "duration": 0.5596647262573242, "fun": "0.30120161175727844", "direc": "[[-0.02531173  0.184289    0.16777464 -0.04668014 -0.04533839 -0.02440841]\n [-0.07858811  0.11532763  0.0875085  -0.07834186 -0.07728311 -0.06829973]\n [-0.07669624  0.13169754  0.14432134 -0.052588   -0.0345098   0.01620225]\n [ 0.          0.          0.          1.          0.          0.        ]\n [ 0.          0.          0.          0.          1.          0.        ]\n [-0.01029753  0.04081516  0.04593402 -0.00777417 -0.0144461  -0.00806693]]", "nit": "15", "nfev": "3184", "status": "0", "success": "True", "message": "Optimization terminated successfully.", "x": "[-2.78271315  1.23998143  6.01847572 -2.2990829   2.17310729  3.21652322]"}, "2": {"maxiter": 100, "ftol": 1e-10, "xtol": 1e-05, "duration": 0.37319517135620117, "fun": "0.30120137333869934", "direc": "[[-2.14593102e-02  1.69597494e-01  1.52807102e-01 -4.22883978e-02\n  -4.09822788e-02 -2.15760831e-02]\n [-7.66922307e-02  1.16725862e-01  8.74229964e-02 -7.82091552e-02\n  -7.70345737e-02 -6.83137620e-02]\n [-1.19107554e-02  4.82373339e-02  5.39531174e-02 -9.64902708e-03\n  -1.62486323e-02 -8.73774071e-03]\n [ 0.00000000e+00  0.00000000e+00  0.00000000e+00  1.00000000e+00\n   0.00000000e+00  0.00000000e+00]\n [ 0.00000000e+00  0.00000000e+00  0.00000000e+00  0.00000000e+00\n   1.00000000e+00  0.00000000e+00]\n [-8.25766684e-05  1.73033964e-03  1.52619733e-03 -3.84587033e-04\n  -6.38652796e-04 -5.77329945e-04]]", "nit": "20", "nfev": "2142", "status": "0", "success": "True", "message": "Optimization terminated successfully.", "x": "[-2.78310621  1.24286787  6.02040203 -2.30005937  2.17152369  3.21485951]"}, "3": {"maxiter": 100, "ftol": 1e-10, "xtol": 1e-10, "duration": 0.7358660697937012, "fun": "0.30120137333869934", "direc": "[[-2.53117280e-02  1.84289000e-01  1.67774643e-01 -4.66801443e-02\n  -4.53383874e-02 -2.44084134e-02]\n [-1.02975320e-02  4.08151594e-02  4.59340181e-02 -7.77416807e-03\n  -1.44460969e-02 -8.06692736e-03]\n [-7.66962435e-02  1.31697542e-01  1.44321341e-01 -5.25880031e-02\n  -3.45098023e-02  1.62022471e-02]\n [ 0.00000000e+00  0.00000000e+00  0.00000000e+00  1.00000000e+00\n   0.00000000e+00  0.00000000e+00]\n [ 0.00000000e+00  0.00000000e+00  0.00000000e+00  0.00000000e+00\n   1.00000000e+00  0.00000000e+00]\n [-8.90411550e-05  5.91664355e-05 -1.20884977e-04 -1.77896233e-04\n  -2.76368701e-04 -3.86814423e-04]]", "nit": "19", "nfev": "4236", "status": "0", "success": "True", "message": "Optimization terminated successfully.", "x": "[-2.78283516  1.24149798  6.01917696 -2.29956858  2.17185407  3.21495974]"}, "4": {"maxiter": 500, "ftol": 1e-05, "xtol": 1e-05, "duration": 0.23179125785827637, "fun": "0.3012017607688904", "direc": "[[-0.02145931  0.16959749  0.1528071  -0.0422884  -0.04098228 -0.02157608]\n [-0.07669223  0.11672586  0.087423   -0.07820916 -0.07703457 -0.06831376]\n [-0.07868598  0.13324093  0.14595297 -0.05391292 -0.03646988  0.01396139]\n [ 0.          0.          0.          1.          0.          0.        ]\n [ 0.          0.          0.          0.          1.          0.        ]\n [-0.01191076  0.04823733  0.05395312 -0.00964903 -0.01624863 -0.00873774]]", "nit": "15", "nfev": "1337", "status": "0", "success": "True", "message": "Optimization terminated successfully.", "x": "[-2.78279216  1.2407776   6.01925979 -2.29937828  2.17328613  3.21698001]"}, "5": {"maxiter": 500, "ftol": 1e-05, "xtol": 1e-10, "duration": 0.5529968738555908, "fun": "0.30120161175727844", "direc": "[[-0.02531173  0.184289    0.16777464 -0.04668014 -0.04533839 -0.02440841]\n [-0.07858811  0.11532763  0.0875085  -0.07834186 -0.07728311 -0.06829973]\n [-0.07669624  0.13169754  0.14432134 -0.052588   -0.0345098   0.01620225]\n [ 0.          0.          0.          1.          0.          0.        ]\n [ 0.          0.          0.          0.          1.          0.        ]\n [-0.01029753  0.04081516  0.04593402 -0.00777417 -0.0144461  -0.00806693]]", "nit": "15", "nfev": "3184", "status": "0", "success": "True", "message": "Optimization terminated successfully.", "x": "[-2.78271315  1.23998143  6.01847572 -2.2990829   2.17310729  3.21652322]"}, "6": {"maxiter": 500, "ftol": 1e-10, "xtol": 1e-05, "duration": 0.3719780445098877, "fun": "0.3012