{"conf_id": 16, "data_type": "random\n", "num_data_points": 1, "s_rank": 0, "unitary": "[[-0.56303964-0.00798273j,-0.21670212-0.15784972j,-0.06047197-0.73952673j,-0.01438004+0.24552571j],[-0.06976756+0.23474685j,-0.01275565-0.5435098j,-0.02703657-0.08917885j,-0.08210486-0.79311774j],[-0.38559961+0.10714929j,0.5933431-0.2687392j,-0.24060861+0.29149289j,-0.45147719+0.26241743j],[-0.50180421+0.45931857j,-0.11617175+0.44134496j,0.49642745+0.22684508j,-0.08544628-0.15407063j]]", "databatch_0": {"databatch": "[[[0.18359778-0.05731629j,0.28285667+0.18574795j,0.11961838-0.03881763j,0.18692268+0.17197432j],[0.06595863+0.29985602j,0.1319522+0.34844993j,0.08352771+0.20417349j,-0.09856658+0.24679959j],[-0.14023834-0.00780672j,-0.07901865-0.16447414j,-0.13853394-0.12395462j,-0.05134566-0.28813528j],[-0.15352999-0.19169807j,0.10864262-0.29314823j,-0.04219803-0.12916573j,0.18521964-0.17809054j]]]", "nelder_mead": {"0": {"maxiter": 100, "fatol": 1e-05, "xatol": 1e-05, "duration": 0.0299680233001709, "fun": "0.17906194925308228", "nit": "100", "nfev": "157", "status": "2", "success": "False", "message": "Maximum number of iterations has been exceeded.", "x": "[8.82307053 3.29541342 4.99384786 4.52743347 0.2687768  2.36368787]", "final_simplex": "(array([[8.82307053, 3.29541342, 4.99384786, 4.52743347, 0.2687768 ,\n        2.36368787],\n       [8.83860994, 3.29298647, 4.99717279, 4.52002122, 0.26825023,\n        2.34366673],\n       [8.88465582, 3.32544568, 5.05592272, 4.51091906, 0.27257687,\n        2.37138971],\n       [8.83644134, 3.30313845, 5.02585201, 4.51921733, 0.26889891,\n        2.36871549],\n       [8.84001317, 3.27496301, 4.97147849, 4.5156368 , 0.26740585,\n        2.37952723],\n       [8.83742486, 3.3026571 , 5.02345016, 4.54588373, 0.26692474,\n        2.36104003],\n       [8.86551939, 3.26943745, 4.97066231, 4.53909795, 0.26667303,\n        2.34099874]]), array([0.17906195, 0.17906529, 0.17906918, 0.17908037, 0.1790868 ,\n       0.17913833, 0.17927617]))"}, "1": {"maxiter": 100, "fatol": 1e-05, "xatol": 1e-10, "duration": 0.030467748641967773, "fun": "0.17906194925308228", "nit": "100", "nfev": "157", "status": "2", "success": "False", "message": "Maximum number of iterations has been exceeded.", "x": "[8.82307053 3.29541342 4.99384786 4.52743347 0.2687768  2.36368787]", "final_simplex": "(array([[8.82307053, 3.29541342, 4.99384786, 4.52743347, 0.2687768 ,\n        2.36368787],\n       [8.83860994, 3.29298647, 4.99717279, 4.52002122, 0.26825023,\n        2.34366673],\n       [8.88465582, 3.32544568, 5.05592272, 4.51091906, 0.27257687,\n        2.37138971],\n       [8.83644134, 3.30313845, 5.02585201, 4.51921733, 0.26889891,\n        2.36871549],\n       [8.84001317, 3.27496301, 4.97147849, 4.5156368 , 0.26740585,\n        2.37952723],\n       [8.83742486, 3.3026571 , 5.02345016, 4.54588373, 0.26692474,\n        2.36104003],\n       [8.86551939, 3.26943745, 4.97066231, 4.53909795, 0.26667303,\n        2.34099874]]), array([0.17906195, 0.17906529, 0.17906918, 0.17908037, 0.1790868 ,\n       0.17913833, 0.17927617]))"}, "2": {"maxiter": 100, "fatol": 1e-10, "xatol": 1e-05, "duration": 0.03025984764099121, "fun": "0.17906194925308228", "nit": "100", "nfev": "157", "status": "2", "success": "False", "message": "Maximum number of iterations has been exceeded.", "x": "[8.82307053 3.29541342 4.99384786 4.52743347 0.2687768  2.36368787]", "final_simplex": "(array([[8.82307053, 3.29541342, 4.99384786, 4.52743347, 0.2687768 ,\n        2.36368787],\n       [8.83860994, 3.29298647, 4.99717279, 4.52002122, 0.26825023,\n        2.34366673],\n       [8.88465582, 3.32544568, 5.05592272, 4.51091906, 0.27257687,\n        2.37138971],\n       [8.83644134, 3.30313845, 5.02585201, 4.51921733, 0.26889891,\n        2.36871549],\n       [8.84001317, 3.27496301, 4.97147849, 4.5156368 , 0.26740585,\n        2.37952723],\n       [8.83742486, 3.3026571 , 5.02345016, 4.54588373, 0.26692474,\n        2.36104003],\n       [8.86551939, 3.26943745, 4.97066231, 4.53909795, 0.26667303,\n        2.34099874]]), array([0.17906195, 0.17906529, 0.17906918, 0.17908037, 0.1790868 ,\n       0.17913833, 0.17927617]))"}, "3": {"maxiter": 100, "fatol": 1e-10, "xatol": 1e-10, "duration": 0.030246973037719727, "fun": "0.17906194925308228", "nit": "100", "nfev": "157", "status": "2", "success": "False", "message": "Maximum number of iterations has been exceeded.", "x": "[8.82307053 3.29541342 4.99384786 4.52743347 0.2687768  2.36368787]", "final_simplex": "(array([[8.82307053, 3.29541342, 4.99384786, 4.52743347, 0.2687768 ,\n        2.36368787],\n       [8.83860994, 3.29298647, 4.99717279, 4.52002122, 0.26825023,\n        2.34366673],\n       [8.88465582, 3.32544568, 5.05592272, 4.51091906, 0.27257687,\n        2.37138971],\n       [8.83644134, 3.30313845, 5.02585201, 4.51921733, 0.26889891,\n        2.36871549],\n       [8.84001317, 3.27496301, 4.97147849, 4.5156368 , 0.26740585,\n        2.37952723],\n       [8.83742486, 3.3026571 , 5.02345016, 4.54588373, 0.26692474,\n        2.36104003],\n       [8.86551939, 3.26943745, 4.97066231, 4.53909795, 0.26667303,\n        2.34099874]]), array([0.17906195, 0.17906529, 0.17906918, 0.17908037, 0.1790868 ,\n       0.17913833, 0.17927617]))"}, "4": {"maxiter": 500, "fatol": 1e-05, "xatol": 1e-05, "duration": 0.145643949508667, "fun": "0.13408370316028595", "nit": "500", "nfev": "764", "status": "2", "success": "False", "message": "Maximum number of iterations has been exceeded.", "x": "[ 7.20245793  2.7356908   4.50102209  5.19448231 -2.36892383  1.64971565]", "final_simplex": "(array([[ 7.20245793,  2.7356908 ,  4.50102209,  5.19448231, -2.36892383,\n         1.64971565],\n       [ 7.2023924 ,  2.73228092,  4.50187263,  5.19910251, -2.3753534 ,\n         1.64656698],\n       [ 7.18620646,  2.73058126,  4.49904703,  5.20087547, -2.37671442,\n         1.64901713],\n       [ 7.1964478 ,  2.73488903,  4.49926871,  5.20019838, -2.37150495,\n         1.64317709],\n       [ 7.1933111 ,  2.73264286,  4.49401771,  5.20524574, -2.39269453,\n         1.64840009],\n       [ 7.1977433 ,  2.73324076,  4.49608006,  5.19476274, -2.36227791,\n         1.64138864],\n       [ 7.21065349,  2.73327855,  4.50146722,  5.20133463, -2.37025457,\n         1.6479417 ]]), array([0.1340837 , 0.13408452, 0.13408515, 0.13408595, 0.13409096,\n       0.13409241, 0.13409251]))"}, "5": {"maxiter": 500, "fatol": 1e-05, "xatol": 1e-10, "duration": 0.14114785194396973, "fun": "0.13408370316028595", "nit": "500", "nfev": "764", "status": "2", "success": "False", "message": "Maximum number of iterations has been exceeded.", "x": "[ 7.20245793  2.7356908   4.50102209  5.19448231 -2.36892383  1.64971565]", "final_simplex": "(array([[ 7.20245793,  2.7356908 ,  4.50102209,  5.19448231, -2.36892383,\n         1.64971565],\n       [ 7.2023924 ,  2.73228092,  4.50187263,  5.19910251, -2.3753534 ,\n         1.64656698],\n       [ 7.18620646,  2.73058126,  4.49904703,  5.20087547, -2.37671442,\n         1.64901713],\n       [ 7.1964478 ,  2.73488903,  4.49926871,  5.20019838, -2.37150495,\n         1.64317709],\n       [ 7.1933111 ,  2.73264286,  4.49401771,  5.20524574, -2.39269453,\n         1.64840009],\n       [ 7.1977433 ,  2.73324076,  4.49608006,  5.19476274, -2.36227791,\n         1.64138864],\n       [ 7.21065349,  2.73327855,  4.50146722,  5.20133463, -2.37025457,\n         1.6479417 ]]), array([0.1340837 , 0.13408452, 0.13408515, 0.13408595, 0.13409096,\n       0.13409241, 0.13409251]))"}, "6": {"maxiter": 500, "fatol": 1e-10, "xatol": 1e-05, "duration": 0.1391599178314209, "fun": "0.13408370316028595", "nit": "500", "nfev": "764", "status": "2", "success": "False", "message": "Maximum number of iterations has been exceeded.", "x": "[ 7.20245793  2.7356908   4.50102209  5.19448231 -2.36892383  1.64971565]", "final_simplex": "(array([[ 7.20245793,  2.7356908 ,  4.50102209,  5.19448231, -2.36892383,\n         1.64971565],\n       [ 7.2023924 ,  2.73228092,  4.50187263,  5.19910251, -2.3753534 ,\n         1.64656698],\n       [ 7.18620646,  2.73058126,  4.49904703,  5.20087547, -2.37671442,\n         1.64901713],\n       [ 7.1964478 ,  2.73488903,  4.49926871,  5.20019838, -2.37150495,\n         1.64317709],\n       [ 7.1933111 ,  2.73264286,  4.49401771,  5.20524574, -2.39269453,\n         1.64840009],\n       [ 7.1977433 ,  2.73324076,  4.49608006,  5.19476274, -2.36227791,\n         1.64138864],\n       [ 7.21065349,  2.73327855,  4.50146722,  5.20133463, -2.37025457,\n         1.6479417 ]]), array([0.1340837 , 0.13408452, 0.13408515, 0.13408595, 0.13409096,\n       0.13409241, 0.13409251]))"}, "7": {"maxiter": 500, "fatol": 1e-10, "xatol": 1e-10, "duration": 0.13889527320861816, "fun": "0.13408370316028595", "nit": "500", "nfev": "764", "status": "2", "success": "False", "message": "Maximum number of iterations has been exceeded.", "x": "[ 7.20245793  2.7356908   4.50102209  5.19448231 -2.36892383  1.64971565]", "final_simplex": "(array([[ 7.20245793,  2.7356908 ,  4.50102209,  5.19448231, -2.36892383,\n         1.64971565],\n       [ 7.2023924 ,  2.73228092,  4.50187263,  5.19910251, -2.3753534 ,\n         1.64656698],\n       [ 7.18620646,  2.73058126,  4.49904703,  5.20087547, -2.37671442,\n         1.64901713],\n       [ 7.1964478 ,  2.73488903,  4.49926871,  5.20019838, -2.37150495,\n         1.64317709],\n       [ 7.1933111 ,  2.73264286,  4.49401771,  5.20524574, -2.39269453,\n         1.64840009],\n       [ 7.1977433 ,  2.73324076,  4.49608006,  5.19476274, -2.36227791,\n         1.64138864],\n       [ 7.21065349,  2.73327855,  4.50146722,  5.20133463, -2.37025457,\n         1.6479417 ]]), array([0.1340837 , 0.13408452, 0.13408515, 0.13408595, 0.13409096,\n       0.13409241, 0.13409251]))"}, "8": {"maxiter": 1000, "fatol": 1e-05, "xatol": 1e-05, "duration": 0.16632890701293945, "fun": "0.13407599925994873", "nit": "570", "nfev": "921", "status": "0", "success": "True", "message": "Optimization terminated successfully.", "x": "[ 7.19165166  2.73697962  4.49500839  5.1986621  -2.38326227  1.64952195]", "final_simplex": "(array([[ 7.19165166,  2.73697962,  4.49500839,  5.1986621 , -2.38326227,\n         1.64952195],\n       [ 7.19165574,  2.73698001,  4.49500806,  5.19866023, -2.38325786,\n         1.64951995],\n       [ 7.19165392,  2.7369788 ,  4.49500914,  5.19866037, -2.38325601,\n         1.64952062],\n       [ 7.19165029,  2.73697785,  4.49500856,  5.19866145, -2.38326024,\n         1.64952066],\n       [ 7.19165027,  2.73697943,  4.49500811,  5.19866055, -2.38326057,\n         1.64952066],\n       [ 7.1916518 ,  2.73697864,  4.49500925,  5.19866123, -2.38325973,\n         1.64951961],\n       [ 7.19165239,  2.73697959,  4.49500772,  5.19866184, -2.38326082,\n         1.64952096]]), array([0.134076, 0.134076, 0.134076, 0.134076, 0.134076, 0.134076,\n       0.134076]))"}, "9": {"maxiter": 1000, "fatol": 1e-05, "xatol": 1e-10, "duration": 0.18897080421447754, "fun": "0.13407599925994873", "nit": "586", "nfev": "1049", "status": "0", "success": "True", "message": "Optimization terminated successfully.", "x": "[ 7.19165166  2.73697962  4.49500839  5.1986621  -2.38326227  1.64952195]", "final_simplex": "(array([[ 7.19165166,  2.73697962,  4.49500839,  5.1986621 , -2.38326227,\n         1.64952195],\n       [ 7.19165166,  2.73697962,  4.49500839,  5.1986621 , -2.38326227,\n         1.64952195],\n       [ 7.19165166,  2.73697962,  4.49500839,  5.1986621 , -2.38326227,\n         1.64952195],\n       [ 7.19165166,  2.73697962,  4.49500839,  5.1986621 , -2.38326227,\n         1.64952195],\n       [ 7.19165166,  2.73697962,  4.49500839,  5.1986621 , -2.38326227,\n         1.64952195],\n       [ 7.19165166,  2.73697962,  4.49500839,  5.1986621 , -2.38326227,\n         1.64952195],\n       [ 7.19165166,  2.73697962,  4.49500839,  5.1986621 , -2.38326227,\n         1.64952195]]), array([0.134076, 0.134076, 0.134076, 0.134076, 0.134076, 0.134076,\n       0.134076]))"}, "10": {"maxiter": 1000, "fatol": 1e-10, "xatol": 1e-05, "duration": 0.17267298698425293, "fun": "0.13407599925994873", "nit": "570", "nfev": "921", "status": "0", "success": "True", "message": "Optimization terminated successfully.", "x": "[ 7.19165166  2.73697962  4.49500839  5.1986621  -2.38326227  1.64952195]", "final_simplex": "(array([[ 7.19165166,  2.73697962,  4.49500839,  5.1986621 , -2.38326227,\n         1.64952195],\n       [ 7.19165574,  2.73698001,  4.49500806,  5.19866023, -2.38325786,\n         1.64951995],\n       [ 7.19165392,  2.7369788 ,  4.49500914,  5.19866037, -2.38325601,\n         1.64952062],\n       [ 7.19165029,  2.73697785,  4.49500856,  5.19866145, -2.38326024,\n         1.64952066],\n       [ 7.19165027,  2.73697943,  4.49500811,  5.19866055, -2.38326057,\n         1.64952066],\n       [ 7.1916518 ,  2.73697864,  4.49500925,  5.19866123, -2.38325973,\n         1.64951961],\n       [ 7.19165239,  2.73697959,  4.49500772,  5.19866184, -2.38326082,\n         1.64952096]]), array([0.134076, 0.134076, 0.134076, 0.134076, 0.134076, 0.134076,\n       0.134076]))"}, "11": {"maxiter": 1000, "fatol": 1e-10, "xatol": 1e-10, "duration": 0.19830083847045898, "fun": "0.13407599925994873", "nit": "586", "nfev": "1049", "status": "0", "success": "True", "message": "Optimization terminated successfully.", "x": "[ 7.19165166  2.73697962  4.49500839  5.1986621  -2.38326227  1.64952195]", "final_simplex": "(array([[ 7.19165166,  2.73697962,  4.49500839,  5.1986621 , -2.38326227,\n         1.64952195],\n       [ 7.19165166,  2.73697962,  4.49500839,  5.1986621 , -2.38326227,\n         1.64952195],\n       [ 7.19165166,  2.73697962,  4.49500839,  5.1986621 , -2.38326227,\n         1.64952195],\n       [ 7.19165166,  2.73697962,  4.49500839,  5.1986621 , -2.38326227,\n         1.64952195],\n       [ 7.19165166,  2.73697962,  4.49500839,  5.1986621 , -2.38326227,\n         1.64952195],\n       [ 7.19165166,  2.73697962,  4.49500839,  5.1986621 , -2.38326227,\n         1.64952195],\n       [ 7.19165166,  2.73697962,  4.49500839,  5.1986621 , -2.38326227,\n         1.64952195]]), array([0.134076, 0.134076, 0.134076, 0.134076, 0.134076, 0.134076,\n       0.134076]))"}}, "bfgs": {"0": {"maxiter": 100, "gtol": 1e-05, "xrtol": 1e-05, "eps": 1e-05, "duration": 0.12706923484802246, "fun": "0.14278429746627808", "jac": "[0.         0.         0.00149012 0.00149012 0.         0.        ]", "hess_inv": "[[ 5.22314234e+01 -3.72102081e+01  4.04335567e+01  7.51557925e+00\n   3.07636250e+01  1.06256533e-01]\n [-3.72102081e+01  2.86074872e+01 -2.95112059e+01 -5.27157210e+00\n  -2.36660367e+01 -6.79460236e-02]\n [ 4.04335567e+01 -2.95112059e+01  3.23375911e+01  5.62142607e+00\n   2.47938925e+01  7.11994278e-02]\n [ 7.51557925e+00 -5.27157210e+00  5.62142607e+00  2.35129988e+00\n   3.71075954e+00  1.36933792e-02]\n [ 3.07636250e+01 -2.36660367e+01  2.47938925e+01  3.71075954e+00\n   2.19315745e+01  3.44707701e-02]\n [ 1.06256533e-01 -6.79460236e-02  7.11994278e-02  1.36933792e-02\n   3.44707701e-02  2.19265692e-02]]", "nfev": "495", "njev": "69", "status": "2", "success": "False", "message": "Desired error not necessarily achieved due to precision loss.", "x": "[6.3230318  1.10987216 5.92636522 5.34721532 3.23657051 1.87501623]", "nit": "23"}, "1": {"maxiter": 100, "gtol": 1e-05, "xrtol": 1e-05, "eps": 1e-10, "duration": 0.0013790130615234375, "fun": "0.5914259552955627", "jac": "[0. 0. 0. 0. 0. 0.]", "hess_inv": "[[1 0 0 0 0 0]\n [0 1 0 0 0 0]\n [0 0 1 0 0 0]\n [0 0 0 1 0 0]\n [0 0 0 0 1 0]\n [0 0 0 0 0 1]]", "nfev": "7", "njev": "1", "status": "0", "success": "True", "message": "Optimization terminated successfully.", "x": "[5.52785782 2.91417275 3.17567456 3.12618616 0.28317947 2.63926999]", "nit": "0"}, "2": {"maxiter": 100, "gtol": 1e-05, "xrtol": 1e-10, "eps": 1e-05, "duration": 0.09051918983459473, "fun": "0.14278429746627808", "jac": "[0.         0.         0.00149012 0.00149012 0.         0.        ]", "hess_inv": "[[ 5.22314234e+01 -3.72102081e+01  4.04335567e+01  7.51557925e+00\n   3.07636250e+01  1.06256533e-01]\n [-3.72102081e+01  2.86074872e+01 -2.95112059e+01 -5.27157210e+00\n  -2.36660367e+01 -6.79460236e-02]\n [ 4.04335567e+01 -2.95112059e+01  3.23375911e+01  5.62142607e+00\n   2.47938925e+01  7.11994278e-02]\n [ 7.51557925e+00 -5.27157210e+00  5.62142607e+00  2.35129988e+00\n   3.71075954e+00  1.36933792e-02]\n [ 3.07636250e+01 -2.36660367e+01  2.47938925e+01  3.71075954e+00\n   2.19315745e+01  3.44707701e-02]\n [ 1.06256533e-01 -6.79460236e-02  7.11994278e-02  1.36933792e-02\n   3.44707701e-02  2.19265692e-02]]", "nfev": "495", "njev": "69", "status": "2", "success": "False", "message": "Desired error not necessarily achieved due to precision loss.", "x": "[6.3230318  1.10987216 5.92636522 5.34721532 3.23657051 1.87501623]", "nit": "23"}, "3": {"maxiter": 100, "gtol": 1e-05, "xrtol": 1e-10, "eps": 1e-10, "duration": 0.0013179779052734375, "fun": "0.5914259552955627", "jac": "[0. 0. 0. 0. 0. 0.]", "hess_inv": "[[1 0 0 0 0 0]\n [0 1 0 0 0 0]\n [0 0 1 0 0 0]\n [0 0 0 1 0 0]\n [0 0 0 0 1 0]\n [0 0 0 0 0 1]]", "nfev": "7", "njev": "1", "status": "0", "success": "True", "message": "Optimization terminated successfully.", "x": "[5.52785782 2.91417275 3.17567456 3.12618616 0.28317947 2.63926999]", "nit": "0"}, "4": {"maxiter": 100, "gtol": 1e-10, "xrtol": 1e-05, "eps": 1e-05, "duration": 0.09068894386291504, "fun": "0.14278429746627808", "jac": "[0.         0.         0.00149012 0.00149012 0.         0.        ]", "hess_inv": "[[ 5.22314234e+01 -3.72102081e+01  4.04335567e+01  7.51557925e+00\n   3.07636250e+01  1.06256533e-01]\n [-3.72102081e+01  2.86074872e+01 -2.95112059e+01 -5.27157210e+00\n  -2.36660367e+01 -6.79460236e-02]\n [ 4.04335567e+01 -2.95112059e+01  3.23375911e+01  5.62142607e+00\n   2.47938925e+01  7.11994278e-02]\n [ 7.51557925e+00 -5.27157210e+00  5.62142607e+00  2.35129988e+00\n   3.71075954e+00  1.36933792e-02]\n [ 3.07636250e+01 -2.36660367e+01  2.47938925e+01  3.71075954e+00\n   2.19315745e+01  3.44707701e-02]\n [ 1.06256533e-01 -6.79460236e-02  7.11994278e-02  1.36933792e-02\n   3.44707701e-02  2.19265692e-02]]", "nfev": "495", "njev": "69", "status": "2", "success": "False", "message": "Desired error not necessarily achieved due to precision loss.", "x": "[6.3230318  1.10987216 5.92636522 5.34721532 3.23657051 1.87501623]", "nit": "23"}, "5": {"maxiter": 100, "gtol": 1e-10, "xrtol": 1e-05, "eps": 1e-10, "duration": 0.0013620853424072266, "fun": "0.5914259552955627", "jac": "[0. 0. 0. 0. 0. 0.]", "hess_inv": "[[1 0 0 0 0 0]\n [0 1 0 0 0 0]\n [0 0 1 0 0 0]\n [0 0 0 1 0 0]\n [0 0 0 0 1 0]\n [0 0 0 0 0 1]]", "nfev": "7", "njev": "1", "status": "0", "success": "True", "message": "Optimization terminated successfully.", "x": "[5.52785782 2.91417275 3.17567456 3.12618616 0.28317947 2.63926999]", "nit": "0"}, "6": {"maxiter": 100, "gtol": 1e-10, "xrtol": 1e-10, "eps": 1e-05, "duration": 0.08942604064941406, "fun": "0.14278429746627808", "jac": "[0.         0.         0.00149012 0.00149012 0.         0.        ]", "hess_inv": "[[ 5.22314234e+01 -3.72102081e+01  4.04335567e+01  7.51557925e+00\n   3.07636250e+01  1.06256533e-01]\n [-3.72102081e+01  2.86074872e+01 -2.95112059e+01 -5.27157210e+00\n  -2.36660367e+01 -6.79460236e-02]\n [ 4.04335567e+01 -2.95112059e+01  3.23375911e+01  5.62142607e+00\n   2.47938925e+01  7.11994278e-02]\n [ 7.51557925e+00 -5.27157210e+00  5.62142607e+00  2.35129988e+00\n   3.71075954e+00  1.36933792e-02]\n [ 3.07636250e+01 -2.36660367e+01  2.47938925e+01  3.71075954e+00\n   2.19315745e+01  3.44707701e-02]\n [ 1.06256533e-01 -6.79460236e-02  7.11994278e-02  1.36933792e-02\n   3.44707701e-02  2.19265692e-02]]", "nfev": "495", "njev": "69", "status": "2", "success": "False", "message": "Desired error not necessarily achieved due to precision loss.", "x": "[6.3230318  1.10987216 5.92636522 5.34721532 3.23657051 1.87501623]", "nit": "23"}, "7": {"maxiter": 100, "gtol": 1e-10, "xrtol": 1e-10, "eps": 1e-10, "duration": 0.0012760162353515625, "fun": "0.5914259552955627", "jac": "[0. 0. 0. 0. 0. 0.]", "hess_inv": "[[1 0 0 0 0 0]\n [0 1 0 0 0 0]\n [0 0 1 0 0 0]\n [0 0 0 1 0 0]\n [0 0 0 0 1 0]\n [0 0 0 0 0 1]]", "nfev": "7", "njev": "1", "status": "0", "success": "True", "message": "Optimization terminated successfully.", "x": "[5.52785782 2.91417275 3.17567456 3.12618616 0.28317947 2.63926999]", "nit": "0"}, "8": {"maxiter": 500, "gtol": 1e-05, "xrtol": 1e-05, "eps": 1e-05, "duration": 0.09048104286193848, "fun": "0.14278429746627808", "jac": "[0.         0.         0.00149012 0.00149012 0.         0.        ]", "hess_inv": "[[ 5.22314234e+01 -3.72102081e+01  4.04335567e+01  7.51557925e+00\n   3.07636250e+01  1.06256533e-01]\n [-3.72102081e+01  2.86074872e+01 -2.95112059e+01 -5.27157210e+00\n  -2.36660367e+01 -6.79460236e-02]\n [ 4.04335567e+01 -2.95112059e+01  3.23375911e+01  5.62142607e+00\n   2.47938925e+01  7.11994278e-02]\n [ 7.51557925e+00 -5.27157210e+00  5.62142607e+00  2.35129988e+00\n   3.71075954e+00  1.36933792e-02]\n [ 3.07636250e+01 -2.36660367e+01  2.47938925e+01  3.71075954e+00\n   2.19315745e+01  3.44707701e-02]\n [ 1.06256533e-01 -6.79460236e-02  7.11994278e-02  1.36933792e-02\n   3.44707701e-02  2.19265692e-02]]", "nfev": "495", "njev": "69", "status": "2", "success": "False", "message": "Desired error not necessarily achieved due to precision loss.", "x": "[6.3230318  1.10987216 5.92636522 5.34721532 3.23657051 1.87501623]", "nit": "23"}, "9": {"maxiter": 500, "gtol": 1e-05, "xrtol": 1e-05, "eps": 1e-10, "duration": 0.0013840198516845703, "fun": "0.5914259552955627", "jac": "[0. 0. 0. 0. 0. 0.]", "hess_inv": "[[1 0 0 0 0 0]\n [0 1 0 0 0 0]\n [0 0 1 0 0 0]\n [0 0 0 1 0 0]\n [0 0 0 0 1 0]\n [0 0 0 0 0 1]]", "nfev": "7", "njev": "1", "status": "0", "success": "True", "message": "Optimization terminated successfully.", "x": "[5.52785782 2.91417275 3.17567456 3.12618616 0.28317947 2.63926999]", "nit": "0"}, "10": {"maxiter": 500, "gtol": 1e-05, "xrtol": 1e-10, "eps": 1e-05, "duration": 0.09009575843811035, "fun": "0.14278429746627808", "jac": "[0.         0.         0.00149012 0.00149012 0.         0.        ]", "hess_inv": "[[ 5.22314234e+01 -3.72102081e+01  4.04335567e+01  7.51557925e+00\n   3.07636250e+01  1.06256533e-01]\n [-3.72102081e+01  2.86074872e+01 -2.95112059e+01 -5.27157210e+00\n  -2.36660367e+01 -6.79460236e-02]\n [ 4.04335567e+01 -2.95112059e+01  3.23375911e+01  5.62142607e+00\n   2.47938925e+01  7.11994278e-02]\n [ 7.51557925e+00 -5.27157210e+00  5.62142607e+00  2.35129988e+00\n   3.71075954e+00  1.36933792e-02]\n [ 3.07636250e+01 -2.36660367e+01  2.47938925e+01  3.71075954e+00\n   2.19315745e+01  3.44707701e-02]\n [ 1.06256533e-01 -6.79460236e-02  7.11994278e-02  1.36933792e-02\n   3.44707701e-02  2.19265692e-02]]", "nfev": "495", "njev": "69", "status": "2", "success": "False", "message": "Desired error not necessarily achieved due to precision loss.", "x": "[6.3230318  1.10987216 5.92636522 5.34721532 3.23657051 1.87501623]", "nit": "23"}, "11": {"maxiter": 500, "gtol": 1e-05, "xrtol": 1e-10, "eps": 1e-10, "duration": 0.0012969970703125, "fun": "0.5914259552955627", "jac": "[0. 0. 0. 0. 0. 0.]", "hess_inv": "[[1 0 0 0 0 0]\n [0 1 0 0 0 0]\n [0 0 1 0 0 0]\n [0 0 0 1 0 0]\n [0 0 0 0 1 0]\n [0 0 0 0 0 1]]", "nfev": "7", "njev": "1", "status": "0", "success": "True", "message": "Optimization terminated successfully.", "x": "[5.52785782 2.91417275 3.17567456 3.12618616 0.28317947 2.63926999]", "nit": "0"}, "12": {"maxiter": 500, "gtol": 1e-10, "xrtol": 1e-05, "eps": 1e-05, "duration": 0.08981513977050781, "fun": "0.14278429746627808", "jac": "[0.         0.         0.00149012 0.00149012 0.         0.        ]", "hess_inv": "[[ 5.22314234e+01 -3.72102081e+01  4.04335567e+01  7.51557925e+00\n   3.07636250e+01  1.06256533e-01]\n [-3.72102081e+01  2.86074872e+01 -2.95112059e+01 -5.27157210e+00\n  -2.36660367e+01 -6.79460236e-02]\n [ 4.04335567e+01 -2.95112059e+01  3.23375911e+01  5.62142607e+00\n   2.47938925e+01  7.11994278e-02]\n [ 7.51557925e+00 -5.27157210e+00  5.62142607e+00  2.35129988e+00\n   3.71075954e+00  1.36933792e-02]\n [ 3.07636250e+01 -2.36660367e+01  2.47938925e+01  3.71075954e+00\n   2.19315745e+01  3.44707701e-02]\n [ 1.06256533e-01 -6.79460236e-02  7.11994278e-02  1.36933792e-02\n   3.44707701e-02  2.19265692e-02]]", "nfev": "495", "njev": "69", "status": "2", "success": "False", "message": "Desired error not necessarily achieved due to precision loss.", "x": "[6.3230318  1.10987216 5.92636522 5.34721532 3.23657051 1.87501623]", "nit": "23"}, "13": {"maxiter": 500, "gtol": 1e-10, "xrtol": 1e-05, "eps": 1e-10, "duration": 0.0013201236724853516, "fun": "0.5914259552955627", "jac": "[0. 0. 0. 0. 0. 0.]", "hess_inv": "[[1 0 0 0 0 0]\n [0 1 0 0 0 0]\n [0 0 1 0 0 0]\n [0 0 0 1 0 0]\n [0 0 0 0 1 0]\n [0 0 0 0 0 1]]", "nfev": "7", "njev": "1", "status": "0", "success": "True", "message": "Optimization terminated successfully.", "x": "[5.52785782 2.91417275 3.17567456 3.12618616 0.28317947 2.63926999]", "nit": "0"}, "14": {"maxiter": 500, "gtol": 1e-10, "xrtol": 1e-10, "eps": 1e-05, "duration": 0.09270215034484863, "fun": "0.14278429746627808", "jac": "[0.         0.         0.00149012 0.00149012 0.         0.        ]", "hess_inv": "[[ 5.22314234e+01 -3.72102081e+01  4.04335567e+01  7.51557925e+00\n   3.07636250e+01  1.06256533e-01]\n [-3.72102081e+01  2.86074872e+01 -2.95112059e+01 -5.27157210e+00\n  -2.36660367e+01 -6.79460236e-02]\n [ 4.04335567e+01 -2.95112059e+01  3.23375911e+01  5.62142607e+00\n   2.47938925e+01  7.11994278e-02]\n [ 7.51557925e+00 -5.27157210e+00  5.62142607e+00  2.35129988e+00\n   3.71075954e+00  1.36933792e-02]\n [ 3.07636250e+01 -2.36660367e+01  2.47938925e+01  3.71075954e+00\n   2.19315745e+01  3.44707701e-02]\n [ 1.06256533e-01 -6.79460236e-02  7.11994278e-02  1.36933792e-02\n   3.44707701e-02  2.19265692e-02]]", "nfev": "495", "njev": "69", "status": "2", "success": "False", "message": "Desired error not necessarily achieved due to precision loss.", "x": "[6.3230318  1.10987216 5.92636522 5.34721532 3.23657051 1.87501623]", "nit": "23"}, "15": {"maxiter": 500, "gtol": 1e-10, "xrtol": 1e-10, "eps": 1e-10, "duration": 0.0013661384582519531, "fun": "0.5914259552955627", "jac": "[0. 0. 0. 0. 0. 0.]", "hess_inv": "[[1 0 0 0 0 0]\n [0 1 0 0 0 0]\n [0 0 1 0 0 0]\n [0 0 0 1 0 0]\n [0 0 0 0 1 0]\n [0 0 0 0 0 1]]", "nfev": "7", "njev": "1", "status": "0", "success": "True", "message": "Optimization terminated successfully.", "x": "[5.52785782 2.91417275 3.17567456 3.12618616 0.28317947 2.63926999]", "nit": "0"}, "16": {"maxiter": 1000, "gtol": 1e-05, "xrtol": 1e-05, "eps": 1e-05, "duration": 0.09356880187988281, "fun": "0.14278429746627808", "jac": "[0.         0.         0.00149012 0.00149012 0.         0.        ]", "hess_inv": "[[ 5.22314234e+01 -3.72102081e+01  4.04335567e+01  7.51557925e+00\n   3.07636250e+01  1.06256533e-01]\n [-3.72102081e+01  2.86074872e+01 -2.95112059e+01 -5.27157210e+00\n  -2.36660367e+01 -6.79460236e-02]\n [ 4.04335567e+01 -2.95112059e+01  3.23375911e+01  5.62142607e+00\n   2.47938925e+01  7.11994278e-02]\n [ 7.51557925e+00 -5.27157210e+00  5.62142607e+00  2.35129988e+00\n   3.71075954e+00  1.36933792e-02]\n [ 3.07636250e+01 -2.36660367e+01  2.47938925e+01  3.71075954e+00\n   2.19315745e+01  3.44707701e-02]\n [ 1.06256533e-01 -6.79460236e-02  7.11994278e-02  1.36933792e-02\n   3.44707701e-02  2.19265692e-02]]", "nfev": "495", "njev": "69", "status": "2", "success": "False", "message": "Desired error not necessarily achieved due to precision loss.", "x": "[6.3230318  1.10987216 5.92636522 5.34721532 3.23657051 1.87501623]", "nit": "23"}, "17": {"maxiter": 1000, "gtol": 1e-05, "xrtol": 1e-05, "eps": 1e-10, "duration": 0.0016031265258789062, "fun": "0.5914259552955627", "jac": "[0. 0. 0. 0. 0. 0.]", "hess_inv": "[[1 0 0 0 0 0]\n [0 1 0 0 0 0]\n [0 0 1 0 0 0]\n [0 0 0 1 0 0]\n [0 0 0 0 1 0]\n [0 0 0 0 0 1]]", "nfev": "7", "njev": "1", "status": "0", "success": "True", "message": "Optimization terminated successfully.", "x": "[5.52785782 2.91417275 3.17567456 3.12618616 0.28317947 2.63926999]", "nit": "0"}, "18": {"maxiter": 1000, "gtol": 1e-05, "xrtol": 1e-10, "eps": 1e-05, "duration": 0.0939490795135498, "fun": "0.14278429746627808", "jac": "[0.         0.         0.00149012 0.00149012 0.         0.        ]", "hess_inv": "[[ 5.22314234e+01 -3.72102081e+01  4.04335567e+01  7.51557925e+00\n   3.07636250e+01  1.06256533e-01]\n [-3.72102081e+01  2.86074872e+01 -2.95112059e+01 -5.27157210e+00\n  -2.36660367e+01 -6.79460236e-02]\n [ 4.04335567e+01 -2.95112059e+01  3.23375911e+01  5.62142607e+00\n   2.47938925e+01  7.11994278e-02]\n [ 7.51557925e+00 -5.27157210e+00  5.62142607e+00  2.35129988e+00\n   3.71075954e+00  1.36933792e-02]\n [ 3.07636250e+01 -2.36660367e+01  2.47938925e+01  3.71075954e+00\n   2.19315745e+01  3.44707701e-02]\n [ 1.06256533e-01 -6.79460236e-02  7.11994278e-02  1.36933792e-02\n   3.44707701e-02  2.19265692e-02]]", "nfev": "495", "njev": "69", "status": "2", "success": "False", "message": "Desired error not necessarily achieved due to precision loss.", "x": "[6.3230318  1.10987216 5.92636522 5.34721532 3.23657051 1.87501623]", "nit": "23"}, "19": {"maxiter": 1000, "gtol": 1e-05, "xrtol": 1e-10, "eps": 1e-10, "duration": 0.0013246536254882812, "fun": "0.5914259552955627", "jac": "[0. 0. 0. 0. 0. 0.]", "hess_inv": "[[1 0 0 0 0 0]\n [0 1 0 0 0 0]\n [0 0 1 0 0 0]\n [0 0 0 1 0 0]\n [0 0 0 0 1 0]\n [0 0 0 0 0 1]]", "nfev": "7", "njev": "1", "status": "0", "success": "True", "message": "Optimization terminated successfully.", "x": "[5.52785782 2.91417275 3.17567456 3.12618616 0.28317947 2.63926999]", "nit": "0"}, "20": {"maxiter": 1000, "gtol": 1e-10, "xrtol": 1e-05, "eps": 1e-05, "duration": 0.09430980682373047, "fun": "0.14278429746627808", "jac": "[0.         0.         0.00149012 0.00149012 0.         0.        ]", "hess_inv": "[[ 5.22314234e+01 -3.72102081e+01  4.04335567e+01  7.51557925e+00\n   3.07636250e+01  1.06256533e-01]\n [-3.72102081e+01  2.86074872e+01 -2.95112059e+01 -5.27157210e+00\n  -2.36660367e+01 -6.79460236e-02]\n [ 4.04335567e+01 -2.95112059e+01  3.23375911e+01  5.62142607e+00\n   2.47938925e+01  7.11994278e-02]\n [ 7.51557925e+00 -5.27157210e+00  5.62142607e+00  2.35129988e+00\n   3.71075954e+00  1.36933792e-02]\n [ 3.07636250e+01 -2.36660367e+01  2.47938925e+01  3.71075954e+00\n   2.19315745e+01  3.44707701e-02]\n [ 1.06256533e-01 -6.79460236e-02  7.11994278e-02  1.36933792e-02\n   3.44707701e-02  2.19265692e-02]]", "nfev": "495", "njev": "69", "status": "2", "success": "False", "message": "Desired error not necessarily achieved due to precision loss.", "x": "[6.3230318  1.10987216 5.92636522 5.34721532 3.23657051 1.87501623]", "nit": "23"}, "21": {"maxiter": 1000, "gtol": 1e-10, "xrtol": 1e-05, "eps": 1e-10, "duration": 0.0013818740844726562, "fun": "0.5914259552955627", "jac": "[0. 0. 0. 0. 0. 0.]", "hess_inv": "[[1 0 0 0 0 0]\n [0 1 0 0 0 0]\n [0 0 1 0 0 0]\n [0 0 0 1 0 0]\n [0 0 0 0 1 0]\n [0 0 0 0 0 1]]", "nfev": "7", "njev": "1", "status": "0", "success": "True", "message": "Optimization terminated successfully.", "x": "[5.52785782 2.91417275 3.17567456 3.12618616 0.28317947 2.63926999]", "nit": "0"}, "22": {"maxiter": 1000, "gtol": 1e-10, "xrtol": 1e-10, "eps": 1e-05, "duration": 0.09579086303710938, "fun": "0.14278429746627808", "jac": "[0.         0.         0.00149012 0.00149012 0.         0.        ]", "hess_inv": "[[ 5.22314234e+01 -3.72102081e+01  4.04335567e+01  7.51557925e+00\n   3.07636250e+01  1.06256533e-01]\n [-3.72102081e+01  2.86074872e+01 -2.95112059e+01 -5.27157210e+00\n  -2.36660367e+01 -6.79460236e-02]\n [ 4.04335567e+01 -2.95112059e+01  3.23375911e+01  5.62142607e+00\n   2.47938925e+01  7.11994278e-02]\n [ 7.51557925e+00 -5.27157210e+00  5.62142607e+00  2.35129988e+00\n   3.71075954e+00  1.36933792e-02]\n [ 3.07636250e+01 -2.36660367e+01  2.47938925e+01  3.71075954e+00\n   2.19315745e+01  3.44707701e-02]\n [ 1.06256533e-01 -6.79460236e-02  7.11994278e-02  1.36933792e-02\n   3.44707701e-02  2.19265692e-02]]", "nfev": "495", "njev": "69", "status": "2", "success": "False", "message": "Desired error not necessarily achieved due to precision loss.", "x": "[6.3230318  1.10987216 5.92636522 5.34721532 3.23657051 1.87501623]", "nit": "23"}, "23": {"maxiter": 1000, "gtol": 1e-10, "xrtol": 1e-10, "eps": 1e-10, "duration": 0.0013267993927001953, "fun": "0.5914259552955627", "jac": "[0. 0. 0. 0. 0. 0.]", "hess_inv": "[[1 0 0 0 0 0]\n [0 1 0 0 0 0]\n [0 0 1 0 0 0]\n [0 0 0 1 0 0]\n [0 0 0 0 1 0]\n [0 0 0 0 0 1]]", "nfev": "7", "njev": "1", "status": "0", "success": "True", "message": "Optimization terminated successfully.", "x": "[5.52785782 2.91417275 3.17567456 3.12618616 0.28317947 2.63926999]", "nit": "0"}}, "cobyla": {"0": {"maxiter": 100, "tol": 1e-05, "catol": 1e-05, "duration": 0.01828312873840332, "x": "[6.4239795  3.41104929 3.66289566 4.5698797  0.2287817  2.58668102]", "status": "2", "success": "False", "message": "Maximum number of function evaluations has been exceeded.", "nfev": "100", "fun": "0.23559056222438812", "maxcv": "0.0"}, "1": {"maxiter": 100, "tol": 1e-05, "catol": 1e-10, "duration": 0.018208980560302734, "x": "[6.4239795  3.41104929 3.66289566 4.5698797  0.2287817  2.58668102]", "status": "2", "success": "False", "message": "Maximum number of function evaluations has been exceeded.", "nfev": "100", "fun": "0.23559056222438812", "maxcv": "0.0"}, "2": {"maxiter": 100, "tol": 1e-10, "catol": 1e-05, "duration": 0.018101930618286133, "x": "[6.4239795  3.41104929 3.66289566 4.5698797  0.2287817  2.58668102]", "status": "2", "success": "False", "message": "Maximum number of function evaluations has been exceeded.", "nfev": "100", "fun": "0.23559056222438812", "maxcv": "0.0"}, "3": {"maxiter": 100, "tol": 1e-10, "catol": 1e-10, "duration": 0.01813983917236328, "x": "[6.4239795  3.41104929 3.66289566 4.5698797  0.2287817  2.58668102]", "status": "2", "success": "False", "message": "Maximum number of function evaluations has been exceeded.", "nfev": "100", "fun": "0.23559056222438812", "maxcv": "0.0"}, "4": {"maxiter": 500, "tol": 1e-05, "catol": 1e-05, "duration": 0.08889293670654297, "x": "[6.67946154 2.85919123 4.3111486  5.48174648 2.17149883 2.45139069]", "status": "2", "success": "False", "message": "Maximum number of function evaluations has been exceeded.", "nfev": "500", "fun": "0.1606801301240921", "maxcv": "0.0"}, "5": {"maxiter": 500, "tol": 1e-05, "catol": 1e-10, "duration": 0.08772110939025879, "x": "[6.67946154 2.85919123 4.3111486  5.48174648 2.17149883 2.45139069]", "status": "2", "success": "False", "message": "Maximum number of function evaluations has been exceeded.", "nfev": "500", "fun": "0.1606801301240921", "maxcv": "0.0"}, "6": {"maxiter": 500, "tol": 1e-10, "catol": 1e-05, "duration": 0.08826994895935059, "x": "[6.67946154 2.85919123 4.3111486  5.48174648 2.17149883 2.45139069]", "status": "2", "success": "False", "message": "Maximum number of function evaluations has been exceeded.", "nfev": "500", "fun": "0.1606801301240921", "maxcv": "0.0"}, "7": {"maxiter": 500, "tol": 1e-10, "catol": 1e-10, "duration": 0.08733797073364258, "x": "[6.67946154 2.85919123 4.3111486  5.48174648 2.17149883 2.45139069]", "status": "2", "success": "False", "message": "Maximum number of function evaluations has been exceeded.", "nfev": "500", "fun": "0.1606801301240921", "maxcv": "0.0"}, "8": {"maxiter": 1000, "tol": 1e-05, "catol": 1e-05, "duration": 0.17702794075012207, "x": "[7.11310598 2.72626364 4.48763771 5.23219344 3.81259082 1.67313432]", "status": "2", "success": "False", "message": "Maximum number of function evaluations has been exceeded.", "nfev": "1000", "fun": "0.13417845964431763", "maxcv": "0.0"}, "9": {"maxiter": 1000, "tol": 1e-05, "catol": 1e-10, "duration": 0.17952895164489746, "x": "[7.11310598 2.72626364 4.48763771 5.23219344 3.81259082 1.67313432]", "status": "2", "success": "False", "message": "Maximum number of function evaluations has been exceeded.", "nfev": "1000", "fun": "0.13417845964431763", "maxcv": "0.0"}, "10": {"maxiter": 1000, "tol": 1e-10, "catol": 1e-05, "duration": 0.17521190643310547, "x": "[7.11310598 2.72626364 4.48763771 5.23219344 3.81259082 1.67313432]", "status": "2", "success": "False", "message": "Maximum number of function evaluations has been exceeded.", "nfev": "1000", "fun": "0.13417845964431763", "maxcv": "0.0"}, "11": {"maxiter": 1000, "tol": 1e-10, "catol": 1e-10, "duration": 0.1815340518951416, "x": "[7.11310598 2.72626364 4.48763771 5.23219344 3.81259082 1.67313432]", "status": "2", "success": "False", "message": "Maximum number of function evaluations has been exceeded.", "nfev": "1000", "fun": "0.13417845964431763", "maxcv": "0.0"}}, "powell": {"0": {"maxiter": 100, "ftol": 1e-05, "xtol": 1e-05, "duration": 0.4200859069824219, "fun": "0.1340761035680771", "direc": "[[-8.77541686e-03 -2.55810781e-04 -1.57858589e-02 -1.71588495e-02\n   1.28263023e-02 -3.03587684e-03]\n [ 1.06532189e+00  1.13880303e-01  3.37604911e-02  9.73994233e-02\n   7.16658032e-01 -2.95556009e-01]\n [-3.88156055e-01 -2.36105821e-01  1.62740585e-01  5.46305693e-01\n   2.94176190e-01 -2.59917687e-02]\n [ 0.00000000e+00  0.00000000e+00  0.00000000e+00  0.00000000e+00\n   0.00000000e+00  1.00000000e+00]\n [-1.28361154e-03 -9.36470211e-02  7.45710948e-02 -5.98138185e-02\n   1.70930887e-01 -3.78993233e-02]\n [ 3.54020015e-02  1.60965077e-02  9.68222576e-04 -1.89276006e-02\n   4.75695427e-02 -1.61046059e-02]]", "nit": "24", "nfev": "2268", "status": "0", "success": "True", "message": "Optimization terminated successfully.", "x": "[7.19468215 2.7370553  4.4953339  5.19827365 3.90143995 1.649139  ]"}, "1": {"maxiter": 100, "ftol": 1e-05, "xtol": 1e-10, "duration": 0.9423091411590576, "fun": "0.13407599925994873", "direc": "[[-7.58076270e-03  1.07936892e-03 -1.79090620e-02 -2.09247543e-02\n   1.90417913e-02 -5.71900078e-03]\n [ 1.08959170e+00  1.14757504e-01  3.77316514e-02  9.85144432e-02\n   7.34612722e-01 -3.03623565e-01]\n [-3.88434100e-01 -2.35805851e-01  1.62948087e-01  5.46721274e-01\n   2.94513744e-01 -2.58031122e-02]\n [ 0.00000000e+00  0.00000000e+00  0.00000000e+00  0.00000000e+00\n   0.00000000e+00  1.00000000e+00]\n [-8.78554743e-03 -9.17078236e-02  7.12861189e-02 -5.60112892e-02\n   1.62214583e-01 -3.49818278e-02]\n [ 3.06757887e-02  1.39513854e-02  1.62060022e-03 -1.57311054e-02\n   4.13824940e-02 -1.43625830e-02]]", "nit": "24", "nfev": "5301", "status": "0", "success": "True", "message": "Optimization terminated successfully.", "x": "[7.19291815 2.7369405  4.49512329 5.1983701  3.90087894 1.64922055]"}, "2": {"maxiter": 100, "ftol": 1e-10, "xtol": 1e-05, "duration": 0.4854438304901123, "fun": "0.13407601416110992", "direc": "[[-8.77541686e-03 -2.55810781e-04 -1.57858589e-02 -1.71588495e-02\n   1.28263023e-02 -3.03587684e-03]\n [ 3.54020015e-02  1.60965077e-02  9.68222576e-04 -1.89276006e-02\n   4.75695427e-02 -1.61046059e-02]\n [-3.88156055e-01 -2.36105821e-01  1.62740585e-01  5.46305693e-01\n   2.94176190e-01 -2.59917687e-02]\n [ 0.00000000e+00  0.00000000e+00  0.00000000e+00  0.00000000e+00\n   0.00000000e+00  1.00000000e+00]\n [-1.28361154e-03 -9.36470211e-02  7.45710948e-02 -5.98138185e-02\n   1.70930887e-01 -3.78993233e-02]\n [-1.16789137e-03 -1.19201800e-04 -3.23953830e-05  2.22632805e-04\n  -7.04768598e-04  1.63634944e-04]]", "nit": "26", "nfev": "2648", "status": "0", "success": "True", "message": "Optimization terminated successfully.", "x": "[7.19190228 2.73678062 4.49524957 5.19880939 3.89974581 1.6494825 ]"}, "3": {"maxiter": 100, "ftol": 1e-10, "xtol": 1e-10, "duration": 0.9926002025604248, "fun": "0.13407599925994873", "direc": "[[-7.58076270e-03  1.07936892e-03 -1.79090620e-02 -2.09247543e-02\n   1.90417913e-02 -5.71900078e-03]\n [ 1.08959170e+00  1.14757504e-01  3.77316514e-02  9.85144432e-02\n   7.34612722e-01 -3.03623565e-01]\n [-3.88434100e-01 -2.35805851e-01  1.62948087e-01  5.46721274e-01\n   2.94513744e-01 -2.58031122e-02]\n [ 0.00000000e+00  0.00000000e+00  0.00000000e+00 