{"conf_id": 6, "data_type": "random\n", "num_data_points": 1, "s_rank": 0, "unitary": "[[-0.56303964-0.00798273j,-0.21670212-0.15784972j,-0.06047197-0.73952673j,-0.01438004+0.24552571j],[-0.06976756+0.23474685j,-0.01275565-0.5435098j,-0.02703657-0.08917885j,-0.08210486-0.79311774j],[-0.38559961+0.10714929j,0.5933431-0.2687392j,-0.24060861+0.29149289j,-0.45147719+0.26241743j],[-0.50180421+0.45931857j,-0.11617175+0.44134496j,0.49642745+0.22684508j,-0.08544628-0.15407063j]]", "databatch_0": {"databatch": "[[[0.36710987-0.16365503j,-0.14622709+0.21158961j,-0.10012118+0.1207779j,-0.01911325+0.14084891j],[0.24682593-0.19527458j,-0.18405057+0.07027965j,-0.08788909+0.17173535j,-0.16562656+0.05309288j],[0.15287225-0.08205305j,-0.32576065+0.20215266j,0.03593997+0.15332315j,-0.21680394+0.31333213j],[0.11575056-0.19485065j,0.06424287+0.25897354j,0.03265725+0.04913167j,0.16138829+0.1516147j]]]", "nelder_mead": {"0": {"maxiter": 100, "fatol": 1e-05, "xatol": 1e-05, "duration": 0.027801990509033203, "fun": "0.2849995791912079", "nit": "100", "nfev": "158", "status": "2", "success": "False", "message": "Maximum number of iterations has been exceeded.", "x": "[2.78906764 0.60152616 4.29606918 6.11364287 1.51363116 2.75834503]", "final_simplex": "(array([[2.78906764, 0.60152616, 4.29606918, 6.11364287, 1.51363116,\n        2.75834503],\n       [2.76822643, 0.60204187, 4.30712939, 6.08846634, 1.51581627,\n        2.75566488],\n       [2.77299639, 0.59924138, 4.31070934, 6.10566738, 1.50854375,\n        2.77879375],\n       [2.77745368, 0.60206762, 4.31577988, 6.12418608, 1.51359746,\n        2.78130141],\n       [2.80257672, 0.59857022, 4.31181629, 6.09288033, 1.49748561,\n        2.76524916],\n       [2.80290077, 0.59633909, 4.28980572, 6.08349539, 1.51219154,\n        2.77724096],\n       [2.8026237 , 0.59508517, 4.31832919, 6.12827153, 1.50936874,\n        2.78012574]]), array([0.28499958, 0.28501889, 0.28505588, 0.2850956 , 0.28518668,\n       0.28521556, 0.28523195]))"}, "1": {"maxiter": 100, "fatol": 1e-05, "xatol": 1e-10, "duration": 0.05450081825256348, "fun": "0.2849995791912079", "nit": "100", "nfev": "158", "status": "2", "success": "False", "message": "Maximum number of iterations has been exceeded.", "x": "[2.78906764 0.60152616 4.29606918 6.11364287 1.51363116 2.75834503]", "final_simplex": "(array([[2.78906764, 0.60152616, 4.29606918, 6.11364287, 1.51363116,\n        2.75834503],\n       [2.76822643, 0.60204187, 4.30712939, 6.08846634, 1.51581627,\n        2.75566488],\n       [2.77299639, 0.59924138, 4.31070934, 6.10566738, 1.50854375,\n        2.77879375],\n       [2.77745368, 0.60206762, 4.31577988, 6.12418608, 1.51359746,\n        2.78130141],\n       [2.80257672, 0.59857022, 4.31181629, 6.09288033, 1.49748561,\n        2.76524916],\n       [2.80290077, 0.59633909, 4.28980572, 6.08349539, 1.51219154,\n        2.77724096],\n       [2.8026237 , 0.59508517, 4.31832919, 6.12827153, 1.50936874,\n        2.78012574]]), array([0.28499958, 0.28501889, 0.28505588, 0.2850956 , 0.28518668,\n       0.28521556, 0.28523195]))"}, "2": {"maxiter": 100, "fatol": 1e-10, "xatol": 1e-05, "duration": 0.028966903686523438, "fun": "0.2849995791912079", "nit": "100", "nfev": "158", "status": "2", "success": "False", "message": "Maximum number of iterations has been exceeded.", "x": "[2.78906764 0.60152616 4.29606918 6.11364287 1.51363116 2.75834503]", "final_simplex": "(array([[2.78906764, 0.60152616, 4.29606918, 6.11364287, 1.51363116,\n        2.75834503],\n       [2.76822643, 0.60204187, 4.30712939, 6.08846634, 1.51581627,\n        2.75566488],\n       [2.77299639, 0.59924138, 4.31070934, 6.10566738, 1.50854375,\n        2.77879375],\n       [2.77745368, 0.60206762, 4.31577988, 6.12418608, 1.51359746,\n        2.78130141],\n       [2.80257672, 0.59857022, 4.31181629, 6.09288033, 1.49748561,\n        2.76524916],\n       [2.80290077, 0.59633909, 4.28980572, 6.08349539, 1.51219154,\n        2.77724096],\n       [2.8026237 , 0.59508517, 4.31832919, 6.12827153, 1.50936874,\n        2.78012574]]), array([0.28499958, 0.28501889, 0.28505588, 0.2850956 , 0.28518668,\n       0.28521556, 0.28523195]))"}, "3": {"maxiter": 100, "fatol": 1e-10, "xatol": 1e-10, "duration": 0.028608083724975586, "fun": "0.2849995791912079", "nit": "100", "nfev": "158", "status": "2", "success": "False", "message": "Maximum number of iterations has been exceeded.", "x": "[2.78906764 0.60152616 4.29606918 6.11364287 1.51363116 2.75834503]", "final_simplex": "(array([[2.78906764, 0.60152616, 4.29606918, 6.11364287, 1.51363116,\n        2.75834503],\n       [2.76822643, 0.60204187, 4.30712939, 6.08846634, 1.51581627,\n        2.75566488],\n       [2.77299639, 0.59924138, 4.31070934, 6.10566738, 1.50854375,\n        2.77879375],\n       [2.77745368, 0.60206762, 4.31577988, 6.12418608, 1.51359746,\n        2.78130141],\n       [2.80257672, 0.59857022, 4.31181629, 6.09288033, 1.49748561,\n        2.76524916],\n       [2.80290077, 0.59633909, 4.28980572, 6.08349539, 1.51219154,\n        2.77724096],\n       [2.8026237 , 0.59508517, 4.31832919, 6.12827153, 1.50936874,\n        2.78012574]]), array([0.28499958, 0.28501889, 0.28505588, 0.2850956 , 0.28518668,\n       0.28521556, 0.28523195]))"}, "4": {"maxiter": 500, "fatol": 1e-05, "xatol": 1e-05, "duration": 0.13543081283569336, "fun": "0.19585585594177246", "nit": "500", "nfev": "765", "status": "2", "success": "False", "message": "Maximum number of iterations has been exceeded.", "x": "[-0.07910097  1.51751853  5.07734266  2.76816239  2.65289334  1.87046336]", "final_simplex": "(array([[-7.91009664e-02,  1.51751853e+00,  5.07734266e+00,\n         2.76816239e+00,  2.65289334e+00,  1.87046336e+00],\n       [-5.44650335e-02,  1.49005572e+00,  5.10543959e+00,\n         2.76128174e+00,  2.63522591e+00,  1.85405291e+00],\n       [-1.82056838e-02,  1.49869122e+00,  5.10005643e+00,\n         2.79624238e+00,  2.60768936e+00,  1.85713681e+00],\n       [-2.52554456e-02,  1.50905288e+00,  5.08031041e+00,\n         2.82307758e+00,  2.57398790e+00,  1.84879872e+00],\n       [-1.92394651e-03,  1.48444604e+00,  5.08795522e+00,\n         2.82004947e+00,  2.58845652e+00,  1.83399778e+00],\n       [-1.80144862e-02,  1.50022495e+00,  5.08840464e+00,\n         2.83015503e+00,  2.60579646e+00,  1.84465021e+00],\n       [-6.87930472e-02,  1.49803502e+00,  5.10078799e+00,\n         2.72963773e+00,  2.61210984e+00,  1.83431475e+00]]), array([0.19585586, 0.19607082, 0.19615424, 0.1963897 , 0.19647388,\n       0.1965178 , 0.1966278 ]))"}, "5": {"maxiter": 500, "fatol": 1e-05, "xatol": 1e-10, "duration": 0.1368551254272461, "fun": "0.19585585594177246", "nit": "500", "nfev": "765", "status": "2", "success": "False", "message": "Maximum number of iterations has been exceeded.", "x": "[-0.07910097  1.51751853  5.07734266  2.76816239  2.65289334  1.87046336]", "final_simplex": "(array([[-7.91009664e-02,  1.51751853e+00,  5.07734266e+00,\n         2.76816239e+00,  2.65289334e+00,  1.87046336e+00],\n       [-5.44650335e-02,  1.49005572e+00,  5.10543959e+00,\n         2.76128174e+00,  2.63522591e+00,  1.85405291e+00],\n       [-1.82056838e-02,  1.49869122e+00,  5.10005643e+00,\n         2.79624238e+00,  2.60768936e+00,  1.85713681e+00],\n       [-2.52554456e-02,  1.50905288e+00,  5.08031041e+00,\n         2.82307758e+00,  2.57398790e+00,  1.84879872e+00],\n       [-1.92394651e-03,  1.48444604e+00,  5.08795522e+00,\n         2.82004947e+00,  2.58845652e+00,  1.83399778e+00],\n       [-1.80144862e-02,  1.50022495e+00,  5.08840464e+00,\n         2.83015503e+00,  2.60579646e+00,  1.84465021e+00],\n       [-6.87930472e-02,  1.49803502e+00,  5.10078799e+00,\n         2.72963773e+00,  2.61210984e+00,  1.83431475e+00]]), array([0.19585586, 0.19607082, 0.19615424, 0.1963897 , 0.19647388,\n       0.1965178 , 0.1966278 ]))"}, "6": {"maxiter": 500, "fatol": 1e-10, "xatol": 1e-05, "duration": 0.14926981925964355, "fun": "0.19585585594177246", "nit": "500", "nfev": "765", "status": "2", "success": "False", "message": "Maximum number of iterations has been exceeded.", "x": "[-0.07910097  1.51751853  5.07734266  2.76816239  2.65289334  1.87046336]", "final_simplex": "(array([[-7.91009664e-02,  1.51751853e+00,  5.07734266e+00,\n         2.76816239e+00,  2.65289334e+00,  1.87046336e+00],\n       [-5.44650335e-02,  1.49005572e+00,  5.10543959e+00,\n         2.76128174e+00,  2.63522591e+00,  1.85405291e+00],\n       [-1.82056838e-02,  1.49869122e+00,  5.10005643e+00,\n         2.79624238e+00,  2.60768936e+00,  1.85713681e+00],\n       [-2.52554456e-02,  1.50905288e+00,  5.08031041e+00,\n         2.82307758e+00,  2.57398790e+00,  1.84879872e+00],\n       [-1.92394651e-03,  1.48444604e+00,  5.08795522e+00,\n         2.82004947e+00,  2.58845652e+00,  1.83399778e+00],\n       [-1.80144862e-02,  1.50022495e+00,  5.08840464e+00,\n         2.83015503e+00,  2.60579646e+00,  1.84465021e+00],\n       [-6.87930472e-02,  1.49803502e+00,  5.10078799e+00,\n         2.72963773e+00,  2.61210984e+00,  1.83431475e+00]]), array([0.19585586, 0.19607082, 0.19615424, 0.1963897 , 0.19647388,\n       0.1965178 , 0.1966278 ]))"}, "7": {"maxiter": 500, "fatol": 1e-10, "xatol": 1e-10, "duration": 0.137099027633667, "fun": "0.19585585594177246", "nit": "500", "nfev": "765", "status": "2", "success": "False", "message": "Maximum number of iterations has been exceeded.", "x": "[-0.07910097  1.51751853  5.07734266  2.76816239  2.65289334  1.87046336]", "final_simplex": "(array([[-7.91009664e-02,  1.51751853e+00,  5.07734266e+00,\n         2.76816239e+00,  2.65289334e+00,  1.87046336e+00],\n       [-5.44650335e-02,  1.49005572e+00,  5.10543959e+00,\n         2.76128174e+00,  2.63522591e+00,  1.85405291e+00],\n       [-1.82056838e-02,  1.49869122e+00,  5.10005643e+00,\n         2.79624238e+00,  2.60768936e+00,  1.85713681e+00],\n       [-2.52554456e-02,  1.50905288e+00,  5.08031041e+00,\n         2.82307758e+00,  2.57398790e+00,  1.84879872e+00],\n       [-1.92394651e-03,  1.48444604e+00,  5.08795522e+00,\n         2.82004947e+00,  2.58845652e+00,  1.83399778e+00],\n       [-1.80144862e-02,  1.50022495e+00,  5.08840464e+00,\n         2.83015503e+00,  2.60579646e+00,  1.84465021e+00],\n       [-6.87930472e-02,  1.49803502e+00,  5.10078799e+00,\n         2.72963773e+00,  2.61210984e+00,  1.83431475e+00]]), array([0.19585586, 0.19607082, 0.19615424, 0.1963897 , 0.19647388,\n       0.1965178 , 0.1966278 ]))"}, "8": {"maxiter": 1000, "fatol": 1e-05, "xatol": 1e-05, "duration": 0.22693991661071777, "fun": "0.17089101672172546", "nit": "800", "nfev": "1288", "status": "0", "success": "True", "message": "Optimization terminated successfully.", "x": "[-0.29771161 -0.35076802  6.82785683  2.58566758  3.01792367  2.35800301]", "final_simplex": "(array([[-0.29771161, -0.35076802,  6.82785683,  2.58566758,  3.01792367,\n         2.35800301],\n       [-0.29771237, -0.35077175,  6.82786053,  2.58566726,  3.01792329,\n         2.35800343],\n       [-0.29771127, -0.35076672,  6.82785644,  2.58566724,  3.0179233 ,\n         2.35800343],\n       [-0.29771148, -0.35076725,  6.82785634,  2.58566618,  3.01792264,\n         2.35800269],\n       [-0.29771152, -0.35076479,  6.82785409,  2.5856667 ,  3.01792255,\n         2.35800296],\n       [-0.29771181, -0.35076253,  6.82785185,  2.58566641,  3.01792131,\n         2.35800102],\n       [-0.29771144, -0.35076623,  6.82785554,  2.58566681,  3.0179215 ,\n         2.35800181]]), array([0.17089102, 0.17089102, 0.17089102, 0.17089102, 0.17089102,\n       0.17089102, 0.17089102]))"}, "9": {"maxiter": 1000, "fatol": 1e-05, "xatol": 1e-10, "duration": 0.2591369152069092, "fun": "0.17089101672172546", "nit": "816", "nfev": "1416", "status": "0", "success": "True", "message": "Optimization terminated successfully.", "x": "[-0.29771161 -0.35076802  6.82785683  2.58566758  3.01792367  2.35800301]", "final_simplex": "(array([[-0.29771161, -0.35076802,  6.82785683,  2.58566758,  3.01792367,\n         2.35800301],\n       [-0.29771161, -0.35076802,  6.82785683,  2.58566758,  3.01792367,\n         2.35800301],\n       [-0.29771161, -0.35076802,  6.82785683,  2.58566758,  3.01792367,\n         2.35800301],\n       [-0.29771161, -0.35076802,  6.82785683,  2.58566758,  3.01792367,\n         2.35800301],\n       [-0.29771161, -0.35076802,  6.82785683,  2.58566758,  3.01792367,\n         2.35800301],\n       [-0.29771161, -0.35076802,  6.82785683,  2.58566758,  3.01792367,\n         2.35800301],\n       [-0.29771161, -0.35076802,  6.82785683,  2.58566758,  3.01792367,\n         2.35800301]]), array([0.17089102, 0.17089102, 0.17089102, 0.17089102, 0.17089102,\n       0.17089102, 0.17089102]))"}, "10": {"maxiter": 1000, "fatol": 1e-10, "xatol": 1e-05, "duration": 0.2302379608154297, "fun": "0.17089101672172546", "nit": "800", "nfev": "1288", "status": "0", "success": "True", "message": "Optimization terminated successfully.", "x": "[-0.29771161 -0.35076802  6.82785683  2.58566758  3.01792367  2.35800301]", "final_simplex": "(array([[-0.29771161, -0.35076802,  6.82785683,  2.58566758,  3.01792367,\n         2.35800301],\n       [-0.29771237, -0.35077175,  6.82786053,  2.58566726,  3.01792329,\n         2.35800343],\n       [-0.29771127, -0.35076672,  6.82785644,  2.58566724,  3.0179233 ,\n         2.35800343],\n       [-0.29771148, -0.35076725,  6.82785634,  2.58566618,  3.01792264,\n         2.35800269],\n       [-0.29771152, -0.35076479,  6.82785409,  2.5856667 ,  3.01792255,\n         2.35800296],\n       [-0.29771181, -0.35076253,  6.82785185,  2.58566641,  3.01792131,\n         2.35800102],\n       [-0.29771144, -0.35076623,  6.82785554,  2.58566681,  3.0179215 ,\n         2.35800181]]), array([0.17089102, 0.17089102, 0.17089102, 0.17089102, 0.17089102,\n       0.17089102, 0.17089102]))"}, "11": {"maxiter": 1000, "fatol": 1e-10, "xatol": 1e-10, "duration": 0.2681899070739746, "fun": "0.17089101672172546", "nit": "816", "nfev": "1416", "status": "0", "success": "True", "message": "Optimization terminated successfully.", "x": "[-0.29771161 -0.35076802  6.82785683  2.58566758  3.01792367  2.35800301]", "final_simplex": "(array([[-0.29771161, -0.35076802,  6.82785683,  2.58566758,  3.01792367,\n         2.35800301],\n       [-0.29771161, -0.35076802,  6.82785683,  2.58566758,  3.01792367,\n         2.35800301],\n       [-0.29771161, -0.35076802,  6.82785683,  2.58566758,  3.01792367,\n         2.35800301],\n       [-0.29771161, -0.35076802,  6.82785683,  2.58566758,  3.01792367,\n         2.35800301],\n       [-0.29771161, -0.35076802,  6.82785683,  2.58566758,  3.01792367,\n         2.35800301],\n       [-0.29771161, -0.35076802,  6.82785683,  2.58566758,  3.01792367,\n         2.35800301],\n       [-0.29771161, -0.35076802,  6.82785683,  2.58566758,  3.01792367,\n         2.35800301]]), array([0.17089102, 0.17089102, 0.17089102, 0.17089102, 0.17089102,\n       0.17089102, 0.17089102]))"}}, "bfgs": {"0": {"maxiter": 100, "gtol": 1e-05, "xrtol": 1e-05, "eps": 1e-05, "duration": 0.11078596115112305, "fun": "0.2839241921901703", "jac": "[ 0.         -0.00298023  0.          0.          0.00298023  0.00298023]", "hess_inv": "[[ 1.82164609e+00 -4.43228438e+00 -3.64873771e+00  2.68651562e-01\n   1.13129228e+01 -1.34043706e+01]\n [-4.43228438e+00  5.39214474e+01  4.33124658e+01 -1.19612312e+01\n  -1.29872895e+02  1.59767957e+02]\n [-3.64873771e+00  4.33124658e+01  3.70787935e+01 -9.04141236e+00\n  -1.06980671e+02  1.30560490e+02]\n [ 2.68651562e-01 -1.19612312e+01 -9.04141236e+00  5.79926576e+00\n   2.72663939e+01 -3.46358525e+01]\n [ 1.13129228e+01 -1.29872895e+02 -1.06980671e+02  2.72663939e+01\n   3.20112812e+02 -3.91151552e+02]\n [-1.34043706e+01  1.59767957e+02  1.30560490e+02 -3.46358525e+01\n  -3.91151552e+02  4.80633199e+02]]", "nfev": "607", "njev": "85", "status": "2", "success": "False", "message": "Desired error not necessarily achieved due to precision loss.", "x": "[2.82287788 0.70217194 4.34811504 6.09806893 0.42522926 3.9146901 ]", "nit": "23"}, "1": {"maxiter": 100, "gtol": 1e-05, "xrtol": 1e-05, "eps": 1e-10, "duration": 0.0013380050659179688, "fun": "0.817794680595398", "jac": "[0. 0. 0. 0. 0. 0.]", "hess_inv": "[[1 0 0 0 0 0]\n [0 1 0 0 0 0]\n [0 0 1 0 0 0]\n [0 0 0 1 0 0]\n [0 0 0 0 1 0]\n [0 0 0 0 0 1]]", "nfev": "7", "njev": "1", "status": "0", "success": "True", "message": "Optimization terminated successfully.", "x": "[2.51162598 0.51466722 4.34400909 5.32894941 1.52011118 4.94912797]", "nit": "0"}, "2": {"maxiter": 100, "gtol": 1e-05, "xrtol": 1e-10, "eps": 1e-05, "duration": 0.10995292663574219, "fun": "0.2839241921901703", "jac": "[ 0.         -0.00298023  0.          0.          0.00298023  0.00298023]", "hess_inv": "[[ 1.82164609e+00 -4.43228438e+00 -3.64873771e+00  2.68651562e-01\n   1.13129228e+01 -1.34043706e+01]\n [-4.43228438e+00  5.39214474e+01  4.33124658e+01 -1.19612312e+01\n  -1.29872895e+02  1.59767957e+02]\n [-3.64873771e+00  4.33124658e+01  3.70787935e+01 -9.04141236e+00\n  -1.06980671e+02  1.30560490e+02]\n [ 2.68651562e-01 -1.19612312e+01 -9.04141236e+00  5.79926576e+00\n   2.72663939e+01 -3.46358525e+01]\n [ 1.13129228e+01 -1.29872895e+02 -1.06980671e+02  2.72663939e+01\n   3.20112812e+02 -3.91151552e+02]\n [-1.34043706e+01  1.59767957e+02  1.30560490e+02 -3.46358525e+01\n  -3.91151552e+02  4.80633199e+02]]", "nfev": "607", "njev": "85", "status": "2", "success": "False", "message": "Desired error not necessarily achieved due to precision loss.", "x": "[2.82287788 0.70217194 4.34811504 6.09806893 0.42522926 3.9146901 ]", "nit": "23"}, "3": {"maxiter": 100, "gtol": 1e-05, "xrtol": 1e-10, "eps": 1e-10, "duration": 0.0013179779052734375, "fun": "0.817794680595398", "jac": "[0. 0. 0. 0. 0. 0.]", "hess_inv": "[[1 0 0 0 0 0]\n [0 1 0 0 0 0]\n [0 0 1 0 0 0]\n [0 0 0 1 0 0]\n [0 0 0 0 1 0]\n [0 0 0 0 0 1]]", "nfev": "7", "njev": "1", "status": "0", "success": "True", "message": "Optimization terminated successfully.", "x": "[2.51162598 0.51466722 4.34400909 5.32894941 1.52011118 4.94912797]", "nit": "0"}, "4": {"maxiter": 100, "gtol": 1e-10, "xrtol": 1e-05, "eps": 1e-05, "duration": 0.10887503623962402, "fun": "0.2839241921901703", "jac": "[ 0.         -0.00298023  0.          0.          0.00298023  0.00298023]", "hess_inv": "[[ 1.82164609e+00 -4.43228438e+00 -3.64873771e+00  2.68651562e-01\n   1.13129228e+01 -1.34043706e+01]\n [-4.43228438e+00  5.39214474e+01  4.33124658e+01 -1.19612312e+01\n  -1.29872895e+02  1.59767957e+02]\n [-3.64873771e+00  4.33124658e+01  3.70787935e+01 -9.04141236e+00\n  -1.06980671e+02  1.30560490e+02]\n [ 2.68651562e-01 -1.19612312e+01 -9.04141236e+00  5.79926576e+00\n   2.72663939e+01 -3.46358525e+01]\n [ 1.13129228e+01 -1.29872895e+02 -1.06980671e+02  2.72663939e+01\n   3.20112812e+02 -3.91151552e+02]\n [-1.34043706e+01  1.59767957e+02  1.30560490e+02 -3.46358525e+01\n  -3.91151552e+02  4.80633199e+02]]", "nfev": "607", "njev": "85", "status": "2", "success": "False", "message": "Desired error not necessarily achieved due to precision loss.", "x": "[2.82287788 0.70217194 4.34811504 6.09806893 0.42522926 3.9146901 ]", "nit": "23"}, "5": {"maxiter": 100, "gtol": 1e-10, "xrtol": 1e-05, "eps": 1e-10, "duration": 0.0013060569763183594, "fun": "0.817794680595398", "jac": "[0. 0. 0. 0. 0. 0.]", "hess_inv": "[[1 0 0 0 0 0]\n [0 1 0 0 0 0]\n [0 0 1 0 0 0]\n [0 0 0 1 0 0]\n [0 0 0 0 1 0]\n [0 0 0 0 0 1]]", "nfev": "7", "njev": "1", "status": "0", "success": "True", "message": "Optimization terminated successfully.", "x": "[2.51162598 0.51466722 4.34400909 5.32894941 1.52011118 4.94912797]", "nit": "0"}, "6": {"maxiter": 100, "gtol": 1e-10, "xrtol": 1e-10, "eps": 1e-05, "duration": 0.10809588432312012, "fun": "0.2839241921901703", "jac": "[ 0.         -0.00298023  0.          0.          0.00298023  0.00298023]", "hess_inv": "[[ 1.82164609e+00 -4.43228438e+00 -3.64873771e+00  2.68651562e-01\n   1.13129228e+01 -1.34043706e+01]\n [-4.43228438e+00  5.39214474e+01  4.33124658e+01 -1.19612312e+01\n  -1.29872895e+02  1.59767957e+02]\n [-3.64873771e+00  4.33124658e+01  3.70787935e+01 -9.04141236e+00\n  -1.06980671e+02  1.30560490e+02]\n [ 2.68651562e-01 -1.19612312e+01 -9.04141236e+00  5.79926576e+00\n   2.72663939e+01 -3.46358525e+01]\n [ 1.13129228e+01 -1.29872895e+02 -1.06980671e+02  2.72663939e+01\n   3.20112812e+02 -3.91151552e+02]\n [-1.34043706e+01  1.59767957e+02  1.30560490e+02 -3.46358525e+01\n  -3.91151552e+02  4.80633199e+02]]", "nfev": "607", "njev": "85", "status": "2", "success": "False", "message": "Desired error not necessarily achieved due to precision loss.", "x": "[2.82287788 0.70217194 4.34811504 6.09806893 0.42522926 3.9146901 ]", "nit": "23"}, "7": {"maxiter": 100, "gtol": 1e-10, "xrtol": 1e-10, "eps": 1e-10, "duration": 0.0012853145599365234, "fun": "0.817794680595398", "jac": "[0. 0. 0. 0. 0. 0.]", "hess_inv": "[[1 0 0 0 0 0]\n [0 1 0 0 0 0]\n [0 0 1 0 0 0]\n [0 0 0 1 0 0]\n [0 0 0 0 1 0]\n [0 0 0 0 0 1]]", "nfev": "7", "njev": "1", "status": "0", "success": "True", "message": "Optimization terminated successfully.", "x": "[2.51162598 0.51466722 4.34400909 5.32894941 1.52011118 4.94912797]", "nit": "0"}, "8": {"maxiter": 500, "gtol": 1e-05, "xrtol": 1e-05, "eps": 1e-05, "duration": 0.10771608352661133, "fun": "0.2839241921901703", "jac": "[ 0.         -0.00298023  0.          0.          0.00298023  0.00298023]", "hess_inv": "[[ 1.82164609e+00 -4.43228438e+00 -3.64873771e+00  2.68651562e-01\n   1.13129228e+01 -1.34043706e+01]\n [-4.43228438e+00  5.39214474e+01  4.33124658e+01 -1.19612312e+01\n  -1.29872895e+02  1.59767957e+02]\n [-3.64873771e+00  4.33124658e+01  3.70787935e+01 -9.04141236e+00\n  -1.06980671e+02  1.30560490e+02]\n [ 2.68651562e-01 -1.19612312e+01 -9.04141236e+00  5.79926576e+00\n   2.72663939e+01 -3.46358525e+01]\n [ 1.13129228e+01 -1.29872895e+02 -1.06980671e+02  2.72663939e+01\n   3.20112812e+02 -3.91151552e+02]\n [-1.34043706e+01  1.59767957e+02  1.30560490e+02 -3.46358525e+01\n  -3.91151552e+02  4.80633199e+02]]", "nfev": "607", "njev": "85", "status": "2", "success": "False", "message": "Desired error not necessarily achieved due to precision loss.", "x": "[2.82287788 0.70217194 4.34811504 6.09806893 0.42522926 3.9146901 ]", "nit": "23"}, "9": {"maxiter": 500, "gtol": 1e-05, "xrtol": 1e-05, "eps": 1e-10, "duration": 0.0013031959533691406, "fun": "0.817794680595398", "jac": "[0. 0. 0. 0. 0. 0.]", "hess_inv": "[[1 0 0 0 0 0]\n [0 1 0 0 0 0]\n [0 0 1 0 0 0]\n [0 0 0 1 0 0]\n [0 0 0 0 1 0]\n [0 0 0 0 0 1]]", "nfev": "7", "njev": "1", "status": "0", "success": "True", "message": "Optimization terminated successfully.", "x": "[2.51162598 0.51466722 4.34400909 5.32894941 1.52011118 4.94912797]", "nit": "0"}, "10": {"maxiter": 500, "gtol": 1e-05, "xrtol": 1e-10, "eps": 1e-05, "duration": 0.1172628402709961, "fun": "0.2839241921901703", "jac": "[ 0.         -0.00298023  0.          0.          0.00298023  0.00298023]", "hess_inv": "[[ 1.82164609e+00 -4.43228438e+00 -3.64873771e+00  2.68651562e-01\n   1.13129228e+01 -1.34043706e+01]\n [-4.43228438e+00  5.39214474e+01  4.33124658e+01 -1.19612312e+01\n  -1.29872895e+02  1.59767957e+02]\n [-3.64873771e+00  4.33124658e+01  3.70787935e+01 -9.04141236e+00\n  -1.06980671e+02  1.30560490e+02]\n [ 2.68651562e-01 -1.19612312e+01 -9.04141236e+00  5.79926576e+00\n   2.72663939e+01 -3.46358525e+01]\n [ 1.13129228e+01 -1.29872895e+02 -1.06980671e+02  2.72663939e+01\n   3.20112812e+02 -3.91151552e+02]\n [-1.34043706e+01  1.59767957e+02  1.30560490e+02 -3.46358525e+01\n  -3.91151552e+02  4.80633199e+02]]", "nfev": "607", "njev": "85", "status": "2", "success": "False", "message": "Desired error not necessarily achieved due to precision loss.", "x": "[2.82287788 0.70217194 4.34811504 6.09806893 0.42522926 3.9146901 ]", "nit": "23"}, "11": {"maxiter": 500, "gtol": 1e-05, "xrtol": 1e-10, "eps": 1e-10, "duration": 0.0012879371643066406, "fun": "0.817794680595398", "jac": "[0. 0. 0. 0. 0. 0.]", "hess_inv": "[[1 0 0 0 0 0]\n [0 1 0 0 0 0]\n [0 0 1 0 0 0]\n [0 0 0 1 0 0]\n [0 0 0 0 1 0]\n [0 0 0 0 0 1]]", "nfev": "7", "njev": "1", "status": "0", "success": "True", "message": "Optimization terminated successfully.", "x": "[2.51162598 0.51466722 4.34400909 5.32894941 1.52011118 4.94912797]", "nit": "0"}, "12": {"maxiter": 500, "gtol": 1e-10, "xrtol": 1e-05, "eps": 1e-05, "duration": 0.1110529899597168, "fun": "0.2839241921901703", "jac": "[ 0.         -0.00298023  0.          0.          0.00298023  0.00298023]", "hess_inv": "[[ 1.82164609e+00 -4.43228438e+00 -3.64873771e+00  2.68651562e-01\n   1.13129228e+01 -1.34043706e+01]\n [-4.43228438e+00  5.39214474e+01  4.33124658e+01 -1.19612312e+01\n  -1.29872895e+02  1.59767957e+02]\n [-3.64873771e+00  4.33124658e+01  3.70787935e+01 -9.04141236e+00\n  -1.06980671e+02  1.30560490e+02]\n [ 2.68651562e-01 -1.19612312e+01 -9.04141236e+00  5.79926576e+00\n   2.72663939e+01 -3.46358525e+01]\n [ 1.13129228e+01 -1.29872895e+02 -1.06980671e+02  2.72663939e+01\n   3.20112812e+02 -3.91151552e+02]\n [-1.34043706e+01  1.59767957e+02  1.30560490e+02 -3.46358525e+01\n  -3.91151552e+02  4.80633199e+02]]", "nfev": "607", "njev": "85", "status": "2", "success": "False", "message": "Desired error not necessarily achieved due to precision loss.", "x": "[2.82287788 0.70217194 4.34811504 6.09806893 0.42522926 3.9146901 ]", "nit": "23"}, "13": {"maxiter": 500, "gtol": 1e-10, "xrtol": 1e-05, "eps": 1e-10, "duration": 0.0013260841369628906, "fun": "0.817794680595398", "jac": "[0. 0. 0. 0. 0. 0.]", "hess_inv": "[[1 0 0 0 0 0]\n [0 1 0 0 0 0]\n [0 0 1 0 0 0]\n [0 0 0 1 0 0]\n [0 0 0 0 1 0]\n [0 0 0 0 0 1]]", "nfev": "7", "njev": "1", "status": "0", "success": "True", "message": "Optimization terminated successfully.", "x": "[2.51162598 0.51466722 4.34400909 5.32894941 1.52011118 4.94912797]", "nit": "0"}, "14": {"maxiter": 500, "gtol": 1e-10, "xrtol": 1e-10, "eps": 1e-05, "duration": 0.11064481735229492, "fun": "0.2839241921901703", "jac": "[ 0.         -0.00298023  0.          0.          0.00298023  0.00298023]", "hess_inv": "[[ 1.82164609e+00 -4.43228438e+00 -3.64873771e+00  2.68651562e-01\n   1.13129228e+01 -1.34043706e+01]\n [-4.43228438e+00  5.39214474e+01  4.33124658e+01 -1.19612312e+01\n  -1.29872895e+02  1.59767957e+02]\n [-3.64873771e+00  4.33124658e+01  3.70787935e+01 -9.04141236e+00\n  -1.06980671e+02  1.30560490e+02]\n [ 2.68651562e-01 -1.19612312e+01 -9.04141236e+00  5.79926576e+00\n   2.72663939e+01 -3.46358525e+01]\n [ 1.13129228e+01 -1.29872895e+02 -1.06980671e+02  2.72663939e+01\n   3.20112812e+02 -3.91151552e+02]\n [-1.34043706e+01  1.59767957e+02  1.30560490e+02 -3.46358525e+01\n  -3.91151552e+02  4.80633199e+02]]", "nfev": "607", "njev": "85", "status": "2", "success": "False", "message": "Desired error not necessarily achieved due to precision loss.", "x": "[2.82287788 0.70217194 4.34811504 6.09806893 0.42522926 3.9146901 ]", "nit": "23"}, "15": {"maxiter": 500, "gtol": 1e-10, "xrtol": 1e-10, "eps": 1e-10, "duration": 0.001322031021118164, "fun": "0.817794680595398", "jac": "[0. 0. 0. 0. 0. 0.]", "hess_inv": "[[1 0 0 0 0 0]\n [0 1 0 0 0 0]\n [0 0 1 0 0 0]\n [0 0 0 1 0 0]\n [0 0 0 0 1 0]\n [0 0 0 0 0 1]]", "nfev": "7", "njev": "1", "status": "0", "success": "True", "message": "Optimization terminated successfully.", "x": "[2.51162598 0.51466722 4.34400909 5.32894941 1.52011118 4.94912797]", "nit": "0"}, "16": {"maxiter": 1000, "gtol": 1e-05, "xrtol": 1e-05, "eps": 1e-05, "duration": 0.11081600189208984, "fun": "0.2839241921901703", "jac": "[ 0.         -0.00298023  0.          0.          0.00298023  0.00298023]", "hess_inv": "[[ 1.82164609e+00 -4.43228438e+00 -3.64873771e+00  2.68651562e-01\n   1.13129228e+01 -1.34043706e+01]\n [-4.43228438e+00  5.39214474e+01  4.33124658e+01 -1.19612312e+01\n  -1.29872895e+02  1.59767957e+02]\n [-3.64873771e+00  4.33124658e+01  3.70787935e+01 -9.04141236e+00\n  -1.06980671e+02  1.30560490e+02]\n [ 2.68651562e-01 -1.19612312e+01 -9.04141236e+00  5.79926576e+00\n   2.72663939e+01 -3.46358525e+01]\n [ 1.13129228e+01 -1.29872895e+02 -1.06980671e+02  2.72663939e+01\n   3.20112812e+02 -3.91151552e+02]\n [-1.34043706e+01  1.59767957e+02  1.30560490e+02 -3.46358525e+01\n  -3.91151552e+02  4.80633199e+02]]", "nfev": "607", "njev": "85", "status": "2", "success": "False", "message": "Desired error not necessarily achieved due to precision loss.", "x": "[2.82287788 0.70217194 4.34811504 6.09806893 0.42522926 3.9146901 ]", "nit": "23"}, "17": {"maxiter": 1000, "gtol": 1e-05, "xrtol": 1e-05, "eps": 1e-10, "duration": 0.0013267993927001953, "fun": "0.817794680595398", "jac": "[0. 0. 0. 0. 0. 0.]", "hess_inv": "[[1 0 0 0 0 0]\n [0 1 0 0 0 0]\n [0 0 1 0 0 0]\n [0 0 0 1 0 0]\n [0 0 0 0 1 0]\n [0 0 0 0 0 1]]", "nfev": "7", "njev": "1", "status": "0", "success": "True", "message": "Optimization terminated successfully.", "x": "[2.51162598 0.51466722 4.34400909 5.32894941 1.52011118 4.94912797]", "nit": "0"}, "18": {"maxiter": 1000, "gtol": 1e-05, "xrtol": 1e-10, "eps": 1e-05, "duration": 0.11141777038574219, "fun": "0.2839241921901703", "jac": "[ 0.         -0.00298023  0.          0.          0.00298023  0.00298023]", "hess_inv": "[[ 1.82164609e+00 -4.43228438e+00 -3.64873771e+00  2.68651562e-01\n   1.13129228e+01 -1.34043706e+01]\n [-4.43228438e+00  5.39214474e+01  4.33124658e+01 -1.19612312e+01\n  -1.29872895e+02  1.59767957e+02]\n [-3.64873771e+00  4.33124658e+01  3.70787935e+01 -9.04141236e+00\n  -1.06980671e+02  1.30560490e+02]\n [ 2.68651562e-01 -1.19612312e+01 -9.04141236e+00  5.79926576e+00\n   2.72663939e+01 -3.46358525e+01]\n [ 1.13129228e+01 -1.29872895e+02 -1.06980671e+02  2.72663939e+01\n   3.20112812e+02 -3.91151552e+02]\n [-1.34043706e+01  1.59767957e+02  1.30560490e+02 -3.46358525e+01\n  -3.91151552e+02  4.80633199e+02]]", "nfev": "607", "njev": "85", "status": "2", "success": "False", "message": "Desired error not necessarily achieved due to precision loss.", "x": "[2.82287788 0.70217194 4.34811504 6.09806893 0.42522926 3.9146901 ]", "nit": "23"}, "19": {"maxiter": 1000, "gtol": 1e-05, "xrtol": 1e-10, "eps": 1e-10, "duration": 0.0013461112976074219, "fun": "0.817794680595398", "jac": "[0. 0. 0. 0. 0. 0.]", "hess_inv": "[[1 0 0 0 0 0]\n [0 1 0 0 0 0]\n [0 0 1 0 0 0]\n [0 0 0 1 0 0]\n [0 0 0 0 1 0]\n [0 0 0 0 0 1]]", "nfev": "7", "njev": "1", "status": "0", "success": "True", "message": "Optimization terminated successfully.", "x": "[2.51162598 0.51466722 4.34400909 5.32894941 1.52011118 4.94912797]", "nit": "0"}, "20": {"maxiter": 1000, "gtol": 1e-10, "xrtol": 1e-05, "eps": 1e-05, "duration": 0.10938000679016113, "fun": "0.2839241921901703", "jac": "[ 0.         -0.00298023  0.          0.          0.00298023  0.00298023]", "hess_inv": "[[ 1.82164609e+00 -4.43228438e+00 -3.64873771e+00  2.68651562e-01\n   1.13129228e+01 -1.34043706e+01]\n [-4.43228438e+00  5.39214474e+01  4.33124658e+01 -1.19612312e+01\n  -1.29872895e+02  1.59767957e+02]\n [-3.64873771e+00  4.33124658e+01  3.70787935e+01 -9.04141236e+00\n  -1.06980671e+02  1.30560490e+02]\n [ 2.68651562e-01 -1.19612312e+01 -9.04141236e+00  5.79926576e+00\n   2.72663939e+01 -3.46358525e+01]\n [ 1.13129228e+01 -1.29872895e+02 -1.06980671e+02  2.72663939e+01\n   3.20112812e+02 -3.91151552e+02]\n [-1.34043706e+01  1.59767957e+02  1.30560490e+02 -3.46358525e+01\n  -3.91151552e+02  4.80633199e+02]]", "nfev": "607", "njev": "85", "status": "2", "success": "False", "message": "Desired error not necessarily achieved due to precision loss.", "x": "[2.82287788 0.70217194 4.34811504 6.09806893 0.42522926 3.9146901 ]", "nit": "23"}, "21": {"maxiter": 1000, "gtol": 1e-10, "xrtol": 1e-05, "eps": 1e-10, "duration": 0.0012810230255126953, "fun": "0.817794680595398", "jac": "[0. 0. 0. 0. 0. 0.]", "hess_inv": "[[1 0 0 0 0 0]\n [0 1 0 0 0 0]\n [0 0 1 0 0 0]\n [0 0 0 1 0 0]\n [0 0 0 0 1 0]\n [0 0 0 0 0 1]]", "nfev": "7", "njev": "1", "status": "0", "success": "True", "message": "Optimization terminated successfully.", "x": "[2.51162598 0.51466722 4.34400909 5.32894941 1.52011118 4.94912797]", "nit": "0"}, "22": {"maxiter": 1000, "gtol": 1e-10, "xrtol": 1e-10, "eps": 1e-05, "duration": 0.10634207725524902, "fun": "0.2839241921901703", "jac": "[ 0.         -0.00298023  0.          0.          0.00298023  0.00298023]", "hess_inv": "[[ 1.82164609e+00 -4.43228438e+00 -3.64873771e+00  2.68651562e-01\n   1.13129228e+01 -1.34043706e+01]\n [-4.43228438e+00  5.39214474e+01  4.33124658e+01 -1.19612312e+01\n  -1.29872895e+02  1.59767957e+02]\n [-3.64873771e+00  4.33124658e+01  3.70787935e+01 -9.04141236e+00\n  -1.06980671e+02  1.30560490e+02]\n [ 2.68651562e-01 -1.19612312e+01 -9.04141236e+00  5.79926576e+00\n   2.72663939e+01 -3.46358525e+01]\n [ 1.13129228e+01 -1.29872895e+02 -1.06980671e+02  2.72663939e+01\n   3.20112812e+02 -3.91151552e+02]\n [-1.34043706e+01  1.59767957e+02  1.30560490e+02 -3.46358525e+01\n  -3.91151552e+02  4.80633199e+02]]", "nfev": "607", "njev": "85", "status": "2", "success": "False", "message": "Desired error not necessarily achieved due to precision loss.", "x": "[2.82287788 0.70217194 4.34811504 6.09806893 0.42522926 3.9146901 ]", "nit": "23"}, "23": {"maxiter": 1000, "gtol": 1e-10, "xrtol": 1e-10, "eps": 1e-10, "duration": 0.0012888908386230469, "fun": "0.817794680595398", "jac": "[0. 0. 0. 0. 0. 0.]", "hess_inv": "[[1 0 0 0 0 0]\n [0 1 0 0 0 0]\n [0 0 1 0 0 0]\n [0 0 0 1 0 0]\n [0 0 0 0 1 0]\n [0 0 0 0 0 1]]", "nfev": "7", "njev": "1", "status": "0", "success": "True", "message": "Optimization terminated successfully.", "x": "[2.51162598 0.51466722 4.34400909 5.32894941 1.52011118 4.94912797]", "nit": "0"}}, "cobyla": {"0": {"maxiter": 100, "tol": 1e-05, "catol": 1e-05, "duration": 0.017107248306274414, "x": "[ 2.88623472  0.82401867  4.47787759  6.02492781 -0.34164919  4.720555  ]", "status": "2", "success": "False", "message": "Maximum number of function evaluations has been exceeded.", "nfev": "100", "fun": "0.286366730928421", "maxcv": "0.0"}, "1": {"maxiter": 100, "tol": 1e-05, "catol": 1e-10, "duration": 0.017084836959838867, "x": "[ 2.88623472  0.82401867  4.47787759  6.02492781 -0.34164919  4.720555  ]", "status": "2", "success": "False", "message": "Maximum number of function evaluations has been exceeded.", "nfev": "100", "fun": "0.286366730928421", "maxcv": "0.0"}, "2": {"maxiter": 100, "tol": 1e-10, "catol": 1e-05, "duration": 0.017060279846191406, "x": "[ 2.88623472  0.82401867  4.47787759  6.02492781 -0.34164919  4.720555  ]", "status": "2", "success": "False", "message": "Maximum number of function evaluations has been exceeded.", "nfev": "100", "fun": "0.286366730928421", "maxcv": "0.0"}, "3": {"maxiter": 100, "tol": 1e-10, "catol": 1e-10, "duration": 0.01709604263305664, "x": "[ 2.88623472  0.82401867  4.47787759  6.02492781 -0.34164919  4.720555  ]", "status": "2", "success": "False", "message": "Maximum number of function evaluations has been exceeded.", "nfev": "100", "fun": "0.286366730928421", "maxcv": "0.0"}, "4": {"maxiter": 500, "tol": 1e-05, "catol": 1e-05, "duration": 0.08528304100036621, "x": "[2.82898285 0.76732728 4.40926832 6.08045496 0.10410305 4.24254413]", "status": "2", "success": "False", "message": "Maximum number of function evaluations has been exceeded.", "nfev": "500", "fun": "0.2842356562614441", "maxcv": "0.0"}, "5": {"maxiter": 500, "tol": 1e-05, "catol": 1e-10, "duration": 0.0863339900970459, "x": "[2.82898285 0.76732728 4.40926832 6.08045496 0.10410305 4.24254413]", "status": "2", "success": "False", "message": "Maximum number of function evaluations has been exceeded.", "nfev": "500", "fun": "0.2842356562614441", "maxcv": "0.0"}, "6": {"maxiter": 500, "tol": 1e-10, "catol": 1e-05, "duration": 0.08549189567565918, "x": "[2.82898285 0.76732728 4.40926832 6.08045496 0.10410305 4.24254413]", "status": "2", "success": "False", "message": "Maximum number of function evaluations has been exceeded.", "nfev": "500", "fun": "0.2842356562614441", "maxcv": "0.0"}, "7": {"maxiter": 500, "tol": 1e-10, "catol": 1e-10, "duration": 0.08526611328125, "x": "[2.82898285 0.76732728 4.40926832 6.08045496 0.10410305 4.24254413]", "status": "2", "success": "False", "message": "Maximum number of function evaluations has been exceeded.", "nfev": "500", "fun": "0.2842356562614441", "maxcv": "0.0"}, "8": {"maxiter": 1000, "tol": 1e-05, "catol": 1e-05, "duration": 0.16753005981445312, "x": "[2.76455629 0.90583677 4.53452907 6.10735466 0.39341972 3.95503558]", "status": "2", "success": "False", "message": "Maximum number of function evaluations has been exceeded.", "nfev": "1000", "fun": "0.28358471393585205", "maxcv": "0.0"}, "9": {"maxiter": 1000, "tol": 1e-05, "catol": 1e-10, "duration": 0.1717219352722168, "x": "[2.76455629 0.90583677 4.53452907 6.10735466 0.39341972 3.95503558]", "status": "2", "success": "False", "message": "Maximum number of function evaluations has been exceeded.", "nfev": "1000", "fun": "0.28358471393585205", "maxcv": "0.0"}, "10": {"maxiter": 1000, "tol": 1e-10, "catol": 1e-05, "duration": 0.17103123664855957, "x": "[2.76455629 0.90583677 4.53452907 6.10735466 0.39341972 3.95503558]", "status": "2", "success": "False", "message": "Maximum number of function evaluations has been exceeded.", "nfev": "1000", "fun": "0.28358471393585205", "maxcv": "0.0"}, "11": {"maxiter": 1000, "tol": 1e-10, "catol": 1e-10, "duration": 0.17042112350463867, "x": "[2.76455629 0.90583677 4.53452907 6.10735466 0.39341972 3.95503558]", "status": "2", "success": "False", "message": "Maximum number of function evaluations has been exceeded.", "nfev": "1000", "fun": "0.28358471393585205", "maxcv": "0.0"}}, "powell": {"0": {"maxiter": 100, "ftol": 1e-05, "xtol": 1e-05, "duration": 0.20859122276306152, "fun": "0.17089100182056427", "direc": "[[ 1.          0.          0.          0.          0.          0.        ]\n [ 0.          0.          0.          0.          0.          1.        ]\n [ 0.          0.          1.          0.          0.          0.        ]\n [-0.02012655 -0.31354977  0.29189036  0.03368167  0.007645   -0.00623198]\n [ 0.04397069 -0.12023603  0.09912602 -0.02171947  0.17177871  0.14099438]\n [-0.00239006 -0.04369902  0.04123629 -0.01646393  0.01361508  0.01480781]]", "nit": "13", "nfev": "1194", "status": "0", "success": "True", "message": "Optimization terminated successfully.", "x": "[ 5.98518911 -0.3498636   6.82725056  3.69800727 -0.12418371  5.49927622]"}, "1": {"maxiter": 100, "ftol": 1e-05, "xtol": 1e-10, "duration": 0.4704720973968506, "fun": "0.17089100182056427", "direc": "[[ 1.          0.          0.          0.          0.          0.        ]\n [ 0.          0.          0.          0.          0.          1.        ]\n [ 0.          0.          1.          0.          0.          0.        ]\n [-0.0193851  -0.31869285  0.29744259  0.03654736  0.00615761 -0.00838364]\n [ 0.04429389 -0.11806649  0.09687046 -0.0212361   0.17058574  0.1385239 ]\n [-0.00284493 -0.044363    0.04213602 -0.01681138  0.01343406  0.01448477]]", "nit": "13", "nfev": "2714", "status": "0", "success": "True", "message": "Optimization terminated successfully.", "x": "[ 5.98515575 -0.34966628  6.8270512   3.69808021 -0.12414637  5.49932434]"}, "2": {"maxiter": 100, "ftol": 1e-10, "xtol": 1e-05, "duration": 0.2374889850616455, "fun": "0.17089100182056427", "direc": "[[ 1.          0.          0.          0.          0.          0.        ]\n [ 0.          0.          0.          0.          0.          1.        ]\n [ 0.          0.          1.          0.          0.          0.        ]\n [-0.02012655 -0.31354977  0.29189036  0.03368167  0.007645   -0.00623198]\n [ 0.04397069 -0.12023603  0.09912602 -0.02171947  0.17177871  0.14099438]\n [-0.00239006 -0.04369902  0.04123629 -0.01646393  0.01361508  0.01480781]]", "nit": "14", "nfev": "1379", "status": "0", "success": "True", "message": "Optimization terminated successfully.", "x": "[ 5.98519004 -0.34984911  6.82723707  3.69800572 -0.12418406  5.49927325]"}, "3": {"maxiter": 100, "ftol": 1e-10, "xtol": 1e-10, "duration": 0.5060839653015137, "fun": "0.17089100182056427", "direc": "[[ 1.          0.          0.          