{"conf_id": 3, "data_type": "random\n", "num_data_points": 1, "s_rank": 0, "unitary": "[[-0.53618537-0.34368723j,-0.12107031-0.46226139j,-0.07699282-0.46603512j,0.36022595-0.11472301j],[0.26026499-0.63450712j,-0.56616638+0.37832564j,-0.14988651+0.08458591j,0.10363514-0.16008501j],[-0.32580188-0.11070003j,-0.36476308-0.23593218j,0.02559343+0.41761608j,-0.25598305+0.6725303j],[0.07406738-0.0126433j,0.28513701+0.19483972j,-0.74939717-0.10299659j,0.29798249+0.46269921j]]", "databatch_0": {"databatch": "[[[0.06484523-0.05317441j,0.19078124-0.04055208j,-0.06418142-0.03122121j,-0.07205277-0.31091238j],[0.0148682+0.05690772j,-0.03009866+0.13344866j,0.03871097-0.03174001j,0.21922781+0.04524996j],[-0.14267312+0.05921763j,-0.35801617-0.03013319j,0.09654016+0.08924668j,-0.03858764+0.58663015j],[0.04003203-0.10149378j,0.19115771-0.16688647j,-0.09271421+0.00515293j,-0.2787521-0.3077485j]]]", "nelder_mead": {"0": {"maxiter": 100, "fatol": 1e-05, "xatol": 1e-05, "duration": 0.028297901153564453, "fun": "0.27406954765319824", "nit": "100", "nfev": "158", "status": "2", "success": "False", "message": "Maximum number of iterations has been exceeded.", "x": "[2.22042352 6.3066619  0.18066243 2.40116635 2.88744515 3.99105983]", "final_simplex": "(array([[2.22042352, 6.3066619 , 0.18066243, 2.40116635, 2.88744515,\n        3.99105983],\n       [2.21140065, 6.31745348, 0.19383005, 2.39192267, 2.87582184,\n        3.97288085],\n       [2.24141809, 6.30977748, 0.16391166, 2.34228693, 2.90618774,\n        3.993877  ],\n       [2.24911081, 6.3484989 , 0.15408415, 2.37046928, 2.92505974,\n        3.96862409],\n       [2.24218076, 6.32678391, 0.17763795, 2.33777129, 2.90403421,\n        3.95638696],\n       [2.25863893, 6.27940763, 0.13583123, 2.3480284 , 2.92125524,\n        4.03949462],\n       [2.21231401, 6.33660725, 0.19670285, 2.3672157 , 2.85988619,\n        3.98999358]]), array([0.27406955, 0.27413619, 0.27416179, 0.27434063, 0.27434349,\n       0.27437845, 0.27440524]))"}, "1": {"maxiter": 100, "fatol": 1e-05, "xatol": 1e-10, "duration": 0.02822589874267578, "fun": "0.27406954765319824", "nit": "100", "nfev": "158", "status": "2", "success": "False", "message": "Maximum number of iterations has been exceeded.", "x": "[2.22042352 6.3066619  0.18066243 2.40116635 2.88744515 3.99105983]", "final_simplex": "(array([[2.22042352, 6.3066619 , 0.18066243, 2.40116635, 2.88744515,\n        3.99105983],\n       [2.21140065, 6.31745348, 0.19383005, 2.39192267, 2.87582184,\n        3.97288085],\n       [2.24141809, 6.30977748, 0.16391166, 2.34228693, 2.90618774,\n        3.993877  ],\n       [2.24911081, 6.3484989 , 0.15408415, 2.37046928, 2.92505974,\n        3.96862409],\n       [2.24218076, 6.32678391, 0.17763795, 2.33777129, 2.90403421,\n        3.95638696],\n       [2.25863893, 6.27940763, 0.13583123, 2.3480284 , 2.92125524,\n        4.03949462],\n       [2.21231401, 6.33660725, 0.19670285, 2.3672157 , 2.85988619,\n        3.98999358]]), array([0.27406955, 0.27413619, 0.27416179, 0.27434063, 0.27434349,\n       0.27437845, 0.27440524]))"}, "2": {"maxiter": 100, "fatol": 1e-10, "xatol": 1e-05, "duration": 0.028183698654174805, "fun": "0.27406954765319824", "nit": "100", "nfev": "158", "status": "2", "success": "False", "message": "Maximum number of iterations has been exceeded.", "x": "[2.22042352 6.3066619  0.18066243 2.40116635 2.88744515 3.99105983]", "final_simplex": "(array([[2.22042352, 6.3066619 , 0.18066243, 2.40116635, 2.88744515,\n        3.99105983],\n       [2.21140065, 6.31745348, 0.19383005, 2.39192267, 2.87582184,\n        3.97288085],\n       [2.24141809, 6.30977748, 0.16391166, 2.34228693, 2.90618774,\n        3.993877  ],\n       [2.24911081, 6.3484989 , 0.15408415, 2.37046928, 2.92505974,\n        3.96862409],\n       [2.24218076, 6.32678391, 0.17763795, 2.33777129, 2.90403421,\n        3.95638696],\n       [2.25863893, 6.27940763, 0.13583123, 2.3480284 , 2.92125524,\n        4.03949462],\n       [2.21231401, 6.33660725, 0.19670285, 2.3672157 , 2.85988619,\n        3.98999358]]), array([0.27406955, 0.27413619, 0.27416179, 0.27434063, 0.27434349,\n       0.27437845, 0.27440524]))"}, "3": {"maxiter": 100, "fatol": 1e-10, "xatol": 1e-10, "duration": 0.028191089630126953, "fun": "0.27406954765319824", "nit": "100", "nfev": "158", "status": "2", "success": "False", "message": "Maximum number of iterations has been exceeded.", "x": "[2.22042352 6.3066619  0.18066243 2.40116635 2.88744515 3.99105983]", "final_simplex": "(array([[2.22042352, 6.3066619 , 0.18066243, 2.40116635, 2.88744515,\n        3.99105983],\n       [2.21140065, 6.31745348, 0.19383005, 2.39192267, 2.87582184,\n        3.97288085],\n       [2.24141809, 6.30977748, 0.16391166, 2.34228693, 2.90618774,\n        3.993877  ],\n       [2.24911081, 6.3484989 , 0.15408415, 2.37046928, 2.92505974,\n        3.96862409],\n       [2.24218076, 6.32678391, 0.17763795, 2.33777129, 2.90403421,\n        3.95638696],\n       [2.25863893, 6.27940763, 0.13583123, 2.3480284 , 2.92125524,\n        4.03949462],\n       [2.21231401, 6.33660725, 0.19670285, 2.3672157 , 2.85988619,\n        3.98999358]]), array([0.27406955, 0.27413619, 0.27416179, 0.27434063, 0.27434349,\n       0.27437845, 0.27440524]))"}, "4": {"maxiter": 500, "fatol": 1e-05, "xatol": 1e-05, "duration": 0.07887983322143555, "fun": "0.2732669711112976", "nit": "251", "nfev": "443", "status": "0", "success": "True", "message": "Optimization terminated successfully.", "x": "[2.31283535 6.25793561 0.25847972 2.4148397  2.83619608 3.93226584]", "final_simplex": "(array([[2.31283535, 6.25793561, 0.25847972, 2.4148397 , 2.83619608,\n        3.93226584],\n       [2.31283062, 6.25793079, 0.25848377, 2.41484347, 2.83619293,\n        3.93226373],\n       [2.31283178, 6.25793207, 0.25847784, 2.41483821, 2.83619741,\n        3.93226899],\n       [2.31283255, 6.25794298, 0.25848022, 2.41483819, 2.83619656,\n        3.93226248],\n       [2.31283491, 6.25793637, 0.2584796 , 2.41484074, 2.8361968 ,\n        3.93226472],\n       [2.31283531, 6.257934  , 0.25847727, 2.41483752, 2.83619851,\n        3.93226688],\n       [2.31283507, 6.25793334, 0.25848283, 2.41483993, 2.83619362,\n        3.93226413]]), array([0.27326697, 0.27326697, 0.27326697, 0.27326697, 0.27326697,\n       0.27326697, 0.27326697]))"}, "5": {"maxiter": 500, "fatol": 1e-05, "xatol": 1e-10, "duration": 0.1010289192199707, "fun": "0.2732669711112976", "nit": "268", "nfev": "579", "status": "0", "success": "True", "message": "Optimization terminated successfully.", "x": "[2.31283535 6.25793561 0.25847972 2.4148397  2.83619608 3.93226584]", "final_simplex": "(array([[2.31283535, 6.25793561, 0.25847972, 2.4148397 , 2.83619608,\n        3.93226584],\n       [2.31283535, 6.25793561, 0.25847972, 2.4148397 , 2.83619608,\n        3.93226584],\n       [2.31283535, 6.25793561, 0.25847972, 2.4148397 , 2.83619608,\n        3.93226584],\n       [2.31283535, 6.25793561, 0.25847972, 2.4148397 , 2.83619608,\n        3.93226584],\n       [2.31283535, 6.25793561, 0.25847972, 2.4148397 , 2.83619608,\n        3.93226584],\n       [2.31283535, 6.25793561, 0.25847972, 2.4148397 , 2.83619608,\n        3.93226584],\n       [2.31283535, 6.25793561, 0.25847972, 2.4148397 , 2.83619608,\n        3.93226584]]), array([0.27326697, 0.27326697, 0.27326697, 0.27326697, 0.27326697,\n       0.27326697, 0.27326697]))"}, "6": {"maxiter": 500, "fatol": 1e-10, "xatol": 1e-05, "duration": 0.07867693901062012, "fun": "0.2732669711112976", "nit": "251", "nfev": "443", "status": "0", "success": "True", "message": "Optimization terminated successfully.", "x": "[2.31283535 6.25793561 0.25847972 2.4148397  2.83619608 3.93226584]", "final_simplex": "(array([[2.31283535, 6.25793561, 0.25847972, 2.4148397 , 2.83619608,\n        3.93226584],\n       [2.31283062, 6.25793079, 0.25848377, 2.41484347, 2.83619293,\n        3.93226373],\n       [2.31283178, 6.25793207, 0.25847784, 2.41483821, 2.83619741,\n        3.93226899],\n       [2.31283255, 6.25794298, 0.25848022, 2.41483819, 2.83619656,\n        3.93226248],\n       [2.31283491, 6.25793637, 0.2584796 , 2.41484074, 2.8361968 ,\n        3.93226472],\n       [2.31283531, 6.257934  , 0.25847727, 2.41483752, 2.83619851,\n        3.93226688],\n       [2.31283507, 6.25793334, 0.25848283, 2.41483993, 2.83619362,\n        3.93226413]]), array([0.27326697, 0.27326697, 0.27326697, 0.27326697, 0.27326697,\n       0.27326697, 0.27326697]))"}, "7": {"maxiter": 500, "fatol": 1e-10, "xatol": 1e-10, "duration": 0.10078001022338867, "fun": "0.2732669711112976", "nit": "268", "nfev": "579", "status": "0", "success": "True", "message": "Optimization terminated successfully.", "x": "[2.31283535 6.25793561 0.25847972 2.4148397  2.83619608 3.93226584]", "final_simplex": "(array([[2.31283535, 6.25793561, 0.25847972, 2.4148397 , 2.83619608,\n        3.93226584],\n       [2.31283535, 6.25793561, 0.25847972, 2.4148397 , 2.83619608,\n        3.93226584],\n       [2.31283535, 6.25793561, 0.25847972, 2.4148397 , 2.83619608,\n        3.93226584],\n       [2.31283535, 6.25793561, 0.25847972, 2.4148397 , 2.83619608,\n        3.93226584],\n       [2.31283535, 6.25793561, 0.25847972, 2.4148397 , 2.83619608,\n        3.93226584],\n       [2.31283535, 6.25793561, 0.25847972, 2.4148397 , 2.83619608,\n        3.93226584],\n       [2.31283535, 6.25793561, 0.25847972, 2.4148397 , 2.83619608,\n        3.93226584]]), array([0.27326697, 0.27326697, 0.27326697, 0.27326697, 0.27326697,\n       0.27326697, 0.27326697]))"}, "8": {"maxiter": 1000, "fatol": 1e-05, "xatol": 1e-05, "duration": 0.0771949291229248, "fun": "0.2732669711112976", "nit": "251", "nfev": "443", "status": "0", "success": "True", "message": "Optimization terminated successfully.", "x": "[2.31283535 6.25793561 0.25847972 2.4148397  2.83619608 3.93226584]", "final_simplex": "(array([[2.31283535, 6.25793561, 0.25847972, 2.4148397 , 2.83619608,\n        3.93226584],\n       [2.31283062, 6.25793079, 0.25848377, 2.41484347, 2.83619293,\n        3.93226373],\n       [2.31283178, 6.25793207, 0.25847784, 2.41483821, 2.83619741,\n        3.93226899],\n       [2.31283255, 6.25794298, 0.25848022, 2.41483819, 2.83619656,\n        3.93226248],\n       [2.31283491, 6.25793637, 0.2584796 , 2.41484074, 2.8361968 ,\n        3.93226472],\n       [2.31283531, 6.257934  , 0.25847727, 2.41483752, 2.83619851,\n        3.93226688],\n       [2.31283507, 6.25793334, 0.25848283, 2.41483993, 2.83619362,\n        3.93226413]]), array([0.27326697, 0.27326697, 0.27326697, 0.27326697, 0.27326697,\n       0.27326697, 0.27326697]))"}, "9": {"maxiter": 1000, "fatol": 1e-05, "xatol": 1e-10, "duration": 0.10023021697998047, "fun": "0.2732669711112976", "nit": "268", "nfev": "579", "status": "0", "success": "True", "message": "Optimization terminated successfully.", "x": "[2.31283535 6.25793561 0.25847972 2.4148397  2.83619608 3.93226584]", "final_simplex": "(array([[2.31283535, 6.25793561, 0.25847972, 2.4148397 , 2.83619608,\n        3.93226584],\n       [2.31283535, 6.25793561, 0.25847972, 2.4148397 , 2.83619608,\n        3.93226584],\n       [2.31283535, 6.25793561, 0.25847972, 2.4148397 , 2.83619608,\n        3.93226584],\n       [2.31283535, 6.25793561, 0.25847972, 2.4148397 , 2.83619608,\n        3.93226584],\n       [2.31283535, 6.25793561, 0.25847972, 2.4148397 , 2.83619608,\n        3.93226584],\n       [2.31283535, 6.25793561, 0.25847972, 2.4148397 , 2.83619608,\n        3.93226584],\n       [2.31283535, 6.25793561, 0.25847972, 2.4148397 , 2.83619608,\n        3.93226584]]), array([0.27326697, 0.27326697, 0.27326697, 0.27326697, 0.27326697,\n       0.27326697, 0.27326697]))"}, "10": {"maxiter": 1000, "fatol": 1e-10, "xatol": 1e-05, "duration": 0.07855629920959473, "fun": "0.2732669711112976", "nit": "251", "nfev": "443", "status": "0", "success": "True", "message": "Optimization terminated successfully.", "x": "[2.31283535 6.25793561 0.25847972 2.4148397  2.83619608 3.93226584]", "final_simplex": "(array([[2.31283535, 6.25793561, 0.25847972, 2.4148397 , 2.83619608,\n        3.93226584],\n       [2.31283062, 6.25793079, 0.25848377, 2.41484347, 2.83619293,\n        3.93226373],\n       [2.31283178, 6.25793207, 0.25847784, 2.41483821, 2.83619741,\n        3.93226899],\n       [2.31283255, 6.25794298, 0.25848022, 2.41483819, 2.83619656,\n        3.93226248],\n       [2.31283491, 6.25793637, 0.2584796 , 2.41484074, 2.8361968 ,\n        3.93226472],\n       [2.31283531, 6.257934  , 0.25847727, 2.41483752, 2.83619851,\n        3.93226688],\n       [2.31283507, 6.25793334, 0.25848283, 2.41483993, 2.83619362,\n        3.93226413]]), array([0.27326697, 0.27326697, 0.27326697, 0.27326697, 0.27326697,\n       0.27326697, 0.27326697]))"}, "11": {"maxiter": 1000, "fatol": 1e-10, "xatol": 1e-10, "duration": 0.10178780555725098, "fun": "0.2732669711112976", "nit": "268", "nfev": "579", "status": "0", "success": "True", "message": "Optimization terminated successfully.", "x": "[2.31283535 6.25793561 0.25847972 2.4148397  2.83619608 3.93226584]", "final_simplex": "(array([[2.31283535, 6.25793561, 0.25847972, 2.4148397 , 2.83619608,\n        3.93226584],\n       [2.31283535, 6.25793561, 0.25847972, 2.4148397 , 2.83619608,\n        3.93226584],\n       [2.31283535, 6.25793561, 0.25847972, 2.4148397 , 2.83619608,\n        3.93226584],\n       [2.31283535, 6.25793561, 0.25847972, 2.4148397 , 2.83619608,\n        3.93226584],\n       [2.31283535, 6.25793561, 0.25847972, 2.4148397 , 2.83619608,\n        3.93226584],\n       [2.31283535, 6.25793561, 0.25847972, 2.4148397 , 2.83619608,\n        3.93226584],\n       [2.31283535, 6.25793561, 0.25847972, 2.4148397 , 2.83619608,\n        3.93226584]]), array([0.27326697, 0.27326697, 0.27326697, 0.27326697, 0.27326697,\n       0.27326697, 0.27326697]))"}}, "bfgs": {"0": {"maxiter": 100, "gtol": 1e-05, "xrtol": 1e-05, "eps": 1e-05, "duration": 0.04263186454772949, "fun": "0.2732715606689453", "jac": "[0. 0. 0. 0. 0. 0.]", "hess_inv": "[[ 3.02987982e+00 -7.25250987e-02 -1.20889460e+00  2.11623581e+00\n  -1.03707213e+00 -1.11585115e-02]\n [-7.25250987e-02  6.85060289e-02  3.67563119e-03 -3.67529752e-02\n  -1.17556556e-03  6.90883715e-05]\n [-1.20889460e+00  3.67563119e-03  1.34769257e+00 -9.86995615e-01\n  -5.55982052e-03  3.31122195e-03]\n [ 2.11623581e+00 -3.67529752e-02 -9.86995615e-01  3.33966532e+00\n  -9.86217287e-01 -4.32685293e-03]\n [-1.03707213e+00 -1.17556556e-03 -5.55982052e-03 -9.86217287e-01\n   1.17040924e+00 -8.42108629e-05]\n [-1.11585115e-02  6.90883715e-05  3.31122195e-03 -4.32685293e-03\n  -8.42108629e-05  7.21635047e-03]]", "nfev": "238", "njev": "34", "status": "0", "success": "True", "message": "Optimization terminated successfully.", "x": "[ 1.60793324  7.85974582 -0.37787649  4.56247363  1.88513723  1.3634543 ]", "nit": "30"}, "1": {"maxiter": 100, "gtol": 1e-05, "xrtol": 1e-05, "eps": 1e-10, "duration": 0.0012829303741455078, "fun": "0.8645454049110413", "jac": "[0. 0. 0. 0. 0. 0.]", "hess_inv": "[[1 0 0 0 0 0]\n [0 1 0 0 0 0]\n [0 0 1 0 0 0]\n [0 0 0 1 0 0]\n [0 0 0 0 1 0]\n [0 0 0 0 0 1]]", "nfev": "7", "njev": "1", "status": "0", "success": "True", "message": "Optimization terminated successfully.", "x": "[1.26942132 5.00237265 1.04528872 5.44033518 2.13896563 3.27868285]", "nit": "0"}, "2": {"maxiter": 100, "gtol": 1e-05, "xrtol": 1e-10, "eps": 1e-05, "duration": 0.04235696792602539, "fun": "0.2732715606689453", "jac": "[0. 0. 0. 0. 0. 0.]", "hess_inv": "[[ 3.02987982e+00 -7.25250987e-02 -1.20889460e+00  2.11623581e+00\n  -1.03707213e+00 -1.11585115e-02]\n [-7.25250987e-02  6.85060289e-02  3.67563119e-03 -3.67529752e-02\n  -1.17556556e-03  6.90883715e-05]\n [-1.20889460e+00  3.67563119e-03  1.34769257e+00 -9.86995615e-01\n  -5.55982052e-03  3.31122195e-03]\n [ 2.11623581e+00 -3.67529752e-02 -9.86995615e-01  3.33966532e+00\n  -9.86217287e-01 -4.32685293e-03]\n [-1.03707213e+00 -1.17556556e-03 -5.55982052e-03 -9.86217287e-01\n   1.17040924e+00 -8.42108629e-05]\n [-1.11585115e-02  6.90883715e-05  3.31122195e-03 -4.32685293e-03\n  -8.42108629e-05  7.21635047e-03]]", "nfev": "238", "njev": "34", "status": "0", "success": "True", "message": "Optimization terminated successfully.", "x": "[ 1.60793324  7.85974582 -0.37787649  4.56247363  1.88513723  1.3634543 ]", "nit": "30"}, "3": {"maxiter": 100, "gtol": 1e-05, "xrtol": 1e-10, "eps": 1e-10, "duration": 0.0012600421905517578, "fun": "0.8645454049110413", "jac": "[0. 0. 0. 0. 0. 0.]", "hess_inv": "[[1 0 0 0 0 0]\n [0 1 0 0 0 0]\n [0 0 1 0 0 0]\n [0 0 0 1 0 0]\n [0 0 0 0 1 0]\n [0 0 0 0 0 1]]", "nfev": "7", "njev": "1", "status": "0", "success": "True", "message": "Optimization terminated successfully.", "x": "[1.26942132 5.00237265 1.04528872 5.44033518 2.13896563 3.27868285]", "nit": "0"}, "4": {"maxiter": 100, "gtol": 1e-10, "xrtol": 1e-05, "eps": 1e-05, "duration": 0.04228997230529785, "fun": "0.2732715606689453", "jac": "[0. 0. 0. 0. 0. 0.]", "hess_inv": "[[ 3.02987982e+00 -7.25250987e-02 -1.20889460e+00  2.11623581e+00\n  -1.03707213e+00 -1.11585115e-02]\n [-7.25250987e-02  6.85060289e-02  3.67563119e-03 -3.67529752e-02\n  -1.17556556e-03  6.90883715e-05]\n [-1.20889460e+00  3.67563119e-03  1.34769257e+00 -9.86995615e-01\n  -5.55982052e-03  3.31122195e-03]\n [ 2.11623581e+00 -3.67529752e-02 -9.86995615e-01  3.33966532e+00\n  -9.86217287e-01 -4.32685293e-03]\n [-1.03707213e+00 -1.17556556e-03 -5.55982052e-03 -9.86217287e-01\n   1.17040924e+00 -8.42108629e-05]\n [-1.11585115e-02  6.90883715e-05  3.31122195e-03 -4.32685293e-03\n  -8.42108629e-05  7.21635047e-03]]", "nfev": "238", "njev": "34", "status": "0", "success": "True", "message": "Optimization terminated successfully.", "x": "[ 1.60793324  7.85974582 -0.37787649  4.56247363  1.88513723  1.3634543 ]", "nit": "30"}, "5": {"maxiter": 100, "gtol": 1e-10, "xrtol": 1e-05, "eps": 1e-10, "duration": 0.0012640953063964844, "fun": "0.8645454049110413", "jac": "[0. 0. 0. 0. 0. 0.]", "hess_inv": "[[1 0 0 0 0 0]\n [0 1 0 0 0 0]\n [0 0 1 0 0 0]\n [0 0 0 1 0 0]\n [0 0 0 0 1 0]\n [0 0 0 0 0 1]]", "nfev": "7", "njev": "1", "status": "0", "success": "True", "message": "Optimization terminated successfully.", "x": "[1.26942132 5.00237265 1.04528872 5.44033518 2.13896563 3.27868285]", "nit": "0"}, "6": {"maxiter": 100, "gtol": 1e-10, "xrtol": 1e-10, "eps": 1e-05, "duration": 0.042315006256103516, "fun": "0.2732715606689453", "jac": "[0. 0. 0. 0. 0. 0.]", "hess_inv": "[[ 3.02987982e+00 -7.25250987e-02 -1.20889460e+00  2.11623581e+00\n  -1.03707213e+00 -1.11585115e-02]\n [-7.25250987e-02  6.85060289e-02  3.67563119e-03 -3.67529752e-02\n  -1.17556556e-03  6.90883715e-05]\n [-1.20889460e+00  3.67563119e-03  1.34769257e+00 -9.86995615e-01\n  -5.55982052e-03  3.31122195e-03]\n [ 2.11623581e+00 -3.67529752e-02 -9.86995615e-01  3.33966532e+00\n  -9.86217287e-01 -4.32685293e-03]\n [-1.03707213e+00 -1.17556556e-03 -5.55982052e-03 -9.86217287e-01\n   1.17040924e+00 -8.42108629e-05]\n [-1.11585115e-02  6.90883715e-05  3.31122195e-03 -4.32685293e-03\n  -8.42108629e-05  7.21635047e-03]]", "nfev": "238", "njev": "34", "status": "0", "success": "True", "message": "Optimization terminated successfully.", "x": "[ 1.60793324  7.85974582 -0.37787649  4.56247363  1.88513723  1.3634543 ]", "nit": "30"}, "7": {"maxiter": 100, "gtol": 1e-10, "xrtol": 1e-10, "eps": 1e-10, "duration": 0.0012640953063964844, "fun": "0.8645454049110413", "jac": "[0. 0. 0. 0. 0. 0.]", "hess_inv": "[[1 0 0 0 0 0]\n [0 1 0 0 0 0]\n [0 0 1 0 0 0]\n [0 0 0 1 0 0]\n [0 0 0 0 1 0]\n [0 0 0 0 0 1]]", "nfev": "7", "njev": "1", "status": "0", "success": "True", "message": "Optimization terminated successfully.", "x": "[1.26942132 5.00237265 1.04528872 5.44033518 2.13896563 3.27868285]", "nit": "0"}, "8": {"maxiter": 500, "gtol": 1e-05, "xrtol": 1e-05, "eps": 1e-05, "duration": 0.0424501895904541, "fun": "0.2732715606689453", "jac": "[0. 0. 0. 0. 0. 0.]", "hess_inv": "[[ 3.02987982e+00 -7.25250987e-02 -1.20889460e+00  2.11623581e+00\n  -1.03707213e+00 -1.11585115e-02]\n [-7.25250987e-02  6.85060289e-02  3.67563119e-03 -3.67529752e-02\n  -1.17556556e-03  6.90883715e-05]\n [-1.20889460e+00  3.67563119e-03  1.34769257e+00 -9.86995615e-01\n  -5.55982052e-03  3.31122195e-03]\n [ 2.11623581e+00 -3.67529752e-02 -9.86995615e-01  3.33966532e+00\n  -9.86217287e-01 -4.32685293e-03]\n [-1.03707213e+00 -1.17556556e-03 -5.55982052e-03 -9.86217287e-01\n   1.17040924e+00 -8.42108629e-05]\n [-1.11585115e-02  6.90883715e-05  3.31122195e-03 -4.32685293e-03\n  -8.42108629e-05  7.21635047e-03]]", "nfev": "238", "njev": "34", "status": "0", "success": "True", "message": "Optimization terminated successfully.", "x": "[ 1.60793324  7.85974582 -0.37787649  4.56247363  1.88513723  1.3634543 ]", "nit": "30"}, "9": {"maxiter": 500, "gtol": 1e-05, "xrtol": 1e-05, "eps": 1e-10, "duration": 0.0012619495391845703, "fun": "0.8645454049110413", "jac": "[0. 0. 0. 0. 0. 0.]", "hess_inv": "[[1 0 0 0 0 0]\n [0 1 0 0 0 0]\n [0 0 1 0 0 0]\n [0 0 0 1 0 0]\n [0 0 0 0 1 0]\n [0 0 0 0 0 1]]", "nfev": "7", "njev": "1", "status": "0", "success": "True", "message": "Optimization terminated successfully.", "x": "[1.26942132 5.00237265 1.04528872 5.44033518 2.13896563 3.27868285]", "nit": "0"}, "10": {"maxiter": 500, "gtol": 1e-05, "xrtol": 1e-10, "eps": 1e-05, "duration": 0.042430877685546875, "fun": "0.2732715606689453", "jac": "[0. 0. 0. 0. 0. 0.]", "hess_inv": "[[ 3.02987982e+00 -7.25250987e-02 -1.20889460e+00  2.11623581e+00\n  -1.03707213e+00 -1.11585115e-02]\n [-7.25250987e-02  6.85060289e-02  3.67563119e-03 -3.67529752e-02\n  -1.17556556e-03  6.90883715e-05]\n [-1.20889460e+00  3.67563119e-03  1.34769257e+00 -9.86995615e-01\n  -5.55982052e-03  3.31122195e-03]\n [ 2.11623581e+00 -3.67529752e-02 -9.86995615e-01  3.33966532e+00\n  -9.86217287e-01 -4.32685293e-03]\n [-1.03707213e+00 -1.17556556e-03 -5.55982052e-03 -9.86217287e-01\n   1.17040924e+00 -8.42108629e-05]\n [-1.11585115e-02  6.90883715e-05  3.31122195e-03 -4.32685293e-03\n  -8.42108629e-05  7.21635047e-03]]", "nfev": "238", "njev": "34", "status": "0", "success": "True", "message": "Optimization terminated successfully.", "x": "[ 1.60793324  7.85974582 -0.37787649  4.56247363  1.88513723  1.3634543 ]", "nit": "30"}, "11": {"maxiter": 500, "gtol": 1e-05, "xrtol": 1e-10, "eps": 1e-10, "duration": 0.0012569427490234375, "fun": "0.8645454049110413", "jac": "[0. 0. 0. 0. 0. 0.]", "hess_inv": "[[1 0 0 0 0 0]\n [0 1 0 0 0 0]\n [0 0 1 0 0 0]\n [0 0 0 1 0 0]\n [0 0 0 0 1 0]\n [0 0 0 0 0 1]]", "nfev": "7", "njev": "1", "status": "0", "success": "True", "message": "Optimization terminated successfully.", "x": "[1.26942132 5.00237265 1.04528872 5.44033518 2.13896563 3.27868285]", "nit": "0"}, "12": {"maxiter": 500, "gtol": 1e-10, "xrtol": 1e-05, "eps": 1e-05, "duration": 0.043263912200927734, "fun": "0.2732715606689453", "jac": "[0. 0. 0. 0. 0. 0.]", "hess_inv": "[[ 3.02987982e+00 -7.25250987e-02 -1.20889460e+00  2.11623581e+00\n  -1.03707213e+00 -1.11585115e-02]\n [-7.25250987e-02  6.85060289e-02  3.67563119e-03 -3.67529752e-02\n  -1.17556556e-03  6.90883715e-05]\n [-1.20889460e+00  3.67563119e-03  1.34769257e+00 -9.86995615e-01\n  -5.55982052e-03  3.31122195e-03]\n [ 2.11623581e+00 -3.67529752e-02 -9.86995615e-01  3.33966532e+00\n  -9.86217287e-01 -4.32685293e-03]\n [-1.03707213e+00 -1.17556556e-03 -5.55982052e-03 -9.86217287e-01\n   1.17040924e+00 -8.42108629e-05]\n [-1.11585115e-02  6.90883715e-05  3.31122195e-03 -4.32685293e-03\n  -8.42108629e-05  7.21635047e-03]]", "nfev": "238", "njev": "34", "status": "0", "success": "True", "message": "Optimization terminated successfully.", "x": "[ 1.60793324  7.85974582 -0.37787649  4.56247363  1.88513723  1.3634543 ]", "nit": "30"}, "13": {"maxiter": 500, "gtol": 1e-10, "xrtol": 1e-05, "eps": 1e-10, "duration": 0.0013089179992675781, "fun": "0.8645454049110413", "jac": "[0. 0. 0. 0. 0. 0.]", "hess_inv": "[[1 0 0 0 0 0]\n [0 1 0 0 0 0]\n [0 0 1 0 0 0]\n [0 0 0 1 0 0]\n [0 0 0 0 1 0]\n [0 0 0 0 0 1]]", "nfev": "7", "njev": "1", "status": "0", "success": "True", "message": "Optimization terminated successfully.", "x": "[1.26942132 5.00237265 1.04528872 5.44033518 2.13896563 3.27868285]", "nit": "0"}, "14": {"maxiter": 500, "gtol": 1e-10, "xrtol": 1e-10, "eps": 1e-05, "duration": 0.04497814178466797, "fun": "0.2732715606689453", "jac": "[0. 0. 0. 0. 0. 0.]", "hess_inv": "[[ 3.02987982e+00 -7.25250987e-02 -1.20889460e+00  2.11623581e+00\n  -1.03707213e+00 -1.11585115e-02]\n [-7.25250987e-02  6.85060289e-02  3.67563119e-03 -3.67529752e-02\n  -1.17556556e-03  6.90883715e-05]\n [-1.20889460e+00  3.67563119e-03  1.34769257e+00 -9.86995615e-01\n  -5.55982052e-03  3.31122195e-03]\n [ 2.11623581e+00 -3.67529752e-02 -9.86995615e-01  3.33966532e+00\n  -9.86217287e-01 -4.32685293e-03]\n [-1.03707213e+00 -1.17556556e-03 -5.55982052e-03 -9.86217287e-01\n   1.17040924e+00 -8.42108629e-05]\n [-1.11585115e-02  6.90883715e-05  3.31122195e-03 -4.32685293e-03\n  -8.42108629e-05  7.21635047e-03]]", "nfev": "238", "njev": "34", "status": "0", "success": "True", "message": "Optimization terminated successfully.", "x": "[ 1.60793324  7.85974582 -0.37787649  4.56247363  1.88513723  1.3634543 ]", "nit": "30"}, "15": {"maxiter": 500, "gtol": 1e-10, "xrtol": 1e-10, "eps": 1e-10, "duration": 0.0014808177947998047, "fun": "0.8645454049110413", "jac": "[0. 0. 0. 0. 0. 0.]", "hess_inv": "[[1 0 0 0 0 0]\n [0 1 0 0 0 0]\n [0 0 1 0 0 0]\n [0 0 0 1 0 0]\n [0 0 0 0 1 0]\n [0 0 0 0 0 1]]", "nfev": "7", "njev": "1", "status": "0", "success": "True", "message": "Optimization terminated successfully.", "x": "[1.26942132 5.00237265 1.04528872 5.44033518 2.13896563 3.27868285]", "nit": "0"}, "16": {"maxiter": 1000, "gtol": 1e-05, "xrtol": 1e-05, "eps": 1e-05, "duration": 0.044619083404541016, "fun": "0.2732715606689453", "jac": "[0. 0. 0. 0. 0. 0.]", "hess_inv": "[[ 3.02987982e+00 -7.25250987e-02 -1.20889460e+00  2.11623581e+00\n  -1.03707213e+00 -1.11585115e-02]\n [-7.25250987e-02  6.85060289e-02  3.67563119e-03 -3.67529752e-02\n  -1.17556556e-03  6.90883715e-05]\n [-1.20889460e+00  3.67563119e-03  1.34769257e+00 -9.86995615e-01\n  -5.55982052e-03  3.31122195e-03]\n [ 2.11623581e+00 -3.67529752e-02 -9.86995615e-01  3.33966532e+00\n  -9.86217287e-01 -4.32685293e-03]\n [-1.03707213e+00 -1.17556556e-03 -5.55982052e-03 -9.86217287e-01\n   1.17040924e+00 -8.42108629e-05]\n [-1.11585115e-02  6.90883715e-05  3.31122195e-03 -4.32685293e-03\n  -8.42108629e-05  7.21635047e-03]]", "nfev": "238", "njev": "34", "status": "0", "success": "True", "message": "Optimization terminated successfully.", "x": "[ 1.60793324  7.85974582 -0.37787649  4.56247363  1.88513723  1.3634543 ]", "nit": "30"}, "17": {"maxiter": 1000, "gtol": 1e-05, "xrtol": 1e-05, "eps": 1e-10, "duration": 0.0013179779052734375, "fun": "0.8645454049110413", "jac": "[0. 0. 0. 0. 0. 0.]", "hess_inv": "[[1 0 0 0 0 0]\n [0 1 0 0 0 0]\n [0 0 1 0 0 0]\n [0 0 0 1 0 0]\n [0 0 0 0 1 0]\n [0 0 0 0 0 1]]", "nfev": "7", "njev": "1", "status": "0", "success": "True", "message": "Optimization terminated successfully.", "x": "[1.26942132 5.00237265 1.04528872 5.44033518 2.13896563 3.27868285]", "nit": "0"}, "18": {"maxiter": 1000, "gtol": 1e-05, "xrtol": 1e-10, "eps": 1e-05, "duration": 0.04548811912536621, "fun": "0.2732715606689453", "jac": "[0. 0. 0. 0. 0. 0.]", "hess_inv": "[[ 3.02987982e+00 -7.25250987e-02 -1.20889460e+00  2.11623581e+00\n  -1.03707213e+00 -1.11585115e-02]\n [-7.25250987e-02  6.85060289e-02  3.67563119e-03 -3.67529752e-02\n  -1.17556556e-03  6.90883715e-05]\n [-1.20889460e+00  3.67563119e-03  1.34769257e+00 -9.86995615e-01\n  -5.55982052e-03  3.31122195e-03]\n [ 2.11623581e+00 -3.67529752e-02 -9.86995615e-01  3.33966532e+00\n  -9.86217287e-01 -4.32685293e-03]\n [-1.03707213e+00 -1.17556556e-03 -5.55982052e-03 -9.86217287e-01\n   1.17040924e+00 -8.42108629e-05]\n [-1.11585115e-02  6.90883715e-05  3.31122195e-03 -4.32685293e-03\n  -8.42108629e-05  7.21635047e-03]]", "nfev": "238", "njev": "34", "status": "0", "success": "True", "message": "Optimization terminated successfully.", "x": "[ 1.60793324  7.85974582 -0.37787649  4.56247363  1.88513723  1.3634543 ]", "nit": "30"}, "19": {"maxiter": 1000, "gtol": 1e-05, "xrtol": 1e-10, "eps": 1e-10, "duration": 0.0013241767883300781, "fun": "0.8645454049110413", "jac": "[0. 0. 0. 0. 0. 0.]", "hess_inv": "[[1 0 0 0 0 0]\n [0 1 0 0 0 0]\n [0 0 1 0 0 0]\n [0 0 0 1 0 0]\n [0 0 0 0 1 0]\n [0 0 0 0 0 1]]", "nfev": "7", "njev": "1", "status": "0", "success": "True", "message": "Optimization terminated successfully.", "x": "[1.26942132 5.00237265 1.04528872 5.44033518 2.13896563 3.27868285]", "nit": "0"}, "20": {"maxiter": 1000, "gtol": 1e-10, "xrtol": 1e-05, "eps": 1e-05, "duration": 0.05199790000915527, "fun": "0.2732715606689453", "jac": "[0. 0. 0. 0. 0. 0.]", "hess_inv": "[[ 3.02987982e+00 -7.25250987e-02 -1.20889460e+00  2.11623581e+00\n  -1.03707213e+00 -1.11585115e-02]\n [-7.25250987e-02  6.85060289e-02  3.67563119e-03 -3.67529752e-02\n  -1.17556556e-03  6.90883715e-05]\n [-1.20889460e+00  3.67563119e-03  1.34769257e+00 -9.86995615e-01\n  -5.55982052e-03  3.31122195e-03]\n [ 2.11623581e+00 -3.67529752e-02 -9.86995615e-01  3.33966532e+00\n  -9.86217287e-01 -4.32685293e-03]\n [-1.03707213e+00 -1.17556556e-03 -5.55982052e-03 -9.86217287e-01\n   1.17040924e+00 -8.42108629e-05]\n [-1.11585115e-02  6.90883715e-05  3.31122195e-03 -4.32685293e-03\n  -8.42108629e-05  7.21635047e-03]]", "nfev": "238", "njev": "34", "status": "0", "success": "True", "message": "Optimization terminated successfully.", "x": "[ 1.60793324  7.85974582 -0.37787649  4.56247363  1.88513723  1.3634543 ]", "nit": "30"}, "21": {"maxiter": 1000, "gtol": 1e-10, "xrtol": 1e-05, "eps": 1e-10, "duration": 0.0013942718505859375, "fun": "0.8645454049110413", "jac": "[0. 0. 0. 0. 0. 0.]", "hess_inv": "[[1 0 0 0 0 0]\n [0 1 0 0 0 0]\n [0 0 1 0 0 0]\n [0 0 0 1 0 0]\n [0 0 0 0 1 0]\n [0 0 0 0 0 1]]", "nfev": "7", "njev": "1", "status": "0", "success": "True", "message": "Optimization terminated successfully.", "x": "[1.26942132 5.00237265 1.04528872 5.44033518 2.13896563 3.27868285]", "nit": "0"}, "22": {"maxiter": 1000, "gtol": 1e-10, "xrtol": 1e-10, "eps": 1e-05, "duration": 0.05039691925048828, "fun": "0.2732715606689453", "jac": "[0. 0. 0. 0. 0. 0.]", "hess_inv": "[[ 3.02987982e+00 -7.25250987e-02 -1.20889460e+00  2.11623581e+00\n  -1.03707213e+00 -1.11585115e-02]\n [-7.25250987e-02  6.85060289e-02  3.67563119e-03 -3.67529752e-02\n  -1.17556556e-03  6.90883715e-05]\n [-1.20889460e+00  3.67563119e-03  1.34769257e+00 -9.86995615e-01\n  -5.55982052e-03  3.31122195e-03]\n [ 2.11623581e+00 -3.67529752e-02 -9.86995615e-01  3.33966532e+00\n  -9.86217287e-01 -4.32685293e-03]\n [-1.03707213e+00 -1.17556556e-03 -5.55982052e-03 -9.86217287e-01\n   1.17040924e+00 -8.42108629e-05]\n [-1.11585115e-02  6.90883715e-05  3.31122195e-03 -4.32685293e-03\n  -8.42108629e-05  7.21635047e-03]]", "nfev": "238", "njev": "34", "status": "0", "success": "True", "message": "Optimization terminated successfully.", "x": "[ 1.60793324  7.85974582 -0.37787649  4.56247363  1.88513723  1.3634543 ]", "nit": "30"}, "23": {"maxiter": 1000, "gtol": 1e-10, "xrtol": 1e-10, "eps": 1e-10, "duration": 0.0015659332275390625, "fun": "0.8645454049110413", "jac": "[0. 0. 0. 0. 0. 0.]", "hess_inv": "[[1 0 0 0 0 0]\n [0 1 0 0 0 0]\n [0 0 1 0 0 0]\n [0 0 0 1 0 0]\n [0 0 0 0 1 0]\n [0 0 0 0 0 1]]", "nfev": "7", "njev": "1", "status": "0", "success": "True", "message": "Optimization terminated successfully.", "x": "[1.26942132 5.00237265 1.04528872 5.44033518 2.13896563 3.27868285]", "nit": "0"}}, "cobyla": {"0": {"maxiter": 100, "tol": 1e-05, "catol": 1e-05, "duration": 0.019629955291748047, "x": "[2.43844142 6.17522302 0.43841523 2.44223117 2.29899968 3.57525651]", "status": "2", "success": "False", "message": "Maximum number of function evaluations has been exceeded.", "nfev": "100", "fun": "0.27525100111961365", "maxcv": "0.0"}, "1": {"maxiter": 100, "tol": 1e-05, "catol": 1e-10, "duration": 0.018756866455078125, "x": "[2.43844142 6.17522302 0.43841523 2.44223117 2.29899968 3.57525651]", "status": "2", "success": "False", "message": "Maximum number of function evaluations has been exceeded.", "nfev": "100", "fun": "0.27525100111961365", "maxcv": "0.0"}, "2": {"maxiter": 100, "tol": 1e-10, "catol": 1e-05, "duration": 0.019371986389160156, "x": "[2.43844142 6.17522302 0.43841523 2.44223117 2.29899968 3.57525651]", "status": "2", "success": "False", "message": "Maximum number of function evaluations has been exceeded.", "nfev": "100", "fun": "0.27525100111961365", "maxcv": "0.0"}, "3": {"maxiter": 100, "tol": 1e-10, "catol": 1e-10, "duration": 0.01824474334716797, "x": "[2.43844142 6.17522302 0.43841523 2.44223117 2.29899968 3.57525651]", "status": "2", "success": "False", "message": "Maximum number of function evaluations has been exceeded.", "nfev": "100", "fun": "0.27525100111961365", "maxcv": "0.0"}, "4": {"maxiter": 500, "tol": 1e-05, "catol": 1e-05, "duration": 0.05962491035461426, "x": "[2.46602835 5.96323585 0.21164949 2.36124883 2.42099678 3.7301112 ]", "status": "1", "success": "True", "message": "Optimization terminated successfully.", "nfev": "328", "fun": "0.273267537355423", "maxcv": "0.0"}, "5": {"maxiter": 500, "tol": 1e-05, "catol": 1e-10, "duration": 0.05795097351074219, "x": "[2.46602835 5.96323585 0.21164949 2.36124883 2.42099678 3.7301112 ]", "status": "1", "success": "True", "message": "Optimization terminated successfully.", "nfev": "328", "fun": "0.273267537355423", "maxcv": "0.0"}, "6": {"maxiter": 500, "tol": 1e-10, "catol": 1e-05, "duration": 0.0641469955444336, "x": "[2.46602835 5.96323585 0.21164949 2.36124883 2.42099678 3.7301112 ]", "status": "1", "success": "True", "message": "Optimization terminated successfully.", "nfev": "361", "fun": "0.273267537355423", "maxcv": "0.0"}, "7": {"maxiter": 500, "tol": 1e-10, "catol": 1e-10, "duration": 0.06482291221618652, "x": "[2.46602835 5.96323585 0.21164949 2.36124883 2.42099678 3.7301112 ]", "status": "1", "success": "True", "message": "Optimization terminated successfully.", "nfev": "361", "fun": "0.273267537355423", "maxcv": "0.0"}, "8": {"maxiter": 1000, "tol": 1e-05, "catol": 1e-05, "duration": 0.0627739429473877, "x": "[2.46602835 5.96323585 0.21164949 2.36124883 2.42099678 3.7301112 ]", "status": "1", "success": "True", "message": "Optimization terminated successfully.", "nfev": "328", "fun": "0.273267537355423", "maxcv": "0.0"}, "9": {"maxiter": 1000, "tol": 1e-05, "catol": 1e-10, "duration": 0.0785527229309082, "x": "[2.46602835 5.96323585 0.21164949 2.36124883 2.42099678 3.7301112 ]", "status": "1", "success": "True", "message": "Optimization terminated successfully.", "nfev": "328", "fun": "0.273267537355423", "maxcv": "0.0"}, "10": {"maxiter": 1000, "tol": 1e-10, "catol": 1e-05, "duration": 0.06507492065429688, "x": "[2.46602835 5.96323585 0.21164949 2.36124883 2.42099678 3.7301112 ]", "status": "1", "success": "True", "message": "Optimization terminated successfully.", "nfev": "361", "fun": "0.273267537355423", "maxcv": "0.0"}, "11": {"maxiter": 1000, "tol": 1e-10, "catol": 1e-10, "duration": 0.06329178810119629, "x": "[2.46602835 5.96323585 0.21164949 2.36124883 2.42099678 3.7301112 ]", "status": "1", "success": "True", "message": "Optimization terminated successfully.", "nfev": "361", "fun": "0.273267537355423", "maxcv": "0.0"}}, "powell": {"0": {"maxiter": 100, "ftol": 1e-05, "xtol": 1e-05, "duration": 0.19243597984313965, "fun": "0.27326709032058716", "direc": "[[ 0.15918647  0.23078671  0.19494685  0.15563061  0.0450981   0.12816864]\n [ 0.          0.          0.          0.          0.          1.        ]\n [-0.26568941  0.02575833 -0.06218614  0.04905254 -0.17151449  0.11629618]\n [ 0.02356518  0.15245796  0.06220096 -0.11366556 -0.0680494   0.20044542]\n [ 0.          0.          0.          0.          1.          0.        ]\n [-0.04157464  0.00790065  0.05214561  0.0444197   0.00354729 -0.03009114]]", "nit": "13", "nfev": "1085", "status": "0", "success": "True", "message": "Optimization terminated successfully.", "x": "[-2.06568214  6.00823172  2.11101589  7.72935666  0.22347671  3.83851907]"}, "1": {"maxiter": 100, "ftol": 1e-05, "xtol": 1e-10, "duration": 0.536956787109375, "fun": "0.2732671797275543", "direc": "[[ 0.16915946  0.25792051  0.20573884  0.16039752  0.05618887  0.13826053]\n [ 0.          0.          0.          0.          0.          1.        ]\n [-0.26455558  0.01823918 -0.0611362   0.06490705 -0.17044178  0.11874227]\n [ 0.02212887  0.15084011  0.06112347 -0.11995218 -0.07018189  0.19958248]\n [ 0.          0.          0.          0.          1.          0.        ]\n [-0.04128563  0.00954663  0.05361572  0.04596317  0.00771158 -0.03265897]]", "nit": "13", "nfev": "2653", "status": "0", "success": "True", "message": "Optimization terminated successfully.", "x": "[-2.07668703  6.02552284  2.10677487  7.73345195  0.24509362  3.82789842]"}, "2": {"maxiter": 100, "ftol": 1e-10, "xtol": 1e-05, "duration": 0.2770071029663086, "fun": "0.2732669711112976", "direc": "[[ 1.59186466e-01  2.30786710e-01  1.94946848e-01  1.55630612e-01\n   4.50981021e-02  1.28168641e-01]\n [ 0.00000000e+00  0.00000000e+00  0.00000000e+00  0.00000000e+00\n   0.00000000e+00  1.00000000e+00]\n [-2.65689409e-01  2.57583261e-02 -6.21861390e-02  4.90525370e-02\n  -1.71514488e-01  1.16296177e-01]\n [-4.15746420e-02  7.90065483e-03  5.21456137e-02  4.44197017e-02\n   3.54729378e-03 -3.00911369e-02]\n [ 0.00000000e+00  0.00000000e+00  0.00000000e+00  0.00000000e+00\n   1.00000000e+00  0.00000000e+00]\n [-6.10212411e-05  1.59467651e-04  1.71698623e-04 -1.47233903e-04\n  -6.88487004e-05  2.92136543e-06]]", "nit": "16", "nfev": "1558", "status": "0", "success": "True", "message": "Optimization terminated successfully.", "x": "[-2.06593102  6.00827935  2.11105191  7.72869477  0.22325789  3.83817783]"}, "3": {"maxiter": 100, "ftol": 1e-10, "xtol": 1e-10, "duration": 0.5580198764801025, "fun": "0.27326700091362", "direc": "[[ 0.16915946  0.25792051  0.20573884  0.16039752  0.05618887  0.13826053]\n [ 0.          0.          0.          0.          0.          1.        ]\n [-0.26455558  0.01823918 -0.0611362   0.06490705 -0.17044178  0.11874227]\n [ 0.02212887  0.15084011  0.06112347 -0.11995218 -0.07018189  0.19958248]\n [ 0.          0.          0.          0.          1.          0.        ]\n [-0.04128563  0.00954663  0.05361572  0.04596317  0.00771158 -0.03265897]]", "nit": "15", "nfev": "3137", "status": "0", "success": "True", "message": "Optimization terminated successfully.", "x": "[-2.07697155  6.02571984  2.10697452  7.73294425  0.24456233  3.82784396]"}, "4": {"maxiter": 500, "ftol": 1e-05, "xtol": 1e-05, "duration": 0.20760607719421387, "fun": "0.27326709032058716", "direc": "[[ 0.15918647  0.23078671  0.19494685  0.15563061  0.0450981   0.12816864]\n [ 0.          0.          0.          0.          0.          1.        ]\n [-0.26568941  0.02575833 -0.06218614  0.04905254 -0.17151449  0.11629618]\n [ 0.02356518  0.15245796  0.06220096 -0.11366556 -0.0680494   0.20044542]\n [ 0.          0.          0.          0.          1.          0.        ]\n [-0.04157464  0.00790065  0.05214561  0.0444197   0.00354729 -0.03009114]]", "nit": "13", "nfev": "1085", "status": "0", "success": "True", "message": "Optimization terminated successfully.", "x": "[-2.06568214  6.00823172  2.11101589  7.72935666  0.22347671  3.83851907]"}, "5": {"maxiter": 500, "ftol": 1e-05, "xtol": 1e-10, "duration": 0.4692721366882324, "fun": "0.2732671797275543", "direc": "[[ 0.16915946  0.25792051  0.20573884  0.16039752  0.05618887  0.13826053]\n [ 0.          0.          0.          0.          0.          1.        ]\n [-0.26455558  0.01823918 -0.0611362   0.06490705 -0.17044178  0.11874227]\n [ 0.02212887  0.15084011  0.06112347 -0.11995218 -0.07018189  0.19958248]\n [ 0.          0.          0.          0.          1.          0.        ]\n [-0.04128563  0.00954663  0.05361572  0.04596317  0.00771158 -0.03265897]]", "nit": "13", "nfev": "2653", "