{"conf_id": 17, "data_type": "random\n", "num_data_points": 1, "s_rank": 0, "unitary": "[[0.18663085-0.53122324j,-0.11886349-0.70040876j,0.28555095-0.02789305j,-0.12262021-0.2844587j],[-0.16702216+0.27758472j,0.27526351-0.29738586j,-0.01109314+0.22495461j,-0.77239203+0.28900673j],[0.61935415+0.12301792j,-0.31269928-0.03315917j,-0.61902762-0.19039079j,-0.27120731-0.0968989j],[0.42341754+0.0023929j,-0.05847358+0.47832119j,0.64900495-0.16218422j,-0.37182676-0.05229966j]]", "databatch_0": {"databatch": "[[[-0.2303341-0.08912525j,0.09314637-0.22686747j,0.24199054-0.03930553j,-0.00499134-0.25760221j],[0.08768482-0.36525961j,0.11927971+0.15788803j,-0.16641741+0.03346834j,-0.07297297+0.01263512j],[0.27177435-0.35373733j,-0.26865834+0.07496794j,0.07668963-0.13753437j,-0.06280997+0.02646032j],[0.19944094+0.01722182j,0.04096614-0.27987194j,-0.29171998-0.09944369j,0.0566739+0.11531739j]]]", "nelder_mead": {"0": {"maxiter": 100, "fatol": 1e-05, "xatol": 1e-05, "duration": 0.02953505516052246, "fun": "0.6269513964653015", "nit": "100", "nfev": "168", "status": "2", "success": "False", "message": "Maximum number of iterations has been exceeded.", "x": "[0.05881253 3.31731586 0.95651591 2.50352146 5.37645308 7.87281277]", "final_simplex": "(array([[0.05881253, 3.31731586, 0.95651591, 2.50352146, 5.37645308,\n        7.87281277],\n       [0.05526479, 3.38385172, 0.95050131, 2.53878625, 5.48596904,\n        7.99666736],\n       [0.05680016, 3.43228938, 0.94523066, 2.58128831, 5.42718433,\n        7.87580358],\n       [0.05513852, 3.4722328 , 0.93281137, 2.59392939, 5.45832485,\n        7.93447496],\n       [0.05514488, 3.42463776, 0.9290636 , 2.57989692, 5.47798945,\n        7.97848772],\n       [0.05643435, 3.31860792, 0.93422259, 2.58975243, 5.42661217,\n        7.87331818],\n       [0.05567433, 3.37833709, 0.94240848, 2.61466135, 5.36179519,\n        7.85688228]]), array([0.6269514 , 0.6285255 , 0.62914139, 0.63002622, 0.6301167 ,\n       0.63102621, 0.63128179]))"}, "1": {"maxiter": 100, "fatol": 1e-05, "xatol": 1e-10, "duration": 0.02936100959777832, "fun": "0.6269513964653015", "nit": "100", "nfev": "168", "status": "2", "success": "False", "message": "Maximum number of iterations has been exceeded.", "x": "[0.05881253 3.31731586 0.95651591 2.50352146 5.37645308 7.87281277]", "final_simplex": "(array([[0.05881253, 3.31731586, 0.95651591, 2.50352146, 5.37645308,\n        7.87281277],\n       [0.05526479, 3.38385172, 0.95050131, 2.53878625, 5.48596904,\n        7.99666736],\n       [0.05680016, 3.43228938, 0.94523066, 2.58128831, 5.42718433,\n        7.87580358],\n       [0.05513852, 3.4722328 , 0.93281137, 2.59392939, 5.45832485,\n        7.93447496],\n       [0.05514488, 3.42463776, 0.9290636 , 2.57989692, 5.47798945,\n        7.97848772],\n       [0.05643435, 3.31860792, 0.93422259, 2.58975243, 5.42661217,\n        7.87331818],\n       [0.05567433, 3.37833709, 0.94240848, 2.61466135, 5.36179519,\n        7.85688228]]), array([0.6269514 , 0.6285255 , 0.62914139, 0.63002622, 0.6301167 ,\n       0.63102621, 0.63128179]))"}, "2": {"maxiter": 100, "fatol": 1e-10, "xatol": 1e-05, "duration": 0.0293121337890625, "fun": "0.6269513964653015", "nit": "100", "nfev": "168", "status": "2", "success": "False", "message": "Maximum number of iterations has been exceeded.", "x": "[0.05881253 3.31731586 0.95651591 2.50352146 5.37645308 7.87281277]", "final_simplex": "(array([[0.05881253, 3.31731586, 0.95651591, 2.50352146, 5.37645308,\n        7.87281277],\n       [0.05526479, 3.38385172, 0.95050131, 2.53878625, 5.48596904,\n        7.99666736],\n       [0.05680016, 3.43228938, 0.94523066, 2.58128831, 5.42718433,\n        7.87580358],\n       [0.05513852, 3.4722328 , 0.93281137, 2.59392939, 5.45832485,\n        7.93447496],\n       [0.05514488, 3.42463776, 0.9290636 , 2.57989692, 5.47798945,\n        7.97848772],\n       [0.05643435, 3.31860792, 0.93422259, 2.58975243, 5.42661217,\n        7.87331818],\n       [0.05567433, 3.37833709, 0.94240848, 2.61466135, 5.36179519,\n        7.85688228]]), array([0.6269514 , 0.6285255 , 0.62914139, 0.63002622, 0.6301167 ,\n       0.63102621, 0.63128179]))"}, "3": {"maxiter": 100, "fatol": 1e-10, "xatol": 1e-10, "duration": 0.029644012451171875, "fun": "0.6269513964653015", "nit": "100", "nfev": "168", "status": "2", "success": "False", "message": "Maximum number of iterations has been exceeded.", "x": "[0.05881253 3.31731586 0.95651591 2.50352146 5.37645308 7.87281277]", "final_simplex": "(array([[0.05881253, 3.31731586, 0.95651591, 2.50352146, 5.37645308,\n        7.87281277],\n       [0.05526479, 3.38385172, 0.95050131, 2.53878625, 5.48596904,\n        7.99666736],\n       [0.05680016, 3.43228938, 0.94523066, 2.58128831, 5.42718433,\n        7.87580358],\n       [0.05513852, 3.4722328 , 0.93281137, 2.59392939, 5.45832485,\n        7.93447496],\n       [0.05514488, 3.42463776, 0.9290636 , 2.57989692, 5.47798945,\n        7.97848772],\n       [0.05643435, 3.31860792, 0.93422259, 2.58975243, 5.42661217,\n        7.87331818],\n       [0.05567433, 3.37833709, 0.94240848, 2.61466135, 5.36179519,\n        7.85688228]]), array([0.6269514 , 0.6285255 , 0.62914139, 0.63002622, 0.6301167 ,\n       0.63102621, 0.63128179]))"}, "4": {"maxiter": 500, "fatol": 1e-05, "xatol": 1e-05, "duration": 0.13799190521240234, "fun": "0.3399011790752411", "nit": "500", "nfev": "772", "status": "2", "success": "False", "message": "Maximum number of iterations has been exceeded.", "x": "[1.63276463 0.82845989 3.4966657  3.12843122 2.56411766 4.53197942]", "final_simplex": "(array([[1.63276463, 0.82845989, 3.4966657 , 3.12843122, 2.56411766,\n        4.53197942],\n       [1.63102054, 0.8282058 , 3.49537042, 3.12675779, 2.57148544,\n        4.53822049],\n       [1.63132068, 0.82969976, 3.49725457, 3.12697789, 2.57037018,\n        4.53871599],\n       [1.63412151, 0.82950105, 3.49483676, 3.12728032, 2.56417728,\n        4.53000476],\n       [1.6299607 , 0.82899488, 3.49392346, 3.12769676, 2.56637967,\n        4.53671677],\n       [1.63238719, 0.82843333, 3.49598862, 3.12659793, 2.56990897,\n        4.53880046],\n       [1.62756963, 0.82804236, 3.49525316, 3.13007377, 2.57086473,\n        4.53957247]]), array([0.33990118, 0.33990219, 0.33990312, 0.33990341, 0.33990353,\n       0.33990476, 0.33990508]))"}, "5": {"maxiter": 500, "fatol": 1e-05, "xatol": 1e-10, "duration": 0.13823699951171875, "fun": "0.3399011790752411", "nit": "500", "nfev": "772", "status": "2", "success": "False", "message": "Maximum number of iterations has been exceeded.", "x": "[1.63276463 0.82845989 3.4966657  3.12843122 2.56411766 4.53197942]", "final_simplex": "(array([[1.63276463, 0.82845989, 3.4966657 , 3.12843122, 2.56411766,\n        4.53197942],\n       [1.63102054, 0.8282058 , 3.49537042, 3.12675779, 2.57148544,\n        4.53822049],\n       [1.63132068, 0.82969976, 3.49725457, 3.12697789, 2.57037018,\n        4.53871599],\n       [1.63412151, 0.82950105, 3.49483676, 3.12728032, 2.56417728,\n        4.53000476],\n       [1.6299607 , 0.82899488, 3.49392346, 3.12769676, 2.56637967,\n        4.53671677],\n       [1.63238719, 0.82843333, 3.49598862, 3.12659793, 2.56990897,\n        4.53880046],\n       [1.62756963, 0.82804236, 3.49525316, 3.13007377, 2.57086473,\n        4.53957247]]), array([0.33990118, 0.33990219, 0.33990312, 0.33990341, 0.33990353,\n       0.33990476, 0.33990508]))"}, "6": {"maxiter": 500, "fatol": 1e-10, "xatol": 1e-05, "duration": 0.1390972137451172, "fun": "0.3399011790752411", "nit": "500", "nfev": "772", "status": "2", "success": "False", "message": "Maximum number of iterations has been exceeded.", "x": "[1.63276463 0.82845989 3.4966657  3.12843122 2.56411766 4.53197942]", "final_simplex": "(array([[1.63276463, 0.82845989, 3.4966657 , 3.12843122, 2.56411766,\n        4.53197942],\n       [1.63102054, 0.8282058 , 3.49537042, 3.12675779, 2.57148544,\n        4.53822049],\n       [1.63132068, 0.82969976, 3.49725457, 3.12697789, 2.57037018,\n        4.53871599],\n       [1.63412151, 0.82950105, 3.49483676, 3.12728032, 2.56417728,\n        4.53000476],\n       [1.6299607 , 0.82899488, 3.49392346, 3.12769676, 2.56637967,\n        4.53671677],\n       [1.63238719, 0.82843333, 3.49598862, 3.12659793, 2.56990897,\n        4.53880046],\n       [1.62756963, 0.82804236, 3.49525316, 3.13007377, 2.57086473,\n        4.53957247]]), array([0.33990118, 0.33990219, 0.33990312, 0.33990341, 0.33990353,\n       0.33990476, 0.33990508]))"}, "7": {"maxiter": 500, "fatol": 1e-10, "xatol": 1e-10, "duration": 0.13870906829833984, "fun": "0.3399011790752411", "nit": "500", "nfev": "772", "status": "2", "success": "False", "message": "Maximum number of iterations has been exceeded.", "x": "[1.63276463 0.82845989 3.4966657  3.12843122 2.56411766 4.53197942]", "final_simplex": "(array([[1.63276463, 0.82845989, 3.4966657 , 3.12843122, 2.56411766,\n        4.53197942],\n       [1.63102054, 0.8282058 , 3.49537042, 3.12675779, 2.57148544,\n        4.53822049],\n       [1.63132068, 0.82969976, 3.49725457, 3.12697789, 2.57037018,\n        4.53871599],\n       [1.63412151, 0.82950105, 3.49483676, 3.12728032, 2.56417728,\n        4.53000476],\n       [1.6299607 , 0.82899488, 3.49392346, 3.12769676, 2.56637967,\n        4.53671677],\n       [1.63238719, 0.82843333, 3.49598862, 3.12659793, 2.56990897,\n        4.53880046],\n       [1.62756963, 0.82804236, 3.49525316, 3.13007377, 2.57086473,\n        4.53957247]]), array([0.33990118, 0.33990219, 0.33990312, 0.33990341, 0.33990353,\n       0.33990476, 0.33990508]))"}, "8": {"maxiter": 1000, "fatol": 1e-05, "xatol": 1e-05, "duration": 0.2182941436767578, "fun": "0.315258264541626", "nit": "787", "nfev": "1247", "status": "0", "success": "True", "message": "Optimization terminated successfully.", "x": "[1.70608812 0.96017959 3.45941441 2.64714561 0.98867201 3.02830122]", "final_simplex": "(array([[1.70608812, 0.96017959, 3.45941441, 2.64714561, 0.98867201,\n        3.02830122],\n       [1.70609526, 0.96017995, 3.45941793, 2.64713999, 0.98867468,\n        3.0282991 ],\n       [1.70608848, 0.9601807 , 3.45941851, 2.64713752, 0.9886722 ,\n        3.02830328],\n       [1.70608847, 0.96018245, 3.45941785, 2.64714007, 0.98866916,\n        3.02829904],\n       [1.70608642, 0.96017967, 3.45942161, 2.64714711, 0.98866873,\n        3.02829579],\n       [1.70608835, 0.96018119, 3.45941625, 2.64714297, 0.98867791,\n        3.02830138],\n       [1.70609001, 0.96018454, 3.45942182, 2.64714202, 0.98867631,\n        3.02830452]]), array([0.31525826, 0.31525826, 0.31525826, 0.31525826, 0.31525826,\n       0.31525826, 0.31525826]))"}, "9": {"maxiter": 1000, "fatol": 1e-05, "xatol": 1e-10, "duration": 0.2418367862701416, "fun": "0.315258264541626", "nit": "804", "nfev": "1383", "status": "0", "success": "True", "message": "Optimization terminated successfully.", "x": "[1.70608812 0.96017959 3.45941441 2.64714561 0.98867201 3.02830122]", "final_simplex": "(array([[1.70608812, 0.96017959, 3.45941441, 2.64714561, 0.98867201,\n        3.02830122],\n       [1.70608812, 0.96017959, 3.45941441, 2.64714561, 0.98867201,\n        3.02830122],\n       [1.70608812, 0.96017959, 3.45941441, 2.64714561, 0.98867201,\n        3.02830122],\n       [1.70608812, 0.96017959, 3.45941441, 2.64714561, 0.98867201,\n        3.02830122],\n       [1.70608812, 0.96017959, 3.45941441, 2.64714561, 0.98867201,\n        3.02830122],\n       [1.70608812, 0.96017959, 3.45941441, 2.64714561, 0.98867201,\n        3.02830122],\n       [1.70608812, 0.96017959, 3.45941441, 2.64714561, 0.98867201,\n        3.02830122]]), array([0.31525826, 0.31525826, 0.31525826, 0.31525826, 0.31525826,\n       0.31525826, 0.31525826]))"}, "10": {"maxiter": 1000, "fatol": 1e-10, "xatol": 1e-05, "duration": 0.2203538417816162, "fun": "0.315258264541626", "nit": "787", "nfev": "1247", "status": "0", "success": "True", "message": "Optimization terminated successfully.", "x": "[1.70608812 0.96017959 3.45941441 2.64714561 0.98867201 3.02830122]", "final_simplex": "(array([[1.70608812, 0.96017959, 3.45941441, 2.64714561, 0.98867201,\n        3.02830122],\n       [1.70609526, 0.96017995, 3.45941793, 2.64713999, 0.98867468,\n        3.0282991 ],\n       [1.70608848, 0.9601807 , 3.45941851, 2.64713752, 0.9886722 ,\n        3.02830328],\n       [1.70608847, 0.96018245, 3.45941785, 2.64714007, 0.98866916,\n        3.02829904],\n       [1.70608642, 0.96017967, 3.45942161, 2.64714711, 0.98866873,\n        3.02829579],\n       [1.70608835, 0.96018119, 3.45941625, 2.64714297, 0.98867791,\n        3.02830138],\n       [1.70609001, 0.96018454, 3.45942182, 2.64714202, 0.98867631,\n        3.02830452]]), array([0.31525826, 0.31525826, 0.31525826, 0.31525826, 0.31525826,\n       0.31525826, 0.31525826]))"}, "11": {"maxiter": 1000, "fatol": 1e-10, "xatol": 1e-10, "duration": 0.24458003044128418, "fun": "0.315258264541626", "nit": "804", "nfev": "1383", "status": "0", "success": "True", "message": "Optimization terminated successfully.", "x": "[1.70608812 0.96017959 3.45941441 2.64714561 0.98867201 3.02830122]", "final_simplex": "(array([[1.70608812, 0.96017959, 3.45941441, 2.64714561, 0.98867201,\n        3.02830122],\n       [1.70608812, 0.96017959, 3.45941441, 2.64714561, 0.98867201,\n        3.02830122],\n       [1.70608812, 0.96017959, 3.45941441, 2.64714561, 0.98867201,\n        3.02830122],\n       [1.70608812, 0.96017959, 3.45941441, 2.64714561, 0.98867201,\n        3.02830122],\n       [1.70608812, 0.96017959, 3.45941441, 2.64714561, 0.98867201,\n        3.02830122],\n       [1.70608812, 0.96017959, 3.45941441, 2.64714561, 0.98867201,\n        3.02830122],\n       [1.70608812, 0.96017959, 3.45941441, 2.64714561, 0.98867201,\n        3.02830122]]), array([0.31525826, 0.31525826, 0.31525826, 0.31525826, 0.31525826,\n       0.31525826, 0.31525826]))"}}, "bfgs": {"0": {"maxiter": 100, "gtol": 1e-05, "xrtol": 1e-05, "eps": 1e-05, "duration": 0.03682422637939453, "fun": "0.3153015673160553", "jac": "[0. 0. 0. 0. 0. 0.]", "hess_inv": "[[ 1.92344106  0.42996121  0.58840331 -1.00386953  0.09671089 -0.45211335]\n [ 0.42996121  1.39854521  0.53259308 -0.01434599 -0.0774944  -0.44282931]\n [ 0.58840331  0.53259308  0.88980579 -0.10195647  0.23951602 -0.66240493]\n [-1.00386953 -0.01434599 -0.10195647  1.57179597 -0.6252004   0.02299991]\n [ 0.09671089 -0.0774944   0.23951602 -0.6252004   0.92074009 -0.27545504]\n [-0.45211335 -0.44282931 -0.66240493  0.02299991 -0.27545504  0.68710888]]", "nfev": "203", "njev": "29", "status": "0", "success": "True", "message": "Optimization terminated successfully.", "x": "[-1.70821649  4.09886835  0.32385229  3.63295577  4.166381    6.20409821]", "nit": "23"}, "1": {"maxiter": 100, "gtol": 1e-05, "xrtol": 1e-05, "eps": 1e-10, "duration": 0.0012791156768798828, "fun": "0.9718442559242249", "jac": "[0. 0. 0. 0. 0. 0.]", "hess_inv": "[[1 0 0 0 0 0]\n [0 1 0 0 0 0]\n [0 0 1 0 0 0]\n [0 0 0 1 0 0]\n [0 0 0 0 1 0]\n [0 0 0 0 0 1]]", "nfev": "7", "njev": "1", "status": "0", "success": "True", "message": "Optimization terminated successfully.", "x": "[0.05642994 4.21949611 1.00788464 3.16031722 5.61585368 5.87251965]", "nit": "0"}, "2": {"maxiter": 100, "gtol": 1e-05, "xrtol": 1e-10, "eps": 1e-05, "duration": 0.03606772422790527, "fun": "0.3153015673160553", "jac": "[0. 0. 0. 0. 0. 0.]", "hess_inv": "[[ 1.92344106  0.42996121  0.58840331 -1.00386953  0.09671089 -0.45211335]\n [ 0.42996121  1.39854521  0.53259308 -0.01434599 -0.0774944  -0.44282931]\n [ 0.58840331  0.53259308  0.88980579 -0.10195647  0.23951602 -0.66240493]\n [-1.00386953 -0.01434599 -0.10195647  1.57179597 -0.6252004   0.02299991]\n [ 0.09671089 -0.0774944   0.23951602 -0.6252004   0.92074009 -0.27545504]\n [-0.45211335 -0.44282931 -0.66240493  0.02299991 -0.27545504  0.68710888]]", "nfev": "203", "njev": "29", "status": "0", "success": "True", "message": "Optimization terminated successfully.", "x": "[-1.70821649  4.09886835  0.32385229  3.63295577  4.166381    6.20409821]", "nit": "23"}, "3": {"maxiter": 100, "gtol": 1e-05, "xrtol": 1e-10, "eps": 1e-10, "duration": 0.0012621879577636719, "fun": "0.9718442559242249", "jac": "[0. 0. 0. 0. 0. 0.]", "hess_inv": "[[1 0 0 0 0 0]\n [0 1 0 0 0 0]\n [0 0 1 0 0 0]\n [0 0 0 1 0 0]\n [0 0 0 0 1 0]\n [0 0 0 0 0 1]]", "nfev": "7", "njev": "1", "status": "0", "success": "True", "message": "Optimization terminated successfully.", "x": "[0.05642994 4.21949611 1.00788464 3.16031722 5.61585368 5.87251965]", "nit": "0"}, "4": {"maxiter": 100, "gtol": 1e-10, "xrtol": 1e-05, "eps": 1e-05, "duration": 0.03613734245300293, "fun": "0.3153015673160553", "jac": "[0. 0. 0. 0. 0. 0.]", "hess_inv": "[[ 1.92344106  0.42996121  0.58840331 -1.00386953  0.09671089 -0.45211335]\n [ 0.42996121  1.39854521  0.53259308 -0.01434599 -0.0774944  -0.44282931]\n [ 0.58840331  0.53259308  0.88980579 -0.10195647  0.23951602 -0.66240493]\n [-1.00386953 -0.01434599 -0.10195647  1.57179597 -0.6252004   0.02299991]\n [ 0.09671089 -0.0774944   0.23951602 -0.6252004   0.92074009 -0.27545504]\n [-0.45211335 -0.44282931 -0.66240493  0.02299991 -0.27545504  0.68710888]]", "nfev": "203", "njev": "29", "status": "0", "success": "True", "message": "Optimization terminated successfully.", "x": "[-1.70821649  4.09886835  0.32385229  3.63295577  4.166381    6.20409821]", "nit": "23"}, "5": {"maxiter": 100, "gtol": 1e-10, "xrtol": 1e-05, "eps": 1e-10, "duration": 0.0012638568878173828, "fun": "0.9718442559242249", "jac": "[0. 0. 0. 0. 0. 0.]", "hess_inv": "[[1 0 0 0 0 0]\n [0 1 0 0 0 0]\n [0 0 1 0 0 0]\n [0 0 0 1 0 0]\n [0 0 0 0 1 0]\n [0 0 0 0 0 1]]", "nfev": "7", "njev": "1", "status": "0", "success": "True", "message": "Optimization terminated successfully.", "x": "[0.05642994 4.21949611 1.00788464 3.16031722 5.61585368 5.87251965]", "nit": "0"}, "6": {"maxiter": 100, "gtol": 1e-10, "xrtol": 1e-10, "eps": 1e-05, "duration": 0.036083221435546875, "fun": "0.3153015673160553", "jac": "[0. 0. 0. 0. 0. 0.]", "hess_inv": "[[ 1.92344106  0.42996121  0.58840331 -1.00386953  0.09671089 -0.45211335]\n [ 0.42996121  1.39854521  0.53259308 -0.01434599 -0.0774944  -0.44282931]\n [ 0.58840331  0.53259308  0.88980579 -0.10195647  0.23951602 -0.66240493]\n [-1.00386953 -0.01434599 -0.10195647  1.57179597 -0.6252004   0.02299991]\n [ 0.09671089 -0.0774944   0.23951602 -0.6252004   0.92074009 -0.27545504]\n [-0.45211335 -0.44282931 -0.66240493  0.02299991 -0.27545504  0.68710888]]", "nfev": "203", "njev": "29", "status": "0", "success": "True", "message": "Optimization terminated successfully.", "x": "[-1.70821649  4.09886835  0.32385229  3.63295577  4.166381    6.20409821]", "nit": "23"}, "7": {"maxiter": 100, "gtol": 1e-10, "xrtol": 1e-10, "eps": 1e-10, "duration": 0.0012662410736083984, "fun": "0.9718442559242249", "jac": "[0. 0. 0. 0. 0. 0.]", "hess_inv": "[[1 0 0 0 0 0]\n [0 1 0 0 0 0]\n [0 0 1 0 0 0]\n [0 0 0 1 0 0]\n [0 0 0 0 1 0]\n [0 0 0 0 0 1]]", "nfev": "7", "njev": "1", "status": "0", "success": "True", "message": "Optimization terminated successfully.", "x": "[0.05642994 4.21949611 1.00788464 3.16031722 5.61585368 5.87251965]", "nit": "0"}, "8": {"maxiter": 500, "gtol": 1e-05, "xrtol": 1e-05, "eps": 1e-05, "duration": 0.03608083724975586, "fun": "0.3153015673160553", "jac": "[0. 0. 0. 0. 0. 0.]", "hess_inv": "[[ 1.92344106  0.42996121  0.58840331 -1.00386953  0.09671089 -0.45211335]\n [ 0.42996121  1.39854521  0.53259308 -0.01434599 -0.0774944  -0.44282931]\n [ 0.58840331  0.53259308  0.88980579 -0.10195647  0.23951602 -0.66240493]\n [-1.00386953 -0.01434599 -0.10195647  1.57179597 -0.6252004   0.02299991]\n [ 0.09671089 -0.0774944   0.23951602 -0.6252004   0.92074009 -0.27545504]\n [-0.45211335 -0.44282931 -0.66240493  0.02299991 -0.27545504  0.68710888]]", "nfev": "203", "njev": "29", "status": "0", "success": "True", "message": "Optimization terminated successfully.", "x": "[-1.70821649  4.09886835  0.32385229  3.63295577  4.166381    6.20409821]", "nit": "23"}, "9": {"maxiter": 500, "gtol": 1e-05, "xrtol": 1e-05, "eps": 1e-10, "duration": 0.0012629032135009766, "fun": "0.9718442559242249", "jac": "[0. 0. 0. 0. 0. 0.]", "hess_inv": "[[1 0 0 0 0 0]\n [0 1 0 0 0 0]\n [0 0 1 0 0 0]\n [0 0 0 1 0 0]\n [0 0 0 0 1 0]\n [0 0 0 0 0 1]]", "nfev": "7", "njev": "1", "status": "0", "success": "True", "message": "Optimization terminated successfully.", "x": "[0.05642994 4.21949611 1.00788464 3.16031722 5.61585368 5.87251965]", "nit": "0"}, "10": {"maxiter": 500, "gtol": 1e-05, "xrtol": 1e-10, "eps": 1e-05, "duration": 0.036844730377197266, "fun": "0.3153015673160553", "jac": "[0. 0. 0. 0. 0. 0.]", "hess_inv": "[[ 1.92344106  0.42996121  0.58840331 -1.00386953  0.09671089 -0.45211335]\n [ 0.42996121  1.39854521  0.53259308 -0.01434599 -0.0774944  -0.44282931]\n [ 0.58840331  0.53259308  0.88980579 -0.10195647  0.23951602 -0.66240493]\n [-1.00386953 -0.01434599 -0.10195647  1.57179597 -0.6252004   0.02299991]\n [ 0.09671089 -0.0774944   0.23951602 -0.6252004   0.92074009 -0.27545504]\n [-0.45211335 -0.44282931 -0.66240493  0.02299991 -0.27545504  0.68710888]]", "nfev": "203", "njev": "29", "status": "0", "success": "True", "message": "Optimization terminated successfully.", "x": "[-1.70821649  4.09886835  0.32385229  3.63295577  4.166381    6.20409821]", "nit": "23"}, "11": {"maxiter": 500, "gtol": 1e-05, "xrtol": 1e-10, "eps": 1e-10, "duration": 0.001302957534790039, "fun": "0.9718442559242249", "jac": "[0. 0. 0. 0. 0. 0.]", "hess_inv": "[[1 0 0 0 0 0]\n [0 1 0 0 0 0]\n [0 0 1 0 0 0]\n [0 0 0 1 0 0]\n [0 0 0 0 1 0]\n [0 0 0 0 0 1]]", "nfev": "7", "njev": "1", "status": "0", "success": "True", "message": "Optimization terminated successfully.", "x": "[0.05642994 4.21949611 1.00788464 3.16031722 5.61585368 5.87251965]", "nit": "0"}, "12": {"maxiter": 500, "gtol": 1e-10, "xrtol": 1e-05, "eps": 1e-05, "duration": 0.036802053451538086, "fun": "0.3153015673160553", "jac": "[0. 0. 0. 0. 0. 0.]", "hess_inv": "[[ 1.92344106  0.42996121  0.58840331 -1.00386953  0.09671089 -0.45211335]\n [ 0.42996121  1.39854521  0.53259308 -0.01434599 -0.0774944  -0.44282931]\n [ 0.58840331  0.53259308  0.88980579 -0.10195647  0.23951602 -0.66240493]\n [-1.00386953 -0.01434599 -0.10195647  1.57179597 -0.6252004   0.02299991]\n [ 0.09671089 -0.0774944   0.23951602 -0.6252004   0.92074009 -0.27545504]\n [-0.45211335 -0.44282931 -0.66240493  0.02299991 -0.27545504  0.68710888]]", "nfev": "203", "njev": "29", "status": "0", "success": "True", "message": "Optimization terminated successfully.", "x": "[-1.70821649  4.09886835  0.32385229  3.63295577  4.166381    6.20409821]", "nit": "23"}, "13": {"maxiter": 500, "gtol": 1e-10, "xrtol": 1e-05, "eps": 1e-10, "duration": 0.0012960433959960938, "fun": "0.9718442559242249", "jac": "[0. 0. 0. 0. 0. 0.]", "hess_inv": "[[1 0 0 0 0 0]\n [0 1 0 0 0 0]\n [0 0 1 0 0 0]\n [0 0 0 1 0 0]\n [0 0 0 0 1 0]\n [0 0 0 0 0 1]]", "nfev": "7", "njev": "1", "status": "0", "success": "True", "message": "Optimization terminated successfully.", "x": "[0.05642994 4.21949611 1.00788464 3.16031722 5.61585368 5.87251965]", "nit": "0"}, "14": {"maxiter": 500, "gtol": 1e-10, "xrtol": 1e-10, "eps": 1e-05, "duration": 0.03682684898376465, "fun": "0.3153015673160553", "jac": "[0. 0. 0. 0. 0. 0.]", "hess_inv": "[[ 1.92344106  0.42996121  0.58840331 -1.00386953  0.09671089 -0.45211335]\n [ 0.42996121  1.39854521  0.53259308 -0.01434599 -0.0774944  -0.44282931]\n [ 0.58840331  0.53259308  0.88980579 -0.10195647  0.23951602 -0.66240493]\n [-1.00386953 -0.01434599 -0.10195647  1.57179597 -0.6252004   0.02299991]\n [ 0.09671089 -0.0774944   0.23951602 -0.6252004   0.92074009 -0.27545504]\n [-0.45211335 -0.44282931 -0.66240493  0.02299991 -0.27545504  0.68710888]]", "nfev": "203", "njev": "29", "status": "0", "success": "True", "message": "Optimization terminated successfully.", "x": "[-1.70821649  4.09886835  0.32385229  3.63295577  4.166381    6.20409821]", "nit": "23"}, "15": {"maxiter": 500, "gtol": 1e-10, "xrtol": 1e-10, "eps": 1e-10, "duration": 0.0012919902801513672, "fun": "0.9718442559242249", "jac": "[0. 0. 0. 0. 0. 0.]", "hess_inv": "[[1 0 0 0 0 0]\n [0 1 0 0 0 0]\n [0 0 1 0 0 0]\n [0 0 0 1 0 0]\n [0 0 0 0 1 0]\n [0 0 0 0 0 1]]", "nfev": "7", "njev": "1", "status": "0", "success": "True", "message": "Optimization terminated successfully.", "x": "[0.05642994 4.21949611 1.00788464 3.16031722 5.61585368 5.87251965]", "nit": "0"}, "16": {"maxiter": 1000, "gtol": 1e-05, "xrtol": 1e-05, "eps": 1e-05, "duration": 0.03686213493347168, "fun": "0.3153015673160553", "jac": "[0. 0. 0. 0. 0. 0.]", "hess_inv": "[[ 1.92344106  0.42996121  0.58840331 -1.00386953  0.09671089 -0.45211335]\n [ 0.42996121  1.39854521  0.53259308 -0.01434599 -0.0774944  -0.44282931]\n [ 0.58840331  0.53259308  0.88980579 -0.10195647  0.23951602 -0.66240493]\n [-1.00386953 -0.01434599 -0.10195647  1.57179597 -0.6252004   0.02299991]\n [ 0.09671089 -0.0774944   0.23951602 -0.6252004   0.92074009 -0.27545504]\n [-0.45211335 -0.44282931 -0.66240493  0.02299991 -0.27545504  0.68710888]]", "nfev": "203", "njev": "29", "status": "0", "success": "True", "message": "Optimization terminated successfully.", "x": "[-1.70821649  4.09886835  0.32385229  3.63295577  4.166381    6.20409821]", "nit": "23"}, "17": {"maxiter": 1000, "gtol": 1e-05, "xrtol": 1e-05, "eps": 1e-10, "duration": 0.0012922286987304688, "fun": "0.9718442559242249", "jac": "[0. 0. 0. 0. 0. 0.]", "hess_inv": "[[1 0 0 0 0 0]\n [0 1 0 0 0 0]\n [0 0 1 0 0 0]\n [0 0 0 1 0 0]\n [0 0 0 0 1 0]\n [0 0 0 0 0 1]]", "nfev": "7", "njev": "1", "status": "0", "success": "True", "message": "Optimization terminated successfully.", "x": "[0.05642994 4.21949611 1.00788464 3.16031722 5.61585368 5.87251965]", "nit": "0"}, "18": {"maxiter": 1000, "gtol": 1e-05, "xrtol": 1e-10, "eps": 1e-05, "duration": 0.0369110107421875, "fun": "0.3153015673160553", "jac": "[0. 0. 0. 0. 0. 0.]", "hess_inv": "[[ 1.92344106  0.42996121  0.58840331 -1.00386953  0.09671089 -0.45211335]\n [ 0.42996121  1.39854521  0.53259308 -0.01434599 -0.0774944  -0.44282931]\n [ 0.58840331  0.53259308  0.88980579 -0.10195647  0.23951602 -0.66240493]\n [-1.00386953 -0.01434599 -0.10195647  1.57179597 -0.6252004   0.02299991]\n [ 0.09671089 -0.0774944   0.23951602 -0.6252004   0.92074009 -0.27545504]\n [-0.45211335 -0.44282931 -0.66240493  0.02299991 -0.27545504  0.68710888]]", "nfev": "203", "njev": "29", "status": "0", "success": "True", "message": "Optimization terminated successfully.", "x": "[-1.70821649  4.09886835  0.32385229  3.63295577  4.166381    6.20409821]", "nit": "23"}, "19": {"maxiter": 1000, "gtol": 1e-05, "xrtol": 1e-10, "eps": 1e-10, "duration": 0.0012941360473632812, "fun": "0.9718442559242249", "jac": "[0. 0. 0. 0. 0. 0.]", "hess_inv": "[[1 0 0 0 0 0]\n [0 1 0 0 0 0]\n [0 0 1 0 0 0]\n [0 0 0 1 0 0]\n [0 0 0 0 1 0]\n [0 0 0 0 0 1]]", "nfev": "7", "njev": "1", "status": "0", "success": "True", "message": "Optimization terminated successfully.", "x": "[0.05642994 4.21949611 1.00788464 3.16031722 5.61585368 5.87251965]", "nit": "0"}, "20": {"maxiter": 1000, "gtol": 1e-10, "xrtol": 1e-05, "eps": 1e-05, "duration": 0.036715030670166016, "fun": "0.3153015673160553", "jac": "[0. 0. 0. 0. 0. 0.]", "hess_inv": "[[ 1.92344106  0.42996121  0.58840331 -1.00386953  0.09671089 -0.45211335]\n [ 0.42996121  1.39854521  0.53259308 -0.01434599 -0.0774944  -0.44282931]\n [ 0.58840331  0.53259308  0.88980579 -0.10195647  0.23951602 -0.66240493]\n [-1.00386953 -0.01434599 -0.10195647  1.57179597 -0.6252004   0.02299991]\n [ 0.09671089 -0.0774944   0.23951602 -0.6252004   0.92074009 -0.27545504]\n [-0.45211335 -0.44282931 -0.66240493  0.02299991 -0.27545504  0.68710888]]", "nfev": "203", "njev": "29", "status": "0", "success": "True", "message": "Optimization terminated successfully.", "x": "[-1.70821649  4.09886835  0.32385229  3.63295577  4.166381    6.20409821]", "nit": "23"}, "21": {"maxiter": 1000, "gtol": 1e-10, "xrtol": 1e-05, "eps": 1e-10, "duration": 0.0012981891632080078, "fun": "0.9718442559242249", "jac": "[0. 0. 0. 0. 0. 0.]", "hess_inv": "[[1 0 0 0 0 0]\n [0 1 0 0 0 0]\n [0 0 1 0 0 0]\n [0 0 0 1 0 0]\n [0 0 0 0 1 0]\n [0 0 0 0 0 1]]", "nfev": "7", "njev": "1", "status": "0", "success": "True", "message": "Optimization terminated successfully.", "x": "[0.05642994 4.21949611 1.00788464 3.16031722 5.61585368 5.87251965]", "nit": "0"}, "22": {"maxiter": 1000, "gtol": 1e-10, "xrtol": 1e-10, "eps": 1e-05, "duration": 0.03651285171508789, "fun": "0.3153015673160553", "jac": "[0. 0. 0. 0. 0. 0.]", "hess_inv": "[[ 1.92344106  0.42996121  0.58840331 -1.00386953  0.09671089 -0.45211335]\n [ 0.42996121  1.39854521  0.53259308 -0.01434599 -0.0774944  -0.44282931]\n [ 0.58840331  0.53259308  0.88980579 -0.10195647  0.23951602 -0.66240493]\n [-1.00386953 -0.01434599 -0.10195647  1.57179597 -0.6252004   0.02299991]\n [ 0.09671089 -0.0774944   0.23951602 -0.6252004   0.92074009 -0.27545504]\n [-0.45211335 -0.44282931 -0.66240493  0.02299991 -0.27545504  0.68710888]]", "nfev": "203", "njev": "29", "status": "0", "success": "True", "message": "Optimization terminated successfully.", "x": "[-1.70821649  4.09886835  0.32385229  3.63295577  4.166381    6.20409821]", "nit": "23"}, "23": {"maxiter": 1000, "gtol": 1e-10, "xrtol": 1e-10, "eps": 1e-10, "duration": 0.0013141632080078125, "fun": "0.9718442559242249", "jac": "[0. 0. 0. 0. 0. 0.]", "hess_inv": "[[1 0 0 0 0 0]\n [0 1 0 0 0 0]\n [0 0 1 0 0 0]\n [0 0 0 1 0 0]\n [0 0 0 0 1 0]\n [0 0 0 0 0 1]]", "nfev": "7", "njev": "1", "status": "0", "success": "True", "message": "Optimization terminated successfully.", "x": "[0.05642994 4.21949611 1.00788464 3.16031722 5.61585368 5.87251965]", "nit": "0"}}, "cobyla": {"0": {"maxiter": 100, "tol": 1e-05, "catol": 1e-05, "duration": 0.017280101776123047, "x": "[-1.74208463  4.07206895  0.35682843  3.58999317  4.43426535  6.46113312]", "status": "2", "success": "False", "message": "Maximum number of function evaluations has been exceeded.", "nfev": "100", "fun": "0.3179604709148407", "maxcv": "0.0"}, "1": {"maxiter": 100, "tol": 1e-05, "catol": 1e-10, "duration": 0.01724410057067871, "x": "[-1.74208463  4.07206895  0.35682843  3.58999317  4.43426535  6.46113312]", "status": "2", "success": "False", "message": "Maximum number of function evaluations has been exceeded.", "nfev": "100", "fun": "0.3179604709148407", "maxcv": "0.0"}, "2": {"maxiter": 100, "tol": 1e-10, "catol": 1e-05, "duration": 0.017506837844848633, "x": "[-1.74208463  4.07206895  0.35682843  3.58999317  4.43426535  6.46113312]", "status": "2", "success": "False", "message": "Maximum number of function evaluations has been exceeded.", "nfev": "100", "fun": "0.3179604709148407", "maxcv": "0.0"}, "3": {"maxiter": 100, "tol": 1e-10, "catol": 1e-10, "duration": 0.017408132553100586, "x": "[-1.74208463  4.07206895  0.35682843  3.58999317  4.43426535  6.46113312]", "status": "2", "success": "False", "message": "Maximum number of function evaluations has been exceeded.", "nfev": "100", "fun": "0.3179604709148407", "maxcv": "0.0"}, "4": {"maxiter": 500, "tol": 1e-05, "catol": 1e-05, "duration": 0.05236411094665527, "x": "[-1.70664184  4.10168452  0.31849717  3.63628248  4.13340652  6.17304394]", "status": "1", "success": "True", "message": "Optimization terminated successfully.", "nfev": "301", "fun": "0.3152585029602051", "maxcv": "0.0"}, "5": {"maxiter": 500, "tol": 1e-05, "catol": 1e-10, "duration": 0.0514531135559082, "x": "[-1.70664184  4.10168452  0.31849717  3.63628248  4.13340652  6.17304394]", "status": "1", "success": "True", "message": "Optimization terminated successfully.", "nfev": "301", "fun": "0.3152585029602051", "maxcv": "0.0"}, "6": {"maxiter": 500, "tol": 1e-10, "catol": 1e-05, "duration": 0.05730390548706055, "x": "[-1.70664184  4.10168452  0.31849717  3.63628248  4.13340652  6.17304394]", "status": "1", "success": "True", "message": "Optimization terminated successfully.", "nfev": "336", "fun": "0.3152585029602051", "maxcv": "0.0"}, "7": {"maxiter": 500, "tol": 1e-10, "catol": 1e-10, "duration": 0.05721879005432129, "x": "[-1.70664184  4.10168452  0.31849717  3.63628248  4.13340652  6.17304394]", "status": "1", "success": "True", "message": "Optimization terminated successfully.", "nfev": "336", "fun": "0.3152585029602051", "maxcv": "0.0"}, "8": {"maxiter": 1000, "tol": 1e-05, "catol": 1e-05, "duration": 0.051175832748413086, "x": "[-1.70664184  4.10168452  0.31849717  3.63628248  4.13340652  6.17304394]", "status": "1", "success": "True", "message": "Optimization terminated successfully.", "nfev": "301", "fun": "0.3152585029602051", "maxcv": "0.0"}, "9": {"maxiter": 1000, "tol": 1e-05, "catol": 1e-10, "duration": 0.05107402801513672, "x": "[-1.70664184  4.10168452  0.31849717  3.63628248  4.13340652  6.17304394]", "status": "1", "success": "True", "message": "Optimization terminated successfully.", "nfev": "301", "fun": "0.3152585029602051", "maxcv": "0.0"}, "10": {"maxiter": 1000, "tol": 1e-10, "catol": 1e-05, "duration": 0.057034969329833984, "x": "[-1.70664184  4.10168452  0.31849717  3.63628248  4.13340652  6.17304394]", "status": "1", "success": "True", "message": "Optimization terminated successfully.", "nfev": "336", "fun": "0.3152585029602051", "maxcv": "0.0"}, "11": {"maxiter": 1000, "tol": 1e-10, "catol": 1e-10, "duration": 0.05705881118774414, "x": "[-1.70664184  4.10168452  0.31849717  3.63628248  4.13340652  6.17304394]", "status": "1", "success": "True", "message": "Optimization terminated successfully.", "nfev": "336", "fun": "0.3152585029602051", "maxcv": "0.0"}}, "powell": {"0": {"maxiter": 100, "ftol": 1e-05, "xtol": 1e-05, "duration": 0.07250308990478516, "fun": "0.3152589797973633", "direc": "[[1. 0. 0. 0. 0. 0.]\n [0. 1. 0. 0. 0. 0.]\n [0. 0. 1. 0. 0. 0.]\n [0. 0. 0. 1. 0. 0.]\n [0. 0. 0. 0. 1. 0.]\n [0. 0. 0. 0. 0. 1.]]", "nit": "5", "nfev": "419", "status": "0", "success": "True", "message": "Optimization terminated successfully.", "x": "[-1.70765206  4.10187032  0.31850536  3.63625981  4.13542521  6.17420545]"}, "1": {"maxiter": 100, "ftol": 1e-05, "xtol": 1e-10, "duration": 0.16954398155212402, "fun": "0.31525883078575134", "direc": "[[1. 0. 0. 0. 0. 0.]\n [0. 1. 0. 0. 0. 0.]\n [0. 0. 1. 0. 0. 0.]\n [0. 0. 0. 1. 0. 0.]\n [0. 0. 0. 0. 1. 0.]\n [0. 0. 0. 0. 0. 1.]]", "nit": "5", "nfev": "979", "status": "0", "success": "True", "message": "Optimization terminated successfully.", "x": "[-1.7075227   4.10189445  0.31845107  3.63628722  4.13481438  6.17371422]"}, "2": {"maxiter": 100, "ftol": 1e-10, "xtol": 1e-05, "duration": 0.17513108253479004, "fun": "0.315258264541626", "direc": "[[ 1.00000000e+00  0.00000000e+00  0.00000000e+00  0.00000000e+00\n   0.00000000e+00  0.00000000e+00]\n [ 0.00000000e+00  1.00000000e+00  0.00000000e+00  0.00000000e+00\n   0.00000000e+00  0.00000000e+00]\n [ 0.00000000e+00  0.00000000e+00  1.00000000e+00  0.00000000e+00\n   0.00000000e+00  0.00000000e+00]\n [ 0.00000000e+00  0.00000000e+00  0.00000000e+00  1.00000000e+00\n   0.00000000e+00  0.00000000e+00]\n [ 0.00000000e+00  0.00000000e+00  0.00000000e+00  0.00000000e+00\n   0.00000000e+00  1.00000000e+00]\n [ 8.35843238e-04 -4.40119676e-04  3.27100946e-11 -2.71782402e-04\n  -1.81642501e-03 -1.49159217e-03]]", "nit": "9", "nfev": "1010", "status": "0", "success": "True", "message": "Optimization terminated successfully.", "x": "[-1.70604263  4.10152452  0.3182341   3.63606439  4.13088408  6.17042346]"}, "3": {"maxiter": 100, "ftol": 1e-10, "xtol": 1e-10, "duration": 0.3384230136871338, "fun": "0.315258264541626", "direc": "[[ 1.00000000e+00  0.00000000e+00  0.00000000e+00  0.00000000e+00\n   0.00000000e+00  0.00000000e+00]\n [ 0.00000000e+00  1.00000000e+00  0.00000000e+00  0.00000000e+00\n   0.00000000e+00  0.00000000e+00]\n [ 0.00000000e+00  0.00000000e+00  1.00000000e+00  0.00000000e+00\n   0.00000000e+00  0.00000000e+00]\n [ 0.00000000e+00  0.00000000e+00  0.00000000e+00  1.00000000e+00\n   0.00000000e+00  0.00000000e+00]\n [ 0.00000000e+00  0.00000000e+00  0.00000000e+00  0.00000000e+00\n   0.00000000e+00  1.00000000e+00]\n [ 9.79786100e-04 -4.11289480e-04  3.75868427e-11 -3.17454048e-04\n  -1.72019679e-03 -1.42525345e-03]]", "nit": "9", "nfev": "1956", "status": "0", "success": "True", "message": "Optimization terminated successfully.", "x": "[-1.70598629  4.10152332  0.31822343  3.6360253   4.13091723  6.17040648]"}, "4": {"maxiter": 500, "ftol": 1e-05, "xtol": 1e-05, "duration": 0.07260966300964355, "fun": "0.3152589797973633", "direc": "[[1. 0. 0. 0. 0. 0.]\n [0. 1. 0. 0. 0. 0.]\n [0. 0. 1. 0. 0. 0.]\n [0. 0. 0. 1. 0. 0.]\n [0. 0. 0. 0. 1. 0.]\n [0. 0. 0. 0. 0. 1.]]", "nit": "5", "nfev": "419", "status": "0", "success": "True", "message": "Optimization terminated successfully.", "x": "[-1.70765206  4.10187032  0.31850536  3.63625981  4.13542521  6.17420545]"}, "5": {"maxiter": 500, "ftol": 1e-05, "xtol": 1e-10, "duration": 0.16893601417541504, "fun": "0.31525883078575134", "direc": "[[1. 0. 0. 0. 0. 0.]\n [0. 1. 0. 0. 0. 0.]\n [0. 0. 1. 0. 0. 0.]\n [0. 0. 0. 1. 0. 0.]\n [0. 0. 0. 0. 1. 0.]\n [0. 0. 0. 0. 0. 1.]]", "nit": "5", "nfev": "979", "status": "0", "success": "True", "message": "Optimization terminated successfully.", "x": "[-1.7075227   4.10189445  0.31845107  3.63628722  4.13481438  6.17371422]"}, "6": {"maxiter": 500, "ftol": 1e-10, "xtol": 1e-05, "duration": 0.17424392700195312, "fun": "0.315258264541626", "direc": "[[ 1.00000000e+00  0.00000000e+00  0.00000000e+00  0.00000000e+00\n   0.00000000e+00  0.00000000e+00]\n [ 0.00000000e+00  1.00000000e+00  0.00000000e+00  0.00000000e+00\n   0.00000000e+00  0.00000000e+00]\n [ 0.00000000e+00  0.00000000e+00  1.00000000e+00  0.00000000e+00\n   0.00000000e+00  0.00000000e+00]\n [ 0.00000000e+00  0.00000000e+00  0.00000000e+00  1.00000000e+00\n   0.00000000e+00  0.00000000e+00]\n [ 0.00000000e+00  0.00000000e+00  0.00000000e+00  0.00000000e+00\n   0.00000000e+00  1.00000000e+00]\n [ 8.35843238e-04 -4.40119676e-04  3.27100946e-11 -2.71782402e-04\n  -1.81642501e-03 -1.49159217e-03]]", "nit": "9", "nfev": "1010", "status": "0", "success": "True", "message": "Optimization terminated successfully.", "x": "[-1.70604263  4.10152452  0.3182341   3.63606439  4.13088408  6.17042346]"}, "7": {"maxiter": 500, "ftol": 1e-10, "xtol": 1e-10, "duration": 0.336292028427124, "fun": "0.315258264541626", "direc": "[[ 1.00000000e+00  0.00000000e+00  0.00000000e+00  0.00000000e+00\n   0.00000000e+00  0.00000000e+00]\n [ 0.00000000e+00  1.00000000e+00  0.00000000e+00  0.00000000e+00\n   0.00000000e+00  0.00000000e+00]\n [ 0.00000000e+00  0.00000000e+00  1.00000000e+00  0.00000000e+00\n   0.00000000e+00  0.00000000e+00]\n [ 0.00000000e+00  0.00000000e+00  0.00000000e+00  1.00000000e+00\n   0.00000000e+00  0.00000000e+00]\n [ 0.00000000e+00  0.00000000e+00  0.00000000e+00  0.00000000e+00\n   0.00000000e+00  1.00000000e+00]\n [ 9.79786100e-04 -4.11289480e-04  3.75868427e-11 -3.17454048e-04\n  -1.72019679e-03 -1.42525345e-03]]", "nit": "9", "nfev": "1956", "status": "0", "success": "True", "message": "Optimization terminated successfully.", "x": "[-1.70598629  4.10152332  0.31822343  3.6360253   4.13091723  6.17040648]"}, "8": {"maxiter": 1000, "ftol": 1e-05, "xtol": 1e-05, "duration": 0.07351875305175781, "fun": "0.3152589797973633", "direc": "[[1. 0. 0. 0. 0. 0.]\n [0. 1. 0. 0. 0. 0.]\n [0. 0. 1. 0. 0. 0.]\n [0. 0. 0. 1. 0. 0.]\n [0. 0. 0. 0. 1. 0.]\n [0. 0. 0. 0. 0. 1.]]", "nit": "5", "nfev": "419", "status": "0", "success": "True", "message": "Optimization terminated successfully.", "x": "[-1.70765206  4.10187032  0.31850536  3.63625981  4.13542521  6.17420545]"}, "9": {"maxiter": 1000, "ftol": 1e-05, "xtol": 1e-10, "duration": 0.1688239574432373, "fun": "0.31525883078575134", "direc": "[[1. 0. 0. 0. 0. 0.]\n [0. 1. 0. 0. 0. 0.]\n [0. 0. 1. 0. 0. 0.]\n [0. 0. 0. 1. 0. 0.]\n [0. 0. 0. 0. 1. 0.]\n [0. 0. 0. 0. 0. 1.]]", "nit": "5", "nfev": "979", "status": "0", "success": "True", "message": "Optimization terminated successfully.", "x": "[-1.7075227   4.10189445  0.31845107  3.63628722  4.13481438  6.17371422]"}, "10": {"maxit