{"conf_id": 27, "data_type": "random\n", "num_data_points": 2, "s_rank": 0, "unitary": "[[0.18663085-0.53122324j,-0.11886349-0.70040876j,0.28555095-0.02789305j,-0.12262021-0.2844587j],[-0.16702216+0.27758472j,0.27526351-0.29738586j,-0.01109314+0.22495461j,-0.77239203+0.28900673j],[0.61935415+0.12301792j,-0.31269928-0.03315917j,-0.61902762-0.19039079j,-0.27120731-0.0968989j],[0.42341754+0.0023929j,-0.05847358+0.47832119j,0.64900495-0.16218422j,-0.37182676-0.05229966j]]", "databatch_0": {"databatch": "[[[-0.14751101+0.31518062j,0.23352057+0.11458496j,0.083699-0.13210461j,0.16055915+0.03946511j],[0.42759485-0.02785533j,0.28976089-0.12238087j,-0.09966946-0.01394769j,0.08984132-0.09018693j],[-0.16072544-0.00140371j,0.20327963-0.24497691j,0.06278103-0.09676845j,0.12708552-0.0967354j],[-0.30736468+0.34880207j,-0.18938718+0.13536419j,0.04869902-0.09499858j,-0.02364888+0.04788871j]],[[-0.15060703-0.01071047j,0.03406803+0.04751744j,0.20783286+0.11118879j,-0.14118752+0.0623772j],[-0.10496045-0.21119312j,-0.32704398+0.09795241j,0.07305603+0.15659758j,-0.29405372+0.04659827j],[0.17430483+0.10710562j,0.06862031+0.03497627j,-0.28026809-0.23317308j,0.30931205+0.00524916j],[0.28114093-0.04532269j,-0.10535431-0.31342937j,-0.2517134-0.07371698j,0.07306498-0.25051927j]]]", "nelder_mead": {"0": {"maxiter": 100, "fatol": 1e-05, "xatol": 1e-05, "duration": 0.029747962951660156, "fun": "0.35845309495925903", "nit": "100", "nfev": "165", "status": "2", "success": "False", "message": "Maximum number of iterations has been exceeded.", "x": "[1.15494198 5.05571489 4.71542052 2.66299556 6.98862268 3.5157337 ]", "final_simplex": "(array([[1.15494198, 5.05571489, 4.71542052, 2.66299556, 6.98862268,\n        3.5157337 ],\n       [1.23859841, 4.84996465, 5.08925883, 2.57995925, 6.74129616,\n        3.65046571],\n       [1.10825725, 4.85085666, 5.12664977, 2.52889976, 6.89207888,\n        3.49437825],\n       [1.10571263, 5.05353947, 5.31262733, 2.42248107, 6.7855383 ,\n        3.47850816],\n       [1.36925415, 4.79606036, 5.29020911, 2.31915626, 6.46813701,\n        3.95060027],\n       [1.18178788, 4.97748218, 5.26227415, 2.5079411 , 6.82075161,\n        3.39246215],\n       [1.42741302, 4.74037474, 5.31879834, 2.35977201, 6.21677577,\n        3.71481214]]), array([0.35845309, 0.38315472, 0.38573867, 0.38968399, 0.39682406,\n       0.41561818, 0.41765705]))"}, "1": {"maxiter": 100, "fatol": 1e-05, "xatol": 1e-10, "duration": 0.029697895050048828, "fun": "0.35845309495925903", "nit": "100", "nfev": "165", "status": "2", "success": "False", "message": "Maximum number of iterations has been exceeded.", "x": "[1.15494198 5.05571489 4.71542052 2.66299556 6.98862268 3.5157337 ]", "final_simplex": "(array([[1.15494198, 5.05571489, 4.71542052, 2.66299556, 6.98862268,\n        3.5157337 ],\n       [1.23859841, 4.84996465, 5.08925883, 2.57995925, 6.74129616,\n        3.65046571],\n       [1.10825725, 4.85085666, 5.12664977, 2.52889976, 6.89207888,\n        3.49437825],\n       [1.10571263, 5.05353947, 5.31262733, 2.42248107, 6.7855383 ,\n        3.47850816],\n       [1.36925415, 4.79606036, 5.29020911, 2.31915626, 6.46813701,\n        3.95060027],\n       [1.18178788, 4.97748218, 5.26227415, 2.5079411 , 6.82075161,\n        3.39246215],\n       [1.42741302, 4.74037474, 5.31879834, 2.35977201, 6.21677577,\n        3.71481214]]), array([0.35845309, 0.38315472, 0.38573867, 0.38968399, 0.39682406,\n       0.41561818, 0.41765705]))"}, "2": {"maxiter": 100, "fatol": 1e-10, "xatol": 1e-05, "duration": 0.02977895736694336, "fun": "0.35845309495925903", "nit": "100", "nfev": "165", "status": "2", "success": "False", "message": "Maximum number of iterations has been exceeded.", "x": "[1.15494198 5.05571489 4.71542052 2.66299556 6.98862268 3.5157337 ]", "final_simplex": "(array([[1.15494198, 5.05571489, 4.71542052, 2.66299556, 6.98862268,\n        3.5157337 ],\n       [1.23859841, 4.84996465, 5.08925883, 2.57995925, 6.74129616,\n        3.65046571],\n       [1.10825725, 4.85085666, 5.12664977, 2.52889976, 6.89207888,\n        3.49437825],\n       [1.10571263, 5.05353947, 5.31262733, 2.42248107, 6.7855383 ,\n        3.47850816],\n       [1.36925415, 4.79606036, 5.29020911, 2.31915626, 6.46813701,\n        3.95060027],\n       [1.18178788, 4.97748218, 5.26227415, 2.5079411 , 6.82075161,\n        3.39246215],\n       [1.42741302, 4.74037474, 5.31879834, 2.35977201, 6.21677577,\n        3.71481214]]), array([0.35845309, 0.38315472, 0.38573867, 0.38968399, 0.39682406,\n       0.41561818, 0.41765705]))"}, "3": {"maxiter": 100, "fatol": 1e-10, "xatol": 1e-10, "duration": 0.030314922332763672, "fun": "0.35845309495925903", "nit": "100", "nfev": "165", "status": "2", "success": "False", "message": "Maximum number of iterations has been exceeded.", "x": "[1.15494198 5.05571489 4.71542052 2.66299556 6.98862268 3.5157337 ]", "final_simplex": "(array([[1.15494198, 5.05571489, 4.71542052, 2.66299556, 6.98862268,\n        3.5157337 ],\n       [1.23859841, 4.84996465, 5.08925883, 2.57995925, 6.74129616,\n        3.65046571],\n       [1.10825725, 4.85085666, 5.12664977, 2.52889976, 6.89207888,\n        3.49437825],\n       [1.10571263, 5.05353947, 5.31262733, 2.42248107, 6.7855383 ,\n        3.47850816],\n       [1.36925415, 4.79606036, 5.29020911, 2.31915626, 6.46813701,\n        3.95060027],\n       [1.18178788, 4.97748218, 5.26227415, 2.5079411 , 6.82075161,\n        3.39246215],\n       [1.42741302, 4.74037474, 5.31879834, 2.35977201, 6.21677577,\n        3.71481214]]), array([0.35845309, 0.38315472, 0.38573867, 0.38968399, 0.39682406,\n       0.41561818, 0.41765705]))"}, "4": {"maxiter": 500, "fatol": 1e-05, "xatol": 1e-05, "duration": 0.1181650161743164, "fun": "0.16057303547859192", "nit": "392", "nfev": "653", "status": "0", "success": "True", "message": "Optimization terminated successfully.", "x": "[1.03392316 7.22531519 3.13132082 2.83011479 6.47949783 2.40506315]", "final_simplex": "(array([[1.03392316, 7.22531519, 3.13132082, 2.83011479, 6.47949783,\n        2.40506315],\n       [1.03392048, 7.225313  , 3.13132191, 2.83011452, 6.47950241,\n        2.40506934],\n       [1.03392148, 7.22531306, 3.13132223, 2.830113  , 6.47950293,\n        2.40506897],\n       [1.03392227, 7.22531443, 3.13132149, 2.83011352, 6.47949873,\n        2.40506526],\n       [1.0339203 , 7.22531448, 3.13132224, 2.83011382, 6.47950374,\n        2.40507093],\n       [1.03392299, 7.22531336, 3.13132162, 2.83011476, 6.47950041,\n        2.40506702],\n       [1.03392343, 7.22531511, 3.13131972, 2.83011426, 6.47950166,\n        2.40506696]]), array([0.16057304, 0.16057304, 0.16057304, 0.16057304, 0.16057304,\n       0.16057304, 0.16057304]))"}, "5": {"maxiter": 500, "fatol": 1e-05, "xatol": 1e-10, "duration": 0.14221811294555664, "fun": "0.16057303547859192", "nit": "409", "nfev": "789", "status": "0", "success": "True", "message": "Optimization terminated successfully.", "x": "[1.03392316 7.22531519 3.13132082 2.83011479 6.47949783 2.40506315]", "final_simplex": "(array([[1.03392316, 7.22531519, 3.13132082, 2.83011479, 6.47949783,\n        2.40506315],\n       [1.03392316, 7.22531519, 3.13132082, 2.83011479, 6.47949783,\n        2.40506315],\n       [1.03392316, 7.22531519, 3.13132082, 2.83011479, 6.47949783,\n        2.40506315],\n       [1.03392316, 7.22531519, 3.13132082, 2.83011479, 6.47949783,\n        2.40506315],\n       [1.03392316, 7.22531519, 3.13132082, 2.83011479, 6.47949783,\n        2.40506315],\n       [1.03392316, 7.22531519, 3.13132082, 2.83011479, 6.47949783,\n        2.40506315],\n       [1.03392316, 7.22531519, 3.13132082, 2.83011479, 6.47949783,\n        2.40506315]]), array([0.16057304, 0.16057304, 0.16057304, 0.16057304, 0.16057304,\n       0.16057304, 0.16057304]))"}, "6": {"maxiter": 500, "fatol": 1e-10, "xatol": 1e-05, "duration": 0.12055611610412598, "fun": "0.16057303547859192", "nit": "392", "nfev": "653", "status": "0", "success": "True", "message": "Optimization terminated successfully.", "x": "[1.03392316 7.22531519 3.13132082 2.83011479 6.47949783 2.40506315]", "final_simplex": "(array([[1.03392316, 7.22531519, 3.13132082, 2.83011479, 6.47949783,\n        2.40506315],\n       [1.03392048, 7.225313  , 3.13132191, 2.83011452, 6.47950241,\n        2.40506934],\n       [1.03392148, 7.22531306, 3.13132223, 2.830113  , 6.47950293,\n        2.40506897],\n       [1.03392227, 7.22531443, 3.13132149, 2.83011352, 6.47949873,\n        2.40506526],\n       [1.0339203 , 7.22531448, 3.13132224, 2.83011382, 6.47950374,\n        2.40507093],\n       [1.03392299, 7.22531336, 3.13132162, 2.83011476, 6.47950041,\n        2.40506702],\n       [1.03392343, 7.22531511, 3.13131972, 2.83011426, 6.47950166,\n        2.40506696]]), array([0.16057304, 0.16057304, 0.16057304, 0.16057304, 0.16057304,\n       0.16057304, 0.16057304]))"}, "7": {"maxiter": 500, "fatol": 1e-10, "xatol": 1e-10, "duration": 0.14540719985961914, "fun": "0.16057303547859192", "nit": "409", "nfev": "789", "status": "0", "success": "True", "message": "Optimization terminated successfully.", "x": "[1.03392316 7.22531519 3.13132082 2.83011479 6.47949783 2.40506315]", "final_simplex": "(array([[1.03392316, 7.22531519, 3.13132082, 2.83011479, 6.47949783,\n        2.40506315],\n       [1.03392316, 7.22531519, 3.13132082, 2.83011479, 6.47949783,\n        2.40506315],\n       [1.03392316, 7.22531519, 3.13132082, 2.83011479, 6.47949783,\n        2.40506315],\n       [1.03392316, 7.22531519, 3.13132082, 2.83011479, 6.47949783,\n        2.40506315],\n       [1.03392316, 7.22531519, 3.13132082, 2.83011479, 6.47949783,\n        2.40506315],\n       [1.03392316, 7.22531519, 3.13132082, 2.83011479, 6.47949783,\n        2.40506315],\n       [1.03392316, 7.22531519, 3.13132082, 2.83011479, 6.47949783,\n        2.40506315]]), array([0.16057304, 0.16057304, 0.16057304, 0.16057304, 0.16057304,\n       0.16057304, 0.16057304]))"}, "8": {"maxiter": 1000, "fatol": 1e-05, "xatol": 1e-05, "duration": 0.12534809112548828, "fun": "0.16057303547859192", "nit": "392", "nfev": "653", "status": "0", "success": "True", "message": "Optimization terminated successfully.", "x": "[1.03392316 7.22531519 3.13132082 2.83011479 6.47949783 2.40506315]", "final_simplex": "(array([[1.03392316, 7.22531519, 3.13132082, 2.83011479, 6.47949783,\n        2.40506315],\n       [1.03392048, 7.225313  , 3.13132191, 2.83011452, 6.47950241,\n        2.40506934],\n       [1.03392148, 7.22531306, 3.13132223, 2.830113  , 6.47950293,\n        2.40506897],\n       [1.03392227, 7.22531443, 3.13132149, 2.83011352, 6.47949873,\n        2.40506526],\n       [1.0339203 , 7.22531448, 3.13132224, 2.83011382, 6.47950374,\n        2.40507093],\n       [1.03392299, 7.22531336, 3.13132162, 2.83011476, 6.47950041,\n        2.40506702],\n       [1.03392343, 7.22531511, 3.13131972, 2.83011426, 6.47950166,\n        2.40506696]]), array([0.16057304, 0.16057304, 0.16057304, 0.16057304, 0.16057304,\n       0.16057304, 0.16057304]))"}, "9": {"maxiter": 1000, "fatol": 1e-05, "xatol": 1e-10, "duration": 0.15807723999023438, "fun": "0.16057303547859192", "nit": "409", "nfev": "789", "status": "0", "success": "True", "message": "Optimization terminated successfully.", "x": "[1.03392316 7.22531519 3.13132082 2.83011479 6.47949783 2.40506315]", "final_simplex": "(array([[1.03392316, 7.22531519, 3.13132082, 2.83011479, 6.47949783,\n        2.40506315],\n       [1.03392316, 7.22531519, 3.13132082, 2.83011479, 6.47949783,\n        2.40506315],\n       [1.03392316, 7.22531519, 3.13132082, 2.83011479, 6.47949783,\n        2.40506315],\n       [1.03392316, 7.22531519, 3.13132082, 2.83011479, 6.47949783,\n        2.40506315],\n       [1.03392316, 7.22531519, 3.13132082, 2.83011479, 6.47949783,\n        2.40506315],\n       [1.03392316, 7.22531519, 3.13132082, 2.83011479, 6.47949783,\n        2.40506315],\n       [1.03392316, 7.22531519, 3.13132082, 2.83011479, 6.47949783,\n        2.40506315]]), array([0.16057304, 0.16057304, 0.16057304, 0.16057304, 0.16057304,\n       0.16057304, 0.16057304]))"}, "10": {"maxiter": 1000, "fatol": 1e-10, "xatol": 1e-05, "duration": 0.13277173042297363, "fun": "0.16057303547859192", "nit": "392", "nfev": "653", "status": "0", "success": "True", "message": "Optimization terminated successfully.", "x": "[1.03392316 7.22531519 3.13132082 2.83011479 6.47949783 2.40506315]", "final_simplex": "(array([[1.03392316, 7.22531519, 3.13132082, 2.83011479, 6.47949783,\n        2.40506315],\n       [1.03392048, 7.225313  , 3.13132191, 2.83011452, 6.47950241,\n        2.40506934],\n       [1.03392148, 7.22531306, 3.13132223, 2.830113  , 6.47950293,\n        2.40506897],\n       [1.03392227, 7.22531443, 3.13132149, 2.83011352, 6.47949873,\n        2.40506526],\n       [1.0339203 , 7.22531448, 3.13132224, 2.83011382, 6.47950374,\n        2.40507093],\n       [1.03392299, 7.22531336, 3.13132162, 2.83011476, 6.47950041,\n        2.40506702],\n       [1.03392343, 7.22531511, 3.13131972, 2.83011426, 6.47950166,\n        2.40506696]]), array([0.16057304, 0.16057304, 0.16057304, 0.16057304, 0.16057304,\n       0.16057304, 0.16057304]))"}, "11": {"maxiter": 1000, "fatol": 1e-10, "xatol": 1e-10, "duration": 0.1522350311279297, "fun": "0.16057303547859192", "nit": "409", "nfev": "789", "status": "0", "success": "True", "message": "Optimization terminated successfully.", "x": "[1.03392316 7.22531519 3.13132082 2.83011479 6.47949783 2.40506315]", "final_simplex": "(array([[1.03392316, 7.22531519, 3.13132082, 2.83011479, 6.47949783,\n        2.40506315],\n       [1.03392316, 7.22531519, 3.13132082, 2.83011479, 6.47949783,\n        2.40506315],\n       [1.03392316, 7.22531519, 3.13132082, 2.83011479, 6.47949783,\n        2.40506315],\n       [1.03392316, 7.22531519, 3.13132082, 2.83011479, 6.47949783,\n        2.40506315],\n       [1.03392316, 7.22531519, 3.13132082, 2.83011479, 6.47949783,\n        2.40506315],\n       [1.03392316, 7.22531519, 3.13132082, 2.83011479, 6.47949783,\n        2.40506315],\n       [1.03392316, 7.22531519, 3.13132082, 2.83011479, 6.47949783,\n        2.40506315]]), array([0.16057304, 0.16057304, 0.16057304, 0.16057304, 0.16057304,\n       0.16057304, 0.16057304]))"}}, "bfgs": {"0": {"maxiter": 100, "gtol": 1e-05, "xrtol": 1e-05, "eps": 1e-05, "duration": 0.08789229393005371, "fun": "0.16057361662387848", "jac": "[0.         0.         0.         0.         0.         0.00149012]", "hess_inv": "[[ 5.50578954 -5.07985421  0.01821    -0.25737984 -1.74639636  1.00753865]\n [-5.07985421  5.0339263  -0.04794437  0.05059867  1.53689321 -0.95594922]\n [ 0.01821    -0.04794437  1.66394533  0.5357036  -1.1361004  -1.13909172]\n [-0.25737984  0.05059867  0.5357036   2.31945034 -1.11774282 -1.35043389]\n [-1.74639636  1.53689321 -1.1361004  -1.11774282  2.31456288  0.77497125]\n [ 1.00753865 -0.95594922 -1.13909172 -1.35043389  0.77497125  1.78149625]]", "nfev": "420", "njev": "60", "status": "0", "success": "True", "message": "Optimization terminated successfully.", "x": "[-1.03313475  4.0839175   6.27350264  2.82976269  6.47919747  2.40664423]", "nit": "41"}, "1": {"maxiter": 100, "gtol": 1e-05, "xrtol": 1e-05, "eps": 1e-10, "duration": 0.0021278858184814453, "fun": "0.6948686838150024", "jac": "[0. 0. 0. 0. 0. 0.]", "hess_inv": "[[1 0 0 0 0 0]\n [0 1 0 0 0 0]\n [0 0 1 0 0 0]\n [0 0 0 1 0 0]\n [0 0 0 0 1 0]\n [0 0 0 0 0 1]]", "nfev": "7", "njev": "1", "status": "0", "success": "True", "message": "Optimization terminated successfully.", "x": "[1.84143    4.00154554 4.12007986 2.93409842 4.83413184 3.82626275]", "nit": "0"}, "2": {"maxiter": 100, "gtol": 1e-05, "xrtol": 1e-10, "eps": 1e-05, "duration": 0.09091401100158691, "fun": "0.16057360172271729", "jac": "[0. 0. 0. 0. 0. 0.]", "hess_inv": "[[ 2.52077995 -2.1425602   1.30046445  0.24999161 -2.03281663 -0.70140672]\n [-2.1425602   2.14410754 -1.32010028 -0.46602295  1.82872127  0.7434144 ]\n [ 1.30046445 -1.32010028  1.32010889  0.66330787 -1.21183561 -0.75801261]\n [ 0.24999161 -0.46602295  0.66330787  2.81012649 -1.40091614 -1.64934664]\n [-2.03281663  1.82872127 -1.21183561 -1.40091614  2.47797296  0.95002424]\n [-0.70140672  0.7434144  -0.75801261 -1.64934664  0.95002424  1.40523841]]", "nfev": "441", "njev": "63", "status": "0", "success": "True", "message": "Optimization terminated successfully.", "x": "[-1.03271128  4.08346867  6.27396029  2.83075847  6.4786239   2.40579583]", "nit": "42"}, "3": {"maxiter": 100, "gtol": 1e-05, "xrtol": 1e-10, "eps": 1e-10, "duration": 0.0013308525085449219, "fun": "0.6948686838150024", "jac": "[0. 0. 0. 0. 0. 0.]", "hess_inv": "[[1 0 0 0 0 0]\n [0 1 0 0 0 0]\n [0 0 1 0 0 0]\n [0 0 0 1 0 0]\n [0 0 0 0 1 0]\n [0 0 0 0 0 1]]", "nfev": "7", "njev": "1", "status": "0", "success": "True", "message": "Optimization terminated successfully.", "x": "[1.84143    4.00154554 4.12007986 2.93409842 4.83413184 3.82626275]", "nit": "0"}, "4": {"maxiter": 100, "gtol": 1e-10, "xrtol": 1e-05, "eps": 1e-05, "duration": 0.08225798606872559, "fun": "0.16057361662387848", "jac": "[0.         0.         0.         0.         0.         0.00149012]", "hess_inv": "[[ 5.50578954 -5.07985421  0.01821    -0.25737984 -1.74639636  1.00753865]\n [-5.07985421  5.0339263  -0.04794437  0.05059867  1.53689321 -0.95594922]\n [ 0.01821    -0.04794437  1.66394533  0.5357036  -1.1361004  -1.13909172]\n [-0.25737984  0.05059867  0.5357036   2.31945034 -1.11774282 -1.35043389]\n [-1.74639636  1.53689321 -1.1361004  -1.11774282  2.31456288  0.77497125]\n [ 1.00753865 -0.95594922 -1.13909172 -1.35043389  0.77497125  1.78149625]]", "nfev": "420", "njev": "60", "status": "0", "success": "True", "message": "Optimization terminated successfully.", "x": "[-1.03313475  4.0839175   6.27350264  2.82976269  6.47919747  2.40664423]", "nit": "41"}, "5": {"maxiter": 100, "gtol": 1e-10, "xrtol": 1e-05, "eps": 1e-10, "duration": 0.0013430118560791016, "fun": "0.6948686838150024", "jac": "[0. 0. 0. 0. 0. 0.]", "hess_inv": "[[1 0 0 0 0 0]\n [0 1 0 0 0 0]\n [0 0 1 0 0 0]\n [0 0 0 1 0 0]\n [0 0 0 0 1 0]\n [0 0 0 0 0 1]]", "nfev": "7", "njev": "1", "status": "0", "success": "True", "message": "Optimization terminated successfully.", "x": "[1.84143    4.00154554 4.12007986 2.93409842 4.83413184 3.82626275]", "nit": "0"}, "6": {"maxiter": 100, "gtol": 1e-10, "xrtol": 1e-10, "eps": 1e-05, "duration": 0.08526015281677246, "fun": "0.16057360172271729", "jac": "[0. 0. 0. 0. 0. 0.]", "hess_inv": "[[ 2.52077995 -2.1425602   1.30046445  0.24999161 -2.03281663 -0.70140672]\n [-2.1425602   2.14410754 -1.32010028 -0.46602295  1.82872127  0.7434144 ]\n [ 1.30046445 -1.32010028  1.32010889  0.66330787 -1.21183561 -0.75801261]\n [ 0.24999161 -0.46602295  0.66330787  2.81012649 -1.40091614 -1.64934664]\n [-2.03281663  1.82872127 -1.21183561 -1.40091614  2.47797296  0.95002424]\n [-0.70140672  0.7434144  -0.75801261 -1.64934664  0.95002424  1.40523841]]", "nfev": "441", "njev": "63", "status": "0", "success": "True", "message": "Optimization terminated successfully.", "x": "[-1.03271128  4.08346867  6.27396029  2.83075847  6.4786239   2.40579583]", "nit": "42"}, "7": {"maxiter": 100, "gtol": 1e-10, "xrtol": 1e-10, "eps": 1e-10, "duration": 0.001361846923828125, "fun": "0.6948686838150024", "jac": "[0. 0. 0. 0. 0. 0.]", "hess_inv": "[[1 0 0 0 0 0]\n [0 1 0 0 0 0]\n [0 0 1 0 0 0]\n [0 0 0 1 0 0]\n [0 0 0 0 1 0]\n [0 0 0 0 0 1]]", "nfev": "7", "njev": "1", "status": "0", "success": "True", "message": "Optimization terminated successfully.", "x": "[1.84143    4.00154554 4.12007986 2.93409842 4.83413184 3.82626275]", "nit": "0"}, "8": {"maxiter": 500, "gtol": 1e-05, "xrtol": 1e-05, "eps": 1e-05, "duration": 0.08102607727050781, "fun": "0.16057361662387848", "jac": "[0.         0.         0.         0.         0.         0.00149012]", "hess_inv": "[[ 5.50578954 -5.07985421  0.01821    -0.25737984 -1.74639636  1.00753865]\n [-5.07985421  5.0339263  -0.04794437  0.05059867  1.53689321 -0.95594922]\n [ 0.01821    -0.04794437  1.66394533  0.5357036  -1.1361004  -1.13909172]\n [-0.25737984  0.05059867  0.5357036   2.31945034 -1.11774282 -1.35043389]\n [-1.74639636  1.53689321 -1.1361004  -1.11774282  2.31456288  0.77497125]\n [ 1.00753865 -0.95594922 -1.13909172 -1.35043389  0.77497125  1.78149625]]", "nfev": "420", "njev": "60", "status": "0", "success": "True", "message": "Optimization terminated successfully.", "x": "[-1.03313475  4.0839175   6.27350264  2.82976269  6.47919747  2.40664423]", "nit": "41"}, "9": {"maxiter": 500, "gtol": 1e-05, "xrtol": 1e-05, "eps": 1e-10, "duration": 0.0013201236724853516, "fun": "0.6948686838150024", "jac": "[0. 0. 0. 0. 0. 0.]", "hess_inv": "[[1 0 0 0 0 0]\n [0 1 0 0 0 0]\n [0 0 1 0 0 0]\n [0 0 0 1 0 0]\n [0 0 0 0 1 0]\n [0 0 0 0 0 1]]", "nfev": "7", "njev": "1", "status": "0", "success": "True", "message": "Optimization terminated successfully.", "x": "[1.84143    4.00154554 4.12007986 2.93409842 4.83413184 3.82626275]", "nit": "0"}, "10": {"maxiter": 500, "gtol": 1e-05, "xrtol": 1e-10, "eps": 1e-05, "duration": 0.08237195014953613, "fun": "0.16057360172271729", "jac": "[0. 0. 0. 0. 0. 0.]", "hess_inv": "[[ 2.52077995 -2.1425602   1.30046445  0.24999161 -2.03281663 -0.70140672]\n [-2.1425602   2.14410754 -1.32010028 -0.46602295  1.82872127  0.7434144 ]\n [ 1.30046445 -1.32010028  1.32010889  0.66330787 -1.21183561 -0.75801261]\n [ 0.24999161 -0.46602295  0.66330787  2.81012649 -1.40091614 -1.64934664]\n [-2.03281663  1.82872127 -1.21183561 -1.40091614  2.47797296  0.95002424]\n [-0.70140672  0.7434144  -0.75801261 -1.64934664  0.95002424  1.40523841]]", "nfev": "441", "njev": "63", "status": "0", "success": "True", "message": "Optimization terminated successfully.", "x": "[-1.03271128  4.08346867  6.27396029  2.83075847  6.4786239   2.40579583]", "nit": "42"}, "11": {"maxiter": 500, "gtol": 1e-05, "xrtol": 1e-10, "eps": 1e-10, "duration": 0.0013217926025390625, "fun": "0.6948686838150024", "jac": "[0. 0. 0. 0. 0. 0.]", "hess_inv": "[[1 0 0 0 0 0]\n [0 1 0 0 0 0]\n [0 0 1 0 0 0]\n [0 0 0 1 0 0]\n [0 0 0 0 1 0]\n [0 0 0 0 0 1]]", "nfev": "7", "njev": "1", "status": "0", "success": "True", "message": "Optimization terminated successfully.", "x": "[1.84143    4.00154554 4.12007986 2.93409842 4.83413184 3.82626275]", "nit": "0"}, "12": {"maxiter": 500, "gtol": 1e-10, "xrtol": 1e-05, "eps": 1e-05, "duration": 0.07797503471374512, "fun": "0.16057361662387848", "jac": "[0.         0.         0.         0.         0.         0.00149012]", "hess_inv": "[[ 5.50578954 -5.07985421  0.01821    -0.25737984 -1.74639636  1.00753865]\n [-5.07985421  5.0339263  -0.04794437  0.05059867  1.53689321 -0.95594922]\n [ 0.01821    -0.04794437  1.66394533  0.5357036  -1.1361004  -1.13909172]\n [-0.25737984  0.05059867  0.5357036   2.31945034 -1.11774282 -1.35043389]\n [-1.74639636  1.53689321 -1.1361004  -1.11774282  2.31456288  0.77497125]\n [ 1.00753865 -0.95594922 -1.13909172 -1.35043389  0.77497125  1.78149625]]", "nfev": "420", "njev": "60", "status": "0", "success": "True", "message": "Optimization terminated successfully.", "x": "[-1.03313475  4.0839175   6.27350264  2.82976269  6.47919747  2.40664423]", "nit": "41"}, "13": {"maxiter": 500, "gtol": 1e-10, "xrtol": 1e-05, "eps": 1e-10, "duration": 0.0013470649719238281, "fun": "0.6948686838150024", "jac": "[0. 0. 0. 0. 0. 0.]", "hess_inv": "[[1 0 0 0 0 0]\n [0 1 0 0 0 0]\n [0 0 1 0 0 0]\n [0 0 0 1 0 0]\n [0 0 0 0 1 0]\n [0 0 0 0 0 1]]", "nfev": "7", "njev": "1", "status": "0", "success": "True", "message": "Optimization terminated successfully.", "x": "[1.84143    4.00154554 4.12007986 2.93409842 4.83413184 3.82626275]", "nit": "0"}, "14": {"maxiter": 500, "gtol": 1e-10, "xrtol": 1e-10, "eps": 1e-05, "duration": 0.08144092559814453, "fun": "0.16057360172271729", "jac": "[0. 0. 0. 0. 0. 0.]", "hess_inv": "[[ 2.52077995 -2.1425602   1.30046445  0.24999161 -2.03281663 -0.70140672]\n [-2.1425602   2.14410754 -1.32010028 -0.46602295  1.82872127  0.7434144 ]\n [ 1.30046445 -1.32010028  1.32010889  0.66330787 -1.21183561 -0.75801261]\n [ 0.24999161 -0.46602295  0.66330787  2.81012649 -1.40091614 -1.64934664]\n [-2.03281663  1.82872127 -1.21183561 -1.40091614  2.47797296  0.95002424]\n [-0.70140672  0.7434144  -0.75801261 -1.64934664  0.95002424  1.40523841]]", "nfev": "441", "njev": "63", "status": "0", "success": "True", "message": "Optimization terminated successfully.", "x": "[-1.03271128  4.08346867  6.27396029  2.83075847  6.4786239   2.40579583]", "nit": "42"}, "15": {"maxiter": 500, "gtol": 1e-10, "xrtol": 1e-10, "eps": 1e-10, "duration": 0.0013401508331298828, "fun": "0.6948686838150024", "jac": "[0. 0. 0. 0. 0. 0.]", "hess_inv": "[[1 0 0 0 0 0]\n [0 1 0 0 0 0]\n [0 0 1 0 0 0]\n [0 0 0 1 0 0]\n [0 0 0 0 1 0]\n [0 0 0 0 0 1]]", "nfev": "7", "njev": "1", "status": "0", "success": "True", "message": "Optimization terminated successfully.", "x": "[1.84143    4.00154554 4.12007986 2.93409842 4.83413184 3.82626275]", "nit": "0"}, "16": {"maxiter": 1000, "gtol": 1e-05, "xrtol": 1e-05, "eps": 1e-05, "duration": 0.07846379280090332, "fun": "0.16057361662387848", "jac": "[0.         0.         0.         0.         0.         0.00149012]", "hess_inv": "[[ 5.50578954 -5.07985421  0.01821    -0.25737984 -1.74639636  1.00753865]\n [-5.07985421  5.0339263  -0.04794437  0.05059867  1.53689321 -0.95594922]\n [ 0.01821    -0.04794437  1.66394533  0.5357036  -1.1361004  -1.13909172]\n [-0.25737984  0.05059867  0.5357036   2.31945034 -1.11774282 -1.35043389]\n [-1.74639636  1.53689321 -1.1361004  -1.11774282  2.31456288  0.77497125]\n [ 1.00753865 -0.95594922 -1.13909172 -1.35043389  0.77497125  1.78149625]]", "nfev": "420", "njev": "60", "status": "0", "success": "True", "message": "Optimization terminated successfully.", "x": "[-1.03313475  4.0839175   6.27350264  2.82976269  6.47919747  2.40664423]", "nit": "41"}, "17": {"maxiter": 1000, "gtol": 1e-05, "xrtol": 1e-05, "eps": 1e-10, "duration": 0.001331329345703125, "fun": "0.6948686838150024", "jac": "[0. 0. 0. 0. 0. 0.]", "hess_inv": "[[1 0 0 0 0 0]\n [0 1 0 0 0 0]\n [0 0 1 0 0 0]\n [0 0 0 1 0 0]\n [0 0 0 0 1 0]\n [0 0 0 0 0 1]]", "nfev": "7", "njev": "1", "status": "0", "success": "True", "message": "Optimization terminated successfully.", "x": "[1.84143    4.00154554 4.12007986 2.93409842 4.83413184 3.82626275]", "nit": "0"}, "18": {"maxiter": 1000, "gtol": 1e-05, "xrtol": 1e-10, "eps": 1e-05, "duration": 0.08127522468566895, "fun": "0.16057360172271729", "jac": "[0. 0. 0. 0. 0. 0.]", "hess_inv": "[[ 2.52077995 -2.1425602   1.30046445  0.24999161 -2.03281663 -0.70140672]\n [-2.1425602   2.14410754 -1.32010028 -0.46602295  1.82872127  0.7434144 ]\n [ 1.30046445 -1.32010028  1.32010889  0.66330787 -1.21183561 -0.75801261]\n [ 0.24999161 -0.46602295  0.66330787  2.81012649 -1.40091614 -1.64934664]\n [-2.03281663  1.82872127 -1.21183561 -1.40091614  2.47797296  0.95002424]\n [-0.70140672  0.7434144  -0.75801261 -1.64934664  0.95002424  1.40523841]]", "nfev": "441", "njev": "63", "status": "0", "success": "True", "message": "Optimization terminated successfully.", "x": "[-1.03271128  4.08346867  6.27396029  2.83075847  6.4786239   2.40579583]", "nit": "42"}, "19": {"maxiter": 1000, "gtol": 1e-05, "xrtol": 1e-10, "eps": 1e-10, "duration": 0.0013129711151123047, "fun": "0.6948686838150024", "jac": "[0. 0. 0. 0. 0. 0.]", "hess_inv": "[[1 0 0 0 0 0]\n [0 1 0 0 0 0]\n [0 0 1 0 0 0]\n [0 0 0 1 0 0]\n [0 0 0 0 1 0]\n [0 0 0 0 0 1]]", "nfev": "7", "njev": "1", "status": "0", "success": "True", "message": "Optimization terminated successfully.", "x": "[1.84143    4.00154554 4.12007986 2.93409842 4.83413184 3.82626275]", "nit": "0"}, "20": {"maxiter": 1000, "gtol": 1e-10, "xrtol": 1e-05, "eps": 1e-05, "duration": 0.07939577102661133, "fun": "0.16057361662387848", "jac": "[0.         0.         0.         0.         0.         0.00149012]", "hess_inv": "[[ 5.50578954 -5.07985421  0.01821    -0.25737984 -1.74639636  1.00753865]\n [-5.07985421  5.0339263  -0.04794437  0.05059867  1.53689321 -0.95594922]\n [ 0.01821    -0.04794437  1.66394533  0.5357036  -1.1361004  -1.13909172]\n [-0.25737984  0.05059867  0.5357036   2.31945034 -1.11774282 -1.35043389]\n [-1.74639636  1.53689321 -1.1361004  -1.11774282  2.31456288  0.77497125]\n [ 1.00753865 -0.95594922 -1.13909172 -1.35043389  0.77497125  1.78149625]]", "nfev": "420", "njev": "60", "status": "0", "success": "True", "message": "Optimization terminated successfully.", "x": "[-1.03313475  4.0839175   6.27350264  2.82976269  6.47919747  2.40664423]", "nit": "41"}, "21": {"maxiter": 1000, "gtol": 1e-10, "xrtol": 1e-05, "eps": 1e-10, "duration": 0.0013670921325683594, "fun": "0.6948686838150024", "jac": "[0. 0. 0. 0. 0. 0.]", "hess_inv": "[[1 0 0 0 0 0]\n [0 1 0 0 0 0]\n [0 0 1 0 0 0]\n [0 0 0 1 0 0]\n [0 0 0 0 1 0]\n [0 0 0 0 0 1]]", "nfev": "7", "njev": "1", "status": "0", "success": "True", "message": "Optimization terminated successfully.", "x": "[1.84143    4.00154554 4.12007986 2.93409842 4.83413184 3.82626275]", "nit": "0"}, "22": {"maxiter": 1000, "gtol": 1e-10, "xrtol": 1e-10, "eps": 1e-05, "duration": 0.08649611473083496, "fun": "0.16057360172271729", "jac": "[0. 0. 0. 0. 0. 0.]", "hess_inv": "[[ 2.52077995 -2.1425602   1.30046445  0.24999161 -2.03281663 -0.70140672]\n [-2.1425602   2.14410754 -1.32010028 -0.46602295  1.82872127  0.7434144 ]\n [ 1.30046445 -1.32010028  1.32010889  0.66330787 -1.21183561 -0.75801261]\n [ 0.24999161 -0.46602295  0.66330787  2.81012649 -1.40091614 -1.64934664]\n [-2.03281663  1.82872127 -1.21183561 -1.40091614  2.47797296  0.95002424]\n [-0.70140672  0.7434144  -0.75801261 -1.64934664  0.95002424  1.40523841]]", "nfev": "441", "njev": "63", "status": "0", "success": "True", "message": "Optimization terminated successfully.", "x": "[-1.03271128  4.08346867  6.27396029  2.83075847  6.4786239   2.40579583]", "nit": "42"}, "23": {"maxiter": 1000, "gtol": 1e-10, "xrtol": 1e-10, "eps": 1e-10, "duration": 0.001422882080078125, "fun": "0.6948686838150024", "jac": "[0. 0. 0. 0. 0. 0.]", "hess_inv": "[[1 0 0 0 0 0]\n [0 1 0 0 0 0]\n [0 0 1 0 0 0]\n [0 0 0 1 0 0]\n [0 0 0 0 1 0]\n [0 0 0 0 0 1]]", "nfev": "7", "njev": "1", "status": "0", "success": "True", "message": "Optimization terminated successfully.", "x": "[1.84143    4.00154554 4.12007986 2.93409842 4.83413184 3.82626275]", "nit": "0"}}, "cobyla": {"0": {"maxiter": 100, "tol": 1e-05, "catol": 1e-05, "duration": 0.0191500186920166, "x": "[4.04248031 4.3882519  6.03634628 2.76352527 4.45276604 5.6379955 ]", "status": "2", "success": "False", "message": "Maximum number of function evaluations has been exceeded.", "nfev": "100", "fun": "0.2716865539550781", "maxcv": "0.0"}, "1": {"maxiter": 100, "tol": 1e-05, "catol": 1e-10, "duration": 0.01888298988342285, "x": "[4.04248031 4.3882519  6.03634628 2.76352527 4.45276604 5.6379955 ]", "status": "2", "success": "False", "message": "Maximum number of function evaluations has been exceeded.", "nfev": "100", "fun": "0.2716865539550781", "maxcv": "0.0"}, "2": {"maxiter": 100, "tol": 1e-10, "catol": 1e-05, "duration": 0.01861715316772461, "x": "[4.04248031 4.3882519  6.03634628 2.76352527 4.45276604 5.6379955 ]", "status": "2", "success": "False", "message": "Maximum number of function evaluations has been exceeded.", "nfev": "100", "fun": "0.2716865539550781", "maxcv": "0.0"}, "3": {"maxiter": 100, "tol": 1e-10, "catol": 1e-10, "duration": 0.021472930908203125, "x": "[4.04248031 4.3882519  6.03634628 2.76352527 4.45276604 5.6379955 ]", "status": "2", "success": "False", "message": "Maximum number of function evaluations has been exceeded.", "nfev": "100", "fun": "0.2716865539550781", "maxcv": "0.0"}, "4": {"maxiter": 500, "tol": 1e-05, "catol": 1e-05, "duration": 0.09637212753295898, "x": "[5.25578586 4.08020234 6.27554192 3.45466838 3.36065627 5.57428953]", "status": "2", "success": "False", "message": "Maximum number of function evaluations has been exceeded.", "nfev": "500", "fun": "0.160583034157753", "maxcv": "0.0"}, "5": {"maxiter": 500, "tol": 1e-05, "catol": 1e-10, "duration": 0.09250402450561523, "x": "[5.25578586 4.08020234 6.27554192 3.45466838 3.36065627 5.57428953]", "status": "2", "success": "False", "message": "Maximum number of function evaluations has been exceeded.", "nfev": "500", "fun": "0.160583034157753", "maxcv": "0.0"}, "6": {"maxiter": 500, "tol": 1e-10, "catol": 1e-05, "duration": 0.09081101417541504, "x": "[5.25578586 4.08020234 6.27554192 3.45466838 3.36065627 5.57428953]", "status": "2", "success": "False", "message": "Maximum number of function evaluations has been exceeded.", "nfev": "500", "fun": "0.160583034157753", "maxcv": "0.0"}, "7": {"maxiter": 500, "tol": 1e-10, "catol": 1e-10, "duration": 0.09186983108520508, "x": "[5.25578586 4.08020234 6.27554192 3.45466838 3.36065627 5.57428953]", "status": "2", "success": "False", "message": "Maximum number of function evaluations has been exceeded.", "nfev": "500", "fun": "0.160583034157753", "maxcv": "0.0"}, "8": {"maxiter": 1000, "tol": 1e-05, "catol": 1e-05, "duration": 0.1243290901184082, "x": "[5.25088849 4.0827413  6.2737391  3.45347314 3.34590279 5.55553072]", "status": "1", "success": "True", "message": "Optimization terminated successfully.", "nfev": "661", "fun": "0.16057409346103668", "maxcv": "0.0"}, "9": {"maxiter": 1000, "tol": 1e-05, "catol": 1e-10, "duration": 0.11694836616516113, "x": "[5.25088849 4.0827413  6.2737391  3.45347314 3.34590279 5.55553072]", "status": "1", "success": "True", "message": "Optimization terminated successfully.", "nfev": "661", "fun": "0.16057409346103668", "maxcv": "0.0"}, "10": {"maxiter": 1000, "tol": 1e-10, "catol": 1e-05, "duration": 0.12798285484313965, "x": "[5.25088849 4.0827413  6.2737391  3.45347314 3.34590279 5.55553072]", "status": "1", "success": "True", "message": "Optimization terminated successfully.", "nfev": "695", "fun": "0.16057409346103668", "maxcv": "0.0"}, "11": {"maxiter": 1000, "tol": 1e-10, "catol": 1e-10, "duration": 0.12680912017822266, "x": "[5.25088849 4.0827413  6.2737391  3.45347314 3.34590279 5.55553072]", "status": "1", "success": "True", "message": "Optimization terminated successfully.", "nfev": "695", "fun": "0.16057409346103668", "maxcv": "0.0"}}, "powell": {"0": {"maxiter": 100, "ftol": 1e-05, "xtol": 1e-05, "duration": 0.3420579433441162, "fun": "0.16057322919368744", "direc": "[[-3.95212391e-01 -1.41724036e+00 -1.56985781e+00  1.78115949e-01\n   2.89488602e-01  2.56408657e-01]\n [-6.16853732e-04 -4.67922066e-03 -1.60166319e-03 -6.67815014e-04\n   3.81376863e-02  3.76753377e-02]\n [-1.55652529e-02 -6.21509657e-03  9.32262763e-03  8.58139888e-03\n   1.86060166e-02  2.94134217e-02]\n [-3.01340442e-02 -9.09628378e-02  8.79175776e-02 -5.65059735e-02\n  -4.55674513e-02 -2.22428983e-02]\n [ 0.00000000e+00  0.00000000e+00  0.00000000e+00  0.00000000e+00\n   0.00000000e+00  1.00000000e+00]\n [-2.53130616e-03 -3.83189559e-04 -1.69822187e-03 -5.06880589e-04\n   3.37032667e-03  4.65405875e-03]]", "nit": "18", "nfev": "1660", "status": "0", "success": "True", "message": "Optimization terminated successfully.", "x": "[1.03390431 0.94110748 3.1315977  3.45372302 3.33690102 5.54574464]"}, "1": {"maxiter": 100, "ftol": 1e-05, "xtol": 1e-10, "duration": 0.6824979782104492, "fun": "0.1605731099843979", "direc": "[[-3.95492481e-01 -1.40623775e+00 -1.56503377e+00  1.76542571e-01\n   2.67050624e-01  2.33383594e-01]\n [-8.97356742e-04 -4.23974302e-03 -2.19548366e-03 -1.52664200e-03\n   3.86111590e-02  3.80997158e-02]\n [-1.74450163e-02 -6.76819432e-03  1.02858296e-02  1.01583123e-02\n   2.23650373e-02  3.46875876e-02]\n [-3.29866492e-02 -9.15675402e-02  9.57411666e-02 -5.96770950e-02\n  -3.92755416e-02 -1.43511856e-02]\n [ 0.00000000e+00  0.00000000e+00  0.00000000e+00  0.00000000e+00\n   0.00000000e+00  1.00000000e+00]\n [-1.80927530e-03 -1.97630473e-04 -1.14232517e-03 -2.78490978e-04\n   1.63428428e-03  2.29661699e-03]]", "nit": "18", "nfev": "3807", "status": "0", "success": "True", "message": "Optimization terminated successfully.", "x": "[1.03391008 0.94140034 3.13153094 3.45344219 3.33742826 5.54623585]"}, "2": {"maxiter": 100, "ftol": 1e-10, "xtol": 1e-05, "duration": 0.4160010814666748, "fun": "0.16057302057743073", "direc": "[[-2.53130616e-03 -3.83189559e-04 -1.69822187e-03 -5.06880589e-04\n   3.37032667e-03  4.65405875e-03]\n [-6.16853732e-04 -4.67922066e-03 -1.60166319e-03 -6.67815014e-04\n   3.81376863e-02  3.76753377e-02]\n [-1.55652529e-02 -6.21509657e-03  9.32262763e-03  8.58139888e-03\n   1.86060166e-02  2.94134217e-02]\n [-3.01340442e-02 -9.09628378e-02  8.79175776e-02 -5.65059735e-02\n  -4.55674513e-02 -2.22428983e-02]\n [ 0.00000000e+00  0.00000000e+00  0.00000000e+00  0.00000000e+00\n   0.00000000e+00  1.00000000e+00]\n [ 3.67677495e-05  1.86031700e-04 -4.38557531e-05 -1.87623999e-04\n   6.24220792e-04  5.71687683e-04]]", "nit": "22", "nfev": "2328", "status": "0", "success": "True", "message": "Optimization terminated successfully.", "x": "[1.03419685 0.94213673 3.13153035 3.45292463 3.33813466 5.54662204]"}, "3": {"maxiter": 100, "ftol": 1e-10, "xtol": 1e-10, "duration": 0.8221919536590576, "fun": "0.16057302057743073", "direc": "[[-1.80927530e-03 -1.97630473e-04 -1.14232517e-03 -2.78490978e-04\n   1.63428428e-03  2.29661699e-03]\n [-8.97356742e-04 -4.23974302e-03 -2.19548366e-03 -1.52664200e-03\n   3.86111590e-02  3.80997158e-02]\n [-1.74450163e-02 -6.76819432e-03  1.02858296e-02  1.01583123e-02\n   2.23650373e-02  3.46875876e-02]\n [-3.29866492e-02 -9.15675402e-02  9.57411666e-02 -5.96770950e-02\n  -3.92755416e-02 -1.43511856e-02]\n [ 0.00000000e+00  0.00000000e+00  0.00000000e+00  0.00000000e+00\n   0.00000000e+00  1.00000000e+00]\n [ 5.75291926e-05  2.39896934e-04 -1.15619109e-05 -2.10294954e-04\n   5.02194913e-04  3.59215245e-04]]", "nit": "21", "nfev": "4587", "status": "0", "success": "True", "message": "Optimization terminated successfully.", "x": "[1.03415439 0.94211294 3.13146788 3.45305785 3.33797764 5.54641616]"}, "4": {"maxiter": 500, "ftol": 1e-05, "xtol": 1e-05, "duration": 0.31786489486694336, "fun": "0.16057322919368744", "direc": "[[-3.95212391e-01 -1.41724036e+00 -1.56985781e+00  1.78115949e-01\n   2.89488602e-01  2.56408657e-01]\n [-6.16853732e-04 -4.67922066e-03 -1.60166319e-03 -6.67815014e-04\n   3.81376863e-02  3.76753377e-02]\n [-1.55652529e-02 -6.21509657e-03  9.32262763e-03  8.58139888e-03\n   1.86060166e-02  2.94134217e-02]\n [-3.01340442e-02 -9.09628378e-02  8.79175776e-02 -5.65059735e-02\n  -4.55674513e-02 -2.22428983e-02]\n [ 0.00000000e+00  0.00000000e+00  0.00000000e+00  0.00000000e+00\n   0.00000000e+00  1.00000000e+00]\n [-2.53130616e-03 -3.83189559e-04 -1.69822187e-03 -5.06880589e-04\n   3.37032667e-03  4.65405875e-03]]", "nit": "18", "nfev": "1660", "status": "0", "success": "True", "message": "Optimization terminated successfully.", "x": "[1.03390431 0.94110748 3.1315977  3.45372302 3.33690102 5.54574464]"}, "5": {"maxiter": 500, "ftol": 1e-05, "xtol": 1e-10, "duration": 0.7402191162109375, "fun": "0.1605731099843979", "direc": "[[-3.95492481e-01 -1.40623775e+00 -1.56503377e+00  1.76542571e-01\n   2.67050624e-01  2.33383594e-01]\n [-8.97356742e-04 -4.23974302e-03 -2.19548366e-03 -1.52664200e-03\n   3.86111590e-02  3.80997158e-02]\n [-1.74450163e-02 -6.76819432e-03  1.02858296e-02  1.01583123e-02\n   2.23650373e-02  3.46875876e-02]\n [-3.29866492e-02 -9.15675402e-02  9.57411666e-02 -5.96770950e-02\n  -3.92755416e-02 -1.43511856e-02]\n [ 0.00000000e+00  0.00000000e+00  0.00000000e+00  0.00000000e+00\n   0.00000000e+00  1.00000000e+00]\n [-1.80927530e-03 -1.97630473e-04 -1.14232517e-03 -2.78490978e-04\n   1.63428428e-03  2.29661699e-03]]", "nit": "18", "nfev": "3807", "status": "0", "success": "True", "message": "Optimization terminated successfully.", "x": "[1.03391008 0.94140034 3.13153094 3.45344219 3.33742826 5.54623585]"}, "6": {"maxiter": 500, "ftol": 1e-10, "xtol": 1e-05, "duration": 0.4701821804046631, "fun": "0.16057302057743073", "direc": "[[-2.53130616e-03 -3.83189559e-04 -1.69822187e-03 -5.06880589e-04\n   3.37032667e-03  4.65405875e-03]\