{"conf_id": 21, "data_type": "random\n", "num_data_points": 2, "s_rank": 0, "unitary": "[[-0.56303964-0.00798273j,-0.21670212-0.15784972j,-0.06047197-0.73952673j,-0.01438004+0.24552571j],[-0.06976756+0.23474685j,-0.01275565-0.5435098j,-0.02703657-0.08917885j,-0.08210486-0.79311774j],[-0.38559961+0.10714929j,0.5933431-0.2687392j,-0.24060861+0.29149289j,-0.45147719+0.26241743j],[-0.50180421+0.45931857j,-0.11617175+0.44134496j,0.49642745+0.22684508j,-0.08544628-0.15407063j]]", "databatch_0": {"databatch": "[[[0.04644028-0.0075379j,0.22763736+0.02772346j,-0.3707297-0.01731561j,-0.24462243+0.10169797j],[0.01740592-0.02658942j,0.1175632-0.100861j,-0.17758532+0.17694709j,-0.06077688+0.16831045j],[0.02492437-0.00933241j,0.12934574-0.00987117j,-0.20756477+0.03151613j,-0.12441203+0.08354534j],[-0.00537016+0.06681791j,-0.11580157+0.30552078j,0.1500828-0.5070401j,-0.05748376-0.37305113j]],[[-0.00992931-0.36644835j,-0.09492799+0.39570282j,0.08671627-0.0798808j,0.27302784-0.06345052j],[-0.14794628-0.23541555j,0.09077989+0.29499442j,0.0257786-0.08562889j,0.15376138-0.14682545j],[-0.04038463-0.32899402j,-0.05148863+0.36432486j,0.07119968-0.07934364j,0.24031173-0.08054297j],[-0.00840766-0.14420137j,-0.03253068+0.15700986j,0.03317232-0.0325247j,0.10675152-0.02834016j]]]", "nelder_mead": {"0": {"maxiter": 100, "fatol": 1e-05, "xatol": 1e-05, "duration": 0.028957843780517578, "fun": "0.1760885864496231", "nit": "100", "nfev": "164", "status": "2", "success": "False", "message": "Maximum number of iterations has been exceeded.", "x": "[ 6.0156855   7.04962413  6.14991964 -0.67894643  2.90266572  1.46575483]", "final_simplex": "(array([[ 6.0156855 ,  7.04962413,  6.14991964, -0.67894643,  2.90266572,\n         1.46575483],\n       [ 5.99274992,  6.99945764,  6.21366377, -0.64897001,  2.86313724,\n         1.49500741],\n       [ 5.98846659,  6.99781961,  6.219212  , -0.70080293,  2.89096258,\n         1.45611653],\n       [ 5.98010192,  7.00172363,  6.23821373, -0.65620264,  2.86984947,\n         1.47592698],\n       [ 6.02008501,  6.92906171,  6.25804142, -0.69091025,  2.90079029,\n         1.447877  ],\n       [ 6.02225576,  7.00721958,  6.19757593, -0.67477337,  2.86493156,\n         1.48410368],\n       [ 6.01120683,  7.02730193,  6.24338989, -0.69180224,  2.88016419,\n         1.46395023]]), array([0.17608859, 0.17624487, 0.17628573, 0.17638901, 0.17642619,\n       0.17643383, 0.17645866]))"}, "1": {"maxiter": 100, "fatol": 1e-05, "xatol": 1e-10, "duration": 0.02905583381652832, "fun": "0.1760885864496231", "nit": "100", "nfev": "164", "status": "2", "success": "False", "message": "Maximum number of iterations has been exceeded.", "x": "[ 6.0156855   7.04962413  6.14991964 -0.67894643  2.90266572  1.46575483]", "final_simplex": "(array([[ 6.0156855 ,  7.04962413,  6.14991964, -0.67894643,  2.90266572,\n         1.46575483],\n       [ 5.99274992,  6.99945764,  6.21366377, -0.64897001,  2.86313724,\n         1.49500741],\n       [ 5.98846659,  6.99781961,  6.219212  , -0.70080293,  2.89096258,\n         1.45611653],\n       [ 5.98010192,  7.00172363,  6.23821373, -0.65620264,  2.86984947,\n         1.47592698],\n       [ 6.02008501,  6.92906171,  6.25804142, -0.69091025,  2.90079029,\n         1.447877  ],\n       [ 6.02225576,  7.00721958,  6.19757593, -0.67477337,  2.86493156,\n         1.48410368],\n       [ 6.01120683,  7.02730193,  6.24338989, -0.69180224,  2.88016419,\n         1.46395023]]), array([0.17608859, 0.17624487, 0.17628573, 0.17638901, 0.17642619,\n       0.17643383, 0.17645866]))"}, "2": {"maxiter": 100, "fatol": 1e-10, "xatol": 1e-05, "duration": 0.028938770294189453, "fun": "0.1760885864496231", "nit": "100", "nfev": "164", "status": "2", "success": "False", "message": "Maximum number of iterations has been exceeded.", "x": "[ 6.0156855   7.04962413  6.14991964 -0.67894643  2.90266572  1.46575483]", "final_simplex": "(array([[ 6.0156855 ,  7.04962413,  6.14991964, -0.67894643,  2.90266572,\n         1.46575483],\n       [ 5.99274992,  6.99945764,  6.21366377, -0.64897001,  2.86313724,\n         1.49500741],\n       [ 5.98846659,  6.99781961,  6.219212  , -0.70080293,  2.89096258,\n         1.45611653],\n       [ 5.98010192,  7.00172363,  6.23821373, -0.65620264,  2.86984947,\n         1.47592698],\n       [ 6.02008501,  6.92906171,  6.25804142, -0.69091025,  2.90079029,\n         1.447877  ],\n       [ 6.02225576,  7.00721958,  6.19757593, -0.67477337,  2.86493156,\n         1.48410368],\n       [ 6.01120683,  7.02730193,  6.24338989, -0.69180224,  2.88016419,\n         1.46395023]]), array([0.17608859, 0.17624487, 0.17628573, 0.17638901, 0.17642619,\n       0.17643383, 0.17645866]))"}, "3": {"maxiter": 100, "fatol": 1e-10, "xatol": 1e-10, "duration": 0.028999805450439453, "fun": "0.1760885864496231", "nit": "100", "nfev": "164", "status": "2", "success": "False", "message": "Maximum number of iterations has been exceeded.", "x": "[ 6.0156855   7.04962413  6.14991964 -0.67894643  2.90266572  1.46575483]", "final_simplex": "(array([[ 6.0156855 ,  7.04962413,  6.14991964, -0.67894643,  2.90266572,\n         1.46575483],\n       [ 5.99274992,  6.99945764,  6.21366377, -0.64897001,  2.86313724,\n         1.49500741],\n       [ 5.98846659,  6.99781961,  6.219212  , -0.70080293,  2.89096258,\n         1.45611653],\n       [ 5.98010192,  7.00172363,  6.23821373, -0.65620264,  2.86984947,\n         1.47592698],\n       [ 6.02008501,  6.92906171,  6.25804142, -0.69091025,  2.90079029,\n         1.447877  ],\n       [ 6.02225576,  7.00721958,  6.19757593, -0.67477337,  2.86493156,\n         1.48410368],\n       [ 6.01120683,  7.02730193,  6.24338989, -0.69180224,  2.88016419,\n         1.46395023]]), array([0.17608859, 0.17624487, 0.17628573, 0.17638901, 0.17642619,\n       0.17643383, 0.17645866]))"}, "4": {"maxiter": 500, "fatol": 1e-05, "xatol": 1e-05, "duration": 0.08560776710510254, "fun": "0.17462991178035736", "nit": "266", "nfev": "472", "status": "0", "success": "True", "message": "Optimization terminated successfully.", "x": "[ 6.01872031  6.57726276  6.61437306 -0.69122284  2.88061184  1.57617048]", "final_simplex": "(array([[ 6.01872031,  6.57726276,  6.61437306, -0.69122284,  2.88061184,\n         1.57617048],\n       [ 6.01871982,  6.57726249,  6.61437451, -0.69122334,  2.88060992,\n         1.57617184],\n       [ 6.01871978,  6.57726317,  6.61437298, -0.69122329,  2.88061161,\n         1.57617055],\n       [ 6.01871981,  6.57725821,  6.61437776, -0.69122252,  2.88061147,\n         1.57617176],\n       [ 6.01871957,  6.57725681,  6.61437887, -0.69122279,  2.88060988,\n         1.5761723 ],\n       [ 6.01871893,  6.57726454,  6.61437132, -0.69122113,  2.88061068,\n         1.5761708 ],\n       [ 6.0187188 ,  6.57726189,  6.61437398, -0.69122173,  2.88061016,\n         1.57617213]]), array([0.17462991, 0.17462991, 0.17462991, 0.17462991, 0.17462991,\n       0.17462991, 0.17462991]))"}, "5": {"maxiter": 500, "fatol": 1e-05, "xatol": 1e-10, "duration": 0.10831999778747559, "fun": "0.17462991178035736", "nit": "282", "nfev": "600", "status": "0", "success": "True", "message": "Optimization terminated successfully.", "x": "[ 6.01872031  6.57726276  6.61437306 -0.69122284  2.88061184  1.57617048]", "final_simplex": "(array([[ 6.01872031,  6.57726276,  6.61437306, -0.69122284,  2.88061184,\n         1.57617048],\n       [ 6.01872031,  6.57726276,  6.61437306, -0.69122284,  2.88061184,\n         1.57617048],\n       [ 6.01872031,  6.57726276,  6.61437306, -0.69122284,  2.88061184,\n         1.57617048],\n       [ 6.01872031,  6.57726276,  6.61437306, -0.69122284,  2.88061184,\n         1.57617048],\n       [ 6.01872031,  6.57726276,  6.61437306, -0.69122284,  2.88061184,\n         1.57617048],\n       [ 6.01872031,  6.57726276,  6.61437306, -0.69122284,  2.88061184,\n         1.57617048],\n       [ 6.01872031,  6.57726276,  6.61437306, -0.69122284,  2.88061184,\n         1.57617048]]), array([0.17462991, 0.17462991, 0.17462991, 0.17462991, 0.17462991,\n       0.17462991, 0.17462991]))"}, "6": {"maxiter": 500, "fatol": 1e-10, "xatol": 1e-05, "duration": 0.08516621589660645, "fun": "0.17462991178035736", "nit": "266", "nfev": "472", "status": "0", "success": "True", "message": "Optimization terminated successfully.", "x": "[ 6.01872031  6.57726276  6.61437306 -0.69122284  2.88061184  1.57617048]", "final_simplex": "(array([[ 6.01872031,  6.57726276,  6.61437306, -0.69122284,  2.88061184,\n         1.57617048],\n       [ 6.01871982,  6.57726249,  6.61437451, -0.69122334,  2.88060992,\n         1.57617184],\n       [ 6.01871978,  6.57726317,  6.61437298, -0.69122329,  2.88061161,\n         1.57617055],\n       [ 6.01871981,  6.57725821,  6.61437776, -0.69122252,  2.88061147,\n         1.57617176],\n       [ 6.01871957,  6.57725681,  6.61437887, -0.69122279,  2.88060988,\n         1.5761723 ],\n       [ 6.01871893,  6.57726454,  6.61437132, -0.69122113,  2.88061068,\n         1.5761708 ],\n       [ 6.0187188 ,  6.57726189,  6.61437398, -0.69122173,  2.88061016,\n         1.57617213]]), array([0.17462991, 0.17462991, 0.17462991, 0.17462991, 0.17462991,\n       0.17462991, 0.17462991]))"}, "7": {"maxiter": 500, "fatol": 1e-10, "xatol": 1e-10, "duration": 0.10775971412658691, "fun": "0.17462991178035736", "nit": "282", "nfev": "600", "status": "0", "success": "True", "message": "Optimization terminated successfully.", "x": "[ 6.01872031  6.57726276  6.61437306 -0.69122284  2.88061184  1.57617048]", "final_simplex": "(array([[ 6.01872031,  6.57726276,  6.61437306, -0.69122284,  2.88061184,\n         1.57617048],\n       [ 6.01872031,  6.57726276,  6.61437306, -0.69122284,  2.88061184,\n         1.57617048],\n       [ 6.01872031,  6.57726276,  6.61437306, -0.69122284,  2.88061184,\n         1.57617048],\n       [ 6.01872031,  6.57726276,  6.61437306, -0.69122284,  2.88061184,\n         1.57617048],\n       [ 6.01872031,  6.57726276,  6.61437306, -0.69122284,  2.88061184,\n         1.57617048],\n       [ 6.01872031,  6.57726276,  6.61437306, -0.69122284,  2.88061184,\n         1.57617048],\n       [ 6.01872031,  6.57726276,  6.61437306, -0.69122284,  2.88061184,\n         1.57617048]]), array([0.17462991, 0.17462991, 0.17462991, 0.17462991, 0.17462991,\n       0.17462991, 0.17462991]))"}, "8": {"maxiter": 1000, "fatol": 1e-05, "xatol": 1e-05, "duration": 0.08523392677307129, "fun": "0.17462991178035736", "nit": "266", "nfev": "472", "status": "0", "success": "True", "message": "Optimization terminated successfully.", "x": "[ 6.01872031  6.57726276  6.61437306 -0.69122284  2.88061184  1.57617048]", "final_simplex": "(array([[ 6.01872031,  6.57726276,  6.61437306, -0.69122284,  2.88061184,\n         1.57617048],\n       [ 6.01871982,  6.57726249,  6.61437451, -0.69122334,  2.88060992,\n         1.57617184],\n       [ 6.01871978,  6.57726317,  6.61437298, -0.69122329,  2.88061161,\n         1.57617055],\n       [ 6.01871981,  6.57725821,  6.61437776, -0.69122252,  2.88061147,\n         1.57617176],\n       [ 6.01871957,  6.57725681,  6.61437887, -0.69122279,  2.88060988,\n         1.5761723 ],\n       [ 6.01871893,  6.57726454,  6.61437132, -0.69122113,  2.88061068,\n         1.5761708 ],\n       [ 6.0187188 ,  6.57726189,  6.61437398, -0.69122173,  2.88061016,\n         1.57617213]]), array([0.17462991, 0.17462991, 0.17462991, 0.17462991, 0.17462991,\n       0.17462991, 0.17462991]))"}, "9": {"maxiter": 1000, "fatol": 1e-05, "xatol": 1e-10, "duration": 0.10763192176818848, "fun": "0.17462991178035736", "nit": "282", "nfev": "600", "status": "0", "success": "True", "message": "Optimization terminated successfully.", "x": "[ 6.01872031  6.57726276  6.61437306 -0.69122284  2.88061184  1.57617048]", "final_simplex": "(array([[ 6.01872031,  6.57726276,  6.61437306, -0.69122284,  2.88061184,\n         1.57617048],\n       [ 6.01872031,  6.57726276,  6.61437306, -0.69122284,  2.88061184,\n         1.57617048],\n       [ 6.01872031,  6.57726276,  6.61437306, -0.69122284,  2.88061184,\n         1.57617048],\n       [ 6.01872031,  6.57726276,  6.61437306, -0.69122284,  2.88061184,\n         1.57617048],\n       [ 6.01872031,  6.57726276,  6.61437306, -0.69122284,  2.88061184,\n         1.57617048],\n       [ 6.01872031,  6.57726276,  6.61437306, -0.69122284,  2.88061184,\n         1.57617048],\n       [ 6.01872031,  6.57726276,  6.61437306, -0.69122284,  2.88061184,\n         1.57617048]]), array([0.17462991, 0.17462991, 0.17462991, 0.17462991, 0.17462991,\n       0.17462991, 0.17462991]))"}, "10": {"maxiter": 1000, "fatol": 1e-10, "xatol": 1e-05, "duration": 0.08532190322875977, "fun": "0.17462991178035736", "nit": "266", "nfev": "472", "status": "0", "success": "True", "message": "Optimization terminated successfully.", "x": "[ 6.01872031  6.57726276  6.61437306 -0.69122284  2.88061184  1.57617048]", "final_simplex": "(array([[ 6.01872031,  6.57726276,  6.61437306, -0.69122284,  2.88061184,\n         1.57617048],\n       [ 6.01871982,  6.57726249,  6.61437451, -0.69122334,  2.88060992,\n         1.57617184],\n       [ 6.01871978,  6.57726317,  6.61437298, -0.69122329,  2.88061161,\n         1.57617055],\n       [ 6.01871981,  6.57725821,  6.61437776, -0.69122252,  2.88061147,\n         1.57617176],\n       [ 6.01871957,  6.57725681,  6.61437887, -0.69122279,  2.88060988,\n         1.5761723 ],\n       [ 6.01871893,  6.57726454,  6.61437132, -0.69122113,  2.88061068,\n         1.5761708 ],\n       [ 6.0187188 ,  6.57726189,  6.61437398, -0.69122173,  2.88061016,\n         1.57617213]]), array([0.17462991, 0.17462991, 0.17462991, 0.17462991, 0.17462991,\n       0.17462991, 0.17462991]))"}, "11": {"maxiter": 1000, "fatol": 1e-10, "xatol": 1e-10, "duration": 0.10751795768737793, "fun": "0.17462991178035736", "nit": "282", "nfev": "600", "status": "0", "success": "True", "message": "Optimization terminated successfully.", "x": "[ 6.01872031  6.57726276  6.61437306 -0.69122284  2.88061184  1.57617048]", "final_simplex": "(array([[ 6.01872031,  6.57726276,  6.61437306, -0.69122284,  2.88061184,\n         1.57617048],\n       [ 6.01872031,  6.57726276,  6.61437306, -0.69122284,  2.88061184,\n         1.57617048],\n       [ 6.01872031,  6.57726276,  6.61437306, -0.69122284,  2.88061184,\n         1.57617048],\n       [ 6.01872031,  6.57726276,  6.61437306, -0.69122284,  2.88061184,\n         1.57617048],\n       [ 6.01872031,  6.57726276,  6.61437306, -0.69122284,  2.88061184,\n         1.57617048],\n       [ 6.01872031,  6.57726276,  6.61437306, -0.69122284,  2.88061184,\n         1.57617048],\n       [ 6.01872031,  6.57726276,  6.61437306, -0.69122284,  2.88061184,\n         1.57617048]]), array([0.17462991, 0.17462991, 0.17462991, 0.17462991, 0.17462991,\n       0.17462991, 0.17462991]))"}}, "bfgs": {"0": {"maxiter": 100, "gtol": 1e-05, "xrtol": 1e-05, "eps": 1e-05, "duration": 0.08425378799438477, "fun": "0.17471911013126373", "jac": "[0.         0.         0.00149012 0.         0.         0.        ]", "hess_inv": "[[ 4.01008008  0.05796912  1.13099234 -4.44241692  0.14432251 -0.71255335]\n [ 0.05796912  1.28058088  0.27641371 -0.3686836  -0.54805552  0.22241756]\n [ 1.13099234  0.27641371  1.46780138 -1.71391648 -1.07726512  0.65657198]\n [-4.44241692 -0.3686836  -1.71391648 10.77822786  0.68515941  0.60438068]\n [ 0.14432251 -0.54805552 -1.07726512  0.68515941  2.39579976 -1.30647891]\n [-0.71255335  0.22241756  0.65657198  0.60438068 -1.30647891  2.49669664]]", "nfev": "460", "njev": "64", "status": "2", "success": "False", "message": "Desired error not necessarily achieved due to precision loss.", "x": "[ 6.00945255  6.43225349  6.75068215 -0.6854833   2.87129277  1.60011192]", "nit": "19"}, "1": {"maxiter": 100, "gtol": 1e-05, "xrtol": 1e-05, "eps": 1e-10, "duration": 0.0013191699981689453, "fun": "0.5700042843818665", "jac": "[0. 0. 0. 0. 0. 0.]", "hess_inv": "[[1 0 0 0 0 0]\n [0 1 0 0 0 0]\n [0 0 1 0 0 0]\n [0 0 0 1 0 0]\n [0 0 0 0 1 0]\n [0 0 0 0 0 1]]", "nfev": "7", "njev": "1", "status": "0", "success": "True", "message": "Optimization terminated successfully.", "x": "[4.65162931 5.77424481 5.96552463 1.17155233 1.93757871 2.63252196]", "nit": "0"}, "2": {"maxiter": 100, "gtol": 1e-05, "xrtol": 1e-10, "eps": 1e-05, "duration": 0.08386778831481934, "fun": "0.17471911013126373", "jac": "[0.         0.         0.00149012 0.         0.         0.        ]", "hess_inv": "[[ 4.01008008  0.05796912  1.13099234 -4.44241692  0.14432251 -0.71255335]\n [ 0.05796912  1.28058088  0.27641371 -0.3686836  -0.54805552  0.22241756]\n [ 1.13099234  0.27641371  1.46780138 -1.71391648 -1.07726512  0.65657198]\n [-4.44241692 -0.3686836  -1.71391648 10.77822786  0.68515941  0.60438068]\n [ 0.14432251 -0.54805552 -1.07726512  0.68515941  2.39579976 -1.30647891]\n [-0.71255335  0.22241756  0.65657198  0.60438068 -1.30647891  2.49669664]]", "nfev": "460", "njev": "64", "status": "2", "success": "False", "message": "Desired error not necessarily achieved due to precision loss.", "x": "[ 6.00945255  6.43225349  6.75068215 -0.6854833   2.87129277  1.60011192]", "nit": "19"}, "3": {"maxiter": 100, "gtol": 1e-05, "xrtol": 1e-10, "eps": 1e-10, "duration": 0.001373291015625, "fun": "0.5700042843818665", "jac": "[0. 0. 0. 0. 0. 0.]", "hess_inv": "[[1 0 0 0 0 0]\n [0 1 0 0 0 0]\n [0 0 1 0 0 0]\n [0 0 0 1 0 0]\n [0 0 0 0 1 0]\n [0 0 0 0 0 1]]", "nfev": "7", "njev": "1", "status": "0", "success": "True", "message": "Optimization terminated successfully.", "x": "[4.65162931 5.77424481 5.96552463 1.17155233 1.93757871 2.63252196]", "nit": "0"}, "4": {"maxiter": 100, "gtol": 1e-10, "xrtol": 1e-05, "eps": 1e-05, "duration": 0.08459711074829102, "fun": "0.17471911013126373", "jac": "[0.         0.         0.00149012 0.         0.         0.        ]", "hess_inv": "[[ 4.01008008  0.05796912  1.13099234 -4.44241692  0.14432251 -0.71255335]\n [ 0.05796912  1.28058088  0.27641371 -0.3686836  -0.54805552  0.22241756]\n [ 1.13099234  0.27641371  1.46780138 -1.71391648 -1.07726512  0.65657198]\n [-4.44241692 -0.3686836  -1.71391648 10.77822786  0.68515941  0.60438068]\n [ 0.14432251 -0.54805552 -1.07726512  0.68515941  2.39579976 -1.30647891]\n [-0.71255335  0.22241756  0.65657198  0.60438068 -1.30647891  2.49669664]]", "nfev": "460", "njev": "64", "status": "2", "success": "False", "message": "Desired error not necessarily achieved due to precision loss.", "x": "[ 6.00945255  6.43225349  6.75068215 -0.6854833   2.87129277  1.60011192]", "nit": "19"}, "5": {"maxiter": 100, "gtol": 1e-10, "xrtol": 1e-05, "eps": 1e-10, "duration": 0.0013229846954345703, "fun": "0.5700042843818665", "jac": "[0. 0. 0. 0. 0. 0.]", "hess_inv": "[[1 0 0 0 0 0]\n [0 1 0 0 0 0]\n [0 0 1 0 0 0]\n [0 0 0 1 0 0]\n [0 0 0 0 1 0]\n [0 0 0 0 0 1]]", "nfev": "7", "njev": "1", "status": "0", "success": "True", "message": "Optimization terminated successfully.", "x": "[4.65162931 5.77424481 5.96552463 1.17155233 1.93757871 2.63252196]", "nit": "0"}, "6": {"maxiter": 100, "gtol": 1e-10, "xrtol": 1e-10, "eps": 1e-05, "duration": 0.08335161209106445, "fun": "0.17471911013126373", "jac": "[0.         0.         0.00149012 0.         0.         0.        ]", "hess_inv": "[[ 4.01008008  0.05796912  1.13099234 -4.44241692  0.14432251 -0.71255335]\n [ 0.05796912  1.28058088  0.27641371 -0.3686836  -0.54805552  0.22241756]\n [ 1.13099234  0.27641371  1.46780138 -1.71391648 -1.07726512  0.65657198]\n [-4.44241692 -0.3686836  -1.71391648 10.77822786  0.68515941  0.60438068]\n [ 0.14432251 -0.54805552 -1.07726512  0.68515941  2.39579976 -1.30647891]\n [-0.71255335  0.22241756  0.65657198  0.60438068 -1.30647891  2.49669664]]", "nfev": "460", "njev": "64", "status": "2", "success": "False", "message": "Desired error not necessarily achieved due to precision loss.", "x": "[ 6.00945255  6.43225349  6.75068215 -0.6854833   2.87129277  1.60011192]", "nit": "19"}, "7": {"maxiter": 100, "gtol": 1e-10, "xrtol": 1e-10, "eps": 1e-10, "duration": 0.0013120174407958984, "fun": "0.5700042843818665", "jac": "[0. 0. 0. 0. 0. 0.]", "hess_inv": "[[1 0 0 0 0 0]\n [0 1 0 0 0 0]\n [0 0 1 0 0 0]\n [0 0 0 1 0 0]\n [0 0 0 0 1 0]\n [0 0 0 0 0 1]]", "nfev": "7", "njev": "1", "status": "0", "success": "True", "message": "Optimization terminated successfully.", "x": "[4.65162931 5.77424481 5.96552463 1.17155233 1.93757871 2.63252196]", "nit": "0"}, "8": {"maxiter": 500, "gtol": 1e-05, "xrtol": 1e-05, "eps": 1e-05, "duration": 0.08231401443481445, "fun": "0.17471911013126373", "jac": "[0.         0.         0.00149012 0.         0.         0.        ]", "hess_inv": "[[ 4.01008008  0.05796912  1.13099234 -4.44241692  0.14432251 -0.71255335]\n [ 0.05796912  1.28058088  0.27641371 -0.3686836  -0.54805552  0.22241756]\n [ 1.13099234  0.27641371  1.46780138 -1.71391648 -1.07726512  0.65657198]\n [-4.44241692 -0.3686836  -1.71391648 10.77822786  0.68515941  0.60438068]\n [ 0.14432251 -0.54805552 -1.07726512  0.68515941  2.39579976 -1.30647891]\n [-0.71255335  0.22241756  0.65657198  0.60438068 -1.30647891  2.49669664]]", "nfev": "460", "njev": "64", "status": "2", "success": "False", "message": "Desired error not necessarily achieved due to precision loss.", "x": "[ 6.00945255  6.43225349  6.75068215 -0.6854833   2.87129277  1.60011192]", "nit": "19"}, "9": {"maxiter": 500, "gtol": 1e-05, "xrtol": 1e-05, "eps": 1e-10, "duration": 0.0012829303741455078, "fun": "0.5700042843818665", "jac": "[0. 0. 0. 0. 0. 0.]", "hess_inv": "[[1 0 0 0 0 0]\n [0 1 0 0 0 0]\n [0 0 1 0 0 0]\n [0 0 0 1 0 0]\n [0 0 0 0 1 0]\n [0 0 0 0 0 1]]", "nfev": "7", "njev": "1", "status": "0", "success": "True", "message": "Optimization terminated successfully.", "x": "[4.65162931 5.77424481 5.96552463 1.17155233 1.93757871 2.63252196]", "nit": "0"}, "10": {"maxiter": 500, "gtol": 1e-05, "xrtol": 1e-10, "eps": 1e-05, "duration": 0.08233499526977539, "fun": "0.17471911013126373", "jac": "[0.         0.         0.00149012 0.         0.         0.        ]", "hess_inv": "[[ 4.01008008  0.05796912  1.13099234 -4.44241692  0.14432251 -0.71255335]\n [ 0.05796912  1.28058088  0.27641371 -0.3686836  -0.54805552  0.22241756]\n [ 1.13099234  0.27641371  1.46780138 -1.71391648 -1.07726512  0.65657198]\n [-4.44241692 -0.3686836  -1.71391648 10.77822786  0.68515941  0.60438068]\n [ 0.14432251 -0.54805552 -1.07726512  0.68515941  2.39579976 -1.30647891]\n [-0.71255335  0.22241756  0.65657198  0.60438068 -1.30647891  2.49669664]]", "nfev": "460", "njev": "64", "status": "2", "success": "False", "message": "Desired error not necessarily achieved due to precision loss.", "x": "[ 6.00945255  6.43225349  6.75068215 -0.6854833   2.87129277  1.60011192]", "nit": "19"}, "11": {"maxiter": 500, "gtol": 1e-05, "xrtol": 1e-10, "eps": 1e-10, "duration": 0.001294851303100586, "fun": "0.5700042843818665", "jac": "[0. 0. 0. 0. 0. 0.]", "hess_inv": "[[1 0 0 0 0 0]\n [0 1 0 0 0 0]\n [0 0 1 0 0 0]\n [0 0 0 1 0 0]\n [0 0 0 0 1 0]\n [0 0 0 0 0 1]]", "nfev": "7", "njev": "1", "status": "0", "success": "True", "message": "Optimization terminated successfully.", "x": "[4.65162931 5.77424481 5.96552463 1.17155233 1.93757871 2.63252196]", "nit": "0"}, "12": {"maxiter": 500, "gtol": 1e-10, "xrtol": 1e-05, "eps": 1e-05, "duration": 0.08230876922607422, "fun": "0.17471911013126373", "jac": "[0.         0.         0.00149012 0.         0.         0.        ]", "hess_inv": "[[ 4.01008008  0.05796912  1.13099234 -4.44241692  0.14432251 -0.71255335]\n [ 0.05796912  1.28058088  0.27641371 -0.3686836  -0.54805552  0.22241756]\n [ 1.13099234  0.27641371  1.46780138 -1.71391648 -1.07726512  0.65657198]\n [-4.44241692 -0.3686836  -1.71391648 10.77822786  0.68515941  0.60438068]\n [ 0.14432251 -0.54805552 -1.07726512  0.68515941  2.39579976 -1.30647891]\n [-0.71255335  0.22241756  0.65657198  0.60438068 -1.30647891  2.49669664]]", "nfev": "460", "njev": "64", "status": "2", "success": "False", "message": "Desired error not necessarily achieved due to precision loss.", "x": "[ 6.00945255  6.43225349  6.75068215 -0.6854833   2.87129277  1.60011192]", "nit": "19"}, "13": {"maxiter": 500, "gtol": 1e-10, "xrtol": 1e-05, "eps": 1e-10, "duration": 0.0012881755828857422, "fun": "0.5700042843818665", "jac": "[0. 0. 0. 0. 0. 0.]", "hess_inv": "[[1 0 0 0 0 0]\n [0 1 0 0 0 0]\n [0 0 1 0 0 0]\n [0 0 0 1 0 0]\n [0 0 0 0 1 0]\n [0 0 0 0 0 1]]", "nfev": "7", "njev": "1", "status": "0", "success": "True", "message": "Optimization terminated successfully.", "x": "[4.65162931 5.77424481 5.96552463 1.17155233 1.93757871 2.63252196]", "nit": "0"}, "14": {"maxiter": 500, "gtol": 1e-10, "xrtol": 1e-10, "eps": 1e-05, "duration": 0.08182978630065918, "fun": "0.17471911013126373", "jac": "[0.         0.         0.00149012 0.         0.         0.        ]", "hess_inv": "[[ 4.01008008  0.05796912  1.13099234 -4.44241692  0.14432251 -0.71255335]\n [ 0.05796912  1.28058088  0.27641371 -0.3686836  -0.54805552  0.22241756]\n [ 1.13099234  0.27641371  1.46780138 -1.71391648 -1.07726512  0.65657198]\n [-4.44241692 -0.3686836  -1.71391648 10.77822786  0.68515941  0.60438068]\n [ 0.14432251 -0.54805552 -1.07726512  0.68515941  2.39579976 -1.30647891]\n [-0.71255335  0.22241756  0.65657198  0.60438068 -1.30647891  2.49669664]]", "nfev": "460", "njev": "64", "status": "2", "success": "False", "message": "Desired error not necessarily achieved due to precision loss.", "x": "[ 6.00945255  6.43225349  6.75068215 -0.6854833   2.87129277  1.60011192]", "nit": "19"}, "15": {"maxiter": 500, "gtol": 1e-10, "xrtol": 1e-10, "eps": 1e-10, "duration": 0.001280069351196289, "fun": "0.5700042843818665", "jac": "[0. 0. 0. 0. 0. 0.]", "hess_inv": "[[1 0 0 0 0 0]\n [0 1 0 0 0 0]\n [0 0 1 0 0 0]\n [0 0 0 1 0 0]\n [0 0 0 0 1 0]\n [0 0 0 0 0 1]]", "nfev": "7", "njev": "1", "status": "0", "success": "True", "message": "Optimization terminated successfully.", "x": "[4.65162931 5.77424481 5.96552463 1.17155233 1.93757871 2.63252196]", "nit": "0"}, "16": {"maxiter": 1000, "gtol": 1e-05, "xrtol": 1e-05, "eps": 1e-05, "duration": 0.08179783821105957, "fun": "0.17471911013126373", "jac": "[0.         0.         0.00149012 0.         0.         0.        ]", "hess_inv": "[[ 4.01008008  0.05796912  1.13099234 -4.44241692  0.14432251 -0.71255335]\n [ 0.05796912  1.28058088  0.27641371 -0.3686836  -0.54805552  0.22241756]\n [ 1.13099234  0.27641371  1.46780138 -1.71391648 -1.07726512  0.65657198]\n [-4.44241692 -0.3686836  -1.71391648 10.77822786  0.68515941  0.60438068]\n [ 0.14432251 -0.54805552 -1.07726512  0.68515941  2.39579976 -1.30647891]\n [-0.71255335  0.22241756  0.65657198  0.60438068 -1.30647891  2.49669664]]", "nfev": "460", "njev": "64", "status": "2", "success": "False", "message": "Desired error not necessarily achieved due to precision loss.", "x": "[ 6.00945255  6.43225349  6.75068215 -0.6854833   2.87129277  1.60011192]", "nit": "19"}, "17": {"maxiter": 1000, "gtol": 1e-05, "xrtol": 1e-05, "eps": 1e-10, "duration": 0.0012848377227783203, "fun": "0.5700042843818665", "jac": "[0. 0. 0. 0. 0. 0.]", "hess_inv": "[[1 0 0 0 0 0]\n [0 1 0 0 0 0]\n [0 0 1 0 0 0]\n [0 0 0 1 0 0]\n [0 0 0 0 1 0]\n [0 0 0 0 0 1]]", "nfev": "7", "njev": "1", "status": "0", "success": "True", "message": "Optimization terminated successfully.", "x": "[4.65162931 5.77424481 5.96552463 1.17155233 1.93757871 2.63252196]", "nit": "0"}, "18": {"maxiter": 1000, "gtol": 1e-05, "xrtol": 1e-10, "eps": 1e-05, "duration": 0.08217191696166992, "fun": "0.17471911013126373", "jac": "[0.         0.         0.00149012 0.         0.         0.        ]", "hess_inv": "[[ 4.01008008  0.05796912  1.13099234 -4.44241692  0.14432251 -0.71255335]\n [ 0.05796912  1.28058088  0.27641371 -0.3686836  -0.54805552  0.22241756]\n [ 1.13099234  0.27641371  1.46780138 -1.71391648 -1.07726512  0.65657198]\n [-4.44241692 -0.3686836  -1.71391648 10.77822786  0.68515941  0.60438068]\n [ 0.14432251 -0.54805552 -1.07726512  0.68515941  2.39579976 -1.30647891]\n [-0.71255335  0.22241756  0.65657198  0.60438068 -1.30647891  2.49669664]]", "nfev": "460", "njev": "64", "status": "2", "success": "False", "message": "Desired error not necessarily achieved due to precision loss.", "x": "[ 6.00945255  6.43225349  6.75068215 -0.6854833   2.87129277  1.60011192]", "nit": "19"}, "19": {"maxiter": 1000, "gtol": 1e-05, "xrtol": 1e-10, "eps": 1e-10, "duration": 0.0013380050659179688, "fun": "0.5700042843818665", "jac": "[0. 0. 0. 0. 0. 0.]", "hess_inv": "[[1 0 0 0 0 0]\n [0 1 0 0 0 0]\n [0 0 1 0 0 0]\n [0 0 0 1 0 0]\n [0 0 0 0 1 0]\n [0 0 0 0 0 1]]", "nfev": "7", "njev": "1", "status": "0", "success": "True", "message": "Optimization terminated successfully.", "x": "[4.65162931 5.77424481 5.96552463 1.17155233 1.93757871 2.63252196]", "nit": "0"}, "20": {"maxiter": 1000, "gtol": 1e-10, "xrtol": 1e-05, "eps": 1e-05, "duration": 0.08214712142944336, "fun": "0.17471911013126373", "jac": "[0.         0.         0.00149012 0.         0.         0.        ]", "hess_inv": "[[ 4.01008008  0.05796912  1.13099234 -4.44241692  0.14432251 -0.71255335]\n [ 0.05796912  1.28058088  0.27641371 -0.3686836  -0.54805552  0.22241756]\n [ 1.13099234  0.27641371  1.46780138 -1.71391648 -1.07726512  0.65657198]\n [-4.44241692 -0.3686836  -1.71391648 10.77822786  0.68515941  0.60438068]\n [ 0.14432251 -0.54805552 -1.07726512  0.68515941  2.39579976 -1.30647891]\n [-0.71255335  0.22241756  0.65657198  0.60438068 -1.30647891  2.49669664]]", "nfev": "460", "njev": "64", "status": "2", "success": "False", "message": "Desired error not necessarily achieved due to precision loss.", "x": "[ 6.00945255  6.43225349  6.75068215 -0.6854833   2.87129277  1.60011192]", "nit": "19"}, "21": {"maxiter": 1000, "gtol": 1e-10, "xrtol": 1e-05, "eps": 1e-10, "duration": 0.0012850761413574219, "fun": "0.5700042843818665", "jac": "[0. 0. 0. 0. 0. 0.]", "hess_inv": "[[1 0 0 0 0 0]\n [0 1 0 0 0 0]\n [0 0 1 0 0 0]\n [0 0 0 1 0 0]\n [0 0 0 0 1 0]\n [0 0 0 0 0 1]]", "nfev": "7", "njev": "1", "status": "0", "success": "True", "message": "Optimization terminated successfully.", "x": "[4.65162931 5.77424481 5.96552463 1.17155233 1.93757871 2.63252196]", "nit": "0"}, "22": {"maxiter": 1000, "gtol": 1e-10, "xrtol": 1e-10, "eps": 1e-05, "duration": 0.08202481269836426, "fun": "0.17471911013126373", "jac": "[0.         0.         0.00149012 0.         0.         0.        ]", "hess_inv": "[[ 4.01008008  0.05796912  1.13099234 -4.44241692  0.14432251 -0.71255335]\n [ 0.05796912  1.28058088  0.27641371 -0.3686836  -0.54805552  0.22241756]\n [ 1.13099234  0.27641371  1.46780138 -1.71391648 -1.07726512  0.65657198]\n [-4.44241692 -0.3686836  -1.71391648 10.77822786  0.68515941  0.60438068]\n [ 0.14432251 -0.54805552 -1.07726512  0.68515941  2.39579976 -1.30647891]\n [-0.71255335  0.22241756  0.65657198  0.60438068 -1.30647891  2.49669664]]", "nfev": "460", "njev": "64", "status": "2", "success": "False", "message": "Desired error not necessarily achieved due to precision loss.", "x": "[ 6.00945255  6.43225349  6.75068215 -0.6854833   2.87129277  1.60011192]", "nit": "19"}, "23": {"maxiter": 1000, "gtol": 1e-10, "xrtol": 1e-10, "eps": 1e-10, "duration": 0.0012860298156738281, "fun": "0.5700042843818665", "jac": "[0. 0. 0. 0. 0. 0.]", "hess_inv": "[[1 0 0 0 0 0]\n [0 1 0 0 0 0]\n [0 0 1 0 0 0]\n [0 0 0 1 0 0]\n [0 0 0 0 1 0]\n [0 0 0 0 0 1]]", "nfev": "7", "njev": "1", "status": "0", "success": "True", "message": "Optimization terminated successfully.", "x": "[4.65162931 5.77424481 5.96552463 1.17155233 1.93757871 2.63252196]", "nit": "0"}}, "cobyla": {"0": {"maxiter": 100, "tol": 1e-05, "catol": 1e-05, "duration": 0.017429113388061523, "x": "[5.75193005 6.64685233 6.44793857 0.03717988 1.52583164 2.98706214]", "status": "2", "success": "False", "message": "Maximum number of function evaluations has been exceeded.", "nfev": "100", "fun": "0.19573122262954712", "maxcv": "0.0"}, "1": {"maxiter": 100, "tol": 1e-05, "catol": 1e-10, "duration": 0.017322063446044922, "x": "[5.75193005 6.64685233 6.44793857 0.03717988 1.52583164 2.98706214]", "status": "2", "success": "False", "message": "Maximum number of function evaluations has been exceeded.", "nfev": "100", "fun": "0.19573122262954712", "maxcv": "0.0"}, "2": {"maxiter": 100, "tol": 1e-10, "catol": 1e-05, "duration": 0.017335176467895508, "x": "[5.75193005 6.64685233 6.44793857 0.03717988 1.52583164 2.98706214]", "status": "2", "success": "False", "message": "Maximum number of function evaluations has been exceeded.", "nfev": "100", "fun": "0.19573122262954712", "maxcv": "0.0"}, "3": {"maxiter": 100, "tol": 1e-10, "catol": 1e-10, "duration": 0.01731395721435547, "x": "[5.75193005 6.64685233 6.44793857 0.03717988 1.52583164 2.98706214]", "status": "2", "success": "False", "message": "Maximum number of function evaluations has been exceeded.", "nfev": "100", "fun": "0.19573122262954712", "maxcv": "0.0"}, "4": {"maxiter": 500, "tol": 1e-05, "catol": 1e-05, "duration": 0.08624982833862305, "x": "[ 5.71651566  6.37550941  6.69243128 -0.01799514  1.56676819  2.99052476]", "status": "2", "success": "False", "message": "Maximum number of function evaluations has been exceeded.", "nfev": "500", "fun": "0.1944810301065445", "maxcv": "0.0"}, "5": {"maxiter": 500, "tol": 1e-05, "catol": 1e-10, "duration": 0.08613109588623047, "x": "[ 5.71651566  6.37550941  6.69243128 -0.01799514  1.56676819  2.99052476]", "status": "2", "success": "False", "message": "Maximum number of function evaluations has been exceeded.", "nfev": "500", "fun": "0.1944810301065445", "maxcv": "0.0"}, "6": {"maxiter": 500, "tol": 1e-10, "catol": 1e-05, "duration": 0.08875608444213867, "x": "[ 5.71651566  6.37550941  6.69243128 -0.01799514  1.56676819  2.99052476]", "status": "2", "success": "False", "message": "Maximum number of function evaluations has been exceeded.", "nfev": "500", "fun": "0.1944810301065445", "maxcv": "0.0"}, "7": {"maxiter": 500, "tol": 1e-10, "catol": 1e-10, "duration": 0.09050130844116211, "x": "[ 5.71651566  6.37550941  6.69243128 -0.01799514  1.56676819  2.99052476]", "status": "2", "success": "False", "message": "Maximum number of function evaluations has been exceeded.", "nfev": "500", "fun": "0.1944810301065445", "maxcv": "0.0"}, "8": {"maxiter": 1000, "tol": 1e-05, "catol": 1e-05, "duration": 0.17718005180358887, "x": "[ 5.7070379   6.31990606  6.76491265 -0.09382533  1.82732279  2.731503  ]", "status": "2", "success": "False", "message": "Maximum number of function evaluations has been exceeded.", "nfev": "1000", "fun": "0.19354833662509918", "maxcv": "0.0"}, "9": {"maxiter": 1000, "tol": 1e-05, "catol": 1e-10, "duration": 0.17694616317749023, "x": "[ 5.7070379   6.31990606  6.76491265 -0.09382533  1.82732279  2.731503  ]", "status": "2", "success": "False", "message": "Maximum number of function evaluations has been exceeded.", "nfev": "1000", "fun": "0.19354833662509918", "maxcv": "0.0"}, "10": {"maxiter": 1000, "tol": 1e-10, "catol": 1e-05, "duration": 0.1781008243560791, "x": "[ 5.7070379   6.31990606  6.76491265 -0.09382533  1.82732279  2.731503  ]", "status": "2", "success": "False", "message": "Maximum number of function evaluations has been exceeded.", "nfev": "1000", "fun": "0.19354833662509918", "maxcv": "0.0"}, "11": {"maxiter": 1000, "tol": 1e-10, "catol": 1e-10, "duration": 0.177077054977417, "x": "[ 5.7070379   6.31990606  6.76491265 -0.09382533  1.82732279  2.731503  ]", "status": "2", "success": "False", "message": "Maximum number of function evaluations has been exceeded.", "nfev": "1000", "fun": "0.19354833662509918", "maxcv": "0.0"}}, "powell": {"0": {"maxiter": 100, "ftol": 1e-05, "xtol": 1e-05, "duration": 0.3384389877319336, "fun": "0.17462998628616333", "direc": "[[ 1.35173945e-02  1.27283023e-01 -1.34209750e-01 -1.86382650e-02\n   3.48630947e-02 -1.71633924e-02]\n [ 3.45071148e-02  7.26692401e-02 -4.34568988e-02  3.01230865e-02\n  -4.95744749e-03 -2.45955813e-02]\n [-1.82973983e-02  1.27087385e-01 -1.15771639e-01 -8.94923753e-03\n  -2.08809830e-02 -2.47800392e-03]\n [ 0.00000000e+00  0.00000000e+00  0.00000000e+00  1.00000000e+00\n   0.00000000e+00  0.00000000e+00]\n [ 1.84789278e-01 -3.11239123e-01  3.56373681e-01  4.02378603e-01\n  -1.43562481e+00  1.60896107e+00]\n [ 5.11989884e-04  6.85361009e-03 -1.11629434e-02 -1.91576239e-03\n   3.88235066e-03 -2.74179960e-03]]", "nit": "21", "nfev": "1931", "status": "0", "success": "True", "message": "Optimization terminated successfully.", "x": "[ 6.01788546  6.57545829  6.61605695  0.69010689 -0.26094378  4.71842362]"}, "1": {"maxiter": 100, "ftol": 1e-05, "xtol": 1e-10, "duration": 0.7861759662628174, "fun": "0.17462992668151855", "direc": "[[ 1.99728479e-02  1.18835217e-01 -1.22940855e-01 -1.06039008e-02\n   3.50546615e-02 -2.17301975e-02]\n [ 2.40307619e-02  5.68646217e-02 -3.16835189e-02  2.59157852e-02\n  -7.96820591e-03 -1.80014022e-02]\n [-1.65981174e-02  1.21119499e-01 -1.09317835e-01 -1.01640651e-02\n  -1.80964543e-02 -1.85558110e-03]\n [ 0.00000000e+00  0.00000000e+00  0.00000000e+00  1.00000000e+00\n   0.00000000e+00  0.00000000e+00]\n [ 2.24920557e-01 -2.43751141e-01  3.02362786e-01  3.99536423e-01\n  -1.40470964e+00  1.55730456e+00]\n [ 1.39729674e-03  1.12505124e-02 -1.60117160e-02 -1.36868458e-03\n   4.62133766e-03 -4.17398328e-03]]", "nit": "21", "nfev": "4519", "status": "0", "success": "True", "message": "Optimization terminated successfully.", "x": "[ 6.01825368  6.57638667  6.61518035  0.69059166 -0.26096112  4.7181701 ]"}, "2": {"maxiter": 100, "ftol": 1e-10, "xtol": 1e-05, "duration": 0.4152560234069824, "fun": "0.17462992668151855", "direc": "[[ 1.35173945e-02  1.27283023e-01 -1.34209750e-01 -1.86382650e-02\n   3.48630947e-02 -1.71633924e-02]\n [ 3.45071148e-02  7.26692401e-02 -4.34568988e-02  3.01230865e-02\n  -4.95744749e-03 -2.45955813e-02]\n [-1.82973983e-02  1.27087385e-01 -1.15771639e-01 -8.94923753e-03\n  -2.08809830e-02 -2.47800392e-03]\n [ 0.00000000e+00  0.00000000e+00  0.00000000e+00  1.00000000e+00\n   0.00000000e+00  0.00000000e+00]\n [ 1.84789278e-01 -3.11239123e-01  3.56373681e-01  4.02378603e-01\n  -1.43562481e+00  1.60896107e+00]\n [ 5.11989884e-04  6.85361009e-03 -1.11629434e-02 -1.91576239e-03\n   3.88235066e-03 -2.74179960e-03]]", "nit": "23", "nfev": "2351", "status": "0", "success": "True", "message": "Optimization terminated successfully.", "x": "[ 6.01804121  6.57516341  6.6163278   0.69040036 -0.26124066  4.71846896]"}, "3": {"maxiter": 100, "ftol": 1e-10, "xtol": 1e-10, "duration": 0.8941080570220947, "fun": "0.17462991178035736", "direc": "[[ 1.99728479e-02  1.18835217e-01 -1.22940855e-01 -1.06039008e-02\n   3.50546615e-02 -2.17301975e-02]\n [ 1.39729674e-03  1.12505124e-02 -1.60117160e-02 -1.36868458e-03\n   4.62133766e-03 -4.17398328e-03]\n [-1.65981174e-02  1.21119499e-01 -1.09317835e-01 -1.01640651e-02\n  -1.80964543e-02 -1.85558110e-03]\n [ 0.00000000e+00  0.00000000e+00  0.00000000e+00  1.00000000e+00\n   0.00000000e+00  0.00000000e+00]\n [ 2.24920557e-01 -2.43751141e-01  3.02362786e-01  3.99536423e-01\n  -1.40470964e+00  1.55730456e+00]\n [ 3.42498711e-05 -6.24050919e-05  1.48470519e-04  1.01360663e-04\n  -9.48892986e-05 -1.20904654e-05]]", "nit": "23", "nfev": "5077", "status": "0", "success": "True", "message": "Optimization terminated successfully.", "x": "[ 6.01836451  6.57618472  6.61566081  0.69091967 -0.26126819  4.71813098]"}, "4": {"maxiter": 500, "ftol": 1e-05, "xtol": 1e-05, "duration": 0.341249942779541, "fun": "0.17462998628616333", "direc": "[[ 1.35173945e-02  1.27283023e-01 -1.34209750e-01 -1.86382650e-02\n   3.48630947e-02 -1.71633924e-02]\n [ 3.45071148e-02  7.26692401e-02 -4.34568988e-02  3.01230865e-02\n  -4.95744749e-03 -2.45955813e-02]\n [-1.82973983e-02  1.27087385e-01 -1.15771639e-01 -8.94923753e-03\n  -2.08809830e-02 -2.47800392e-03]\n [ 0.00000000e+00  0.00000000e+00  0.00000000e+00  1.00000000e+00\n   0.00000000e+00  0.00000000e+00]\n [ 1.84789278e-01 -3.11239123e-01  3.56373681e-01  4.02378603e-01\n  -1.43562481e+00  1.60896107e+00]\n [ 5.11989884e-04  6.85361009e-03 -1.11629434e-02 -1.91576239e-03\n   3.88235066e-03 -2.74179960e-03]]", "nit": "21", "nfev": "193