{"date": "2024/07/22/, 22:35:06", "conf_id": 32, "data_type": "random\n", "num_data_points": 2, "s_rank": 0, "unitary": "[[0.18663085-0.53122324j,-0.11886349-0.70040876j,0.28555095-0.02789305j,-0.12262021-0.2844587j],[-0.16702216+0.27758472j,0.27526351-0.29738586j,-0.01109314+0.22495461j,-0.77239203+0.28900673j],[0.61935415+0.12301792j,-0.31269928-0.03315917j,-0.61902762-0.19039079j,-0.27120731-0.0968989j],[0.42341754+0.0023929j,-0.05847358+0.47832119j,0.64900495-0.16218422j,-0.37182676-0.05229966j]]", "databatch_0": {"databatch": "[[[-0.1167353-3.54472494e-02j,-0.07733927-4.22458611e-02j,0.18972148+1.59306283e-01j,-0.00988317-1.01387487e-01j],[0.11716778-1.15005742e-01j,0.2459797+2.21327291e-01j,-0.5537366+5.89814508e-03j,0.11203658+1.50247825e-01j],[0.12580555-2.74869361e-03j,0.04317723+1.50882938e-01j,-0.44689355+2.23225476e-01j,0.03110248-2.23167313e-02j],[0.04510131-2.22121454e-01j,-0.07131045+1.36321467e-01j,-0.21051025-6.61880737e-02j,0.08107047+7.47423684e-02j]],[[-0.15727538+6.06632556e-02j,-0.01714066+1.44985605e-02j,0.04367731-1.28429140e-01j,-0.13238434+5.80920291e-02j],[-0.17297563-2.46442576e-01j,0.25620729+3.91552788e-01j,-0.06412981-1.65886464e-01j,0.08264627-1.25640811e-01j],[-0.12250902+2.81284504e-01j,0.11802787+1.03863763e-04j,-0.19602381-2.42109151e-01j,-0.04374071+1.87525681e-01j],[0.10800755+9.88253600e-02j,0.17141208+3.34489193e-01j,-0.27608081-3.19598906e-02j,0.23575815+1.73835104e-01j]]]", "initial param values": "[2.17974342,3.30557575,4.863378,0.13075283,1.54779115,3.89494531]", "bfgs": {"type": "gradient", "0": {"maxiter": 100, "gtol": 1e-05, "xrtol": 1e-05, "eps": 1e-05, "duration": 0.044792890548706055, "fun": "0.22418950583043862", "jac": "[-2.62556643e-07 -3.90576460e-08 -7.50433049e-07  4.55235849e-07\n -6.78013201e-08  1.50413015e-07]", "hess_inv": "[[ 7.82412261 -0.54018851  4.86237082  6.3415148   7.24697499 10.65058814]\n [-0.54018851  4.05812929 -2.28290429 -0.89782035 -4.03861468 -2.88386332]\n [ 4.86237082 -2.28290429  9.63426792  5.78387934 14.16172173 18.15371814]\n [ 6.3415148  -0.89782035  5.78387934  8.24199484  8.7184554  12.00459209]\n [ 7.24697499 -4.03861468 14.16172173  8.7184554  40.24522426 43.77086576]\n [10.65058814 -2.88386332 18.15371814 12.00459209 43.77086576 53.60287203]]", "nfev": "259", "njev": "37", "status": "0", "success": "True", "message": "Optimization terminated successfully.", "x": "[5.16852189 4.07770388 6.6301918  2.76698843 0.7425821  2.87844456]", "nit": "30"}, "1": {"maxiter": 100, "gtol": 1e-05, "xrtol": 1e-05, "eps": 1e-10, "duration": 0.04507279396057129, "fun": "0.2241895053040852", "jac": "[-3.33066880e-06  1.11022293e-06 -1.11022293e-06  2.22044587e-06\n  1.11022293e-06  2.22044587e-06]", "hess_inv": "[[11.9034723  -0.19566687  7.02238592 10.20459973 11.83430003 18.73208927]\n [-0.19566687  3.92790529 -1.45068392 -0.34760626 -1.91434253 -0.39189951]\n [ 7.02238592 -1.45068392  8.58652514  7.30452433 10.84473396 16.53220164]\n [10.20459973 -0.34760626  7.30452433 11.84871766 11.83903839 18.45948877]\n [11.83430003 -1.91434253 10.84473396 11.83903839 30.68879854 37.79894481]\n [18.73208927 -0.39189951 16.53220164 18.45948877 37.79894481 54.21125075]]", "nfev": "266", "njev": "38", "status": "0", "success": "True", "message": "Optimization terminated successfully.", "x": "[5.16861395 4.07768585 6.63032312 2.76709398 0.74286872 2.87878986]", "nit": "30"}, "2": {"maxiter": 100, "gtol": 1e-05, "xrtol": 1e-10, "eps": 1e-05, "duration": 0.04385209083557129, "fun": "0.22418950583043862", "jac": "[-2.62556643e-07 -3.90576460e-08 -7.50433049e-07  4.55235849e-07\n -6.78013201e-08  1.50413015e-07]", "hess_inv": "[[ 7.82412261 -0.54018851  4.86237082  6.3415148   7.24697499 10.65058814]\n [-0.54018851  4.05812929 -2.28290429 -0.89782035 -4.03861468 -2.88386332]\n [ 4.86237082 -2.28290429  9.63426792  5.78387934 14.16172173 18.15371814]\n [ 6.3415148  -0.89782035  5.78387934  8.24199484  8.7184554  12.00459209]\n [ 7.24697499 -4.03861468 14.16172173  8.7184554  40.24522426 43.77086576]\n [10.65058814 -2.88386332 18.15371814 12.00459209 43.77086576 53.60287203]]", "nfev": "259", "njev": "37", "status": "0", "success": "True", "message": "Optimization terminated successfully.", "x": "[5.16852189 4.07770388 6.6301918  2.76698843 0.7425821  2.87844456]", "nit": "30"}, "3": {"maxiter": 100, "gtol": 1e-05, "xrtol": 1e-10, "eps": 1e-10, "duration": 0.04505801200866699, "fun": "0.2241895053040852", "jac": "[-3.33066880e-06  1.11022293e-06 -1.11022293e-06  2.22044587e-06\n  1.11022293e-06  2.22044587e-06]", "hess_inv": "[[11.9034723  -0.19566687  7.02238592 10.20459973 11.83430003 18.73208927]\n [-0.19566687  3.92790529 -1.45068392 -0.34760626 -1.91434253 -0.39189951]\n [ 7.02238592 -1.45068392  8.58652514  7.30452433 10.84473396 16.53220164]\n [10.20459973 -0.34760626  7.30452433 11.84871766 11.83903839 18.45948877]\n [11.83430003 -1.91434253 10.84473396 11.83903839 30.68879854 37.79894481]\n [18.73208927 -0.39189951 16.53220164 18.45948877 37.79894481 54.21125075]]", "nfev": "266", "njev": "38", "status": "0", "success": "True", "message": "Optimization terminated successfully.", "x": "[5.16861395 4.07768585 6.63032312 2.76709398 0.74286872 2.87878986]", "nit": "30"}, "4": {"maxiter": 100, "gtol": 1e-10, "xrtol": 1e-05, "eps": 1e-05, "duration": 0.04419684410095215, "fun": "0.22418950583043862", "jac": "[-2.62556643e-07 -3.90576460e-08 -7.50433049e-07  4.55235849e-07\n -6.78013201e-08  1.50413015e-07]", "hess_inv": "[[ 7.82412261 -0.54018851  4.86237082  6.3415148   7.24697499 10.65058814]\n [-0.54018851  4.05812929 -2.28290429 -0.89782035 -4.03861468 -2.88386332]\n [ 4.86237082 -2.28290429  9.63426792  5.78387934 14.16172173 18.15371814]\n [ 6.3415148  -0.89782035  5.78387934  8.24199484  8.7184554  12.00459209]\n [ 7.24697499 -4.03861468 14.16172173  8.7184554  40.24522426 43.77086576]\n [10.65058814 -2.88386332 18.15371814 12.00459209 43.77086576 53.60287203]]", "nfev": "259", "njev": "37", "status": "0", "success": "True", "message": "Optimization terminated successfully.", "x": "[5.16852189 4.07770388 6.6301918  2.76698843 0.7425821  2.87844456]", "nit": "30"}, "5": {"maxiter": 100, "gtol": 1e-10, "xrtol": 1e-05, "eps": 1e-10, "duration": 0.051820993423461914, "fun": "0.2241895052437478", "jac": "[ 1.11022293e-06  2.22044587e-06  4.44089173e-06  0.00000000e+00\n  3.33066880e-06 -4.44089173e-06]", "hess_inv": "[[ 11.64453855  -0.25581484  11.23522847  11.7120694   24.36389032\n   31.45500122]\n [ -0.25581484   3.85042817  -1.40812656  -0.48886939  -2.42725269\n   -1.2019224 ]\n [ 11.23522847  -1.40812656  17.23554792  13.96703687  33.63940661\n   43.10339282]\n [ 11.7120694   -0.48886939  13.96703687  15.50296802  29.44993285\n   37.35125613]\n [ 24.36389032  -2.42725269  33.63940661  29.44993285  83.79737805\n   99.54959653]\n [ 31.45500122  -1.2019224   43.10339282  37.35125613  99.54959653\n  124.19052609]]", "nfev": "301", "njev": "43", "status": "0", "success": "True", "message": "Optimization terminated successfully.", "x": "[5.16859763 4.07768334 6.63029717 2.76706782 0.74278232 2.87868175]", "nit": "32"}, "6": {"maxiter": 100, "gtol": 1e-10, "xrtol": 1e-10, "eps": 1e-05, "duration": 0.04810500144958496, "fun": "0.2241895057976323", "jac": "[-1.11022302e-11 -5.55111512e-11 -2.22044605e-11 -2.22044605e-11\n -3.33066907e-11  8.88178420e-11]", "hess_inv": "[[ 7.89402519 -0.60614931  5.20701521  6.38561301  7.46009358 10.95251044]\n [-0.60614931  4.09420637 -2.45009929 -0.94395203 -4.17211026 -3.07041022]\n [ 5.20701521 -2.45009929 10.46121346  6.03637414 14.78243386 19.05347638]\n [ 6.38561301 -0.94395203  6.03637414  8.26976181  8.86204234 12.21184522]\n [ 7.46009358 -4.17211026 14.78243386  8.86204234 40.69982528 44.39776355]\n [10.95251044 -3.07041022 19.05347638 12.21184522 44.39776355 54.48219094]]", "nfev": "280", "njev": "40", "status": "0", "success": "True", "message": "Optimization terminated successfully.", "x": "[5.1685238  4.07770262 6.63019632 2.76698958 0.74258712 2.87845092]", "nit": "33"}, "7": {"maxiter": 100, "gtol": 1e-10, "xrtol": 1e-10, "eps": 1e-10, "duration": 0.07532787322998047, "fun": "0.22418950522199632", "jac": "[3.33066880e-06 2.22044587e-06 3.33066880e-06 1.11022293e-06\n 0.00000000e+00 5.55111466e-06]", "hess_inv": "[[ 6.63976871 -0.62821804  1.73069078  5.71376179 -0.95159974 -3.43329021]\n [-0.62821804  2.82538394 -1.61721713 -1.35483399  0.34086511  1.25399904]\n [ 1.73069078 -1.61721713  2.0091332   2.04606946 -0.99288538 -1.27555884]\n [ 5.71376179 -1.35483399  2.04606946  7.85594783 -0.26806607 -3.57283511]\n [-0.95159974  0.34086511 -0.99288538 -0.26806607  1.7961177  -0.08800414]\n [-3.43329021  1.25399904 -1.27555884 -3.57283511 -0.08800414  2.39402448]]", "nfev": "441", "njev": "63", "status": "0", "success": "True", "message": "Optimization terminated successfully.", "x": "[5.16858844 4.07769144 6.63029338 2.76705849 0.742775   2.87869298]", "nit": "35"}, "8": {"maxiter": 500, "gtol": 1e-05, "xrtol": 1e-05, "eps": 1e-05, "duration": 0.04454207420349121, "fun": "0.22418950583043862", "jac": "[-2.62556643e-07 -3.90576460e-08 -7.50433049e-07  4.55235849e-07\n -6.78013201e-08  1.50413015e-07]", "hess_inv": "[[ 7.82412261 -0.54018851  4.86237082  6.3415148   7.24697499 10.65058814]\n [-0.54018851  4.05812929 -2.28290429 -0.89782035 -4.03861468 -2.88386332]\n [ 4.86237082 -2.28290429  9.63426792  5.78387934 14.16172173 18.15371814]\n [ 6.3415148  -0.89782035  5.78387934  8.24199484  8.7184554  12.00459209]\n [ 7.24697499 -4.03861468 14.16172173  8.7184554  40.24522426 43.77086576]\n [10.65058814 -2.88386332 18.15371814 12.00459209 43.77086576 53.60287203]]", "nfev": "259", "njev": "37", "status": "0", "success": "True", "message": "Optimization terminated successfully.", "x": "[5.16852189 4.07770388 6.6301918  2.76698843 0.7425821  2.87844456]", "nit": "30"}, "9": {"maxiter": 500, "gtol": 1e-05, "xrtol": 1e-05, "eps": 1e-10, "duration": 0.04569697380065918, "fun": "0.2241895053040852", "jac": "[-3.33066880e-06  1.11022293e-06 -1.11022293e-06  2.22044587e-06\n  1.11022293e-06  2.22044587e-06]", "hess_inv": "[[11.9034723  -0.19566687  7.02238592 10.20459973 11.83430003 18.73208927]\n [-0.19566687  3.92790529 -1.45068392 -0.34760626 -1.91434253 -0.39189951]\n [ 7.02238592 -1.45068392  8.58652514  7.30452433 10.84473396 16.53220164]\n [10.20459973 -0.34760626  7.30452433 11.84871766 11.83903839 18.45948877]\n [11.83430003 -1.91434253 10.84473396 11.83903839 30.68879854 37.79894481]\n [18.73208927 -0.39189951 16.53220164 18.45948877 37.79894481 54.21125075]]", "nfev": "266", "njev": "38", "status": "0", "success": "True", "message": "Optimization terminated successfully.", "x": "[5.16861395 4.07768585 6.63032312 2.76709398 0.74286872 2.87878986]", "nit": "30"}, "10": {"maxiter": 500, "gtol": 1e-05, "xrtol": 1e-10, "eps": 1e-05, "duration": 0.044515132904052734, "fun": "0.22418950583043862", "jac": "[-2.62556643e-07 -3.90576460e-08 -7.50433049e-07  4.55235849e-07\n -6.78013201e-08  1.50413015e-07]", "hess_inv": "[[ 7.82412261 -0.54018851  4.86237082  6.3415148   7.24697499 10.65058814]\n [-0.54018851  4.05812929 -2.28290429 -0.89782035 -4.03861468 -2.88386332]\n [ 4.86237082 -2.28290429  9.63426792  5.78387934 14.16172173 18.15371814]\n [ 6.3415148  -0.89782035  5.78387934  8.24199484  8.7184554  12.00459209]\n [ 7.24697499 -4.03861468 14.16172173  8.7184554  40.24522426 43.77086576]\n [10.65058814 -2.88386332 18.15371814 12.00459209 43.77086576 53.60287203]]", "nfev": "259", "njev": "37", "status": "0", "success": "True", "message": "Optimization terminated successfully.", "x": "[5.16852189 4.07770388 6.6301918  2.76698843 0.7425821  2.87844456]", "nit": "30"}, "11": {"maxiter": 500, "gtol": 1e-05, "xrtol": 1e-10, "eps": 1e-10, "duration": 0.045408010482788086, "fun": "0.2241895053040852", "jac": "[-3.33066880e-06  1.11022293e-06 -1.11022293e-06  2.22044587e-06\n  1.11022293e-06  2.22044587e-06]", "hess_inv": "[[11.9034723  -0.19566687  7.02238592 10.20459973 11.83430003 18.73208927]\n [-0.19566687  3.92790529 -1.45068392 -0.34760626 -1.91434253 -0.39189951]\n [ 7.02238592 -1.45068392  8.58652514  7.30452433 10.84473396 16.53220164]\n [10.20459973 -0.34760626  7.30452433 11.84871766 11.83903839 18.45948877]\n [11.83430003 -1.91434253 10.84473396 11.83903839 30.68879854 37.79894481]\n [18.73208927 -0.39189951 16.53220164 18.45948877 37.79894481 54.21125075]]", "nfev": "266", "njev": "38", "status": "0", "success": "True", "message": "Optimization terminated successfully.", "x": "[5.16861395 4.07768585 6.63032312 2.76709398 0.74286872 2.87878986]", "nit": "30"}, "12": {"maxiter": 500, "gtol": 1e-10, "xrtol": 1e-05, "eps": 1e-05, "duration": 0.044100046157836914, "fun": "0.22418950583043862", "jac": "[-2.62556643e-07 -3.90576460e-08 -7.50433049e-07  4.55235849e-07\n -6.78013201e-08  1.50413015e-07]", "hess_inv": "[[ 7.82412261 -0.54018851  4.86237082  6.3415148   7.24697499 10.65058814]\n [-0.54018851  4.05812929 -2.28290429 -0.89782035 -4.03861468 -2.88386332]\n [ 4.86237082 -2.28290429  9.63426792  5.78387934 14.16172173 18.15371814]\n [ 6.3415148  -0.89782035  5.78387934  8.24199484  8.7184554  12.00459209]\n [ 7.24697499 -4.03861468 14.16172173  8.7184554  40.24522426 43.77086576]\n [10.65058814 -2.88386332 18.15371814 12.00459209 43.77086576 53.60287203]]", "nfev": "259", "njev": "37", "status": "0", "success": "True", "message": "Optimization terminated successfully.", "x": "[5.16852189 4.07770388 6.6301918  2.76698843 0.7425821  2.87844456]", "nit": "30"}, "13": {"maxiter": 500, "gtol": 1e-10, "xrtol": 1e-05, "eps": 1e-10, "duration": 0.050934791564941406, "fun": "0.2241895052437478", "jac": "[ 1.11022293e-06  2.22044587e-06  4.44089173e-06  0.00000000e+00\n  3.33066880e-06 -4.44089173e-06]", "hess_inv": "[[ 11.64453855  -0.25581484  11.23522847  11.7120694   24.36389032\n   31.45500122]\n [ -0.25581484   3.85042817  -1.40812656  -0.48886939  -2.42725269\n   -1.2019224 ]\n [ 11.23522847  -1.40812656  17.23554792  13.96703687  33.63940661\n   43.10339282]\n [ 11.7120694   -0.48886939  13.96703687  15.50296802  29.44993285\n   37.35125613]\n [ 24.36389032  -2.42725269  33.63940661  29.44993285  83.79737805\n   99.54959653]\n [ 31.45500122  -1.2019224   43.10339282  37.35125613  99.54959653\n  124.19052609]]", "nfev": "301", "njev": "43", "status": "0", "success": "True", "message": "Optimization terminated successfully.", "x": "[5.16859763 4.07768334 6.63029717 2.76706782 0.74278232 2.87868175]", "nit": "32"}, "14": {"maxiter": 500, "gtol": 1e-10, "xrtol": 1e-10, "eps": 1e-05, "duration": 0.04836010932922363, "fun": "0.2241895057976323", "jac": "[-1.11022302e-11 -5.55111512e-11 -2.22044605e-11 -2.22044605e-11\n -3.33066907e-11  8.88178420e-11]", "hess_inv": "[[ 7.89402519 -0.60614931  5.20701521  6.38561301  7.46009358 10.95251044]\n [-0.60614931  4.09420637 -2.45009929 -0.94395203 -4.17211026 -3.07041022]\n [ 5.20701521 -2.45009929 10.46121346  6.03637414 14.78243386 19.05347638]\n [ 6.38561301 -0.94395203  6.03637414  8.26976181  8.86204234 12.21184522]\n [ 7.46009358 -4.17211026 14.78243386  8.86204234 40.69982528 44.39776355]\n [10.95251044 -3.07041022 19.05347638 12.21184522 44.39776355 54.48219094]]", "nfev": "280", "njev": "40", "status": "0", "success": "True", "message": "Optimization terminated successfully.", "x": "[5.1685238  4.07770262 6.63019632 2.76698958 0.74258712 2.87845092]", "nit": "33"}, "15": {"maxiter": 500, "gtol": 1e-10, "xrtol": 1e-10, "eps": 1e-10, "duration": 0.07651019096374512, "fun": "0.22418950522199632", "jac": "[3.33066880e-06 2.22044587e-06 3.33066880e-06 1.11022293e-06\n 0.00000000e+00 5.55111466e-06]", "hess_inv": "[[ 6.63976871 -0.62821804  1.73069078  5.71376179 -0.95159974 -3.43329021]\n [-0.62821804  2.82538394 -1.61721713 -1.35483399  0.34086511  1.25399904]\n [ 1.73069078 -1.61721713  2.0091332   2.04606946 -0.99288538 -1.27555884]\n [ 5.71376179 -1.35483399  2.04606946  7.85594783 -0.26806607 -3.57283511]\n [-0.95159974  0.34086511 -0.99288538 -0.26806607  1.7961177  -0.08800414]\n [-3.43329021  1.25399904 -1.27555884 -3.57283511 -0.08800414  2.39402448]]", "nfev": "441", "njev": "63", "status": "0", "success": "True", "message": "Optimization terminated successfully.", "x": "[5.16858844 4.07769144 6.63029338 2.76705849 0.742775   2.87869298]", "nit": "35"}, "16": {"maxiter": 1000, "gtol": 1e-05, "xrtol": 1e-05, "eps": 1e-05, "duration": 0.04499316215515137, "fun": "0.22418950583043862", "jac": "[-2.62556643e-07 -3.90576460e-08 -7.50433049e-07  4.55235849e-07\n -6.78013201e-08  1.50413015e-07]", "hess_inv": "[[ 7.82412261 -0.54018851  4.86237082  6.3415148   7.24697499 10.65058814]\n [-0.54018851  4.05812929 -2.28290429 -0.89782035 -4.03861468 -2.88386332]\n [ 4.86237082 -2.28290429  9.63426792  5.78387934 14.16172173 18.15371814]\n [ 6.3415148  -0.89782035  5.78387934  8.24199484  8.7184554  12.00459209]\n [ 7.24697499 -4.03861468 14.16172173  8.7184554  40.24522426 43.77086576]\n [10.65058814 -2.88386332 18.15371814 12.00459209 43.77086576 53.60287203]]", "nfev": "259", "njev": "37", "status": "0", "success": "True", "message": "Optimization terminated successfully.", "x": "[5.16852189 4.07770388 6.6301918  2.76698843 0.7425821  2.87844456]", "nit": "30"}, "17": {"maxiter": 1000, "gtol": 1e-05, "xrtol": 1e-05, "eps": 1e-10, "duration": 0.0460970401763916, "fun": "0.2241895053040852", "jac": "[-3.33066880e-06  1.11022293e-06 -1.11022293e-06  2.22044587e-06\n  1.11022293e-06  2.22044587e-06]", "hess_inv": "[[11.9034723  -0.19566687  7.02238592 10.20459973 11.83430003 18.73208927]\n [-0.19566687  3.92790529 -1.45068392 -0.34760626 -1.91434253 -0.39189951]\n [ 7.02238592 -1.45068392  8.58652514  7.30452433 10.84473396 16.53220164]\n [10.20459973 -0.34760626  7.30452433 11.84871766 11.83903839 18.45948877]\n [11.83430003 -1.91434253 10.84473396 11.83903839 30.68879854 37.79894481]\n [18.73208927 -0.39189951 16.53220164 18.45948877 37.79894481 54.21125075]]", "nfev": "266", "njev": "38", "status": "0", "success": "True", "message": "Optimization terminated successfully.", "x": "[5.16861395 4.07768585 6.63032312 2.76709398 0.74286872 2.87878986]", "nit": "30"}, "18": {"maxiter": 1000, "gtol": 1e-05, "xrtol": 1e-10, "eps": 1e-05, "duration": 0.044837236404418945, "fun": "0.22418950583043862", "jac": "[-2.62556643e-07 -3.90576460e-08 -7.50433049e-07  4.55235849e-07\n -6.78013201e-08  1.50413015e-07]", "hess_inv": "[[ 7.82412261 -0.54018851  4.86237082  6.3415148   7.24697499 10.65058814]\n [-0.54018851  4.05812929 -2.28290429 -0.89782035 -4.03861468 -2.88386332]\n [ 4.86237082 -2.28290429  9.63426792  5.78387934 14.16172173 18.15371814]\n [ 6.3415148  -0.89782035  5.78387934  8.24199484  8.7184554  12.00459209]\n [ 7.24697499 -4.03861468 14.16172173  8.7184554  40.24522426 43.77086576]\n [10.65058814 -2.88386332 18.15371814 12.00459209 43.77086576 53.60287203]]", "nfev": "259", "njev": "37", "status": "0", "success": "True", "message": "Optimization terminated successfully.", "x": "[5.16852189 4.07770388 6.6301918  2.76698843 0.7425821  2.87844456]", "nit": "30"}, "19": {"maxiter": 1000, "gtol": 1e-05, "xrtol": 1e-10, "eps": 1e-10, "duration": 0.04585409164428711, "fun": "0.2241895053040852", "jac": "[-3.33066880e-06  1.11022293e-06 -1.11022293e-06  2.22044587e-06\n  1.11022293e-06  2.22044587e-06]", "hess_inv": "[[11.9034723  -0.19566687  7.02238592 10.20459973 11.83430003 18.73208927]\n [-0.19566687  3.92790529 -1.45068392 -0.34760626 -1.91434253 -0.39189951]\n [ 7.02238592 -1.45068392  8.58652514  7.30452433 10.84473396 16.53220164]\n [10.20459973 -0.34760626  7.30452433 11.84871766 11.83903839 18.45948877]\n [11.83430003 -1.91434253 10.84473396 11.83903839 30.68879854 37.79894481]\n [18.73208927 -0.39189951 16.53220164 18.45948877 37.79894481 54.21125075]]", "nfev": "266", "njev": "38", "status": "0", "success": "True", "message": "Optimization terminated successfully.", "x": "[5.16861395 4.07768585 6.63032312 2.76709398 0.74286872 2.87878986]", "nit": "30"}, "20": {"maxiter": 1000, "gtol": 1e-10, "xrtol": 1e-05, "eps": 1e-05, "duration": 0.04462075233459473, "fun": "0.22418950583043862", "jac": "[-2.62556643e-07 -3.90576460e-08 -7.50433049e-07  4.55235849e-07\n -6.78013201e-08  1.50413015e-07]", "hess_inv": "[[ 7.82412261 -0.54018851  4.86237082  6.3415148   7.24697499 10.65058814]\n [-0.54018851  4.05812929 -2.28290429 -0.89782035 -4.03861468 -2.88386332]\n [ 4.86237082 -2.28290429  9.63426792  5.78387934 14.16172173 18.15371814]\n [ 6.3415148  -0.89782035  5.78387934  8.24199484  8.7184554  12.00459209]\n [ 7.24697499 -4.03861468 14.16172173  8.7184554  40.24522426 43.77086576]\n [10.65058814 -2.88386332 18.15371814 12.00459209 43.77086576 53.60287203]]", "nfev": "259", "njev": "37", "status": "0", "success": "True", "message": "Optimization terminated successfully.", "x": "[5.16852189 4.07770388 6.6301918  2.76698843 0.7425821  2.87844456]", "nit": "30"}, "21": {"maxiter": 1000, "gtol": 1e-10, "xrtol": 1e-05, "eps": 1e-10, "duration": 0.05194497108459473, "fun": "0.2241895052437478", "jac": "[ 1.11022293e-06  2.22044587e-06  4.44089173e-06  0.00000000e+00\n  3.33066880e-06 -4.44089173e-06]", "hess_inv": "[[ 11.64453855  -0.25581484  11.23522847  11.7120694   24.36389032\n   31.45500122]\n [ -0.25581484   3.85042817  -1.40812656  -0.48886939  -2.42725269\n   -1.2019224 ]\n [ 11.23522847  -1.40812656  17.23554792  13.96703687  33.63940661\n   43.10339282]\n [ 11.7120694   -0.48886939  13.96703687  15.50296802  29.44993285\n   37.35125613]\n [ 24.36389032  -2.42725269  33.63940661  29.44993285  83.79737805\n   99.54959653]\n [ 31.45500122  -1.2019224   43.10339282  37.35125613  99.54959653\n  124.19052609]]", "nfev": "301", "njev": "43", "status": "0", "success": "True", "message": "Optimization terminated successfully.", "x": "[5.16859763 4.07768334 6.63029717 2.76706782 0.74278232 2.87868175]", "nit": "32"}, "22": {"maxiter": 1000, "gtol": 1e-10, "xrtol": 1e-10, "eps": 1e-05, "duration": 0.04811286926269531, "fun": "0.2241895057976323", "jac": "[-1.11022302e-11 -5.55111512e-11 -2.22044605e-11 -2.22044605e-11\n -3.33066907e-11  8.88178420e-11]", "hess_inv": "[[ 7.89402519 -0.60614931  5.20701521  6.38561301  7.46009358 10.95251044]\n [-0.60614931  4.09420637 -2.45009929 -0.94395203 -4.17211026 -3.07041022]\n [ 5.20701521 -2.45009929 10.46121346  6.03637414 14.78243386 19.05347638]\n [ 6.38561301 -0.94395203  6.03637414  8.26976181  8.86204234 12.21184522]\n [ 7.46009358 -4.17211026 14.78243386  8.86204234 40.69982528 44.39776355]\n [10.95251044 -3.07041022 19.05347638 12.21184522 44.39776355 54.48219094]]", "nfev": "280", "njev": "40", "status": "0", "success": "True", "message": "Optimization terminated successfully.", "x": "[5.1685238  4.07770262 6.63019632 2.76698958 0.74258712 2.87845092]", "nit": "33"}, "23": {"maxiter": 1000, "gtol": 1e-10, "xrtol": 1e-10, "eps": 1e-10, "duration": 0.07529568672180176, "fun": "0.22418950522199632", "jac": "[3.33066880e-06 2.22044587e-06 3.33066880e-06 1.11022293e-06\n 0.00000000e+00 5.55111466e-06]", "hess_inv": "[[ 6.63976871 -0.62821804  1.73069078  5.71376179 -0.95159974 -3.43329021]\n [-0.62821804  2.82538394 -1.61721713 -1.35483399  0.34086511  1.25399904]\n [ 1.73069078 -1.61721713  2.0091332   2.04606946 -0.99288538 -1.27555884]\n [ 5.71376179 -1.35483399  2.04606946  7.85594783 -0.26806607 -3.57283511]\n [-0.95159974  0.34086511 -0.99288538 -0.26806607  1.7961177  -0.08800414]\n [-3.43329021  1.25399904 -1.27555884 -3.57283511 -0.08800414  2.39402448]]", "nfev": "441", "njev": "63", "status": "0", "success": "True", "message": "Optimization terminated successfully.", "x": "[5.16858844 4.07769144 6.63029338 2.76705849 0.742775   2.87869298]", "nit": "35"}}, "cobyla": {"0": {"maxiter": 100, "tol": 1e-05, "catol": 1e-05, "duration": 0.016265869140625, "x": "[5.09721153 4.09179189 6.52129467 2.67828458 0.54141524 2.6330627 ]", "status": "2", "success": "False", "message": "Maximum number of function evaluations has been exceeded.", "nfev": "100", "fun": "0.22502419699347775", "maxcv": "0.0"}, "1": {"maxiter": 100, "tol": 1e-05, "catol": 1e-10, "duration": 0.016448974609375, "x": "[5.09721153 4.09179189 6.52129467 2.67828458 0.54141524 2.6330627 ]", "status": "2", "success": "False", "message": "Maximum number of function evaluations has been exceeded.", "nfev": "100", "fun": "0.22502419699347775", "maxcv": "0.0"}, "2": {"maxiter": 100, "tol": 1e-10, "catol": 1e-05, "duration": 0.0163729190826416, "x": "[5.09721153 4.09179189 6.52129467 2.67828458 0.54141524 2.6330627 ]", "status": "2", "success": "False", "message": "Maximum number of function evaluations has been exceeded.", "nfev": "100", "fun": "0.22502419699347775", "maxcv": "0.0"}, "3": {"maxiter": 100, "tol": 1e-10, "catol": 1e-10, "duration": 0.016330957412719727, "x": "[5.09721153 4.09179189 6.52129467 2.67828458 0.54141524 2.6330627 ]", "status": "2", "success": "False", "message": "Maximum number of function evaluations has been exceeded.", "nfev": "100", "fun": "0.22502419699347775", "maxcv": "0.0"}, "4": {"maxiter": 500, "tol": 1e-05, "catol": 1e-05, "duration": 0.0815727710723877, "x": "[5.164032   4.07978604 6.62169996 2.76160263 0.72312824 2.85590727]", "status": "2", "success": "False", "message": "Maximum number of function evaluations has been exceeded.", "nfev": "500", "fun": "0.2241945201416511", "maxcv": "0.0"}, "5": {"maxiter": 500, "tol": 1e-05, "catol": 1e-10, "duration": 0.08194684982299805, "x": "[5.164032   4.07978604 6.62169996 2.76160263 0.72312824 2.85590727]", "status": "2", "success": "False", "message": "Maximum number of function evaluations has been exceeded.", "nfev": "500", "fun": "0.2241945201416511", "maxcv": "0.0"}, "6": {"maxiter": 500, "tol": 1e-10, "catol": 1e-05, "duration": 0.08140993118286133, "x": "[5.164032   4.07978604 6.62169996 2.76160263 0.72312824 2.85590727]", "status": "2", "success": "False", "message": "Maximum number of function evaluations has been exceeded.", "nfev": "500", "fun": "0.2241945201416511", "maxcv": "0.0"}, "7": {"maxiter": 500, "tol": 1e-10, "catol": 1e-10, "duration": 0.08102583885192871, "x": "[5.164032   4.07978604 6.62169996 2.76160263 0.72312824 2.85590727]", "status": "2", "success": "False", "message": "Maximum number of function evaluations has been exceeded.", "nfev": "500", "fun": "0.2241945201416511", "maxcv": "0.0"}, "8": {"maxiter": 1000, "tol": 1e-05, "catol": 1e-05, "duration": 0.16277384757995605, "x": "[5.16822953 4.07782087 6.6297032  2.76666645 0.7414051  2.87705738]", "status": "2", "success": "False", "message": "Maximum number of function evaluations has been exceeded.", "nfev": "1000", "fun": "0.2241895299089458", "maxcv": "0.0"}, "9": {"maxiter": 1000, "tol": 1e-05, "catol": 1e-10, "duration": 0.16244101524353027, "x": "[5.16822953 4.07782087 6.6297032  2.76666645 0.7414051  2.87705738]", "status": "2", "success": "False", "message": "Maximum number of function evaluations has been exceeded.", "nfev": "1000", "fun": "0.2241895299089458", "maxcv": "0.0"}, "10": {"maxiter": 1000, "tol": 1e-10, "catol": 1e-05, "duration": 0.16199398040771484, "x": "[5.16822953 4.07782087 6.6297032  2.76666645 0.7414051  2.87705738]", "status": "2", "success": "False", "message": "Maximum number of function evaluations has been exceeded.", "nfev": "1000", "fun": "0.2241895299089458", "maxcv": "0.0"}, "11": {"maxiter": 1000, "tol": 1e-10, "catol": 1e-10, "duration": 0.1634368896484375, "x": "[5.16822953 4.07782087 6.6297032  2.76666645 0.7414051  2.87705738]", "status": "2", "success": "False", "message": "Maximum number of function evaluations has been exceeded.", "nfev": "1000", "fun": "0.2241895299089458", "maxcv": "0.0"}}, "dual_annealing_0": {"type": "gradient-free", "0": {"maxiter": 100, "duration": 0.25739526748657227, "success": "True", "status": "0", "x": "[5.22326167 4.06023066 0.43126021 3.46194553 4.10544988 0.        ]", "fun": "0.22466741443413585", "nit": "100", "nfev": "1474", "njev": "39", "nhev": "0", "message": "['Maximum number of iteration reached']"}, "1": {"maxiter": 500, "duration": 1.0767385959625244, "success": "True", "status": "0", "x": "[5.16862223 4.07770494 0.34710968 2.76707941 0.74277771 2.87870703]", "fun": "0.22418950531357185", "nit": "500", "nfev": "6218", "njev": "31", "nhev": "0", "message": "['Maximum number of iteration reached']"}, "2": {"maxiter": 1000, "duration": 2.1229169368743896, "success": "True", "status": "0", "x": "[5.16861402 4.07769872 0.34712637 2.7670848  0.742822   2.87875904]", "fun": "0.22418950528077541", "nit": "1000", "nfev": "12260", "njev": "37", "nhev": "0", "message": "['Maximum number of iteration reached']"}, "bounds": [[0.0, 6.283185307179586], [0.0, 6.283185307179586], [0.0, 6.283185307179586], [0.0, 6.283185307179586], [0.0, 6.283185307179586], [0.0, 6.283185307179586]]}, "dual_annealing_1": {"type": "gradient-free", "0": {"maxiter": 100, "duration": 0.23265886306762695, "success": "True", "status": "0", "x": "[5.43709134 4.05376213 6.78944319 9.42477796 2.8295332  5.09012308]", "fun": "0.23578957114155763", "nit": "100", "nfev": "1341", "njev": "20", "nhev": "0", "message": "['Maximum number of iteration reached']"}, "1": {"maxiter": 500, "duration": 1.070361852645874, "success": "True", "status": "0", "x": "[1.11457964 0.93611316 3.48870223 3.51610673 3.88444959 6.02036596]", "fun": "0.2241895053699975", "nit": "500", "nfev": "6155", "njev": "22", "nhev": "0", "message": "['Maximum number of iteration reached']"}, "2": {"maxiter": 1000, "duration": 2.1225669384002686, "success": "True", "status": "0", "x": "[1.11459219 7.21928249 3.48869091 3.5161249  3.88436541 6.02027477]", "fun": "0.22418950521211234", "nit": "1000", "nfev": "12204", "njev": "29", "nhev": "0", "message": "['Maximum number of iteration reached']"}, "bounds": [[0.0, 9.42477796076938], [0.0, 9.42477796076938], [0.0, 9.42477796076938], [0.0, 9.42477796076938], [0.0, 9.42477796076938], [0.0, 9.42477796076938]]}, "dual_annealing_2": {"type": "gradient-free", "0": {"maxiter": 100, "duration": 0.2493910789489746, "success": "True", "status": "0", "x": "[7.39778069 0.93612384 9.7719043  3.51612804 3.88441331 6.02036179]", "fun": "0.2241895054839239", "nit": "100", "nfev": "1432", "njev": "33", "nhev": "0", "message": "['Maximum number of iteration reached']"}, "1": {"maxiter": 500, "duration": 1.0727107524871826, "success": "True", "status": "0", "x": "[7.39775936 0.93608589 9.77191212 9.05025855 0.74279613 9.16190334]", "fun": "0.22418950529301662", "nit": "500", "nfev": "6183", "njev": "26", "nhev": "0", "message": "['Maximum number of iteration reached']"}, "2": {"maxiter": 1000, "duration": 2.1301419734954834, "success": "True", "status": "0", "x": "[5.16858868 4.07768462 6.63028498 3.5161255  3.88437154 6.02027331]", "fun": "0.22418950521349423", "nit": "1000", "nfev": "12337", "njev": "48", "nhev": "0", "message": "['Maximum number of iteration reached']"}, "bounds": [[0.0, 12.566370614359172], [0.0, 12.566370614359172], [0.0, 12.566370614359172], [0.0, 12.566370614359172], [0.0, 12.566370614359172], [0.0, 12.566370614359172]]}, "dual_annealing_3": {"type": "gradient-free", "0": {"maxiter": 100, "duration": 0.22844886779785156, "success": "True", "status": "0", "x": "[-5.16851215 -5.3470768  -2.79457625  2.76698174 -5.54064047  2.8784135 ]", "fun": "0.22418950604363685", "nit": "100", "nfev": "1313", "njev": "16", "nhev": "0", "message": "['Maximum number of iteration reached']"}, "1": {"maxiter": 500, "duration": 1.068681001663208, "success": "True", "status": "0", "x": "[ 5.16859635  4.07768798  0.34712329 -2.76707267 -2.39877995 -0.26285373]", "fun": "0.22418950523947956", "nit": "500", "nfev": "6155", "njev": "22", "nhev": "0", "message": "['Maximum number of iteration reached']"}, "2": {"maxiter": 1000, "duration": 2.1472041606903076, "success": "True", "status": "0", "x": "[-1.11456063 -2.20549023  0.34711117  2.76707154  0.74277075  2.8786881 ]", "fun": "0.22418950535331017", "nit": "1000", "nfev": "12260", "njev": "37", "nhev": "0", "message": "['Maximum number of iteration reached']"}, "bounds": [[-6.283185307179586, 6.283185307179586], [-6.283185307179586, 6.283185307179586], [-6.283185307179586, 6.283185307179586], [-6.283185307179586, 6.283185307179586], [-6.283185307179586, 6.283185307179586], [-6.283185307179586, 6.283185307179586]]}, "dual_annealing_4": {"type": "gradient-free", "0": {"maxiter": 100, "duration": 0.24822402000427246, "success": "True", "status": "0", "x": "[ 7.12926331 -5.37103892  3.64787621 -9.42477796  6.13810232  2.11552687]", "fun": "0.23578957122226019", "nit": "100", "nfev": "1418", "njev": "31", "nhev": "0", "message": "['Maximum number of iteration reached']"}, "1": {"maxiter": 500, "duration": 1.0576767921447754, "success": "True", "status": "0", "x": "[ 7.39773266  7.21926906 -2.79443738  3.51606948  3.88449816 -0.26277214]", "fun": "0.2241895054721913", "nit": "500", "nfev": "6106", "njev": "15", "nhev": "0", "message": "['Maximum number of iteration reached']"}, "2": {"maxiter": 1000, "duration": 2.139993190765381, "success": "True", "status": "0", "x": "[ 7.39779022  0.93610613 -2.79449225  2.76704865 -5.54039819 -3.40447746]", "fun": "0.22418950525930303", "nit": "1000", "nfev": "12267", "njev": "38", "nhev": "0", "message": "['Maximum number of iteration reached']"}, "bounds": [[-9.42477796076938, 9.42477796076938], [-9.42477796076938, 9.42477796076938], [-9.42477796076938, 9.42477796076938], [-9.42477796076938, 9.42477796076938], [-9.42477796076938, 9.42477796076938], [-9.42477796076938, 9.42477796076938]]}, "dual_annealing_5": {"type": "gradient-free", "0": {"maxiter": 100, "duration": 0.2623260021209717, "success": "True", "status": "0", "x": "[-7.39778422 -8.48868854 -5.93607997 -9.0502408  -8.68197973 12.30347486]", "fun": "0.2241895052234154", "nit": "100", "nfev": "1516", "njev": "45", "nhev": "0", "message": "['Maximum number of iteration reached']"}, "1": {"maxiter": 500, "duration": 1.0678989887237549, "success": "True", "status": "0", "x": "[  1.05992588  -5.36455011  -8.99350765   3.4619435   10.38864462\n -12.56637061]", "fun": "0.22466741439994364", "nit": "500", "nfev": "6169", "njev": "24", "nhev": "0", "message": "['Maximum number of iteration reached']"}, "2": {"maxiter": 1000, "duration": 2.1198627948760986, "success": "True", "status": "0", "x": "[ 7.39777748 -5.34708118  3.48868659  3.51611634 -8.68202085 -0.26292938]", "fun": "0.22418950523815806", "nit": "1000", "nfev": "12183", "njev": "26", "nhev": "0", "message": "['Maximum number of iteration reached']"}, "bounds": [[-12.566370614359172, 12.566370614359172], [-12.566370614359172, 12.566370614359172], [-12.566370614359172, 12.566370614359172], [-12.566370614359172, 12.566370614359172], [-12.566370614359172, 12.566370614359172], [-12.566370614359172, 12.566370614359172]]}}, "duration (s)": 115.04}