{"date": "2024/07/22/, 22:29:29", "conf_id": 29, "data_type": "random\n", "num_data_points": 2, "s_rank": 0, "unitary": "[[-0.24866696+0.58742286j,-0.44704345-0.43151574j,-0.35669027-0.20570733j,-0.10517633+0.1626036j],[0.10596805-0.19687975j,-0.30269685-0.15056416j,0.18246286+0.30440582j,-0.83484447-0.11310748j],[0.26054512-0.52548482j,0.0285017-0.50723956j,-0.43110112+0.17165838j,0.15243271+0.39915801j],[0.42978035+0.11991271j,-0.17224126-0.46030424j,0.6827807-0.15164662j,0.26483638+0.0061855j]]", "databatch_0": {"databatch": "[[[-0.39855846-0.03750724j,-0.19568131+0.08239753j,-0.1634711+0.02151238j,0.17826686-0.13873589j],[-0.27335029-0.33600366j,-0.20264403-0.06994031j,-0.18754874-0.15028276j,0.26517849+0.0314765j],[0.30328757-0.12111698j,0.11931468-0.13856549j,0.09557008-0.05111205j,-0.08006397+0.15639563j],[-0.32428517-0.00586702j,-0.18290747+0.07938925j,-0.04941165-0.00896628j,0.12262683-0.09267847j]],[[-0.22518511+0.11697239j,-0.06389994-0.13071838j,-0.04108765+0.14029967j,-0.54076298-0.12894613j],[-0.17600586+0.33024298j,-0.34717376+0.01849897j,-0.07555606+0.25266529j,0.2980444-0.1211185j],[-0.00198466+0.02943265j,-0.01928757-0.00905473j,0.01157274+0.00669355j,-0.04416316+0.09035358j],[-0.03858608-0.08712178j,0.01672762-0.00603157j,-0.07893584-0.01648804j,0.26690267-0.22650308j]]]", "initial param values": "[3.38053558,6.08352581,3.51401279,5.61931255,2.60696346,3.21970161]", "bfgs": {"type": "gradient", "0": {"maxiter": 100, "gtol": 1e-05, "xrtol": 1e-05, "eps": 1e-05, "duration": 0.03272199630737305, "fun": "0.31599541233140627", "jac": "[-1.74382730e-07  1.72617476e-07 -8.06543721e-07 -1.31195055e-07\n  9.13458198e-07 -1.14226406e-06]", "hess_inv": "[[ 4.81760537  0.44713045 -1.48590019  1.27729011 -4.11645938 -2.92851365]\n [ 0.44713045  4.62195188 -1.25647181 -0.68421407 -1.73472522 -2.09278337]\n [-1.48590019 -1.25647181  9.59486417  1.88949442  6.57842133  2.48231719]\n [ 1.27729011 -0.68421407  1.88949442  4.03606881  0.01968028 -0.42134721]\n [-4.11645938 -1.73472522  6.57842133  0.01968028 11.42447279  6.94159831]\n [-2.92851365 -2.09278337  2.48231719 -0.42134721  6.94159831  8.0174807 ]]", "nfev": "189", "njev": "27", "status": "0", "success": "True", "message": "Optimization terminated successfully.", "x": "[4.52591308 8.42773874 3.31299105 4.19827582 1.59479816 2.77600525]", "nit": "25"}, "1": {"maxiter": 100, "gtol": 1e-05, "xrtol": 1e-05, "eps": 1e-10, "duration": 0.031321048736572266, "fun": "0.31599541270724885", "jac": "[-1.11022293e-06 -2.22044587e-06 -2.22044587e-06 -9.99200639e-06\n  1.11022293e-06 -9.99200639e-06]", "hess_inv": "[[ 4.86983485  0.43801505 -1.57637317  1.25251587 -4.24926872 -2.99169742]\n [ 0.43801505  4.6669218  -1.38780646 -0.69049631 -1.80442819 -2.1545898 ]\n [-1.57637317 -1.38780646  9.8396748   1.80778462  6.77529421  2.55331316]\n [ 1.25251587 -0.69049631  1.80778462  3.85099672 -0.11747271 -0.61098768]\n [-4.24926872 -1.80442819  6.77529421 -0.11747271 11.60859796  6.93996438]\n [-2.99169742 -2.1545898   2.55331316 -0.61098768  6.93996438  7.90974532]]", "nfev": "182", "njev": "26", "status": "0", "success": "True", "message": "Optimization terminated successfully.", "x": "[4.52591508 8.42774869 3.31297939 4.19824856 1.59478223 2.77596864]", "nit": "24"}, "2": {"maxiter": 100, "gtol": 1e-05, "xrtol": 1e-10, "eps": 1e-05, "duration": 0.03253602981567383, "fun": "0.31599541233140627", "jac": "[-1.74382730e-07  1.72617476e-07 -8.06543721e-07 -1.31195055e-07\n  9.13458198e-07 -1.14226406e-06]", "hess_inv": "[[ 4.81760537  0.44713045 -1.48590019  1.27729011 -4.11645938 -2.92851365]\n [ 0.44713045  4.62195188 -1.25647181 -0.68421407 -1.73472522 -2.09278337]\n [-1.48590019 -1.25647181  9.59486417  1.88949442  6.57842133  2.48231719]\n [ 1.27729011 -0.68421407  1.88949442  4.03606881  0.01968028 -0.42134721]\n [-4.11645938 -1.73472522  6.57842133  0.01968028 11.42447279  6.94159831]\n [-2.92851365 -2.09278337  2.48231719 -0.42134721  6.94159831  8.0174807 ]]", "nfev": "189", "njev": "27", "status": "0", "success": "True", "message": "Optimization terminated successfully.", "x": "[4.52591308 8.42773874 3.31299105 4.19827582 1.59479816 2.77600525]", "nit": "25"}, "3": {"maxiter": 100, "gtol": 1e-05, "xrtol": 1e-10, "eps": 1e-10, "duration": 0.03122401237487793, "fun": "0.31599541270724885", "jac": "[-1.11022293e-06 -2.22044587e-06 -2.22044587e-06 -9.99200639e-06\n  1.11022293e-06 -9.99200639e-06]", "hess_inv": "[[ 4.86983485  0.43801505 -1.57637317  1.25251587 -4.24926872 -2.99169742]\n [ 0.43801505  4.6669218  -1.38780646 -0.69049631 -1.80442819 -2.1545898 ]\n [-1.57637317 -1.38780646  9.8396748   1.80778462  6.77529421  2.55331316]\n [ 1.25251587 -0.69049631  1.80778462  3.85099672 -0.11747271 -0.61098768]\n [-4.24926872 -1.80442819  6.77529421 -0.11747271 11.60859796  6.93996438]\n [-2.99169742 -2.1545898   2.55331316 -0.61098768  6.93996438  7.90974532]]", "nfev": "182", "njev": "26", "status": "0", "success": "True", "message": "Optimization terminated successfully.", "x": "[4.52591508 8.42774869 3.31297939 4.19824856 1.59478223 2.77596864]", "nit": "24"}, "4": {"maxiter": 100, "gtol": 1e-10, "xrtol": 1e-05, "eps": 1e-05, "duration": 0.03237009048461914, "fun": "0.31599541233140627", "jac": "[-1.74382730e-07  1.72617476e-07 -8.06543721e-07 -1.31195055e-07\n  9.13458198e-07 -1.14226406e-06]", "hess_inv": "[[ 4.81760537  0.44713045 -1.48590019  1.27729011 -4.11645938 -2.92851365]\n [ 0.44713045  4.62195188 -1.25647181 -0.68421407 -1.73472522 -2.09278337]\n [-1.48590019 -1.25647181  9.59486417  1.88949442  6.57842133  2.48231719]\n [ 1.27729011 -0.68421407  1.88949442  4.03606881  0.01968028 -0.42134721]\n [-4.11645938 -1.73472522  6.57842133  0.01968028 11.42447279  6.94159831]\n [-2.92851365 -2.09278337  2.48231719 -0.42134721  6.94159831  8.0174807 ]]", "nfev": "189", "njev": "27", "status": "0", "success": "True", "message": "Optimization terminated successfully.", "x": "[4.52591308 8.42773874 3.31299105 4.19827582 1.59479816 2.77600525]", "nit": "25"}, "5": {"maxiter": 100, "gtol": 1e-10, "xrtol": 1e-05, "eps": 1e-10, "duration": 0.03479599952697754, "fun": "0.3159954122617651", "jac": "[ 0.00000000e+00  1.11022293e-06  0.00000000e+00  1.11022293e-06\n  0.00000000e+00 -2.22044587e-06]", "hess_inv": "[[ 4.7340525   0.29927572 -1.03076778  1.36399474 -3.55904491 -2.46848506]\n [ 0.29927572  4.6471911  -1.04288285 -1.00064297 -1.29661471 -2.00748698]\n [-1.03076778 -1.04288285  7.86987139  1.90217547  4.10728093  0.85668327]\n [ 1.36399474 -1.00064297  1.90217547  4.97210809 -0.31499943 -0.05183967]\n [-3.55904491 -1.29661471  4.10728093 -0.31499943  8.0344493   4.47261446]\n [-2.46848506 -2.00748698  0.85668327 -0.05183967  4.47261446  6.6333804 ]]", "nfev": "203", "njev": "29", "status": "0", "success": "True", "message": "Optimization terminated successfully.", "x": "[4.52590743 8.42773041 3.31302888 4.19829194 1.5948389  2.77603233]", "nit": "26"}, "6": {"maxiter": 100, "gtol": 1e-10, "xrtol": 1e-10, "eps": 1e-05, "duration": 0.05423998832702637, "fun": "0.3159954123097849", "jac": "[ 3.67372799e-08  2.06945572e-08 -6.47926157e-08  4.71622741e-08\n  1.15663035e-07 -8.78630502e-08]", "hess_inv": "[[ 4.80849816e+00  4.66359244e-01 -1.53555511e+00  1.23916726e+00\n  -4.15093258e+00 -2.98015756e+00]\n [ 4.66359244e-01  4.68937051e+00 -1.36088265e+00 -7.37329411e-01\n  -1.77101687e+00 -2.29079537e+00]\n [-1.53555511e+00 -1.36088265e+00  9.72376149e+00  1.92304013e+00\n   6.59612405e+00  2.76474199e+00]\n [ 1.23916726e+00 -7.37329411e-01  1.92304013e+00  3.98878405e+00\n  -6.86648672e-03 -3.51422273e-01]\n [-4.15093258e+00 -1.77101687e+00  6.59612405e+00 -6.86648672e-03\n   1.13985706e+01  7.02582207e+00]\n [-2.98015756e+00 -2.29079537e+00  2.76474199e+00 -3.51422273e-01\n   7.02582207e+00  8.43172661e+00]]", "nfev": "319", "njev": "44", "status": "2", "success": "False", "message": "Desired error not necessarily achieved due to precision loss.", "x": "[4.52591328 8.42773598 3.31299614 4.19827797 1.59480075 2.77601024]", "nit": "26"}, "7": {"maxiter": 100, "gtol": 1e-10, "xrtol": 1e-10, "eps": 1e-10, "duration": 0.05004286766052246, "fun": "0.3159954122617651", "jac": "[ 0.00000000e+00  0.00000000e+00  1.11022293e-06  1.11022293e-06\n  3.33066880e-06 -1.11022293e-06]", "hess_inv": "[[ 4.29392837  0.18996575 -0.27581722  0.67918466 -1.97445637 -1.53682592]\n [ 0.18996575  4.85168989 -0.45275271 -1.40899478 -0.39508831 -1.82820458]\n [-0.27581722 -0.45275271  7.27471089  2.66269632  2.27213513 -0.83196982]\n [ 0.67918466 -1.40899478  2.66269632  4.15166416  1.62803625  1.45136913]\n [-1.97445637 -0.39508831  2.27213513  1.62803625  3.44335119  1.00407924]\n [-1.53682592 -1.82820458 -0.83196982  1.45136913  1.00407924  4.67295563]]", "nfev": "294", "njev": "42", "status": "0", "success": "True", "message": "Optimization terminated successfully.", "x": "[4.52590743 8.42773041 3.31302888 4.19829194 1.5948389  2.77603233]", "nit": "27"}, "8": {"maxiter": 500, "gtol": 1e-05, "xrtol": 1e-05, "eps": 1e-05, "duration": 0.03237605094909668, "fun": "0.31599541233140627", "jac": "[-1.74382730e-07  1.72617476e-07 -8.06543721e-07 -1.31195055e-07\n  9.13458198e-07 -1.14226406e-06]", "hess_inv": "[[ 4.81760537  0.44713045 -1.48590019  1.27729011 -4.11645938 -2.92851365]\n [ 0.44713045  4.62195188 -1.25647181 -0.68421407 -1.73472522 -2.09278337]\n [-1.48590019 -1.25647181  9.59486417  1.88949442  6.57842133  2.48231719]\n [ 1.27729011 -0.68421407  1.88949442  4.03606881  0.01968028 -0.42134721]\n [-4.11645938 -1.73472522  6.57842133  0.01968028 11.42447279  6.94159831]\n [-2.92851365 -2.09278337  2.48231719 -0.42134721  6.94159831  8.0174807 ]]", "nfev": "189", "njev": "27", "status": "0", "success": "True", "message": "Optimization terminated successfully.", "x": "[4.52591308 8.42773874 3.31299105 4.19827582 1.59479816 2.77600525]", "nit": "25"}, "9": {"maxiter": 500, "gtol": 1e-05, "xrtol": 1e-05, "eps": 1e-10, "duration": 0.031275033950805664, "fun": "0.31599541270724885", "jac": "[-1.11022293e-06 -2.22044587e-06 -2.22044587e-06 -9.99200639e-06\n  1.11022293e-06 -9.99200639e-06]", "hess_inv": "[[ 4.86983485  0.43801505 -1.57637317  1.25251587 -4.24926872 -2.99169742]\n [ 0.43801505  4.6669218  -1.38780646 -0.69049631 -1.80442819 -2.1545898 ]\n [-1.57637317 -1.38780646  9.8396748   1.80778462  6.77529421  2.55331316]\n [ 1.25251587 -0.69049631  1.80778462  3.85099672 -0.11747271 -0.61098768]\n [-4.24926872 -1.80442819  6.77529421 -0.11747271 11.60859796  6.93996438]\n [-2.99169742 -2.1545898   2.55331316 -0.61098768  6.93996438  7.90974532]]", "nfev": "182", "njev": "26", "status": "0", "success": "True", "message": "Optimization terminated successfully.", "x": "[4.52591508 8.42774869 3.31297939 4.19824856 1.59478223 2.77596864]", "nit": "24"}, "10": {"maxiter": 500, "gtol": 1e-05, "xrtol": 1e-10, "eps": 1e-05, "duration": 0.032621145248413086, "fun": "0.31599541233140627", "jac": "[-1.74382730e-07  1.72617476e-07 -8.06543721e-07 -1.31195055e-07\n  9.13458198e-07 -1.14226406e-06]", "hess_inv": "[[ 4.81760537  0.44713045 -1.48590019  1.27729011 -4.11645938 -2.92851365]\n [ 0.44713045  4.62195188 -1.25647181 -0.68421407 -1.73472522 -2.09278337]\n [-1.48590019 -1.25647181  9.59486417  1.88949442  6.57842133  2.48231719]\n [ 1.27729011 -0.68421407  1.88949442  4.03606881  0.01968028 -0.42134721]\n [-4.11645938 -1.73472522  6.57842133  0.01968028 11.42447279  6.94159831]\n [-2.92851365 -2.09278337  2.48231719 -0.42134721  6.94159831  8.0174807 ]]", "nfev": "189", "njev": "27", "status": "0", "success": "True", "message": "Optimization terminated successfully.", "x": "[4.52591308 8.42773874 3.31299105 4.19827582 1.59479816 2.77600525]", "nit": "25"}, "11": {"maxiter": 500, "gtol": 1e-05, "xrtol": 1e-10, "eps": 1e-10, "duration": 0.03146219253540039, "fun": "0.31599541270724885", "jac": "[-1.11022293e-06 -2.22044587e-06 -2.22044587e-06 -9.99200639e-06\n  1.11022293e-06 -9.99200639e-06]", "hess_inv": "[[ 4.86983485  0.43801505 -1.57637317  1.25251587 -4.24926872 -2.99169742]\n [ 0.43801505  4.6669218  -1.38780646 -0.69049631 -1.80442819 -2.1545898 ]\n [-1.57637317 -1.38780646  9.8396748   1.80778462  6.77529421  2.55331316]\n [ 1.25251587 -0.69049631  1.80778462  3.85099672 -0.11747271 -0.61098768]\n [-4.24926872 -1.80442819  6.77529421 -0.11747271 11.60859796  6.93996438]\n [-2.99169742 -2.1545898   2.55331316 -0.61098768  6.93996438  7.90974532]]", "nfev": "182", "njev": "26", "status": "0", "success": "True", "message": "Optimization terminated successfully.", "x": "[4.52591508 8.42774869 3.31297939 4.19824856 1.59478223 2.77596864]", "nit": "24"}, "12": {"maxiter": 500, "gtol": 1e-10, "xrtol": 1e-05, "eps": 1e-05, "duration": 0.03264570236206055, "fun": "0.31599541233140627", "jac": "[-1.74382730e-07  1.72617476e-07 -8.06543721e-07 -1.31195055e-07\n  9.13458198e-07 -1.14226406e-06]", "hess_inv": "[[ 4.81760537  0.44713045 -1.48590019  1.27729011 -4.11645938 -2.92851365]\n [ 0.44713045  4.62195188 -1.25647181 -0.68421407 -1.73472522 -2.09278337]\n [-1.48590019 -1.25647181  9.59486417  1.88949442  6.57842133  2.48231719]\n [ 1.27729011 -0.68421407  1.88949442  4.03606881  0.01968028 -0.42134721]\n [-4.11645938 -1.73472522  6.57842133  0.01968028 11.42447279  6.94159831]\n [-2.92851365 -2.09278337  2.48231719 -0.42134721  6.94159831  8.0174807 ]]", "nfev": "189", "njev": "27", "status": "0", "success": "True", "message": "Optimization terminated successfully.", "x": "[4.52591308 8.42773874 3.31299105 4.19827582 1.59479816 2.77600525]", "nit": "25"}, "13": {"maxiter": 500, "gtol": 1e-10, "xrtol": 1e-05, "eps": 1e-10, "duration": 0.03516888618469238, "fun": "0.3159954122617651", "jac": "[ 0.00000000e+00  1.11022293e-06  0.00000000e+00  1.11022293e-06\n  0.00000000e+00 -2.22044587e-06]", "hess_inv": "[[ 4.7340525   0.29927572 -1.03076778  1.36399474 -3.55904491 -2.46848506]\n [ 0.29927572  4.6471911  -1.04288285 -1.00064297 -1.29661471 -2.00748698]\n [-1.03076778 -1.04288285  7.86987139  1.90217547  4.10728093  0.85668327]\n [ 1.36399474 -1.00064297  1.90217547  4.97210809 -0.31499943 -0.05183967]\n [-3.55904491 -1.29661471  4.10728093 -0.31499943  8.0344493   4.47261446]\n [-2.46848506 -2.00748698  0.85668327 -0.05183967  4.47261446  6.6333804 ]]", "nfev": "203", "njev": "29", "status": "0", "success": "True", "message": "Optimization terminated successfully.", "x": "[4.52590743 8.42773041 3.31302888 4.19829194 1.5948389  2.77603233]", "nit": "26"}, "14": {"maxiter": 500, "gtol": 1e-10, "xrtol": 1e-10, "eps": 1e-05, "duration": 0.05467510223388672, "fun": "0.3159954123097849", "jac": "[ 3.67372799e-08  2.06945572e-08 -6.47926157e-08  4.71622741e-08\n  1.15663035e-07 -8.78630502e-08]", "hess_inv": "[[ 4.80849816e+00  4.66359244e-01 -1.53555511e+00  1.23916726e+00\n  -4.15093258e+00 -2.98015756e+00]\n [ 4.66359244e-01  4.68937051e+00 -1.36088265e+00 -7.37329411e-01\n  -1.77101687e+00 -2.29079537e+00]\n [-1.53555511e+00 -1.36088265e+00  9.72376149e+00  1.92304013e+00\n   6.59612405e+00  2.76474199e+00]\n [ 1.23916726e+00 -7.37329411e-01  1.92304013e+00  3.98878405e+00\n  -6.86648672e-03 -3.51422273e-01]\n [-4.15093258e+00 -1.77101687e+00  6.59612405e+00 -6.86648672e-03\n   1.13985706e+01  7.02582207e+00]\n [-2.98015756e+00 -2.29079537e+00  2.76474199e+00 -3.51422273e-01\n   7.02582207e+00  8.43172661e+00]]", "nfev": "319", "njev": "44", "status": "2", "success": "False", "message": "Desired error not necessarily achieved due to precision loss.", "x": "[4.52591328 8.42773598 3.31299614 4.19827797 1.59480075 2.77601024]", "nit": "26"}, "15": {"maxiter": 500, "gtol": 1e-10, "xrtol": 1e-10, "eps": 1e-10, "duration": 0.05023527145385742, "fun": "0.3159954122617651", "jac": "[ 0.00000000e+00  0.00000000e+00  1.11022293e-06  1.11022293e-06\n  3.33066880e-06 -1.11022293e-06]", "hess_inv": "[[ 4.29392837  0.18996575 -0.27581722  0.67918466 -1.97445637 -1.53682592]\n [ 0.18996575  4.85168989 -0.45275271 -1.40899478 -0.39508831 -1.82820458]\n [-0.27581722 -0.45275271  7.27471089  2.66269632  2.27213513 -0.83196982]\n [ 0.67918466 -1.40899478  2.66269632  4.15166416  1.62803625  1.45136913]\n [-1.97445637 -0.39508831  2.27213513  1.62803625  3.44335119  1.00407924]\n [-1.53682592 -1.82820458 -0.83196982  1.45136913  1.00407924  4.67295563]]", "nfev": "294", "njev": "42", "status": "0", "success": "True", "message": "Optimization terminated successfully.", "x": "[4.52590743 8.42773041 3.31302888 4.19829194 1.5948389  2.77603233]", "nit": "27"}, "16": {"maxiter": 1000, "gtol": 1e-05, "xrtol": 1e-05, "eps": 1e-05, "duration": 0.0328671932220459, "fun": "0.31599541233140627", "jac": "[-1.74382730e-07  1.72617476e-07 -8.06543721e-07 -1.31195055e-07\n  9.13458198e-07 -1.14226406e-06]", "hess_inv": "[[ 4.81760537  0.44713045 -1.48590019  1.27729011 -4.11645938 -2.92851365]\n [ 0.44713045  4.62195188 -1.25647181 -0.68421407 -1.73472522 -2.09278337]\n [-1.48590019 -1.25647181  9.59486417  1.88949442  6.57842133  2.48231719]\n [ 1.27729011 -0.68421407  1.88949442  4.03606881  0.01968028 -0.42134721]\n [-4.11645938 -1.73472522  6.57842133  0.01968028 11.42447279  6.94159831]\n [-2.92851365 -2.09278337  2.48231719 -0.42134721  6.94159831  8.0174807 ]]", "nfev": "189", "njev": "27", "status": "0", "success": "True", "message": "Optimization terminated successfully.", "x": "[4.52591308 8.42773874 3.31299105 4.19827582 1.59479816 2.77600525]", "nit": "25"}, "17": {"maxiter": 1000, "gtol": 1e-05, "xrtol": 1e-05, "eps": 1e-10, "duration": 0.03129076957702637, "fun": "0.31599541270724885", "jac": "[-1.11022293e-06 -2.22044587e-06 -2.22044587e-06 -9.99200639e-06\n  1.11022293e-06 -9.99200639e-06]", "hess_inv": "[[ 4.86983485  0.43801505 -1.57637317  1.25251587 -4.24926872 -2.99169742]\n [ 0.43801505  4.6669218  -1.38780646 -0.69049631 -1.80442819 -2.1545898 ]\n [-1.57637317 -1.38780646  9.8396748   1.80778462  6.77529421  2.55331316]\n [ 1.25251587 -0.69049631  1.80778462  3.85099672 -0.11747271 -0.61098768]\n [-4.24926872 -1.80442819  6.77529421 -0.11747271 11.60859796  6.93996438]\n [-2.99169742 -2.1545898   2.55331316 -0.61098768  6.93996438  7.90974532]]", "nfev": "182", "njev": "26", "status": "0", "success": "True", "message": "Optimization terminated successfully.", "x": "[4.52591508 8.42774869 3.31297939 4.19824856 1.59478223 2.77596864]", "nit": "24"}, "18": {"maxiter": 1000, "gtol": 1e-05, "xrtol": 1e-10, "eps": 1e-05, "duration": 0.03251290321350098, "fun": "0.31599541233140627", "jac": "[-1.74382730e-07  1.72617476e-07 -8.06543721e-07 -1.31195055e-07\n  9.13458198e-07 -1.14226406e-06]", "hess_inv": "[[ 4.81760537  0.44713045 -1.48590019  1.27729011 -4.11645938 -2.92851365]\n [ 0.44713045  4.62195188 -1.25647181 -0.68421407 -1.73472522 -2.09278337]\n [-1.48590019 -1.25647181  9.59486417  1.88949442  6.57842133  2.48231719]\n [ 1.27729011 -0.68421407  1.88949442  4.03606881  0.01968028 -0.42134721]\n [-4.11645938 -1.73472522  6.57842133  0.01968028 11.42447279  6.94159831]\n [-2.92851365 -2.09278337  2.48231719 -0.42134721  6.94159831  8.0174807 ]]", "nfev": "189", "njev": "27", "status": "0", "success": "True", "message": "Optimization terminated successfully.", "x": "[4.52591308 8.42773874 3.31299105 4.19827582 1.59479816 2.77600525]", "nit": "25"}, "19": {"maxiter": 1000, "gtol": 1e-05, "xrtol": 1e-10, "eps": 1e-10, "duration": 0.03130388259887695, "fun": "0.31599541270724885", "jac": "[-1.11022293e-06 -2.22044587e-06 -2.22044587e-06 -9.99200639e-06\n  1.11022293e-06 -9.99200639e-06]", "hess_inv": "[[ 4.86983485  0.43801505 -1.57637317  1.25251587 -4.24926872 -2.99169742]\n [ 0.43801505  4.6669218  -1.38780646 -0.69049631 -1.80442819 -2.1545898 ]\n [-1.57637317 -1.38780646  9.8396748   1.80778462  6.77529421  2.55331316]\n [ 1.25251587 -0.69049631  1.80778462  3.85099672 -0.11747271 -0.61098768]\n [-4.24926872 -1.80442819  6.77529421 -0.11747271 11.60859796  6.93996438]\n [-2.99169742 -2.1545898   2.55331316 -0.61098768  6.93996438  7.90974532]]", "nfev": "182", "njev": "26", "status": "0", "success": "True", "message": "Optimization terminated successfully.", "x": "[4.52591508 8.42774869 3.31297939 4.19824856 1.59478223 2.77596864]", "nit": "24"}, "20": {"maxiter": 1000, "gtol": 1e-10, "xrtol": 1e-05, "eps": 1e-05, "duration": 0.03238391876220703, "fun": "0.31599541233140627", "jac": "[-1.74382730e-07  1.72617476e-07 -8.06543721e-07 -1.31195055e-07\n  9.13458198e-07 -1.14226406e-06]", "hess_inv": "[[ 4.81760537  0.44713045 -1.48590019  1.27729011 -4.11645938 -2.92851365]\n [ 0.44713045  4.62195188 -1.25647181 -0.68421407 -1.73472522 -2.09278337]\n [-1.48590019 -1.25647181  9.59486417  1.88949442  6.57842133  2.48231719]\n [ 1.27729011 -0.68421407  1.88949442  4.03606881  0.01968028 -0.42134721]\n [-4.11645938 -1.73472522  6.57842133  0.01968028 11.42447279  6.94159831]\n [-2.92851365 -2.09278337  2.48231719 -0.42134721  6.94159831  8.0174807 ]]", "nfev": "189", "njev": "27", "status": "0", "success": "True", "message": "Optimization terminated successfully.", "x": "[4.52591308 8.42773874 3.31299105 4.19827582 1.59479816 2.77600525]", "nit": "25"}, "21": {"maxiter": 1000, "gtol": 1e-10, "xrtol": 1e-05, "eps": 1e-10, "duration": 0.034844160079956055, "fun": "0.3159954122617651", "jac": "[ 0.00000000e+00  1.11022293e-06  0.00000000e+00  1.11022293e-06\n  0.00000000e+00 -2.22044587e-06]", "hess_inv": "[[ 4.7340525   0.29927572 -1.03076778  1.36399474 -3.55904491 -2.46848506]\n [ 0.29927572  4.6471911  -1.04288285 -1.00064297 -1.29661471 -2.00748698]\n [-1.03076778 -1.04288285  7.86987139  1.90217547  4.10728093  0.85668327]\n [ 1.36399474 -1.00064297  1.90217547  4.97210809 -0.31499943 -0.05183967]\n [-3.55904491 -1.29661471  4.10728093 -0.31499943  8.0344493   4.47261446]\n [-2.46848506 -2.00748698  0.85668327 -0.05183967  4.47261446  6.6333804 ]]", "nfev": "203", "njev": "29", "status": "0", "success": "True", "message": "Optimization terminated successfully.", "x": "[4.52590743 8.42773041 3.31302888 4.19829194 1.5948389  2.77603233]", "nit": "26"}, "22": {"maxiter": 1000, "gtol": 1e-10, "xrtol": 1e-10, "eps": 1e-05, "duration": 0.05449175834655762, "fun": "0.3159954123097849", "jac": "[ 3.67372799e-08  2.06945572e-08 -6.47926157e-08  4.71622741e-08\n  1.15663035e-07 -8.78630502e-08]", "hess_inv": "[[ 4.80849816e+00  4.66359244e-01 -1.53555511e+00  1.23916726e+00\n  -4.15093258e+00 -2.98015756e+00]\n [ 4.66359244e-01  4.68937051e+00 -1.36088265e+00 -7.37329411e-01\n  -1.77101687e+00 -2.29079537e+00]\n [-1.53555511e+00 -1.36088265e+00  9.72376149e+00  1.92304013e+00\n   6.59612405e+00  2.76474199e+00]\n [ 1.23916726e+00 -7.37329411e-01  1.92304013e+00  3.98878405e+00\n  -6.86648672e-03 -3.51422273e-01]\n [-4.15093258e+00 -1.77101687e+00  6.59612405e+00 -6.86648672e-03\n   1.13985706e+01  7.02582207e+00]\n [-2.98015756e+00 -2.29079537e+00  2.76474199e+00 -3.51422273e-01\n   7.02582207e+00  8.43172661e+00]]", "nfev": "319", "njev": "44", "status": "2", "success": "False", "message": "Desired error not necessarily achieved due to precision loss.", "x": "[4.52591328 8.42773598 3.31299614 4.19827797 1.59480075 2.77601024]", "nit": "26"}, "23": {"maxiter": 1000, "gtol": 1e-10, "xrtol": 1e-10, "eps": 1e-10, "duration": 0.05018973350524902, "fun": "0.3159954122617651", "jac": "[ 0.00000000e+00  0.00000000e+00  1.11022293e-06  1.11022293e-06\n  3.33066880e-06 -1.11022293e-06]", "hess_inv": "[[ 4.29392837  0.18996575 -0.27581722  0.67918466 -1.97445637 -1.53682592]\n [ 0.18996575  4.85168989 -0.45275271 -1.40899478 -0.39508831 -1.82820458]\n [-0.27581722 -0.45275271  7.27471089  2.66269632  2.27213513 -0.83196982]\n [ 0.67918466 -1.40899478  2.66269632  4.15166416  1.62803625  1.45136913]\n [-1.97445637 -0.39508831  2.27213513  1.62803625  3.44335119  1.00407924]\n [-1.53682592 -1.82820458 -0.83196982  1.45136913  1.00407924  4.67295563]]", "nfev": "294", "njev": "42", "status": "0", "success": "True", "message": "Optimization terminated successfully.", "x": "[4.52590743 8.42773041 3.31302888 4.19829194 1.5948389  2.77603233]", "nit": "27"}}, "cobyla": {"0": {"maxiter": 100, "tol": 1e-05, "catol": 1e-05, "duration": 0.01636981964111328, "x": "[4.463558   8.39112972 3.438763   4.23273695 1.74625974 2.85841606]", "status": "2", "success": "False", "message": "Maximum number of function evaluations has been exceeded.", "nfev": "100", "fun": "0.31718328030146037", "maxcv": "0.0"}, "1": {"maxiter": 100, "tol": 1e-05, "catol": 1e-10, "duration": 0.016354084014892578, "x": "[4.463558   8.39112972 3.438763   4.23273695 1.74625974 2.85841606]", "status": "2", "success": "False", "message": "Maximum number of function evaluations has been exceeded.", "nfev": "100", "fun": "0.31718328030146037", "maxcv": "0.0"}, "2": {"maxiter": 100, "tol": 1e-10, "catol": 1e-05, "duration": 0.0164642333984375, "x": "[4.463558   8.39112972 3.438763   4.23273695 1.74625974 2.85841606]", "status": "2", "success": "False", "message": "Maximum number of function evaluations has been exceeded.", "nfev": "100", "fun": "0.31718328030146037", "maxcv": "0.0"}, "3": {"maxiter": 100, "tol": 1e-10, "catol": 1e-10, "duration": 0.01636505126953125, "x": "[4.463558   8.39112972 3.438763   4.23273695 1.74625974 2.85841606]", "status": "2", "success": "False", "message": "Maximum number of function evaluations has been exceeded.", "nfev": "100", "fun": "0.31718328030146037", "maxcv": "0.0"}, "4": {"maxiter": 500, "tol": 1e-05, "catol": 1e-05, "duration": 0.05207514762878418, "x": "[4.52590268 8.42773942 3.31303036 4.19828916 1.59484348 2.77604662]", "status": "1", "success": "True", "message": "Optimization terminated successfully.", "nfev": "320", "fun": "0.31599541229170547", "maxcv": "0.0"}, "5": {"maxiter": 500, "tol": 1e-05, "catol": 1e-10, "duration": 0.05213594436645508, "x": "[4.52590268 8.42773942 3.31303036 4.19828916 1.59484348 2.77604662]", "status": "1", "success": "True", "message": "Optimization terminated successfully.", "nfev": "320", "fun": "0.31599541229170547", "maxcv": "0.0"}, "6": {"maxiter": 500, "tol": 1e-10, "catol": 1e-05, "duration": 0.07889795303344727, "x": "[4.52591115 8.42773345 3.31302197 4.19828805 1.5948291  2.77602877]", "status": "1", "success": "True", "message": "Optimization terminated successfully.", "nfev": "484", "fun": "0.3159954122546632", "maxcv": "0.0"}, "7": {"maxiter": 500, "tol": 1e-10, "catol": 1e-10, "duration": 0.07876110076904297, "x": "[4.52591115 8.42773345 3.31302197 4.19828805 1.5948291  2.77602877]", "status": "1", "success": "True", "message": "Optimization terminated successfully.", "nfev": "484", "fun": "0.3159954122546632", "maxcv": "0.0"}, "8": {"maxiter": 1000, "tol": 1e-05, "catol": 1e-05, "duration": 0.0519716739654541, "x": "[4.52590268 8.42773942 3.31303036 4.19828916 1.59484348 2.77604662]", "status": "1", "success": "True", "message": "Optimization terminated successfully.", "nfev": "320", "fun": "0.31599541229170547", "maxcv": "0.0"}, "9": {"maxiter": 1000, "tol": 1e-05, "catol": 1e-10, "duration": 0.05199003219604492, "x": "[4.52590268 8.42773942 3.31303036 4.19828916 1.59484348 2.77604662]", "status": "1", "success": "True", "message": "Optimization terminated successfully.", "nfev": "320", "fun": "0.31599541229170547", "maxcv": "0.0"}, "10": {"maxiter": 1000, "tol": 1e-10, "catol": 1e-05, "duration": 0.07915902137756348, "x": "[4.52591115 8.42773345 3.31302197 4.19828805 1.5948291  2.77602877]", "status": "1", "success": "True", "message": "Optimization terminated successfully.", "nfev": "484", "fun": "0.3159954122546632", "maxcv": "0.0"}, "11": {"maxiter": 1000, "tol": 1e-10, "catol": 1e-10, "duration": 0.08052587509155273, "x": "[4.52591115 8.42773345 3.31302197 4.19828805 1.5948291  2.77602877]", "status": "1", "success": "True", "message": "Optimization terminated successfully.", "nfev": "484", "fun": "0.3159954122546632", "maxcv": "0.0"}}, "dual_annealing_0": {"type": "gradient-free", "0": {"maxiter": 100, "duration": 0.23816919326782227, "success": "True", "status": "0", "x": "[4.52590803 2.14454439 3.31302715 4.19828757 1.59483251 2.77603164]", "fun": "0.31599541225833294", "nit": "100", "nfev": "1355", "njev": "22", "nhev": "0", "message": "['Maximum number of iteration reached']"}, "1": {"maxiter": 500, "duration": 1.1040470600128174, "success": "True", "status": "0", "x": "[4.52591091 2.14455039 3.31301793 2.08490045 4.73641565 5.91761583]", "fun": "0.31599541225842365", "nit": "500", "nfev": "6358", "njev": "51", "nhev": "0", "message": "['Maximum number of iteration reached']"}, "2": {"maxiter": 1000, "duration": 2.107563018798828, "success": "True", "status": "0", "x": "[4.52590793 2.14455547 3.31303041 4.19828391 1.59483596 2.77602963]", "fun": "0.3159954122699713", "nit": "1000", "nfev": "12239", "njev": "34", "nhev": "0", "message": "['Maximum number of iteration reached']"}, "bounds": [[0.0, 6.283185307179586], [0.0, 6.283185307179586], [0.0, 6.283185307179586], [0.0, 6.283185307179586], [0.0, 6.283185307179586], [0.0, 6.283185307179586]]}, "dual_annealing_1": {"type": "gradient-free", "0": {"maxiter": 100, "duration": 0.2530853748321533, "success": "True", "status": "0", "x": "[4.36676604 8.34461631 3.41951605 2.08892056 5.04308368 0.        ]", "fun": "0.32379895362524935", "nit": "100", "nfev": "1474", "njev": "39", "nhev": "0", "message": "['Maximum number of iteration reached']"}, "1": {"maxiter": 500, "duration": 1.0694200992584229, "success": "True", "status": "0", "x": "[4.52589705 8.42772161 3.31301833 2.08491332 4.73643176 5.91763624]", "fun": "0.31599541231758554", "nit": "500", "nfev": "6148", "njev": "21", "nhev": "0", "message": "['Maximum number of iteration reached']"}, "2": {"maxiter": 1000, "duration": 2.1445441246032715, "success": "True", "status": "0", "x": "[8.04046159 5.28614583 0.17142011 4.19828807 1.59482012 2.77601947]", "fun": "0.3159954122681984", "nit": "1000", "nfev": "12386", "njev": "55", "nhev": "0", "message": "['Maximum number of iteration reached']"}, "bounds": [[0.0, 9.42477796076938], [0.0, 9.42477796076938], [0.0, 9.42477796076938], [0.0, 9.42477796076938], [0.0, 9.42477796076938], [0.0, 9.42477796076938]]}, "dual_annealing_2": {"type": "gradient-free", "0": {"maxiter": 100, "duration": 0.24269819259643555, "success": "True", "status": "0", "x": "[4.52590588 2.14453412 3.31300362 2.08489366 4.73642317 5.91763491]", "fun": "0.3159954123280725", "nit": "100", "nfev": "1397", "njev": "28", "nhev": "0", "message": "['Maximum number of iteration reached']"}, "1": {"maxiter": 500, "duration": 1.0573828220367432, "success": "True", "status": "0", "x": "[4.52589877 8.42775513 3.31306653 2.08488838 4.73645194 5.9176222 ]", "fun": "0.3159954124552109", "nit": "500", "nfev": "6099", "njev": "14", "nhev": "0", "message": "['Maximum number of iteration reached']"}, "2": {"maxiter": 1000, "duration": 2.140611171722412, "success": "True", "status": "0", "x": "[ 4.52591155  8.42773563  9.59620806  2.08489566 11.01960288  5.91761872]", "fun": "0.3159954122574803", "nit": "1000", "nfev": "12400", "njev": "57", "nhev": "0", "message": "['Maximum number of iteration reached']"}, "bounds": [[0.0, 12.566370614359172], [0.0, 12.566370614359172], [0.0, 12.566370614359172], [0.0, 12.566370614359172], [0.0, 12.566370614359172], [0.0, 12.566370614359172]]}, "dual_annealing_3": {"type": "gradient-free", "0": {"maxiter": 100, "duration": 0.25324010848999023, "success": "True", "status": "0", "x": "[-4.52587738 -0.99705989  0.17144949 -4.19830889 -1.54676691 -0.36557551]", "fun": "0.3159954126764697", "nit": "100", "nfev": "1481", "njev": "40", "nhev": "0", "message": "['Maximum number of iteration reached']"}, "1": {"maxiter": 500, "duration": 1.0601189136505127, "success": "True", "status": "0", "x": "[-4.52588379 -0.99702891 -6.11175285 -2.08490776 -4.68834365 -3.50715896]", "fun": "0.31599541237164885", "nit": "500", "nfev": "6169", "njev": "24", "nhev": "0", "message": "['Maximum number of iteration reached']"}, "2": {"maxiter": 1000, "duration": 2.1431069374084473, "success": "True", "status": "0", "x": "[ 1.75727413 -0.99704312 -6.11175651 -2.08489662  1.59482784 -3.50715697]", "fun": "0.31599541225510763", "nit": "1000", "nfev": "12316", "njev": "45", "nhev": "0", "message": "['Maximum number of iteration reached']"}, "bounds": [[-6.283185307179586, 6.283185307179586], [-6.283185307179586, 6.283185307179586], [-6.283185307179586, 6.283185307179586], [-6.283185307179586, 6.283185307179586], [-6.283185307179586, 6.283185307179586], [-6.283185307179586, 6.283185307179586]]}, "dual_annealing_4": {"type": "gradient-free", "0": {"maxiter": 100, "duration": 0.23305010795593262, "success": "True", "status": "0", "x": "[ 1.75726135  5.28615921  0.17139688 -2.0849022   7.87798671 -3.50718709]", "fun": "0.3159954123578984", "nit": "100", "nfev": "1320", "njev": "17", "nhev": "0", "message": "['Maximum number of iteration reached']"}, "1": {"maxiter": 500, "duration": 1.073009967803955, "success": "True", "status": "0", "x": "[ 1.75728043 -7.2802665   6.45465526 -4.19828928 -7.82990265 -0.36555219]", "fun": "0.31599541253378083", "nit": "500", "nfev": "6162", "njev": "23", "nhev": "0", "message": "['Maximum number of iteration reached']"}, "2": {"maxiter": 1000, "duration": 2.0965278148651123, "success": "True", "status": "0", "x": "[ 1.75727127  5.2861463   0.17142911 -4.19828691  4.73641719 -0.36556178]", "fun": "0.31599541226639083", "nit": "1000", "nfev": "12120", "njev": "17", "nhev": "0", "message": "['Maximum number of iteration reached']"}, "bounds": [[-9.42477796076938, 9.42477796076938], [-9.42477796076938, 9.42477796076938], [-9.42477796076938, 9.42477796076938], [-9.42477796076938, 9.42477796076938], [-9.42477796076938, 9.42477796076938], [-9.42477796076938, 9.42477796076938]]}, "dual_annealing_5": {"type": "gradient-free", "0": {"maxiter": 100, "duration": 0.23867273330688477, "success": "True", "status": "0", "x": "[ 10.80906233 -10.42180776  -2.97014196   8.36812163  11.01963127\n  -0.36552256]", "fun": "0.3159954127108249", "nit": "100", "nfev": "1376", "njev": "25", "nhev": "0", "message": "['Maximum number of iteration reached']"}, "1": {"maxiter": 500, "duration": 1.0612728595733643, "success": "True", "status": "0", "x": "[-4.52590672 -7.28022877  0.17142755  8.36808676 -1.54676496  5.91762219]", "fun": "0.31599541225906147", "nit": "500", "nfev": "6141", "njev": "20", "nhev": "0", "message": "['Maximum number of iteration reached']"}, "2": {"maxiter": 1000, "duration": 2.1192519664764404, "success": "True", "status": "0", "x": "[  1.75727464  -7.28025424   6.45462283 -10.48149029  -7.82993321\n  -6.64874385]", "fun": "0.3159954123641229", "nit": "1000", "nfev": "12134", "njev": "19", "nhev": "0", "message": "['Maximum number of iteration reached']"}, "bounds": [[-12.566370614359172, 12.566370614359172], [-12.566370614359172, 12.566370614359172], [-12.566370614359172, 12.566370614359172], [-12.566370614359172, 12.566370614359172], [-12.566370614359172, 12.566370614359172], [-12.566370614359172, 12.566370614359172]]}}, "duration (s)": 111.63}