{"date": "2024/07/22/, 21:52:22", "conf_id": 10, "data_type": "random\n", "num_data_points": 1, "s_rank": 0, "unitary": "[[-0.45070455-0.02711853j,0.78437395-0.06613086j,0.06358678+0.19963393j,-0.07343613+0.35668523j],[-0.01890143-0.03813363j,0.32408202+0.25557629j,0.05872864-0.68979805j,0.55466693-0.20227297j],[-0.11215405+0.64023111j,-0.13344055+0.29565494j,-0.49012687-0.19046288j,-0.04241254+0.44046348j],[0.55771659+0.24656916j,0.31851997-0.05798805j,0.28761525-0.34294258j,-0.56718418+0.03616933j]]", "databatch_0": {"databatch": "[[[0.34345258-0.02198274j,-0.01600601-0.11595602j,0.1757699-0.05421445j,-0.14499003-0.0579512j],[0.28326136-0.14195782j,-0.05575209-0.00444653j,0.02486993-0.17667767j,-0.2827828-0.17414898j],[0.21305464-0.10143806j,-0.0428902+0.03100895j,-0.01920475-0.15888767j,-0.26010708-0.20458496j],[-0.21874148-0.1560435j,-0.20343763+0.14959304j,-0.09907912-0.28949029j,0.25781317-0.27264741j]]]", "initial param values": "[1.00320846,3.85273852,5.33094329,2.36259954,5.69035494,4.77011668]", "bfgs": {"type": "gradient", "0": {"maxiter": 100, "gtol": 1e-05, "xrtol": 1e-05, "eps": 1e-05, "duration": 0.04906415939331055, "fun": "0.2840616199040995", "jac": "[-6.15618667e-08 -1.63316027e-06  2.52120547e-06  8.15836287e-07\n  6.47060183e-07 -2.50044430e-07]", "hess_inv": "[[ 4.60964792 -1.48567765  0.39572673  2.58969952 -2.27516798  1.1585972 ]\n [-1.48567765  6.16963311  1.65358758 -3.30645548  2.03827718  1.02231361]\n [ 0.39572673  1.65358758  4.67136217  1.50196444  1.50147273  1.01801135]\n [ 2.58969952 -3.30645548  1.50196444  7.09420131 -0.44160425  0.88286187]\n [-2.27516798  2.03827718  1.50147273 -0.44160425  5.69606632 -1.12149141]\n [ 1.1585972   1.02231361  1.01801135  0.88286187 -1.12149141  4.44543333]]", "nfev": "287", "njev": "41", "status": "0", "success": "True", "message": "Optimization terminated successfully.", "x": "[-1.99142618  4.94113329  3.37147463  1.10362486  4.76788061  5.13947299]", "nit": "32"}, "1": {"maxiter": 100, "gtol": 1e-05, "xrtol": 1e-05, "eps": 1e-10, "duration": 0.050127267837524414, "fun": "0.28406161998275126", "jac": "[-2.22044587e-06 -3.33066880e-06  6.66133760e-06 -6.66133760e-06\n -4.44089173e-06  4.44089173e-06]", "hess_inv": "[[ 4.64890294 -1.51210269  0.26365136  2.42390021 -2.5241303   1.04723401]\n [-1.51210269  5.55435318  1.84053946 -2.77027896  1.68329351  0.93163224]\n [ 0.26365136  1.84053946  4.93174222  1.55662559  1.59639317  1.08748325]\n [ 2.42390021 -2.77027896  1.55662559  6.45666555 -0.59897486  0.91196963]\n [-2.5241303   1.68329351  1.59639317 -0.59897486  5.44019133 -0.99092282]\n [ 1.04723401  0.93163224  1.08748325  0.91196963 -0.99092282  4.63100667]]", "nfev": "294", "njev": "42", "status": "0", "success": "True", "message": "Optimization terminated successfully.", "x": "[-1.9914265   4.94115192  3.3714916   1.10360966  4.7678653   5.13949476]", "nit": "33"}, "2": {"maxiter": 100, "gtol": 1e-05, "xrtol": 1e-10, "eps": 1e-05, "duration": 0.04873490333557129, "fun": "0.2840616199040995", "jac": "[-6.15618667e-08 -1.63316027e-06  2.52120547e-06  8.15836287e-07\n  6.47060183e-07 -2.50044430e-07]", "hess_inv": "[[ 4.60964792 -1.48567765  0.39572673  2.58969952 -2.27516798  1.1585972 ]\n [-1.48567765  6.16963311  1.65358758 -3.30645548  2.03827718  1.02231361]\n [ 0.39572673  1.65358758  4.67136217  1.50196444  1.50147273  1.01801135]\n [ 2.58969952 -3.30645548  1.50196444  7.09420131 -0.44160425  0.88286187]\n [-2.27516798  2.03827718  1.50147273 -0.44160425  5.69606632 -1.12149141]\n [ 1.1585972   1.02231361  1.01801135  0.88286187 -1.12149141  4.44543333]]", "nfev": "287", "njev": "41", "status": "0", "success": "True", "message": "Optimization terminated successfully.", "x": "[-1.99142618  4.94113329  3.37147463  1.10362486  4.76788061  5.13947299]", "nit": "32"}, "3": {"maxiter": 100, "gtol": 1e-05, "xrtol": 1e-10, "eps": 1e-10, "duration": 0.04985499382019043, "fun": "0.28406161998275126", "jac": "[-2.22044587e-06 -3.33066880e-06  6.66133760e-06 -6.66133760e-06\n -4.44089173e-06  4.44089173e-06]", "hess_inv": "[[ 4.64890294 -1.51210269  0.26365136  2.42390021 -2.5241303   1.04723401]\n [-1.51210269  5.55435318  1.84053946 -2.77027896  1.68329351  0.93163224]\n [ 0.26365136  1.84053946  4.93174222  1.55662559  1.59639317  1.08748325]\n [ 2.42390021 -2.77027896  1.55662559  6.45666555 -0.59897486  0.91196963]\n [-2.5241303   1.68329351  1.59639317 -0.59897486  5.44019133 -0.99092282]\n [ 1.04723401  0.93163224  1.08748325  0.91196963 -0.99092282  4.63100667]]", "nfev": "294", "njev": "42", "status": "0", "success": "True", "message": "Optimization terminated successfully.", "x": "[-1.9914265   4.94115192  3.3714916   1.10360966  4.7678653   5.13949476]", "nit": "33"}, "4": {"maxiter": 100, "gtol": 1e-10, "xrtol": 1e-05, "eps": 1e-05, "duration": 0.05119729042053223, "fun": "0.28406161990249235", "jac": "[-5.31019673e-08 -1.25892630e-06  1.94672056e-06  6.32216501e-07\n  4.78472817e-07 -2.06801243e-07]", "hess_inv": "[[ 4.59183478 -1.40018539  0.163573    2.36064985 -2.43449865  1.2071745 ]\n [-1.40018539  5.96928598  1.98926387 -2.89718581  2.19322157  0.99741149]\n [ 0.163573    1.98926387  4.5324279   1.07537063  1.68582543  0.87897913]\n [ 2.36064985 -2.89718581  1.07537063  6.4167023  -0.48646958  0.82312893]\n [-2.43449865  2.19322157  1.68582543 -0.48646958  6.04165883 -1.29172723]\n [ 1.2071745   0.99741149  0.87897913  0.82312893 -1.29172723  4.51948984]]", "nfev": "301", "njev": "43", "status": "0", "success": "True", "message": "Optimization terminated successfully.", "x": "[-1.99142674  4.9411346   3.37147239  1.10362215  4.76787956  5.13947317]", "nit": "33"}, "5": {"maxiter": 100, "gtol": 1e-10, "xrtol": 1e-05, "eps": 1e-10, "duration": 0.05139589309692383, "fun": "0.28406161991819534", "jac": "[ 0.00000000e+00  1.11022293e-06 -3.33066880e-06  1.11022293e-06\n  1.11022293e-06 -4.44089173e-06]", "hess_inv": "[[ 4.65353512 -1.64211958  0.14441514  2.68246411 -2.36381812  0.76095149]\n [-1.64211958  5.73477289  2.08962861 -3.04705698  1.50276921  1.10111174]\n [ 0.14441514  2.08962861  5.23485642  1.13450658  1.32671059  1.43254389]\n [ 2.68246411 -3.04705698  1.13450658  6.84203706 -0.34209227  0.76091505]\n [-2.36381812  1.50276921  1.32671059 -0.34209227  5.61056635 -1.10480287]\n [ 0.76095149  1.10111174  1.43254389  0.76091505 -1.10480287  4.48766869]]", "nfev": "301", "njev": "43", "status": "0", "success": "True", "message": "Optimization terminated successfully.", "x": "[-1.99141861  4.94113494  3.3714711   1.10363859  4.76788377  5.13947081]", "nit": "34"}, "6": {"maxiter": 100, "gtol": 1e-10, "xrtol": 1e-10, "eps": 1e-05, "duration": 0.08327293395996094, "fun": "0.2840616199023974", "jac": "[-4.75952611e-08 -1.11083365e-06  1.71838099e-06  5.58408875e-07\n  4.21851443e-07 -1.82753812e-07]", "hess_inv": "[[ 4.59462452 -1.41318676  0.15995802  2.36595588 -2.45274234  1.1980577 ]\n [-1.41318676  6.01542281  1.97236033 -2.9408198   2.22487535  1.02123892]\n [ 0.15995802  1.97236033  4.45613017  1.02252402  1.58263886  0.846754  ]\n [ 2.36595588 -2.9408198   1.02252402  6.40053242 -0.59283038  0.78098965]\n [-2.45274234  2.22487535  1.58263886 -0.59283038  5.96166536 -1.30148085]\n [ 1.1980577   1.02123892  0.846754    0.78098965 -1.30148085  4.52509265]]", "nfev": "487", "njev": "68", "status": "2", "success": "False", "message": "Desired error not necessarily achieved due to precision loss.", "x": "[-1.99142697  4.94113515  3.37147153  1.10362107  4.76787919  5.13947325]", "nit": "34"}, "7": {"maxiter": 100, "gtol": 1e-10, "xrtol": 1e-10, "eps": 1e-10, "duration": 0.06603503227233887, "fun": "0.2840616198623882", "jac": "[1.11022293e-06 0.00000000e+00 2.22044587e-06 0.00000000e+00\n 1.11022293e-06 0.00000000e+00]", "hess_inv": "[[ 57.67171044  42.86500425  -4.72373044 -29.95482417  -2.87462553\n   39.92419441]\n [ 42.86500425  35.48112055  -3.6121273  -24.14503592  -2.73719183\n   33.80253007]\n [ -4.72373044  -3.6121273    1.19040697   1.66433043  -0.29192164\n   -2.99200808]\n [-29.95482417 -24.14503592   1.66433043  17.9796746    1.86765285\n  -24.02372482]\n [ -2.87462553  -2.73719183  -0.29192164   1.86765285   2.72337894\n   -1.72918124]\n [ 39.92419441  33.80253007  -2.99200808 -24.02372482  -1.72918124\n   33.67177749]]", "nfev": "385", "njev": "55", "status": "0", "success": "True", "message": "Optimization terminated successfully.", "x": "[-1.9914203   4.94115162  3.37148443  1.10362639  4.7678853   5.13948933]", "nit": "40"}, "8": {"maxiter": 500, "gtol": 1e-05, "xrtol": 1e-05, "eps": 1e-05, "duration": 0.04889202117919922, "fun": "0.2840616199040995", "jac": "[-6.15618667e-08 -1.63316027e-06  2.52120547e-06  8.15836287e-07\n  6.47060183e-07 -2.50044430e-07]", "hess_inv": "[[ 4.60964792 -1.48567765  0.39572673  2.58969952 -2.27516798  1.1585972 ]\n [-1.48567765  6.16963311  1.65358758 -3.30645548  2.03827718  1.02231361]\n [ 0.39572673  1.65358758  4.67136217  1.50196444  1.50147273  1.01801135]\n [ 2.58969952 -3.30645548  1.50196444  7.09420131 -0.44160425  0.88286187]\n [-2.27516798  2.03827718  1.50147273 -0.44160425  5.69606632 -1.12149141]\n [ 1.1585972   1.02231361  1.01801135  0.88286187 -1.12149141  4.44543333]]", "nfev": "287", "njev": "41", "status": "0", "success": "True", "message": "Optimization terminated successfully.", "x": "[-1.99142618  4.94113329  3.37147463  1.10362486  4.76788061  5.13947299]", "nit": "32"}, "9": {"maxiter": 500, "gtol": 1e-05, "xrtol": 1e-05, "eps": 1e-10, "duration": 0.05031871795654297, "fun": "0.28406161998275126", "jac": "[-2.22044587e-06 -3.33066880e-06  6.66133760e-06 -6.66133760e-06\n -4.44089173e-06  4.44089173e-06]", "hess_inv": "[[ 4.64890294 -1.51210269  0.26365136  2.42390021 -2.5241303   1.04723401]\n [-1.51210269  5.55435318  1.84053946 -2.77027896  1.68329351  0.93163224]\n [ 0.26365136  1.84053946  4.93174222  1.55662559  1.59639317  1.08748325]\n [ 2.42390021 -2.77027896  1.55662559  6.45666555 -0.59897486  0.91196963]\n [-2.5241303   1.68329351  1.59639317 -0.59897486  5.44019133 -0.99092282]\n [ 1.04723401  0.93163224  1.08748325  0.91196963 -0.99092282  4.63100667]]", "nfev": "294", "njev": "42", "status": "0", "success": "True", "message": "Optimization terminated successfully.", "x": "[-1.9914265   4.94115192  3.3714916   1.10360966  4.7678653   5.13949476]", "nit": "33"}, "10": {"maxiter": 500, "gtol": 1e-05, "xrtol": 1e-10, "eps": 1e-05, "duration": 0.04920673370361328, "fun": "0.2840616199040995", "jac": "[-6.15618667e-08 -1.63316027e-06  2.52120547e-06  8.15836287e-07\n  6.47060183e-07 -2.50044430e-07]", "hess_inv": "[[ 4.60964792 -1.48567765  0.39572673  2.58969952 -2.27516798  1.1585972 ]\n [-1.48567765  6.16963311  1.65358758 -3.30645548  2.03827718  1.02231361]\n [ 0.39572673  1.65358758  4.67136217  1.50196444  1.50147273  1.01801135]\n [ 2.58969952 -3.30645548  1.50196444  7.09420131 -0.44160425  0.88286187]\n [-2.27516798  2.03827718  1.50147273 -0.44160425  5.69606632 -1.12149141]\n [ 1.1585972   1.02231361  1.01801135  0.88286187 -1.12149141  4.44543333]]", "nfev": "287", "njev": "41", "status": "0", "success": "True", "message": "Optimization terminated successfully.", "x": "[-1.99142618  4.94113329  3.37147463  1.10362486  4.76788061  5.13947299]", "nit": "32"}, "11": {"maxiter": 500, "gtol": 1e-05, "xrtol": 1e-10, "eps": 1e-10, "duration": 0.05005192756652832, "fun": "0.28406161998275126", "jac": "[-2.22044587e-06 -3.33066880e-06  6.66133760e-06 -6.66133760e-06\n -4.44089173e-06  4.44089173e-06]", "hess_inv": "[[ 4.64890294 -1.51210269  0.26365136  2.42390021 -2.5241303   1.04723401]\n [-1.51210269  5.55435318  1.84053946 -2.77027896  1.68329351  0.93163224]\n [ 0.26365136  1.84053946  4.93174222  1.55662559  1.59639317  1.08748325]\n [ 2.42390021 -2.77027896  1.55662559  6.45666555 -0.59897486  0.91196963]\n [-2.5241303   1.68329351  1.59639317 -0.59897486  5.44019133 -0.99092282]\n [ 1.04723401  0.93163224  1.08748325  0.91196963 -0.99092282  4.63100667]]", "nfev": "294", "njev": "42", "status": "0", "success": "True", "message": "Optimization terminated successfully.", "x": "[-1.9914265   4.94115192  3.3714916   1.10360966  4.7678653   5.13949476]", "nit": "33"}, "12": {"maxiter": 500, "gtol": 1e-10, "xrtol": 1e-05, "eps": 1e-05, "duration": 0.051328182220458984, "fun": "0.28406161990249235", "jac": "[-5.31019673e-08 -1.25892630e-06  1.94672056e-06  6.32216501e-07\n  4.78472817e-07 -2.06801243e-07]", "hess_inv": "[[ 4.59183478 -1.40018539  0.163573    2.36064985 -2.43449865  1.2071745 ]\n [-1.40018539  5.96928598  1.98926387 -2.89718581  2.19322157  0.99741149]\n [ 0.163573    1.98926387  4.5324279   1.07537063  1.68582543  0.87897913]\n [ 2.36064985 -2.89718581  1.07537063  6.4167023  -0.48646958  0.82312893]\n [-2.43449865  2.19322157  1.68582543 -0.48646958  6.04165883 -1.29172723]\n [ 1.2071745   0.99741149  0.87897913  0.82312893 -1.29172723  4.51948984]]", "nfev": "301", "njev": "43", "status": "0", "success": "True", "message": "Optimization terminated successfully.", "x": "[-1.99142674  4.9411346   3.37147239  1.10362215  4.76787956  5.13947317]", "nit": "33"}, "13": {"maxiter": 500, "gtol": 1e-10, "xrtol": 1e-05, "eps": 1e-10, "duration": 0.05137515068054199, "fun": "0.28406161991819534", "jac": "[ 0.00000000e+00  1.11022293e-06 -3.33066880e-06  1.11022293e-06\n  1.11022293e-06 -4.44089173e-06]", "hess_inv": "[[ 4.65353512 -1.64211958  0.14441514  2.68246411 -2.36381812  0.76095149]\n [-1.64211958  5.73477289  2.08962861 -3.04705698  1.50276921  1.10111174]\n [ 0.14441514  2.08962861  5.23485642  1.13450658  1.32671059  1.43254389]\n [ 2.68246411 -3.04705698  1.13450658  6.84203706 -0.34209227  0.76091505]\n [-2.36381812  1.50276921  1.32671059 -0.34209227  5.61056635 -1.10480287]\n [ 0.76095149  1.10111174  1.43254389  0.76091505 -1.10480287  4.48766869]]", "nfev": "301", "njev": "43", "status": "0", "success": "True", "message": "Optimization terminated successfully.", "x": "[-1.99141861  4.94113494  3.3714711   1.10363859  4.76788377  5.13947081]", "nit": "34"}, "14": {"maxiter": 500, "gtol": 1e-10, "xrtol": 1e-10, "eps": 1e-05, "duration": 0.08231496810913086, "fun": "0.2840616199023974", "jac": "[-4.75952611e-08 -1.11083365e-06  1.71838099e-06  5.58408875e-07\n  4.21851443e-07 -1.82753812e-07]", "hess_inv": "[[ 4.59462452 -1.41318676  0.15995802  2.36595588 -2.45274234  1.1980577 ]\n [-1.41318676  6.01542281  1.97236033 -2.9408198   2.22487535  1.02123892]\n [ 0.15995802  1.97236033  4.45613017  1.02252402  1.58263886  0.846754  ]\n [ 2.36595588 -2.9408198   1.02252402  6.40053242 -0.59283038  0.78098965]\n [-2.45274234  2.22487535  1.58263886 -0.59283038  5.96166536 -1.30148085]\n [ 1.1980577   1.02123892  0.846754    0.78098965 -1.30148085  4.52509265]]", "nfev": "487", "njev": "68", "status": "2", "success": "False", "message": "Desired error not necessarily achieved due to precision loss.", "x": "[-1.99142697  4.94113515  3.37147153  1.10362107  4.76787919  5.13947325]", "nit": "34"}, "15": {"maxiter": 500, "gtol": 1e-10, "xrtol": 1e-10, "eps": 1e-10, "duration": 0.06526613235473633, "fun": "0.2840616198623882", "jac": "[1.11022293e-06 0.00000000e+00 2.22044587e-06 0.00000000e+00\n 1.11022293e-06 0.00000000e+00]", "hess_inv": "[[ 57.67171044  42.86500425  -4.72373044 -29.95482417  -2.87462553\n   39.92419441]\n [ 42.86500425  35.48112055  -3.6121273  -24.14503592  -2.73719183\n   33.80253007]\n [ -4.72373044  -3.6121273    1.19040697   1.66433043  -0.29192164\n   -2.99200808]\n [-29.95482417 -24.14503592   1.66433043  17.9796746    1.86765285\n  -24.02372482]\n [ -2.87462553  -2.73719183  -0.29192164   1.86765285   2.72337894\n   -1.72918124]\n [ 39.92419441  33.80253007  -2.99200808 -24.02372482  -1.72918124\n   33.67177749]]", "nfev": "385", "njev": "55", "status": "0", "success": "True", "message": "Optimization terminated successfully.", "x": "[-1.9914203   4.94115162  3.37148443  1.10362639  4.7678853   5.13948933]", "nit": "40"}, "16": {"maxiter": 1000, "gtol": 1e-05, "xrtol": 1e-05, "eps": 1e-05, "duration": 0.04873323440551758, "fun": "0.2840616199040995", "jac": "[-6.15618667e-08 -1.63316027e-06  2.52120547e-06  8.15836287e-07\n  6.47060183e-07 -2.50044430e-07]", "hess_inv": "[[ 4.60964792 -1.48567765  0.39572673  2.58969952 -2.27516798  1.1585972 ]\n [-1.48567765  6.16963311  1.65358758 -3.30645548  2.03827718  1.02231361]\n [ 0.39572673  1.65358758  4.67136217  1.50196444  1.50147273  1.01801135]\n [ 2.58969952 -3.30645548  1.50196444  7.09420131 -0.44160425  0.88286187]\n [-2.27516798  2.03827718  1.50147273 -0.44160425  5.69606632 -1.12149141]\n [ 1.1585972   1.02231361  1.01801135  0.88286187 -1.12149141  4.44543333]]", "nfev": "287", "njev": "41", "status": "0", "success": "True", "message": "Optimization terminated successfully.", "x": "[-1.99142618  4.94113329  3.37147463  1.10362486  4.76788061  5.13947299]", "nit": "32"}, "17": {"maxiter": 1000, "gtol": 1e-05, "xrtol": 1e-05, "eps": 1e-10, "duration": 0.049841880798339844, "fun": "0.28406161998275126", "jac": "[-2.22044587e-06 -3.33066880e-06  6.66133760e-06 -6.66133760e-06\n -4.44089173e-06  4.44089173e-06]", "hess_inv": "[[ 4.64890294 -1.51210269  0.26365136  2.42390021 -2.5241303   1.04723401]\n [-1.51210269  5.55435318  1.84053946 -2.77027896  1.68329351  0.93163224]\n [ 0.26365136  1.84053946  4.93174222  1.55662559  1.59639317  1.08748325]\n [ 2.42390021 -2.77027896  1.55662559  6.45666555 -0.59897486  0.91196963]\n [-2.5241303   1.68329351  1.59639317 -0.59897486  5.44019133 -0.99092282]\n [ 1.04723401  0.93163224  1.08748325  0.91196963 -0.99092282  4.63100667]]", "nfev": "294", "njev": "42", "status": "0", "success": "True", "message": "Optimization terminated successfully.", "x": "[-1.9914265   4.94115192  3.3714916   1.10360966  4.7678653   5.13949476]", "nit": "33"}, "18": {"maxiter": 1000, "gtol": 1e-05, "xrtol": 1e-10, "eps": 1e-05, "duration": 0.04860210418701172, "fun": "0.2840616199040995", "jac": "[-6.15618667e-08 -1.63316027e-06  2.52120547e-06  8.15836287e-07\n  6.47060183e-07 -2.50044430e-07]", "hess_inv": "[[ 4.60964792 -1.48567765  0.39572673  2.58969952 -2.27516798  1.1585972 ]\n [-1.48567765  6.16963311  1.65358758 -3.30645548  2.03827718  1.02231361]\n [ 0.39572673  1.65358758  4.67136217  1.50196444  1.50147273  1.01801135]\n [ 2.58969952 -3.30645548  1.50196444  7.09420131 -0.44160425  0.88286187]\n [-2.27516798  2.03827718  1.50147273 -0.44160425  5.69606632 -1.12149141]\n [ 1.1585972   1.02231361  1.01801135  0.88286187 -1.12149141  4.44543333]]", "nfev": "287", "njev": "41", "status": "0", "success": "True", "message": "Optimization terminated successfully.", "x": "[-1.99142618  4.94113329  3.37147463  1.10362486  4.76788061  5.13947299]", "nit": "32"}, "19": {"maxiter": 1000, "gtol": 1e-05, "xrtol": 1e-10, "eps": 1e-10, "duration": 0.04968976974487305, "fun": "0.28406161998275126", "jac": "[-2.22044587e-06 -3.33066880e-06  6.66133760e-06 -6.66133760e-06\n -4.44089173e-06  4.44089173e-06]", "hess_inv": "[[ 4.64890294 -1.51210269  0.26365136  2.42390021 -2.5241303   1.04723401]\n [-1.51210269  5.55435318  1.84053946 -2.77027896  1.68329351  0.93163224]\n [ 0.26365136  1.84053946  4.93174222  1.55662559  1.59639317  1.08748325]\n [ 2.42390021 -2.77027896  1.55662559  6.45666555 -0.59897486  0.91196963]\n [-2.5241303   1.68329351  1.59639317 -0.59897486  5.44019133 -0.99092282]\n [ 1.04723401  0.93163224  1.08748325  0.91196963 -0.99092282  4.63100667]]", "nfev": "294", "njev": "42", "status": "0", "success": "True", "message": "Optimization terminated successfully.", "x": "[-1.9914265   4.94115192  3.3714916   1.10360966  4.7678653   5.13949476]", "nit": "33"}, "20": {"maxiter": 1000, "gtol": 1e-10, "xrtol": 1e-05, "eps": 1e-05, "duration": 0.05100297927856445, "fun": "0.28406161990249235", "jac": "[-5.31019673e-08 -1.25892630e-06  1.94672056e-06  6.32216501e-07\n  4.78472817e-07 -2.06801243e-07]", "hess_inv": "[[ 4.59183478 -1.40018539  0.163573    2.36064985 -2.43449865  1.2071745 ]\n [-1.40018539  5.96928598  1.98926387 -2.89718581  2.19322157  0.99741149]\n [ 0.163573    1.98926387  4.5324279   1.07537063  1.68582543  0.87897913]\n [ 2.36064985 -2.89718581  1.07537063  6.4167023  -0.48646958  0.82312893]\n [-2.43449865  2.19322157  1.68582543 -0.48646958  6.04165883 -1.29172723]\n [ 1.2071745   0.99741149  0.87897913  0.82312893 -1.29172723  4.51948984]]", "nfev": "301", "njev": "43", "status": "0", "success": "True", "message": "Optimization terminated successfully.", "x": "[-1.99142674  4.9411346   3.37147239  1.10362215  4.76787956  5.13947317]", "nit": "33"}, "21": {"maxiter": 1000, "gtol": 1e-10, "xrtol": 1e-05, "eps": 1e-10, "duration": 0.05108928680419922, "fun": "0.28406161991819534", "jac": "[ 0.00000000e+00  1.11022293e-06 -3.33066880e-06  1.11022293e-06\n  1.11022293e-06 -4.44089173e-06]", "hess_inv": "[[ 4.65353512 -1.64211958  0.14441514  2.68246411 -2.36381812  0.76095149]\n [-1.64211958  5.73477289  2.08962861 -3.04705698  1.50276921  1.10111174]\n [ 0.14441514  2.08962861  5.23485642  1.13450658  1.32671059  1.43254389]\n [ 2.68246411 -3.04705698  1.13450658  6.84203706 -0.34209227  0.76091505]\n [-2.36381812  1.50276921  1.32671059 -0.34209227  5.61056635 -1.10480287]\n [ 0.76095149  1.10111174  1.43254389  0.76091505 -1.10480287  4.48766869]]", "nfev": "301", "njev": "43", "status": "0", "success": "True", "message": "Optimization terminated successfully.", "x": "[-1.99141861  4.94113494  3.3714711   1.10363859  4.76788377  5.13947081]", "nit": "34"}, "22": {"maxiter": 1000, "gtol": 1e-10, "xrtol": 1e-10, "eps": 1e-05, "duration": 0.08254504203796387, "fun": "0.2840616199023974", "jac": "[-4.75952611e-08 -1.11083365e-06  1.71838099e-06  5.58408875e-07\n  4.21851443e-07 -1.82753812e-07]", "hess_inv": "[[ 4.59462452 -1.41318676  0.15995802  2.36595588 -2.45274234  1.1980577 ]\n [-1.41318676  6.01542281  1.97236033 -2.9408198   2.22487535  1.02123892]\n [ 0.15995802  1.97236033  4.45613017  1.02252402  1.58263886  0.846754  ]\n [ 2.36595588 -2.9408198   1.02252402  6.40053242 -0.59283038  0.78098965]\n [-2.45274234  2.22487535  1.58263886 -0.59283038  5.96166536 -1.30148085]\n [ 1.1980577   1.02123892  0.846754    0.78098965 -1.30148085  4.52509265]]", "nfev": "487", "njev": "68", "status": "2", "success": "False", "message": "Desired error not necessarily achieved due to precision loss.", "x": "[-1.99142697  4.94113515  3.37147153  1.10362107  4.76787919  5.13947325]", "nit": "34"}, "23": {"maxiter": 1000, "gtol": 1e-10, "xrtol": 1e-10, "eps": 1e-10, "duration": 0.06551384925842285, "fun": "0.2840616198623882", "jac": "[1.11022293e-06 0.00000000e+00 2.22044587e-06 0.00000000e+00\n 1.11022293e-06 0.00000000e+00]", "hess_inv": "[[ 57.67171044  42.86500425  -4.72373044 -29.95482417  -2.87462553\n   39.92419441]\n [ 42.86500425  35.48112055  -3.6121273  -24.14503592  -2.73719183\n   33.80253007]\n [ -4.72373044  -3.6121273    1.19040697   1.66433043  -0.29192164\n   -2.99200808]\n [-29.95482417 -24.14503592   1.66433043  17.9796746    1.86765285\n  -24.02372482]\n [ -2.87462553  -2.73719183  -0.29192164   1.86765285   2.72337894\n   -1.72918124]\n [ 39.92419441  33.80253007  -2.99200808 -24.02372482  -1.72918124\n   33.67177749]]", "nfev": "385", "njev": "55", "status": "0", "success": "True", "message": "Optimization terminated successfully.", "x": "[-1.9914203   4.94115162  3.37148443  1.10362639  4.7678853   5.13948933]", "nit": "40"}}, "cobyla": {"0": {"maxiter": 100, "tol": 1e-05, "catol": 1e-05, "duration": 0.016338348388671875, "x": "[-0.61430455  4.87350129  4.22421889  4.06977911  3.31056031  3.09659728]", "status": "2", "success": "False", "message": "Maximum number of function evaluations has been exceeded.", "nfev": "100", "fun": "0.5373725717608697", "maxcv": "0.0"}, "1": {"maxiter": 100, "tol": 1e-05, "catol": 1e-10, "duration": 0.016259193420410156, "x": "[-0.61430455  4.87350129  4.22421889  4.06977911  3.31056031  3.09659728]", "status": "2", "success": "False", "message": "Maximum number of function evaluations has been exceeded.", "nfev": "100", "fun": "0.5373725717608697", "maxcv": "0.0"}, "2": {"maxiter": 100, "tol": 1e-10, "catol": 1e-05, "duration": 0.016275882720947266, "x": "[-0.61430455  4.87350129  4.22421889  4.06977911  3.31056031  3.09659728]", "status": "2", "success": "False", "message": "Maximum number of function evaluations has been exceeded.", "nfev": "100", "fun": "0.5373725717608697", "maxcv": "0.0"}, "3": {"maxiter": 100, "tol": 1e-10, "catol": 1e-10, "duration": 0.016238689422607422, "x": "[-0.61430455  4.87350129  4.22421889  4.06977911  3.31056031  3.09659728]", "status": "2", "success": "False", "message": "Maximum number of function evaluations has been exceeded.", "nfev": "100", "fun": "0.5373725717608697", "maxcv": "0.0"}, "4": {"maxiter": 500, "tol": 1e-05, "catol": 1e-05, "duration": 0.04681229591369629, "x": "[-1.99139448  4.94112741  3.37148782  5.17953586  1.62628994  1.99790012]", "status": "1", "success": "True", "message": "Optimization terminated successfully.", "nfev": "288", "fun": "0.28406161999712465", "maxcv": "0.0"}, "5": {"maxiter": 500, "tol": 1e-05, "catol": 1e-10, "duration": 0.046465158462524414, "x": "[-1.99139448  4.94112741  3.37148782  5.17953586  1.62628994  1.99790012]", "status": "1", "success": "True", "message": "Optimization terminated successfully.", "nfev": "288", "fun": "0.28406161999712465", "maxcv": "0.0"}, "6": {"maxiter": 500, "tol": 1e-10, "catol": 1e-05, "duration": 0.06492900848388672, "x": "[-1.99142063  4.9411508   3.37148133  5.17956092  1.62629149  1.99789296]", "status": "1", "success": "True", "message": "Optimization terminated successfully.", "nfev": "402", "fun": "0.2840616198597551", "maxcv": "0.0"}, "7": {"maxiter": 500, "tol": 1e-10, "catol": 1e-10, "duration": 0.06504297256469727, "x": "[-1.99142063  4.9411508   3.37148133  5.17956092  1.62629149  1.99789296]", "status": "1", "success": "True", "message": "Optimization terminated successfully.", "nfev": "402", "fun": "0.2840616198597551", "maxcv": "0.0"}, "8": {"maxiter": 1000, "tol": 1e-05, "catol": 1e-05, "duration": 0.046622276306152344, "x": "[-1.99139448  4.94112741  3.37148782  5.17953586  1.62628994  1.99790012]", "status": "1", "success": "True", "message": "Optimization terminated successfully.", "nfev": "288", "fun": "0.28406161999712465", "maxcv": "0.0"}, "9": {"maxiter": 1000, "tol": 1e-05, "catol": 1e-10, "duration": 0.04655003547668457, "x": "[-1.99139448  4.94112741  3.37148782  5.17953586  1.62628994  1.99790012]", "status": "1", "success": "True", "message": "Optimization terminated successfully.", "nfev": "288", "fun": "0.28406161999712465", "maxcv": "0.0"}, "10": {"maxiter": 1000, "tol": 1e-10, "catol": 1e-05, "duration": 0.0653378963470459, "x": "[-1.99142063  4.9411508   3.37148133  5.17956092  1.62629149  1.99789296]", "status": "1", "success": "True", "message": "Optimization terminated successfully.", "nfev": "402", "fun": "0.2840616198597551", "maxcv": "0.0"}, "11": {"maxiter": 1000, "tol": 1e-10, "catol": 1e-10, "duration": 0.06509280204772949, "x": "[-1.99142063  4.9411508   3.37148133  5.17956092  1.62629149  1.99789296]", "status": "1", "success": "True", "message": "Optimization terminated successfully.", "nfev": "402", "fun": "0.2840616198597551", "maxcv": "0.0"}}, "dual_annealing_0": {"type": "gradient-free", "0": {"maxiter": 100, "duration": 0.24550867080688477, "success": "True", "status": "0", "x": "[4.29176465 4.94115076 3.37148627 1.10362052 4.7678899  5.13948637]", "fun": "0.28406161987361844", "nit": "100", "nfev": "1425", "njev": "32", "nhev": "0", "message": "['Maximum number of iteration reached']"}, "1": {"maxiter": 500, "duration": 1.0686368942260742, "success": "True", "status": "0", "x": "[4.2917669  4.94114437 3.37148085 1.1036245  4.76787992 5.13948483]", "fun": "0.28406161986608147", "nit": "500", "nfev": "6106", "njev": "15", "nhev": "0", "message": "['Maximum number of iteration reached']"}, "2": {"maxiter": 1000, "duration": 2.1223959922790527, "success": "True", "status": "0", "x": "[1.99141961 1.79956063 0.22989869 5.17954261 1.62628356 1.99790732]", "fun": "0.28406161993046886", "nit": "1000", "nfev": "12169", "njev": "24", "nhev": "0", "message": "['Maximum number of iteration reached']"}, "bounds": [[0.0, 6.283185307179586], [0.0, 6.283185307179586], [0.0, 6.283185307179586], [0.0, 6.283185307179586], [0.0, 6.283185307179586], [0.0, 6.283185307179586]]}, "dual_annealing_1": {"type": "gradient-free", "0": {"maxiter": 100, "duration": 0.22729206085205078, "success": "True", "status": "0", "x": "[1.99141858 1.79955411 0.22987981 5.17956437 1.62629956 1.99789542]", "fun": "0.28406161989767764", "nit": "100", "nfev": "1313", "njev": "16", "nhev": "0", "message": "['Maximum number of iteration reached']"}, "1": {"maxiter": 500, "duration": 1.0759999752044678, "success": "True", "status": "0", "x": "[8.2746043  1.79954804 6.513066   5.17957088 7.9094712  8.28106284]", "fun": "0.284061619910308", "nit": "500", "nfev": "6148", "njev": "21", "nhev": "0", "message": "['Maximum number of iteration reached']"}, "2": {"maxiter": 1000, "duration": 2.1333048343658447, "success": "True", "status": "0", "x": "[8.27459175 1.79952164 6.51307457 5.17953897 1.62626376 8.28109452]", "fun": "0.2840616200587578", "nit": "1000", "nfev": "12211", "njev": "30", "nhev": "0", "message": "['Maximum number of iteration reached']"}, "bounds": [[0.0, 9.42477796076938], [0.0, 9.42477796076938], [0.0, 9.42477796076938], [0.0, 9.42477796076938], [0.0, 9.42477796076938], [0.0, 9.42477796076938]]}, "dual_annealing_2": {"type": "gradient-free", "0": {"maxiter": 100, "duration": 0.23065900802612305, "success": "True", "status": "0", "x": "[ 1.99142248  8.08275808  6.51308121  1.1036183   4.76789662 11.42267418]", "fun": "0.2840616198867172", "nit": "100", "nfev": "1306", "njev": "15", "nhev": "0", "message": "['Maximum number of iteration reached']"}, "1": {"maxiter": 500, "duration": 1.0911622047424316, "success": "True", "status": "0", "x": "[ 4.29177271 11.22435101  9.65469393  7.38682645 11.05106509 11.42268901]", "fun": "0.2840616199870294", "nit": "500", "nfev": "6169", "njev": "24", "nhev": "0", "message": "['Maximum number of iteration reached']"}, "2": {"maxiter": 1000, "duration": 2.0912461280822754, "success": "True", "status": "0", "x": "[ 4.29176873 11.22432817  9.65465983  5.1795511   1.62630284  1.99790334]", "fun": "0.28406161993649237", "nit": "1000", "nfev": "12134", "njev": "19", "nhev": "0", "message": "['Maximum number of iteration reached']"}, "bounds": [[0.0, 12.566370614359172], [0.0, 12.566370614359172], [0.0, 12.566370614359172], [0.0, 12.566370614359172], [0.0, 12.566370614359172], [0.0, 12.566370614359172]]}, "dual_annealing_3": {"type": "gradient-free", "0": {"maxiter": 100, "duration": 0.23302078247070312, "success": "True", "status": "0", "x": "[-1.99144611  4.94114751 -2.91170974  5.17956473 -4.65685941  1.99786897]", "fun": "0.2840616200281322", "nit": "100", "nfev": "1313", "njev": "16", "nhev": "0", "message": "['Maximum number of iteration reached']"}, "1": {"maxiter": 500, "duration": 1.073632001876831, "success": "True", "status": "0", "x": "[-1.99141629 -1.34205279 -2.9117023   1.10363103  4.76789553  5.13947864]", "fun": "0.28406161993497836", "nit": "500", "nfev": "6211", "njev": "30", "nhev": "0", "message": "['Maximum number of iteration reached']"}, "2": {"maxiter": 1000, "duration": 2.11879301071167, "success": "True", "status": "0", "x": "[ 4.29177497 -1.34204067  3.37147361 -5.17955096  4.76788447  5.13949912]", "fun": "0.28406161991598367", "nit": "1000", "nfev": "12253", "njev": "36", "nhev": "0", "message": "['Maximum number of iteration reached']"}, "bounds": [[-6.283185307179586, 6.283185307179586], [-6.283185307179586, 6.283185307179586], [-6.283185307179586, 6.283185307179586], [-6.283185307179586, 6.283185307179586], [-6.283185307179586, 6.283185307179586], [-6.283185307179586, 6.283185307179586]]}, "dual_annealing_4": {"type": "gradient-free", "0": {"maxiter": 100, "duration": 0.23052000999450684, "success": "True", "status": "0", "x": "[ 4.27541467  4.8455983   9.42477796  1.03410961  4.70720368 -7.48566838]", "fun": "0.289891706444254", "nit": "100", "nfev": "1292", "njev": "13", "nhev": "0", "message": "['Maximum number of iteration reached']"}, "1": {"maxiter": 500, "duration": 1.0732789039611816, "success": "True", "status": "0", "x": "[-4.29176098  8.08276172 -6.05331104 -5.1795606  -7.79846382 -1.14370729]", "fun": "0.2840616200430838", "nit": "500", "nfev": "6204", "njev": "29", "nhev": "0", "message": "['Maximum number of iteration reached']"}, "2": {"maxiter": 1000, "duration": 2.0968801975250244, "success": "True", "status": "0", "x": "[-1.99142159 -7.62521698 -9.19487414 -5.17954841 -7.79849032 -1.14369368]", "fun": "0.28406161990861456", "nit": "1000", "nfev": "12197", "njev": "28", "nhev": "0", "message": "['Maximum number of iteration reached']"}, "bounds": [[-9.42477796076938, 9.42477796076938], [-9.42477796076938, 9.42477796076938], [-9.42477796076938, 9.42477796076938], [-9.42477796076938, 9.42477796076938], [-9.42477796076938, 9.42477796076938], [-9.42477796076938, 9.42477796076938]]}, "dual_annealing_5": {"type": "gradient-free", "0": {"maxiter": 100, "duration": 0.24164986610412598, "success": "True", "status": "0", "x": "[10.57496464 -1.34204081 -2.91171759 -5.17955445 11.05107602 11.42268205]", "fun": "0.2840616199726451", "nit": "100", "nfev": "1355", "njev": "22", "nhev": "0", "message": "['Maximum number of iteration reached']"}, "1": {"maxiter": 500, "duration": 1.0644330978393555, "success": "True", "status": "0", "x": "[  1.99142529   1.79956112 -12.3364795   -1.10361842   7.90949336\n   8.28106555]", "fun": "0.2840616198970849", "nit": "500", "nfev": "6106", "njev": "15", "nhev": "0", "message": "['Maximum number of iteration reached']"}, "2": {"maxiter": 1000, "duration": 2.205834150314331, "success": "True", "status": "0", "x": "[-1.9914394  -7.62522096 -9.19489439  7.38681134 -1.51528844 -7.42687901]", "fun": "0.28406161994582446", "nit": "1000", "nfev": "12225", "njev": "32", "nhev": "0", "message": "['Maximum number of iteration reached']"}, "bounds": [[-12.566370614359172, 12.566370614359172], [-12.566370614359172, 12.566370614359172], [-12.566370614359172, 12.566370614359172], [-12.566370614359172, 12.566370614359172], [-12.566370614359172, 12.566370614359172], [-12.566370614359172, 12.566370614359172]]}}, "duration (s)": 114.17}