{"date": "2024/07/22/, 22:46:18", "conf_id": 38, "data_type": "random\n", "num_data_points": 2, "s_rank": 0, "unitary": "[[-0.53618537-0.34368723j,-0.12107031-0.46226139j,-0.07699282-0.46603512j,0.36022595-0.11472301j],[0.26026499-0.63450712j,-0.56616638+0.37832564j,-0.14988651+0.08458591j,0.10363514-0.16008501j],[-0.32580188-0.11070003j,-0.36476308-0.23593218j,0.02559343+0.41761608j,-0.25598305+0.6725303j],[0.07406738-0.0126433j,0.28513701+0.19483972j,-0.74939717-0.10299659j,0.29798249+0.46269921j]]", "databatch_0": {"databatch": "[[[-0.14623646-0.03349641j,0.07453509+0.06032238j,-0.02300703+0.03076698j,0.14953989+0.24217758j],[0.094312+0.27681499j,0.0817284+0.14238852j,-0.27443272+0.08384062j,-0.00205157+0.02619425j],[-0.29108737+0.08236075j,-0.28267444+0.36773885j,-0.04405484-0.15409809j,-0.18246468+0.26645023j],[0.207279+0.01363809j,-0.18319588+0.0121067j,-0.07359841+0.05025362j,-0.26866256-0.31095774j]],[[0.16152999-0.04006372j,0.0200053+0.02367371j,0.11398011+0.03458797j,0.3879437+0.17247569j],[-0.05034074-0.16140429j,0.10081239+0.06177841j,0.23224335+0.29305921j,-0.11708756-0.03582765j],[0.07064778+0.23002719j,0.38661881-0.21142259j,-0.04149777+0.05950172j,-0.07653258-0.01433623j],[0.20285632-0.22664537j,0.14337546+0.23086368j,0.02287268-0.23690308j,-0.20960398+0.22174616j]]]", "initial param values": "[2.87725621,5.20241134,4.46764763,5.14522196,2.2951213,6.07982171]", "bfgs": {"type": "gradient", "0": {"maxiter": 100, "gtol": 1e-05, "xrtol": 1e-05, "eps": 1e-05, "duration": 0.05341196060180664, "fun": "0.3479530418608563", "jac": "[ 6.71118716e-07  5.87130344e-07  1.68343117e-07 -6.92257363e-07\n -2.69457789e-06 -3.13700177e-06]", "hess_inv": "[[ 3.11256024  0.42258962  0.52463386 -0.25378173 -1.27628085  0.54875398]\n [ 0.42258962  6.47042788  4.69747704  0.72145324 -2.29647389  0.92646483]\n [ 0.52463386  4.69747704  7.16339377  0.39379751 -2.72082807  0.95865673]\n [-0.25378173  0.72145324  0.39379751  4.09286977  0.45975991 -0.10170807]\n [-1.27628085 -2.29647389 -2.72082807  0.45975991  4.64718006 -0.96984038]\n [ 0.54875398  0.92646483  0.95865673 -0.10170807 -0.96984038  3.19470053]]", "nfev": "294", "njev": "42", "status": "0", "success": "True", "message": "Optimization terminated successfully.", "x": "[2.23838772 8.77850596 4.07685549 4.78197757 1.78752979 8.40855485]", "nit": "30"}, "1": {"maxiter": 100, "gtol": 1e-05, "xrtol": 1e-05, "eps": 1e-10, "duration": 0.05128216743469238, "fun": "0.34795304191375764", "jac": "[ 7.77156053e-06  0.00000000e+00 -3.33066880e-06 -1.11022293e-06\n  2.22044587e-06 -1.11022293e-06]", "hess_inv": "[[ 2.95491441  0.35285111  0.58353766 -0.27809606 -1.1096677   0.3869142 ]\n [ 0.35285111  6.62435112  4.69455757  0.71891568 -2.44913819  0.98681783]\n [ 0.58353766  4.69455757  7.08051191  0.29210218 -2.99306185  1.09642385]\n [-0.27809606  0.71891568  0.29210218  4.04473538  0.49700403 -0.11868084]\n [-1.1096677  -2.44913819 -2.99306185  0.49700403  4.91884955 -1.02699625]\n [ 0.3869142   0.98681783  1.09642385 -0.11868084 -1.02699625  3.17775585]]", "nfev": "294", "njev": "42", "status": "0", "success": "True", "message": "Optimization terminated successfully.", "x": "[2.23841371 8.77850947 4.07685187 4.7819774  1.78753745 8.40856133]", "nit": "30"}, "2": {"maxiter": 100, "gtol": 1e-05, "xrtol": 1e-10, "eps": 1e-05, "duration": 0.05020618438720703, "fun": "0.3479530418608563", "jac": "[ 6.71118716e-07  5.87130344e-07  1.68343117e-07 -6.92257363e-07\n -2.69457789e-06 -3.13700177e-06]", "hess_inv": "[[ 3.11256024  0.42258962  0.52463386 -0.25378173 -1.27628085  0.54875398]\n [ 0.42258962  6.47042788  4.69747704  0.72145324 -2.29647389  0.92646483]\n [ 0.52463386  4.69747704  7.16339377  0.39379751 -2.72082807  0.95865673]\n [-0.25378173  0.72145324  0.39379751  4.09286977  0.45975991 -0.10170807]\n [-1.27628085 -2.29647389 -2.72082807  0.45975991  4.64718006 -0.96984038]\n [ 0.54875398  0.92646483  0.95865673 -0.10170807 -0.96984038  3.19470053]]", "nfev": "294", "njev": "42", "status": "0", "success": "True", "message": "Optimization terminated successfully.", "x": "[2.23838772 8.77850596 4.07685549 4.78197757 1.78752979 8.40855485]", "nit": "30"}, "3": {"maxiter": 100, "gtol": 1e-05, "xrtol": 1e-10, "eps": 1e-10, "duration": 0.049720048904418945, "fun": "0.34795304191375764", "jac": "[ 7.77156053e-06  0.00000000e+00 -3.33066880e-06 -1.11022293e-06\n  2.22044587e-06 -1.11022293e-06]", "hess_inv": "[[ 2.95491441  0.35285111  0.58353766 -0.27809606 -1.1096677   0.3869142 ]\n [ 0.35285111  6.62435112  4.69455757  0.71891568 -2.44913819  0.98681783]\n [ 0.58353766  4.69455757  7.08051191  0.29210218 -2.99306185  1.09642385]\n [-0.27809606  0.71891568  0.29210218  4.04473538  0.49700403 -0.11868084]\n [-1.1096677  -2.44913819 -2.99306185  0.49700403  4.91884955 -1.02699625]\n [ 0.3869142   0.98681783  1.09642385 -0.11868084 -1.02699625  3.17775585]]", "nfev": "294", "njev": "42", "status": "0", "success": "True", "message": "Optimization terminated successfully.", "x": "[2.23841371 8.77850947 4.07685187 4.7819774  1.78753745 8.40856133]", "nit": "30"}, "4": {"maxiter": 100, "gtol": 1e-10, "xrtol": 1e-05, "eps": 1e-05, "duration": 0.050926923751831055, "fun": "0.3479530418220662", "jac": "[-9.71889236e-08  6.75681733e-08 -3.09752224e-08  4.86499729e-08\n -1.16107124e-07 -4.92050845e-08]", "hess_inv": "[[ 3.12386801  0.42031997  0.54066154 -0.2844927  -1.30945877  0.51723401]\n [ 0.42031997  6.38541279  4.6717314   0.64442367 -2.29192248  0.87488963]\n [ 0.54066154  4.6717314   7.18017332  0.32833914 -2.76841022  0.89871824]\n [-0.2844927   0.64442367  0.32833914  4.09530078  0.54781666 -0.07246169]\n [-1.30945877 -2.29192248 -2.76841022  0.54781666  4.7444748  -0.87878621]\n [ 0.51723401  0.87488963  0.89871824 -0.07246169 -0.87878621  3.24333591]]", "nfev": "301", "njev": "43", "status": "0", "success": "True", "message": "Optimization terminated successfully.", "x": "[2.23838318 8.77849816 4.07684676 4.78198141 1.78754289 8.4085616 ]", "nit": "31"}, "5": {"maxiter": 100, "gtol": 1e-10, "xrtol": 1e-05, "eps": 1e-10, "duration": 0.051069021224975586, "fun": "0.34795304182557063", "jac": "[-3.33066880e-06  0.00000000e+00  0.00000000e+00 -2.22044587e-06\n -2.22044587e-06 -5.55111466e-06]", "hess_inv": "[[ 3.12302781  0.24627783  0.44483604 -0.32323123 -0.96916637  0.25635929]\n [ 0.24627783  6.61185281  4.66973827  0.73402988 -2.56213919  1.14455008]\n [ 0.44483604  4.66973827  7.03616497  0.31033068 -3.14268573  1.30971653]\n [-0.32323123  0.73402988  0.31033068  4.0545773   0.45524701 -0.07098901]\n [-0.96916637 -2.56213919 -3.14268573  0.45524701  5.02912    -1.11369757]\n [ 0.25635929  1.14455008  1.30971653 -0.07098901 -1.11369757  3.20894127]]", "nfev": "301", "njev": "43", "status": "0", "success": "True", "message": "Optimization terminated successfully.", "x": "[2.23839299 8.77853089 4.07688062 4.78198436 1.78752262 8.40856965]", "nit": "31"}, "6": {"maxiter": 100, "gtol": 1e-10, "xrtol": 1e-10, "eps": 1e-05, "duration": 0.09820795059204102, "fun": "0.3479530418220662", "jac": "[-9.71889236e-08  6.75681733e-08 -3.09752224e-08  4.86499729e-08\n -1.16107124e-07 -4.92050845e-08]", "hess_inv": "[[ 3.09312383  0.42242581  0.52766815 -0.25516643 -1.28463926  0.53937431]\n [ 0.42242581  6.48358427  4.75514311  0.64831297 -2.40794632  0.83124332]\n [ 0.52766815  4.75514311  7.24394688  0.34568381 -2.85387895  0.87271355]\n [-0.25516643  0.64831297  0.34568381  4.06768085  0.51728347 -0.09610827]\n [-1.28463926 -2.40794632 -2.85387895  0.51728347  4.85737664 -0.84767035]\n [ 0.53937431  0.83124332  0.87271355 -0.09610827 -0.84767035  3.24544494]]", "nfev": "542", "njev": "76", "status": "2", "success": "False", "message": "Desired error not necessarily achieved due to precision loss.", "x": "[2.23838318 8.77849816 4.07684676 4.78198141 1.78754289 8.4085616 ]", "nit": "31"}, "7": {"maxiter": 100, "gtol": 1e-10, "xrtol": 1e-10, "eps": 1e-10, "duration": 0.12695813179016113, "fun": "0.34795304182335196", "jac": "[ 2.22044587e-06  2.22044587e-06  3.33066880e-06  2.22044587e-06\n -1.11022293e-06  0.00000000e+00]", "hess_inv": "[[ 0.16844021  0.12511119 -0.25796862  0.00691587 -0.07412469 -0.24762509]\n [ 0.12511119  0.1419628  -0.21049548  0.02334713 -0.06928601 -0.18836476]\n [-0.25796862 -0.21049548  0.4156191  -0.02072325  0.12372057  0.38682132]\n [ 0.00691587  0.02334713 -0.02072325  0.0124271  -0.00597514 -0.01301065]\n [-0.07412469 -0.06928601  0.12372057 -0.00597514  0.04621544  0.11574992]\n [-0.24762509 -0.18836476  0.38682132 -0.01301065  0.11574992  0.37054649]]", "nfev": "725", "njev": "102", "status": "2", "success": "False", "message": "Desired error not necessarily achieved due to precision loss.", "x": "[2.23839207 8.77853041 4.07688229 4.78198452 1.78752299 8.40857133]", "nit": "39"}, "8": {"maxiter": 500, "gtol": 1e-05, "xrtol": 1e-05, "eps": 1e-05, "duration": 0.05100131034851074, "fun": "0.3479530418608563", "jac": "[ 6.71118716e-07  5.87130344e-07  1.68343117e-07 -6.92257363e-07\n -2.69457789e-06 -3.13700177e-06]", "hess_inv": "[[ 3.11256024  0.42258962  0.52463386 -0.25378173 -1.27628085  0.54875398]\n [ 0.42258962  6.47042788  4.69747704  0.72145324 -2.29647389  0.92646483]\n [ 0.52463386  4.69747704  7.16339377  0.39379751 -2.72082807  0.95865673]\n [-0.25378173  0.72145324  0.39379751  4.09286977  0.45975991 -0.10170807]\n [-1.27628085 -2.29647389 -2.72082807  0.45975991  4.64718006 -0.96984038]\n [ 0.54875398  0.92646483  0.95865673 -0.10170807 -0.96984038  3.19470053]]", "nfev": "294", "njev": "42", "status": "0", "success": "True", "message": "Optimization terminated successfully.", "x": "[2.23838772 8.77850596 4.07685549 4.78197757 1.78752979 8.40855485]", "nit": "30"}, "9": {"maxiter": 500, "gtol": 1e-05, "xrtol": 1e-05, "eps": 1e-10, "duration": 0.05102705955505371, "fun": "0.34795304191375764", "jac": "[ 7.77156053e-06  0.00000000e+00 -3.33066880e-06 -1.11022293e-06\n  2.22044587e-06 -1.11022293e-06]", "hess_inv": "[[ 2.95491441  0.35285111  0.58353766 -0.27809606 -1.1096677   0.3869142 ]\n [ 0.35285111  6.62435112  4.69455757  0.71891568 -2.44913819  0.98681783]\n [ 0.58353766  4.69455757  7.08051191  0.29210218 -2.99306185  1.09642385]\n [-0.27809606  0.71891568  0.29210218  4.04473538  0.49700403 -0.11868084]\n [-1.1096677  -2.44913819 -2.99306185  0.49700403  4.91884955 -1.02699625]\n [ 0.3869142   0.98681783  1.09642385 -0.11868084 -1.02699625  3.17775585]]", "nfev": "294", "njev": "42", "status": "0", "success": "True", "message": "Optimization terminated successfully.", "x": "[2.23841371 8.77850947 4.07685187 4.7819774  1.78753745 8.40856133]", "nit": "30"}, "10": {"maxiter": 500, "gtol": 1e-05, "xrtol": 1e-10, "eps": 1e-05, "duration": 0.05084371566772461, "fun": "0.3479530418608563", "jac": "[ 6.71118716e-07  5.87130344e-07  1.68343117e-07 -6.92257363e-07\n -2.69457789e-06 -3.13700177e-06]", "hess_inv": "[[ 3.11256024  0.42258962  0.52463386 -0.25378173 -1.27628085  0.54875398]\n [ 0.42258962  6.47042788  4.69747704  0.72145324 -2.29647389  0.92646483]\n [ 0.52463386  4.69747704  7.16339377  0.39379751 -2.72082807  0.95865673]\n [-0.25378173  0.72145324  0.39379751  4.09286977  0.45975991 -0.10170807]\n [-1.27628085 -2.29647389 -2.72082807  0.45975991  4.64718006 -0.96984038]\n [ 0.54875398  0.92646483  0.95865673 -0.10170807 -0.96984038  3.19470053]]", "nfev": "294", "njev": "42", "status": "0", "success": "True", "message": "Optimization terminated successfully.", "x": "[2.23838772 8.77850596 4.07685549 4.78197757 1.78752979 8.40855485]", "nit": "30"}, "11": {"maxiter": 500, "gtol": 1e-05, "xrtol": 1e-10, "eps": 1e-10, "duration": 0.051062822341918945, "fun": "0.34795304191375764", "jac": "[ 7.77156053e-06  0.00000000e+00 -3.33066880e-06 -1.11022293e-06\n  2.22044587e-06 -1.11022293e-06]", "hess_inv": "[[ 2.95491441  0.35285111  0.58353766 -0.27809606 -1.1096677   0.3869142 ]\n [ 0.35285111  6.62435112  4.69455757  0.71891568 -2.44913819  0.98681783]\n [ 0.58353766  4.69455757  7.08051191  0.29210218 -2.99306185  1.09642385]\n [-0.27809606  0.71891568  0.29210218  4.04473538  0.49700403 -0.11868084]\n [-1.1096677  -2.44913819 -2.99306185  0.49700403  4.91884955 -1.02699625]\n [ 0.3869142   0.98681783  1.09642385 -0.11868084 -1.02699625  3.17775585]]", "nfev": "294", "njev": "42", "status": "0", "success": "True", "message": "Optimization terminated successfully.", "x": "[2.23841371 8.77850947 4.07685187 4.7819774  1.78753745 8.40856133]", "nit": "30"}, "12": {"maxiter": 500, "gtol": 1e-10, "xrtol": 1e-05, "eps": 1e-05, "duration": 0.05248689651489258, "fun": "0.3479530418220662", "jac": "[-9.71889236e-08  6.75681733e-08 -3.09752224e-08  4.86499729e-08\n -1.16107124e-07 -4.92050845e-08]", "hess_inv": "[[ 3.12386801  0.42031997  0.54066154 -0.2844927  -1.30945877  0.51723401]\n [ 0.42031997  6.38541279  4.6717314   0.64442367 -2.29192248  0.87488963]\n [ 0.54066154  4.6717314   7.18017332  0.32833914 -2.76841022  0.89871824]\n [-0.2844927   0.64442367  0.32833914  4.09530078  0.54781666 -0.07246169]\n [-1.30945877 -2.29192248 -2.76841022  0.54781666  4.7444748  -0.87878621]\n [ 0.51723401  0.87488963  0.89871824 -0.07246169 -0.87878621  3.24333591]]", "nfev": "301", "njev": "43", "status": "0", "success": "True", "message": "Optimization terminated successfully.", "x": "[2.23838318 8.77849816 4.07684676 4.78198141 1.78754289 8.4085616 ]", "nit": "31"}, "13": {"maxiter": 500, "gtol": 1e-10, "xrtol": 1e-05, "eps": 1e-10, "duration": 0.05195283889770508, "fun": "0.34795304182557063", "jac": "[-3.33066880e-06  0.00000000e+00  0.00000000e+00 -2.22044587e-06\n -2.22044587e-06 -5.55111466e-06]", "hess_inv": "[[ 3.12302781  0.24627783  0.44483604 -0.32323123 -0.96916637  0.25635929]\n [ 0.24627783  6.61185281  4.66973827  0.73402988 -2.56213919  1.14455008]\n [ 0.44483604  4.66973827  7.03616497  0.31033068 -3.14268573  1.30971653]\n [-0.32323123  0.73402988  0.31033068  4.0545773   0.45524701 -0.07098901]\n [-0.96916637 -2.56213919 -3.14268573  0.45524701  5.02912    -1.11369757]\n [ 0.25635929  1.14455008  1.30971653 -0.07098901 -1.11369757  3.20894127]]", "nfev": "301", "njev": "43", "status": "0", "success": "True", "message": "Optimization terminated successfully.", "x": "[2.23839299 8.77853089 4.07688062 4.78198436 1.78752262 8.40856965]", "nit": "31"}, "14": {"maxiter": 500, "gtol": 1e-10, "xrtol": 1e-10, "eps": 1e-05, "duration": 0.09244894981384277, "fun": "0.3479530418220662", "jac": "[-9.71889236e-08  6.75681733e-08 -3.09752224e-08  4.86499729e-08\n -1.16107124e-07 -4.92050845e-08]", "hess_inv": "[[ 3.09312383  0.42242581  0.52766815 -0.25516643 -1.28463926  0.53937431]\n [ 0.42242581  6.48358427  4.75514311  0.64831297 -2.40794632  0.83124332]\n [ 0.52766815  4.75514311  7.24394688  0.34568381 -2.85387895  0.87271355]\n [-0.25516643  0.64831297  0.34568381  4.06768085  0.51728347 -0.09610827]\n [-1.28463926 -2.40794632 -2.85387895  0.51728347  4.85737664 -0.84767035]\n [ 0.53937431  0.83124332  0.87271355 -0.09610827 -0.84767035  3.24544494]]", "nfev": "542", "njev": "76", "status": "2", "success": "False", "message": "Desired error not necessarily achieved due to precision loss.", "x": "[2.23838318 8.77849816 4.07684676 4.78198141 1.78754289 8.4085616 ]", "nit": "31"}, "15": {"maxiter": 500, "gtol": 1e-10, "xrtol": 1e-10, "eps": 1e-10, "duration": 0.12460803985595703, "fun": "0.34795304182335196", "jac": "[ 2.22044587e-06  2.22044587e-06  3.33066880e-06  2.22044587e-06\n -1.11022293e-06  0.00000000e+00]", "hess_inv": "[[ 0.16844021  0.12511119 -0.25796862  0.00691587 -0.07412469 -0.24762509]\n [ 0.12511119  0.1419628  -0.21049548  0.02334713 -0.06928601 -0.18836476]\n [-0.25796862 -0.21049548  0.4156191  -0.02072325  0.12372057  0.38682132]\n [ 0.00691587  0.02334713 -0.02072325  0.0124271  -0.00597514 -0.01301065]\n [-0.07412469 -0.06928601  0.12372057 -0.00597514  0.04621544  0.11574992]\n [-0.24762509 -0.18836476  0.38682132 -0.01301065  0.11574992  0.37054649]]", "nfev": "725", "njev": "102", "status": "2", "success": "False", "message": "Desired error not necessarily achieved due to precision loss.", "x": "[2.23839207 8.77853041 4.07688229 4.78198452 1.78752299 8.40857133]", "nit": "39"}, "16": {"maxiter": 1000, "gtol": 1e-05, "xrtol": 1e-05, "eps": 1e-05, "duration": 0.051367759704589844, "fun": "0.3479530418608563", "jac": "[ 6.71118716e-07  5.87130344e-07  1.68343117e-07 -6.92257363e-07\n -2.69457789e-06 -3.13700177e-06]", "hess_inv": "[[ 3.11256024  0.42258962  0.52463386 -0.25378173 -1.27628085  0.54875398]\n [ 0.42258962  6.47042788  4.69747704  0.72145324 -2.29647389  0.92646483]\n [ 0.52463386  4.69747704  7.16339377  0.39379751 -2.72082807  0.95865673]\n [-0.25378173  0.72145324  0.39379751  4.09286977  0.45975991 -0.10170807]\n [-1.27628085 -2.29647389 -2.72082807  0.45975991  4.64718006 -0.96984038]\n [ 0.54875398  0.92646483  0.95865673 -0.10170807 -0.96984038  3.19470053]]", "nfev": "294", "njev": "42", "status": "0", "success": "True", "message": "Optimization terminated successfully.", "x": "[2.23838772 8.77850596 4.07685549 4.78197757 1.78752979 8.40855485]", "nit": "30"}, "17": {"maxiter": 1000, "gtol": 1e-05, "xrtol": 1e-05, "eps": 1e-10, "duration": 0.05082869529724121, "fun": "0.34795304191375764", "jac": "[ 7.77156053e-06  0.00000000e+00 -3.33066880e-06 -1.11022293e-06\n  2.22044587e-06 -1.11022293e-06]", "hess_inv": "[[ 2.95491441  0.35285111  0.58353766 -0.27809606 -1.1096677   0.3869142 ]\n [ 0.35285111  6.62435112  4.69455757  0.71891568 -2.44913819  0.98681783]\n [ 0.58353766  4.69455757  7.08051191  0.29210218 -2.99306185  1.09642385]\n [-0.27809606  0.71891568  0.29210218  4.04473538  0.49700403 -0.11868084]\n [-1.1096677  -2.44913819 -2.99306185  0.49700403  4.91884955 -1.02699625]\n [ 0.3869142   0.98681783  1.09642385 -0.11868084 -1.02699625  3.17775585]]", "nfev": "294", "njev": "42", "status": "0", "success": "True", "message": "Optimization terminated successfully.", "x": "[2.23841371 8.77850947 4.07685187 4.7819774  1.78753745 8.40856133]", "nit": "30"}, "18": {"maxiter": 1000, "gtol": 1e-05, "xrtol": 1e-10, "eps": 1e-05, "duration": 0.0507967472076416, "fun": "0.3479530418608563", "jac": "[ 6.71118716e-07  5.87130344e-07  1.68343117e-07 -6.92257363e-07\n -2.69457789e-06 -3.13700177e-06]", "hess_inv": "[[ 3.11256024  0.42258962  0.52463386 -0.25378173 -1.27628085  0.54875398]\n [ 0.42258962  6.47042788  4.69747704  0.72145324 -2.29647389  0.92646483]\n [ 0.52463386  4.69747704  7.16339377  0.39379751 -2.72082807  0.95865673]\n [-0.25378173  0.72145324  0.39379751  4.09286977  0.45975991 -0.10170807]\n [-1.27628085 -2.29647389 -2.72082807  0.45975991  4.64718006 -0.96984038]\n [ 0.54875398  0.92646483  0.95865673 -0.10170807 -0.96984038  3.19470053]]", "nfev": "294", "njev": "42", "status": "0", "success": "True", "message": "Optimization terminated successfully.", "x": "[2.23838772 8.77850596 4.07685549 4.78197757 1.78752979 8.40855485]", "nit": "30"}, "19": {"maxiter": 1000, "gtol": 1e-05, "xrtol": 1e-10, "eps": 1e-10, "duration": 0.05082821846008301, "fun": "0.34795304191375764", "jac": "[ 7.77156053e-06  0.00000000e+00 -3.33066880e-06 -1.11022293e-06\n  2.22044587e-06 -1.11022293e-06]", "hess_inv": "[[ 2.95491441  0.35285111  0.58353766 -0.27809606 -1.1096677   0.3869142 ]\n [ 0.35285111  6.62435112  4.69455757  0.71891568 -2.44913819  0.98681783]\n [ 0.58353766  4.69455757  7.08051191  0.29210218 -2.99306185  1.09642385]\n [-0.27809606  0.71891568  0.29210218  4.04473538  0.49700403 -0.11868084]\n [-1.1096677  -2.44913819 -2.99306185  0.49700403  4.91884955 -1.02699625]\n [ 0.3869142   0.98681783  1.09642385 -0.11868084 -1.02699625  3.17775585]]", "nfev": "294", "njev": "42", "status": "0", "success": "True", "message": "Optimization terminated successfully.", "x": "[2.23841371 8.77850947 4.07685187 4.7819774  1.78753745 8.40856133]", "nit": "30"}, "20": {"maxiter": 1000, "gtol": 1e-10, "xrtol": 1e-05, "eps": 1e-05, "duration": 0.05285191535949707, "fun": "0.3479530418220662", "jac": "[-9.71889236e-08  6.75681733e-08 -3.09752224e-08  4.86499729e-08\n -1.16107124e-07 -4.92050845e-08]", "hess_inv": "[[ 3.12386801  0.42031997  0.54066154 -0.2844927  -1.30945877  0.51723401]\n [ 0.42031997  6.38541279  4.6717314   0.64442367 -2.29192248  0.87488963]\n [ 0.54066154  4.6717314   7.18017332  0.32833914 -2.76841022  0.89871824]\n [-0.2844927   0.64442367  0.32833914  4.09530078  0.54781666 -0.07246169]\n [-1.30945877 -2.29192248 -2.76841022  0.54781666  4.7444748  -0.87878621]\n [ 0.51723401  0.87488963  0.89871824 -0.07246169 -0.87878621  3.24333591]]", "nfev": "301", "njev": "43", "status": "0", "success": "True", "message": "Optimization terminated successfully.", "x": "[2.23838318 8.77849816 4.07684676 4.78198141 1.78754289 8.4085616 ]", "nit": "31"}, "21": {"maxiter": 1000, "gtol": 1e-10, "xrtol": 1e-05, "eps": 1e-10, "duration": 0.05187392234802246, "fun": "0.34795304182557063", "jac": "[-3.33066880e-06  0.00000000e+00  0.00000000e+00 -2.22044587e-06\n -2.22044587e-06 -5.55111466e-06]", "hess_inv": "[[ 3.12302781  0.24627783  0.44483604 -0.32323123 -0.96916637  0.25635929]\n [ 0.24627783  6.61185281  4.66973827  0.73402988 -2.56213919  1.14455008]\n [ 0.44483604  4.66973827  7.03616497  0.31033068 -3.14268573  1.30971653]\n [-0.32323123  0.73402988  0.31033068  4.0545773   0.45524701 -0.07098901]\n [-0.96916637 -2.56213919 -3.14268573  0.45524701  5.02912    -1.11369757]\n [ 0.25635929  1.14455008  1.30971653 -0.07098901 -1.11369757  3.20894127]]", "nfev": "301", "njev": "43", "status": "0", "success": "True", "message": "Optimization terminated successfully.", "x": "[2.23839299 8.77853089 4.07688062 4.78198436 1.78752262 8.40856965]", "nit": "31"}, "22": {"maxiter": 1000, "gtol": 1e-10, "xrtol": 1e-10, "eps": 1e-05, "duration": 0.09337496757507324, "fun": "0.3479530418220662", "jac": "[-9.71889236e-08  6.75681733e-08 -3.09752224e-08  4.86499729e-08\n -1.16107124e-07 -4.92050845e-08]", "hess_inv": "[[ 3.09312383  0.42242581  0.52766815 -0.25516643 -1.28463926  0.53937431]\n [ 0.42242581  6.48358427  4.75514311  0.64831297 -2.40794632  0.83124332]\n [ 0.52766815  4.75514311  7.24394688  0.34568381 -2.85387895  0.87271355]\n [-0.25516643  0.64831297  0.34568381  4.06768085  0.51728347 -0.09610827]\n [-1.28463926 -2.40794632 -2.85387895  0.51728347  4.85737664 -0.84767035]\n [ 0.53937431  0.83124332  0.87271355 -0.09610827 -0.84767035  3.24544494]]", "nfev": "542", "njev": "76", "status": "2", "success": "False", "message": "Desired error not necessarily achieved due to precision loss.", "x": "[2.23838318 8.77849816 4.07684676 4.78198141 1.78754289 8.4085616 ]", "nit": "31"}, "23": {"maxiter": 1000, "gtol": 1e-10, "xrtol": 1e-10, "eps": 1e-10, "duration": 0.12433981895446777, "fun": "0.34795304182335196", "jac": "[ 2.22044587e-06  2.22044587e-06  3.33066880e-06  2.22044587e-06\n -1.11022293e-06  0.00000000e+00]", "hess_inv": "[[ 0.16844021  0.12511119 -0.25796862  0.00691587 -0.07412469 -0.24762509]\n [ 0.12511119  0.1419628  -0.21049548  0.02334713 -0.06928601 -0.18836476]\n [-0.25796862 -0.21049548  0.4156191  -0.02072325  0.12372057  0.38682132]\n [ 0.00691587  0.02334713 -0.02072325  0.0124271  -0.00597514 -0.01301065]\n [-0.07412469 -0.06928601  0.12372057 -0.00597514  0.04621544  0.11574992]\n [-0.24762509 -0.18836476  0.38682132 -0.01301065  0.11574992  0.37054649]]", "nfev": "725", "njev": "102", "status": "2", "success": "False", "message": "Desired error not necessarily achieved due to precision loss.", "x": "[2.23839207 8.77853041 4.07688229 4.78198452 1.78752299 8.40857133]", "nit": "39"}}, "cobyla": {"0": {"maxiter": 100, "tol": 1e-05, "catol": 1e-05, "duration": 0.01666402816772461, "x": "[2.23257564 8.75854299 4.05171731 4.77778322 1.80152024 8.40496148]", "status": "2", "success": "False", "message": "Maximum number of function evaluations has been exceeded.", "nfev": "100", "fun": "0.3480010902073071", "maxcv": "0.0"}, "1": {"maxiter": 100, "tol": 1e-05, "catol": 1e-10, "duration": 0.016170024871826172, "x": "[2.23257564 8.75854299 4.05171731 4.77778322 1.80152024 8.40496148]", "status": "2", "success": "False", "message": "Maximum number of function evaluations has been exceeded.", "nfev": "100", "fun": "0.3480010902073071", "maxcv": "0.0"}, "2": {"maxiter": 100, "tol": 1e-10, "catol": 1e-05, "duration": 0.01654505729675293, "x": "[2.23257564 8.75854299 4.05171731 4.77778322 1.80152024 8.40496148]", "status": "2", "success": "False", "message": "Maximum number of function evaluations has been exceeded.", "nfev": "100", "fun": "0.3480010902073071", "maxcv": "0.0"}, "3": {"maxiter": 100, "tol": 1e-10, "catol": 1e-10, "duration": 0.016455888748168945, "x": "[2.23257564 8.75854299 4.05171731 4.77778322 1.80152024 8.40496148]", "status": "2", "success": "False", "message": "Maximum number of function evaluations has been exceeded.", "nfev": "100", "fun": "0.3480010902073071", "maxcv": "0.0"}, "4": {"maxiter": 500, "tol": 1e-05, "catol": 1e-05, "duration": 0.035948991775512695, "x": "[2.23838754 8.7785071  4.07685516 4.78198508 1.787551   8.40856326]", "status": "1", "success": "True", "message": "Optimization terminated successfully.", "nfev": "219", "fun": "0.34795304180209563", "maxcv": "0.0"}, "5": {"maxiter": 500, "tol": 1e-05, "catol": 1e-10, "duration": 0.0358729362487793, "x": "[2.23838754 8.7785071  4.07685516 4.78198508 1.787551   8.40856326]", "status": "1", "success": "True", "message": "Optimization terminated successfully.", "nfev": "219", "fun": "0.34795304180209563", "maxcv": "0.0"}, "6": {"maxiter": 500, "tol": 1e-10, "catol": 1e-05, "duration": 0.05567216873168945, "x": "[2.23838908 8.77851406 4.07686325 4.78198772 1.78754003 8.40856949]", "status": "1", "success": "True", "message": "Optimization terminated successfully.", "nfev": "339", "fun": "0.34795304178542374", "maxcv": "0.0"}, "7": {"maxiter": 500, "tol": 1e-10, "catol": 1e-10, "duration": 0.055768728256225586, "x": "[2.23838908 8.77851406 4.07686325 4.78198772 1.78754003 8.40856949]", "status": "1", "success": "True", "message": "Optimization terminated successfully.", "nfev": "339", "fun": "0.34795304178542374", "maxcv": "0.0"}, "8": {"maxiter": 1000, "tol": 1e-05, "catol": 1e-05, "duration": 0.03598427772521973, "x": "[2.23838754 8.7785071  4.07685516 4.78198508 1.787551   8.40856326]", "status": "1", "success": "True", "message": "Optimization terminated successfully.", "nfev": "219", "fun": "0.34795304180209563", "maxcv": "0.0"}, "9": {"maxiter": 1000, "tol": 1e-05, "catol": 1e-10, "duration": 0.036161184310913086, "x": "[2.23838754 8.7785071  4.07685516 4.78198508 1.787551   8.40856326]", "status": "1", "success": "True", "message": "Optimization terminated successfully.", "nfev": "219", "fun": "0.34795304180209563", "maxcv": "0.0"}, "10": {"maxiter": 1000, "tol": 1e-10, "catol": 1e-05, "duration": 0.055683135986328125, "x": "[2.23838908 8.77851406 4.07686325 4.78198772 1.78754003 8.40856949]", "status": "1", "success": "True", "message": "Optimization terminated successfully.", "nfev": "339", "fun": "0.34795304178542374", "maxcv": "0.0"}, "11": {"maxiter": 1000, "tol": 1e-10, "catol": 1e-10, "duration": 0.05635881423950195, "x": "[2.23838908 8.77851406 4.07686325 4.78198772 1.78754003 8.40856949]", "status": "1", "success": "True", "message": "Optimization terminated successfully.", "nfev": "339", "fun": "0.34795304178542374", "maxcv": "0.0"}}, "dual_annealing_0": {"type": "gradient-free", "0": {"maxiter": 100, "duration": 0.22389602661132812, "success": "True", "status": "0", "x": "[4.04479066 5.63692428 0.93527126 4.78198306 1.78753804 2.12538638]", "fun": "0.34795304179347075", "nit": "100", "nfev": "1285", "njev": "12", "nhev": "0", "message": "['Maximum number of iteration reached']"}, "1": {"maxiter": 500, "duration": 1.0833661556243896, "success": "True", "status": "0", "x": "[2.23838498 2.49532716 4.07686503 4.78197958 1.78753883 2.12539007]", "fun": "0.34795304180327347", "nit": "500", "nfev": "6092", "njev": "13", "nhev": "0", "message": "['Maximum number of iteration reached']"}, "2": {"maxiter": 1000, "duration": 2.2853517532348633, "success": "True", "status": "0", "x": "[2.2383836  2.49533952 4.07685518 4.78197982 1.7875429  2.12540098]", "fun": "0.34795304189548226", "nit": "1000", "nfev": "12162", "njev": "23", "nhev": "0", "message": "['Maximum number of iteration reached']"}, "bounds": [[0.0, 6.283185307179586], [0.0, 6.283185307179586], [0.0, 6.283185307179586], [0.0, 6.283185307179586], [0.0, 6.283185307179586], [0.0, 6.283185307179586]]}, "dual_annealing_1": {"type": "gradient-free", "0": {"maxiter": 100, "duration": 0.2437138557434082, "success": "True", "status": "0", "x": "[4.04478697 5.63691661 7.21844464 4.78198713 8.07073115 8.40856371]", "fun": "0.3479530418157759", "nit": "100", "nfev": "1362", "njev": "23", "nhev": "0", "message": "['Maximum number of iteration reached']"}, "1": {"maxiter": 500, "duration": 1.0979011058807373, "success": "True", "status": "0", "x": "[8.52156578 2.49535499 4.0768951  7.78439437 4.92913261 5.26698786]", "fun": "0.34795304193621046", "nit": "500", "nfev": "6183", "njev": "26", "nhev": "0", "message": "['Maximum number of iteration reached']"}, "2": {"maxiter": 1000, "duration": 2.266505241394043, "success": "True", "status": "0", "x": "[8.52155456 8.77852324 4.07684337 4.78202876 8.07076394 2.12536601]", "fun": "0.3479530422027919", "nit": "1000", "nfev": "12183", "njev": "26", "nhev": "0", "message": "['Maximum number of iteration reached']"}, "bounds": [[0.0, 9.42477796076938], [0.0, 9.42477796076938], [0.0, 9.42477796076938], [0.0, 9.42477796076938], [0.0, 9.42477796076938], [0.0, 9.42477796076938]]}, "dual_annealing_2": {"type": "gradient-free", "0": {"maxiter": 100, "duration": 0.22846484184265137, "success": "True", "status": "0", "x": "[ 4.04481047 11.92010928  7.21845145 11.06519352  1.78754904  8.40856609]", "fun": "0.34795304186262177", "nit": "100", "nfev": "1285", "njev": "12", "nhev": "0", "message": "['Maximum number of iteration reached']"}, "1": {"maxiter": 500, "duration": 1.0909631252288818, "success": "True", "status": "0", "x": "[ 8.52156266  2.49533771 10.36006582  1.50119336 11.21230704  5.26697732]", "fun": "0.3479530418407252", "nit": "500", "nfev": "6141", "njev": "20", "nhev": "0", "message": "['Maximum number of iteration reached']"}, "2": {"maxiter": 1000, "duration": 2.131085157394409, "success": "True", "status": "0", "x": "[4.04480138 5.63692541 7.21846062 7.78438375 4.92912928 5.26698143]", "fun": "0.347953041795501", "nit": "1000", "nfev": "12169", "njev": "24", "nhev": "0", "message": "['Maximum number of iteration reached']"}, "bounds": [[0.0, 12.566370614359172], [0.0, 12.566370614359172], [0.0, 12.566370614359172], [0.0, 12.566370614359172], [0.0, 12.566370614359172], [0.0, 12.566370614359172]]}, "dual_annealing_3": {"type": "gradient-free", "0": {"maxiter": 100, "duration": 0.22933411598205566, "success": "True", "status": "0", "x": "[ 2.23838304 -3.78784544 -2.20629764  1.50119146 -1.35406248 -1.01621779]", "fun": "0.3479530418651724", "nit": "100", "nfev": "1320", "njev": "17", "nhev": "0", "message": "['Maximum number of iteration reached']"}, "1": {"maxiter": 500, "duration": 1.0756080150604248, "success": "True", "status": "0", "x": "[-4.04479492 -3.78785999 -2.2063241   1.50119859  4.9291349   5.26697729]", "fun": "0.34795304178719355", "nit": "500", "nfev": "6183", "njev": "26", "nhev": "0", "message": "['Maximum number of iteration reached']"}, "2": {"maxiter": 1000, "duration": 2.124711036682129, "success": "True", "status": "0", "x": "[-2.23839311  5.63692434 -5.34791605  1.50119862  4.9291239   5.26697275]", "fun": "0.3479530418032797", "nit": "1000", "nfev": "12120", "njev": "17", "nhev": "0", "message": "['Maximum number of iteration reached']"}, "bounds": [[-6.283185307179586, 6.283185307179586], [-6.283185307179586, 6.283185307179586], [-6.283185307179586, 6.283185307179586], [-6.283185307179586, 6.283185307179586], [-6.283185307179586, 6.283185307179586], [-6.283185307179586, 6.283185307179586]]}, "dual_annealing_4": {"type": "gradient-free", "0": {"maxiter": 100, "duration": 0.2314009666442871, "success": "True", "status": "0", "x": "[-4.04480564  2.49533405 -2.20634265  4.78195356 -4.49565883  2.12538161]", "fun": "0.34795304208495237", "nit": "100", "nfev": "1334", "njev": "19", "nhev": "0", "message": "['Maximum number of iteration reached']"}, "1": {"maxiter": 500, "duration": 1.089590072631836, "success": "True", "status": "0", "x": "[-2.23837244  5.63691916 -5.34791886  7.78438879 -7.63724424 -7.29939157]", "fun": "0.3479530418529455", "nit": "500", "nfev": "6218", "njev": "31", "nhev": "0", "message": "['Maximum number of iteration reached']"}, "2": {"maxiter": 1000, "duration": 2.2072579860687256, "success": "True", "status": "0", "x": "[ 8.5215606   2.49531869 -2.20634081  4.78198232  1.78754429 -4.15781444]", "fun": "0.34795304185729625", "nit": "1000", "nfev": "12141", "njev": "20", "nhev": "0", "message": "['Maximum number of iteration reached']"}, "bounds": [[-9.42477796076938, 9.42477796076938], [-9.42477796076938, 9.42477796076938], [-9.42477796076938, 9.42477796076938], [-9.42477796076938, 9.42477796076938], [-9.42477796076938, 9.42477796076938], [-9.42477796076938, 9.42477796076938]]}, "dual_annealing_5": {"type": "gradient-free", "0": {"maxiter": 100, "duration": 0.247650146484375, "success": "True", "status": "0", "x": "[  4.04475888  -0.64627914   0.93527279   4.7819802  -10.77885564\n -10.44095972]", "fun": "0.34795304216726874", "nit": "100", "nfev": "1369", "njev": "24", "nhev": "0", "message": "['Maximum number of iteration reached']"}, "1": {"maxiter": 500, "duration": 1.0811738967895508, "success": "True", "status": "0", "x": "[ 10.3279942   -6.92946009 -11.63110546  11.0651957    1.78755128\n   8.40856647]", "fun": "0.34795304188103315", "nit": "500", "nfev": "6078", "njev": "11", "nhev": "0", "message": "['Maximum number of iteration reached']"}, "2": {"maxiter": 1000, "duration": 2.167797088623047, "success": "True", "status": "0", "x": "[-10.32798057  -3.78786315   4.07685313   1.50120071  -1.35405053\n  11.55015755]", "fun": "0.34795304179547115", "nit": "1000", "nfev": "12127", "njev": "18", "nhev": "0", "message": "['Maximum number of iteration reached']"}, "bounds": [[-12.566370614359172, 12.566370614359172], [-12.566370614359172, 12.566370614359172], [-12.566370614359172, 12.566370614359172], [-12.566370614359172, 12.566370614359172], [-12.566370614359172, 12.566370614359172], [-12.566370614359172, 12.566370614359172]]}}, "duration (s)": 112.41}