{"date": "2024/07/22/, 22:57:56", "conf_id": 44, "data_type": "random\n", "num_data_points": 3, "s_rank": 0, "unitary": "[[-0.24866696+0.58742286j,-0.44704345-0.43151574j,-0.35669027-0.20570733j,-0.10517633+0.1626036j],[0.10596805-0.19687975j,-0.30269685-0.15056416j,0.18246286+0.30440582j,-0.83484447-0.11310748j],[0.26054512-0.52548482j,0.0285017-0.50723956j,-0.43110112+0.17165838j,0.15243271+0.39915801j],[0.42978035+0.11991271j,-0.17224126-0.46030424j,0.6827807-0.15164662j,0.26483638+0.0061855j]]", "databatch_0": {"databatch": "[[[-0.1393162+0.03413388j,-0.13772406+0.18306573j,-0.18377067+0.13835163j,-0.12704325+0.31787317j],[0.0082628+0.11503832j,0.12653322+0.13386798j,0.08487721+0.16433613j,0.23483358+0.14358776j],[0.03445938+0.11570948j,0.15959886+0.10820978j,0.12391313+0.14877044j,0.2724881+0.09365366j],[0.19011152+0.00444647j,0.23953214-0.18672887j,0.28301999-0.1135872j,0.2724395-0.36296596j]],[[-0.01176478-0.3331863j,-0.13365541+0.21757595j,-0.46847825+0.31291035j,-0.40725554-0.307511j],[0.06059161+0.04879519j,-0.01798764-0.05680509j,0.0163104-0.13044499j,0.11644481-0.02491477j],[0.03042901+0.00090287j,-0.0190329-0.01346803j,-0.02573503-0.04454149j,0.03043367-0.03528566j],[0.16988802-0.01980235j,-0.11678779-0.05934194j,-0.17939119-0.22660889j,0.14039452-0.22097417j]],[[-0.05397573+0.01297339j,0.07636922-0.00654938j,0.01045779-0.0383462j,-0.08140622-0.06664992j],[0.05889974+0.01518449j,-0.07726862-0.03290938j,-0.02982671+0.03173337j,0.04452478+0.10633322j],[-0.11367525+0.3240471j,0.22219643-0.41887506j,-0.16420206-0.18300985j,-0.61952268+0.19945435j],[-0.09310342+0.09619782j,0.1469954-0.11207433j,-0.02829113-0.09158212j,-0.25189245-0.03042356j]]]", "initial param values": "[4.27169,1.01178631,1.922494,4.66513615,0.6405526,0.51889251]", "bfgs": {"type": "gradient", "0": {"maxiter": 100, "gtol": 1e-05, "xrtol": 1e-05, "eps": 1e-05, "duration": 0.036422014236450195, "fun": "0.3540151257285702", "jac": "[-2.87850854e-06  1.82818205e-06  2.14122053e-06 -3.16632276e-06\n -2.54799515e-06  2.47798448e-06]", "hess_inv": "[[ 4.5488037   1.95821687 -1.63665082  0.18975438 -1.7613247   0.24619274]\n [ 1.95821687  6.3697126  -1.83306648  1.89796927 -2.16067659 -1.69564559]\n [-1.63665082 -1.83306648  9.79186266  0.66477195  2.06969694 -4.87464922]\n [ 0.18975438  1.89796927  0.66477195  3.82389667 -0.50323203 -0.58112597]\n [-1.7613247  -2.16067659  2.06969694 -0.50323203  6.20724203  1.64079132]\n [ 0.24619274 -1.69564559 -4.87464922 -0.58112597  1.64079132  8.34983894]]", "nfev": "210", "njev": "30", "status": "0", "success": "True", "message": "Optimization terminated successfully.", "x": "[ 4.99267321  3.02052235  1.84512945  4.2576455  -0.50324731  1.73322986]", "nit": "24"}, "1": {"maxiter": 100, "gtol": 1e-05, "xrtol": 1e-05, "eps": 1e-10, "duration": 0.03697514533996582, "fun": "0.35401512595985185", "jac": "[ 0.00000000e+00  7.77156053e-06  5.55111466e-06 -5.55111466e-06\n  5.55111466e-06  5.55111466e-06]", "hess_inv": "[[ 4.30381202  1.78240181 -1.1592693  -0.087895   -1.34697995 -0.13894178]\n [ 1.78240181  6.37606205 -1.14136076  1.69510577 -1.39343722 -2.02276837]\n [-1.1592693  -1.14136076  9.85570712  1.21599252  2.58765726 -4.38185082]\n [-0.087895    1.69510577  1.21599252  3.49266937 -0.01420365 -1.00683168]\n [-1.34697995 -1.39343722  2.58765726 -0.01420365  7.27817606  1.95201202]\n [-0.13894178 -2.02276837 -4.38185082 -1.00683168  1.95201202  7.90628602]]", "nfev": "210", "njev": "30", "status": "0", "success": "True", "message": "Optimization terminated successfully.", "x": "[ 4.99268704  3.02055335  1.84516144  4.25766866 -0.5031956   1.73323559]", "nit": "24"}, "2": {"maxiter": 100, "gtol": 1e-05, "xrtol": 1e-10, "eps": 1e-05, "duration": 0.036750078201293945, "fun": "0.3540151257285702", "jac": "[-2.87850854e-06  1.82818205e-06  2.14122053e-06 -3.16632276e-06\n -2.54799515e-06  2.47798448e-06]", "hess_inv": "[[ 4.5488037   1.95821687 -1.63665082  0.18975438 -1.7613247   0.24619274]\n [ 1.95821687  6.3697126  -1.83306648  1.89796927 -2.16067659 -1.69564559]\n [-1.63665082 -1.83306648  9.79186266  0.66477195  2.06969694 -4.87464922]\n [ 0.18975438  1.89796927  0.66477195  3.82389667 -0.50323203 -0.58112597]\n [-1.7613247  -2.16067659  2.06969694 -0.50323203  6.20724203  1.64079132]\n [ 0.24619274 -1.69564559 -4.87464922 -0.58112597  1.64079132  8.34983894]]", "nfev": "210", "njev": "30", "status": "0", "success": "True", "message": "Optimization terminated successfully.", "x": "[ 4.99267321  3.02052235  1.84512945  4.2576455  -0.50324731  1.73322986]", "nit": "24"}, "3": {"maxiter": 100, "gtol": 1e-05, "xrtol": 1e-10, "eps": 1e-10, "duration": 0.036405086517333984, "fun": "0.35401512595985185", "jac": "[ 0.00000000e+00  7.77156053e-06  5.55111466e-06 -5.55111466e-06\n  5.55111466e-06  5.55111466e-06]", "hess_inv": "[[ 4.30381202  1.78240181 -1.1592693  -0.087895   -1.34697995 -0.13894178]\n [ 1.78240181  6.37606205 -1.14136076  1.69510577 -1.39343722 -2.02276837]\n [-1.1592693  -1.14136076  9.85570712  1.21599252  2.58765726 -4.38185082]\n [-0.087895    1.69510577  1.21599252  3.49266937 -0.01420365 -1.00683168]\n [-1.34697995 -1.39343722  2.58765726 -0.01420365  7.27817606  1.95201202]\n [-0.13894178 -2.02276837 -4.38185082 -1.00683168  1.95201202  7.90628602]]", "nfev": "210", "njev": "30", "status": "0", "success": "True", "message": "Optimization terminated successfully.", "x": "[ 4.99268704  3.02055335  1.84516144  4.25766866 -0.5031956   1.73323559]", "nit": "24"}, "4": {"maxiter": 100, "gtol": 1e-10, "xrtol": 1e-05, "eps": 1e-05, "duration": 0.0380558967590332, "fun": "0.3540151256458778", "jac": "[-3.28626015e-07  4.56790161e-07  4.16622292e-07 -5.83855186e-07\n -8.26005930e-09  3.02491365e-07]", "hess_inv": "[[ 4.73546381  2.0569555  -1.4944825   0.34950657 -1.39114465  0.06345845]\n [ 2.0569555   6.40591978 -1.83742612  1.98779325 -2.06937488 -1.75627698]\n [-1.4944825  -1.83742612  9.50507148  0.81285756  1.83267317 -4.83491695]\n [ 0.34950657  1.98779325  0.81285756  3.95885417 -0.1517209  -0.74947884]\n [-1.39114465 -2.06937488  1.83267317 -0.1517209   6.2596556   1.51341432]\n [ 0.06345845 -1.75627698 -4.83491695 -0.74947884  1.51341432  8.4477095 ]]", "nfev": "217", "njev": "31", "status": "0", "success": "True", "message": "Optimization terminated successfully.", "x": "[ 4.99268369  3.02052587  1.84512738  4.25765514 -0.50323974  1.73322415]", "nit": "25"}, "5": {"maxiter": 100, "gtol": 1e-10, "xrtol": 1e-05, "eps": 1e-10, "duration": 0.04037022590637207, "fun": "0.3540151256524068", "jac": "[2.22044587e-06 5.55111466e-06 3.33066880e-06 4.44089173e-06\n 2.22044587e-06 4.44089173e-06]", "hess_inv": "[[ 4.42676342  1.82939515 -1.18914983  0.0677984  -1.40368785 -0.33498343]\n [ 1.82939515  6.2763526  -1.38103838  1.791524   -1.84490866 -2.25267276]\n [-1.18914983 -1.38103838  9.42019771  1.2497536   1.76772157 -4.6348271 ]\n [ 0.0677984   1.791524    1.2497536   3.67824601  0.0488043  -1.20646723]\n [-1.40368785 -1.84490866  1.76772157  0.0488043   5.73448079  1.47637798]\n [-0.33498343 -2.25267276 -4.6348271  -1.20646723  1.47637798  8.01476153]]", "nfev": "217", "njev": "31", "status": "0", "success": "True", "message": "Optimization terminated successfully.", "x": "[ 4.99268945  3.02054493  1.84514273  4.25767464 -0.50323083  1.73321944]", "nit": "25"}, "6": {"maxiter": 100, "gtol": 1e-10, "xrtol": 1e-10, "eps": 1e-05, "duration": 0.07616209983825684, "fun": "0.35401512564272053", "jac": "[-1.45439216e-09  2.56794586e-08  1.83852933e-08 -2.38697950e-08\n  2.77888823e-08  3.03090886e-09]", "hess_inv": "[[ 4.97192221  2.08297334 -1.8082759   0.58639339 -1.56850467  0.0558501 ]\n [ 2.08297334  6.40280642 -1.90127386  2.01605833 -2.12700956 -1.74381245]\n [-1.8082759  -1.90127386  9.77739264  0.50927565  1.88064273 -4.75944737]\n [ 0.58639339  2.01605833  0.50927565  4.19535937 -0.3153904  -0.76199147]\n [-1.56850467 -2.12700956  1.88064273 -0.3153904   6.14897286  1.60413622]\n [ 0.0558501  -1.74381245 -4.75944737 -0.76199147  1.60413622  8.41829704]]", "nfev": "418", "njev": "58", "status": "2", "success": "False", "message": "Desired error not necessarily achieved due to precision loss.", "x": "[ 4.99268539  3.02052612  1.84512549  4.25765682 -0.50324052  1.73322393]", "nit": "26"}, "7": {"maxiter": 100, "gtol": 1e-10, "xrtol": 1e-10, "eps": 1e-10, "duration": 0.11430692672729492, "fun": "0.3540151256310432", "jac": "[ 1.11022293e-06 -1.11022293e-06  2.22044587e-06  0.00000000e+00\n -3.33066880e-06 -2.22044587e-06]", "hess_inv": "[[  0.35059096  -1.16346415   0.61512524   1.53227407   4.00012064\n   -5.21317739]\n [ -1.16346415   4.06347261  -2.16472386  -5.34337796 -13.93010931\n   18.19410119]\n [  0.61512524  -2.16472386   1.15755804   2.85068028   7.43151816\n   -9.70821118]\n [  1.53227407  -5.34337796   2.85068028   7.07822324  18.4236193\n  -24.08365813]\n [  4.00012064 -13.93010931   7.43151816  18.4236193   47.9831949\n  -62.69911798]\n [ -5.21317739  18.19410119  -9.70821118 -24.08365813 -62.69911798\n   81.95521367]]", "nfev": "628", "njev": "88", "status": "2", "success": "False", "message": "Desired error not necessarily achieved due to precision loss.", "x": "[ 4.99269273  3.02053148  1.84513272  4.25766474 -0.50324306  1.73321952]", "nit": "36"}, "8": {"maxiter": 500, "gtol": 1e-05, "xrtol": 1e-05, "eps": 1e-05, "duration": 0.03691291809082031, "fun": "0.3540151257285702", "jac": "[-2.87850854e-06  1.82818205e-06  2.14122053e-06 -3.16632276e-06\n -2.54799515e-06  2.47798448e-06]", "hess_inv": "[[ 4.5488037   1.95821687 -1.63665082  0.18975438 -1.7613247   0.24619274]\n [ 1.95821687  6.3697126  -1.83306648  1.89796927 -2.16067659 -1.69564559]\n [-1.63665082 -1.83306648  9.79186266  0.66477195  2.06969694 -4.87464922]\n [ 0.18975438  1.89796927  0.66477195  3.82389667 -0.50323203 -0.58112597]\n [-1.7613247  -2.16067659  2.06969694 -0.50323203  6.20724203  1.64079132]\n [ 0.24619274 -1.69564559 -4.87464922 -0.58112597  1.64079132  8.34983894]]", "nfev": "210", "njev": "30", "status": "0", "success": "True", "message": "Optimization terminated successfully.", "x": "[ 4.99267321  3.02052235  1.84512945  4.2576455  -0.50324731  1.73322986]", "nit": "24"}, "9": {"maxiter": 500, "gtol": 1e-05, "xrtol": 1e-05, "eps": 1e-10, "duration": 0.037329912185668945, "fun": "0.35401512595985185", "jac": "[ 0.00000000e+00  7.77156053e-06  5.55111466e-06 -5.55111466e-06\n  5.55111466e-06  5.55111466e-06]", "hess_inv": "[[ 4.30381202  1.78240181 -1.1592693  -0.087895   -1.34697995 -0.13894178]\n [ 1.78240181  6.37606205 -1.14136076  1.69510577 -1.39343722 -2.02276837]\n [-1.1592693  -1.14136076  9.85570712  1.21599252  2.58765726 -4.38185082]\n [-0.087895    1.69510577  1.21599252  3.49266937 -0.01420365 -1.00683168]\n [-1.34697995 -1.39343722  2.58765726 -0.01420365  7.27817606  1.95201202]\n [-0.13894178 -2.02276837 -4.38185082 -1.00683168  1.95201202  7.90628602]]", "nfev": "210", "njev": "30", "status": "0", "success": "True", "message": "Optimization terminated successfully.", "x": "[ 4.99268704  3.02055335  1.84516144  4.25766866 -0.5031956   1.73323559]", "nit": "24"}, "10": {"maxiter": 500, "gtol": 1e-05, "xrtol": 1e-10, "eps": 1e-05, "duration": 0.03649401664733887, "fun": "0.3540151257285702", "jac": "[-2.87850854e-06  1.82818205e-06  2.14122053e-06 -3.16632276e-06\n -2.54799515e-06  2.47798448e-06]", "hess_inv": "[[ 4.5488037   1.95821687 -1.63665082  0.18975438 -1.7613247   0.24619274]\n [ 1.95821687  6.3697126  -1.83306648  1.89796927 -2.16067659 -1.69564559]\n [-1.63665082 -1.83306648  9.79186266  0.66477195  2.06969694 -4.87464922]\n [ 0.18975438  1.89796927  0.66477195  3.82389667 -0.50323203 -0.58112597]\n [-1.7613247  -2.16067659  2.06969694 -0.50323203  6.20724203  1.64079132]\n [ 0.24619274 -1.69564559 -4.87464922 -0.58112597  1.64079132  8.34983894]]", "nfev": "210", "njev": "30", "status": "0", "success": "True", "message": "Optimization terminated successfully.", "x": "[ 4.99267321  3.02052235  1.84512945  4.2576455  -0.50324731  1.73322986]", "nit": "24"}, "11": {"maxiter": 500, "gtol": 1e-05, "xrtol": 1e-10, "eps": 1e-10, "duration": 0.037978172302246094, "fun": "0.35401512595985185", "jac": "[ 0.00000000e+00  7.77156053e-06  5.55111466e-06 -5.55111466e-06\n  5.55111466e-06  5.55111466e-06]", "hess_inv": "[[ 4.30381202  1.78240181 -1.1592693  -0.087895   -1.34697995 -0.13894178]\n [ 1.78240181  6.37606205 -1.14136076  1.69510577 -1.39343722 -2.02276837]\n [-1.1592693  -1.14136076  9.85570712  1.21599252  2.58765726 -4.38185082]\n [-0.087895    1.69510577  1.21599252  3.49266937 -0.01420365 -1.00683168]\n [-1.34697995 -1.39343722  2.58765726 -0.01420365  7.27817606  1.95201202]\n [-0.13894178 -2.02276837 -4.38185082 -1.00683168  1.95201202  7.90628602]]", "nfev": "210", "njev": "30", "status": "0", "success": "True", "message": "Optimization terminated successfully.", "x": "[ 4.99268704  3.02055335  1.84516144  4.25766866 -0.5031956   1.73323559]", "nit": "24"}, "12": {"maxiter": 500, "gtol": 1e-10, "xrtol": 1e-05, "eps": 1e-05, "duration": 0.03873085975646973, "fun": "0.3540151256458778", "jac": "[-3.28626015e-07  4.56790161e-07  4.16622292e-07 -5.83855186e-07\n -8.26005930e-09  3.02491365e-07]", "hess_inv": "[[ 4.73546381  2.0569555  -1.4944825   0.34950657 -1.39114465  0.06345845]\n [ 2.0569555   6.40591978 -1.83742612  1.98779325 -2.06937488 -1.75627698]\n [-1.4944825  -1.83742612  9.50507148  0.81285756  1.83267317 -4.83491695]\n [ 0.34950657  1.98779325  0.81285756  3.95885417 -0.1517209  -0.74947884]\n [-1.39114465 -2.06937488  1.83267317 -0.1517209   6.2596556   1.51341432]\n [ 0.06345845 -1.75627698 -4.83491695 -0.74947884  1.51341432  8.4477095 ]]", "nfev": "217", "njev": "31", "status": "0", "success": "True", "message": "Optimization terminated successfully.", "x": "[ 4.99268369  3.02052587  1.84512738  4.25765514 -0.50323974  1.73322415]", "nit": "25"}, "13": {"maxiter": 500, "gtol": 1e-10, "xrtol": 1e-05, "eps": 1e-10, "duration": 0.03941917419433594, "fun": "0.3540151256524068", "jac": "[2.22044587e-06 5.55111466e-06 3.33066880e-06 4.44089173e-06\n 2.22044587e-06 4.44089173e-06]", "hess_inv": "[[ 4.42676342  1.82939515 -1.18914983  0.0677984  -1.40368785 -0.33498343]\n [ 1.82939515  6.2763526  -1.38103838  1.791524   -1.84490866 -2.25267276]\n [-1.18914983 -1.38103838  9.42019771  1.2497536   1.76772157 -4.6348271 ]\n [ 0.0677984   1.791524    1.2497536   3.67824601  0.0488043  -1.20646723]\n [-1.40368785 -1.84490866  1.76772157  0.0488043   5.73448079  1.47637798]\n [-0.33498343 -2.25267276 -4.6348271  -1.20646723  1.47637798  8.01476153]]", "nfev": "217", "njev": "31", "status": "0", "success": "True", "message": "Optimization terminated successfully.", "x": "[ 4.99268945  3.02054493  1.84514273  4.25767464 -0.50323083  1.73321944]", "nit": "25"}, "14": {"maxiter": 500, "gtol": 1e-10, "xrtol": 1e-10, "eps": 1e-05, "duration": 0.07433390617370605, "fun": "0.35401512564272053", "jac": "[-1.45439216e-09  2.56794586e-08  1.83852933e-08 -2.38697950e-08\n  2.77888823e-08  3.03090886e-09]", "hess_inv": "[[ 4.97192221  2.08297334 -1.8082759   0.58639339 -1.56850467  0.0558501 ]\n [ 2.08297334  6.40280642 -1.90127386  2.01605833 -2.12700956 -1.74381245]\n [-1.8082759  -1.90127386  9.77739264  0.50927565  1.88064273 -4.75944737]\n [ 0.58639339  2.01605833  0.50927565  4.19535937 -0.3153904  -0.76199147]\n [-1.56850467 -2.12700956  1.88064273 -0.3153904   6.14897286  1.60413622]\n [ 0.0558501  -1.74381245 -4.75944737 -0.76199147  1.60413622  8.41829704]]", "nfev": "418", "njev": "58", "status": "2", "success": "False", "message": "Desired error not necessarily achieved due to precision loss.", "x": "[ 4.99268539  3.02052612  1.84512549  4.25765682 -0.50324052  1.73322393]", "nit": "26"}, "15": {"maxiter": 500, "gtol": 1e-10, "xrtol": 1e-10, "eps": 1e-10, "duration": 0.11037993431091309, "fun": "0.3540151256310432", "jac": "[ 1.11022293e-06 -1.11022293e-06  2.22044587e-06  0.00000000e+00\n -3.33066880e-06 -2.22044587e-06]", "hess_inv": "[[  0.35059096  -1.16346415   0.61512524   1.53227407   4.00012064\n   -5.21317739]\n [ -1.16346415   4.06347261  -2.16472386  -5.34337796 -13.93010931\n   18.19410119]\n [  0.61512524  -2.16472386   1.15755804   2.85068028   7.43151816\n   -9.70821118]\n [  1.53227407  -5.34337796   2.85068028   7.07822324  18.4236193\n  -24.08365813]\n [  4.00012064 -13.93010931   7.43151816  18.4236193   47.9831949\n  -62.69911798]\n [ -5.21317739  18.19410119  -9.70821118 -24.08365813 -62.69911798\n   81.95521367]]", "nfev": "628", "njev": "88", "status": "2", "success": "False", "message": "Desired error not necessarily achieved due to precision loss.", "x": "[ 4.99269273  3.02053148  1.84513272  4.25766474 -0.50324306  1.73321952]", "nit": "36"}, "16": {"maxiter": 1000, "gtol": 1e-05, "xrtol": 1e-05, "eps": 1e-05, "duration": 0.037917137145996094, "fun": "0.3540151257285702", "jac": "[-2.87850854e-06  1.82818205e-06  2.14122053e-06 -3.16632276e-06\n -2.54799515e-06  2.47798448e-06]", "hess_inv": "[[ 4.5488037   1.95821687 -1.63665082  0.18975438 -1.7613247   0.24619274]\n [ 1.95821687  6.3697126  -1.83306648  1.89796927 -2.16067659 -1.69564559]\n [-1.63665082 -1.83306648  9.79186266  0.66477195  2.06969694 -4.87464922]\n [ 0.18975438  1.89796927  0.66477195  3.82389667 -0.50323203 -0.58112597]\n [-1.7613247  -2.16067659  2.06969694 -0.50323203  6.20724203  1.64079132]\n [ 0.24619274 -1.69564559 -4.87464922 -0.58112597  1.64079132  8.34983894]]", "nfev": "210", "njev": "30", "status": "0", "success": "True", "message": "Optimization terminated successfully.", "x": "[ 4.99267321  3.02052235  1.84512945  4.2576455  -0.50324731  1.73322986]", "nit": "24"}, "17": {"maxiter": 1000, "gtol": 1e-05, "xrtol": 1e-05, "eps": 1e-10, "duration": 0.036942243576049805, "fun": "0.35401512595985185", "jac": "[ 0.00000000e+00  7.77156053e-06  5.55111466e-06 -5.55111466e-06\n  5.55111466e-06  5.55111466e-06]", "hess_inv": "[[ 4.30381202  1.78240181 -1.1592693  -0.087895   -1.34697995 -0.13894178]\n [ 1.78240181  6.37606205 -1.14136076  1.69510577 -1.39343722 -2.02276837]\n [-1.1592693  -1.14136076  9.85570712  1.21599252  2.58765726 -4.38185082]\n [-0.087895    1.69510577  1.21599252  3.49266937 -0.01420365 -1.00683168]\n [-1.34697995 -1.39343722  2.58765726 -0.01420365  7.27817606  1.95201202]\n [-0.13894178 -2.02276837 -4.38185082 -1.00683168  1.95201202  7.90628602]]", "nfev": "210", "njev": "30", "status": "0", "success": "True", "message": "Optimization terminated successfully.", "x": "[ 4.99268704  3.02055335  1.84516144  4.25766866 -0.5031956   1.73323559]", "nit": "24"}, "18": {"maxiter": 1000, "gtol": 1e-05, "xrtol": 1e-10, "eps": 1e-05, "duration": 0.03732609748840332, "fun": "0.3540151257285702", "jac": "[-2.87850854e-06  1.82818205e-06  2.14122053e-06 -3.16632276e-06\n -2.54799515e-06  2.47798448e-06]", "hess_inv": "[[ 4.5488037   1.95821687 -1.63665082  0.18975438 -1.7613247   0.24619274]\n [ 1.95821687  6.3697126  -1.83306648  1.89796927 -2.16067659 -1.69564559]\n [-1.63665082 -1.83306648  9.79186266  0.66477195  2.06969694 -4.87464922]\n [ 0.18975438  1.89796927  0.66477195  3.82389667 -0.50323203 -0.58112597]\n [-1.7613247  -2.16067659  2.06969694 -0.50323203  6.20724203  1.64079132]\n [ 0.24619274 -1.69564559 -4.87464922 -0.58112597  1.64079132  8.34983894]]", "nfev": "210", "njev": "30", "status": "0", "success": "True", "message": "Optimization terminated successfully.", "x": "[ 4.99267321  3.02052235  1.84512945  4.2576455  -0.50324731  1.73322986]", "nit": "24"}, "19": {"maxiter": 1000, "gtol": 1e-05, "xrtol": 1e-10, "eps": 1e-10, "duration": 0.036337852478027344, "fun": "0.35401512595985185", "jac": "[ 0.00000000e+00  7.77156053e-06  5.55111466e-06 -5.55111466e-06\n  5.55111466e-06  5.55111466e-06]", "hess_inv": "[[ 4.30381202  1.78240181 -1.1592693  -0.087895   -1.34697995 -0.13894178]\n [ 1.78240181  6.37606205 -1.14136076  1.69510577 -1.39343722 -2.02276837]\n [-1.1592693  -1.14136076  9.85570712  1.21599252  2.58765726 -4.38185082]\n [-0.087895    1.69510577  1.21599252  3.49266937 -0.01420365 -1.00683168]\n [-1.34697995 -1.39343722  2.58765726 -0.01420365  7.27817606  1.95201202]\n [-0.13894178 -2.02276837 -4.38185082 -1.00683168  1.95201202  7.90628602]]", "nfev": "210", "njev": "30", "status": "0", "success": "True", "message": "Optimization terminated successfully.", "x": "[ 4.99268704  3.02055335  1.84516144  4.25766866 -0.5031956   1.73323559]", "nit": "24"}, "20": {"maxiter": 1000, "gtol": 1e-10, "xrtol": 1e-05, "eps": 1e-05, "duration": 0.037423133850097656, "fun": "0.3540151256458778", "jac": "[-3.28626015e-07  4.56790161e-07  4.16622292e-07 -5.83855186e-07\n -8.26005930e-09  3.02491365e-07]", "hess_inv": "[[ 4.73546381  2.0569555  -1.4944825   0.34950657 -1.39114465  0.06345845]\n [ 2.0569555   6.40591978 -1.83742612  1.98779325 -2.06937488 -1.75627698]\n [-1.4944825  -1.83742612  9.50507148  0.81285756  1.83267317 -4.83491695]\n [ 0.34950657  1.98779325  0.81285756  3.95885417 -0.1517209  -0.74947884]\n [-1.39114465 -2.06937488  1.83267317 -0.1517209   6.2596556   1.51341432]\n [ 0.06345845 -1.75627698 -4.83491695 -0.74947884  1.51341432  8.4477095 ]]", "nfev": "217", "njev": "31", "status": "0", "success": "True", "message": "Optimization terminated successfully.", "x": "[ 4.99268369  3.02052587  1.84512738  4.25765514 -0.50323974  1.73322415]", "nit": "25"}, "21": {"maxiter": 1000, "gtol": 1e-10, "xrtol": 1e-05, "eps": 1e-10, "duration": 0.037901878356933594, "fun": "0.3540151256524068", "jac": "[2.22044587e-06 5.55111466e-06 3.33066880e-06 4.44089173e-06\n 2.22044587e-06 4.44089173e-06]", "hess_inv": "[[ 4.42676342  1.82939515 -1.18914983  0.0677984  -1.40368785 -0.33498343]\n [ 1.82939515  6.2763526  -1.38103838  1.791524   -1.84490866 -2.25267276]\n [-1.18914983 -1.38103838  9.42019771  1.2497536   1.76772157 -4.6348271 ]\n [ 0.0677984   1.791524    1.2497536   3.67824601  0.0488043  -1.20646723]\n [-1.40368785 -1.84490866  1.76772157  0.0488043   5.73448079  1.47637798]\n [-0.33498343 -2.25267276 -4.6348271  -1.20646723  1.47637798  8.01476153]]", "nfev": "217", "njev": "31", "status": "0", "success": "True", "message": "Optimization terminated successfully.", "x": "[ 4.99268945  3.02054493  1.84514273  4.25767464 -0.50323083  1.73321944]", "nit": "25"}, "22": {"maxiter": 1000, "gtol": 1e-10, "xrtol": 1e-10, "eps": 1e-05, "duration": 0.07221603393554688, "fun": "0.35401512564272053", "jac": "[-1.45439216e-09  2.56794586e-08  1.83852933e-08 -2.38697950e-08\n  2.77888823e-08  3.03090886e-09]", "hess_inv": "[[ 4.97192221  2.08297334 -1.8082759   0.58639339 -1.56850467  0.0558501 ]\n [ 2.08297334  6.40280642 -1.90127386  2.01605833 -2.12700956 -1.74381245]\n [-1.8082759  -1.90127386  9.77739264  0.50927565  1.88064273 -4.75944737]\n [ 0.58639339  2.01605833  0.50927565  4.19535937 -0.3153904  -0.76199147]\n [-1.56850467 -2.12700956  1.88064273 -0.3153904   6.14897286  1.60413622]\n [ 0.0558501  -1.74381245 -4.75944737 -0.76199147  1.60413622  8.41829704]]", "nfev": "418", "njev": "58", "status": "2", "success": "False", "message": "Desired error not necessarily achieved due to precision loss.", "x": "[ 4.99268539  3.02052612  1.84512549  4.25765682 -0.50324052  1.73322393]", "nit": "26"}, "23": {"maxiter": 1000, "gtol": 1e-10, "xrtol": 1e-10, "eps": 1e-10, "duration": 0.11036109924316406, "fun": "0.3540151256310432", "jac": "[ 1.11022293e-06 -1.11022293e-06  2.22044587e-06  0.00000000e+00\n -3.33066880e-06 -2.22044587e-06]", "hess_inv": "[[  0.35059096  -1.16346415   0.61512524   1.53227407   4.00012064\n   -5.21317739]\n [ -1.16346415   4.06347261  -2.16472386  -5.34337796 -13.93010931\n   18.19410119]\n [  0.61512524  -2.16472386   1.15755804   2.85068028   7.43151816\n   -9.70821118]\n [  1.53227407  -5.34337796   2.85068028   7.07822324  18.4236193\n  -24.08365813]\n [  4.00012064 -13.93010931   7.43151816  18.4236193   47.9831949\n  -62.69911798]\n [ -5.21317739  18.19410119  -9.70821118 -24.08365813 -62.69911798\n   81.95521367]]", "nfev": "628", "njev": "88", "status": "2", "success": "False", "message": "Desired error not necessarily achieved due to precision loss.", "x": "[ 4.99269273  3.02053148  1.84513272  4.25766474 -0.50324306  1.73321952]", "nit": "36"}}, "cobyla": {"0": {"maxiter": 100, "tol": 1e-05, "catol": 1e-05, "duration": 0.016948938369750977, "x": "[ 4.9890312   3.01857158  1.86037581  4.25054597 -0.49568161  1.72591924]", "status": "2", "success": "False", "message": "Maximum number of function evaluations has been exceeded.", "nfev": "100", "fun": "0.3540392887963898", "maxcv": "0.0"}, "1": {"maxiter": 100, "tol": 1e-05, "catol": 1e-10, "duration": 0.01681804656982422, "x": "[ 4.9890312   3.01857158  1.86037581  4.25054597 -0.49568161  1.72591924]", "status": "2", "success": "False", "message": "Maximum number of function evaluations has been exceeded.", "nfev": "100", "fun": "0.3540392887963898", "maxcv": "0.0"}, "2": {"maxiter": 100, "tol": 1e-10, "catol": 1e-05, "duration": 0.016562938690185547, "x": "[ 4.9890312   3.01857158  1.86037581  4.25054597 -0.49568161  1.72591924]", "status": "2", "success": "False", "message": "Maximum number of function evaluations has been exceeded.", "nfev": "100", "fun": "0.3540392887963898", "maxcv": "0.0"}, "3": {"maxiter": 100, "tol": 1e-10, "catol": 1e-10, "duration": 0.016595125198364258, "x": "[ 4.9890312   3.01857158  1.86037581  4.25054597 -0.49568161  1.72591924]", "status": "2", "success": "False", "message": "Maximum number of function evaluations has been exceeded.", "nfev": "100", "fun": "0.3540392887963898", "maxcv": "0.0"}, "4": {"maxiter": 500, "tol": 1e-05, "catol": 1e-05, "duration": 0.03378701210021973, "x": "[ 4.99269211  3.02053159  1.84513129  4.2576717  -0.50323527  1.73321877]", "status": "1", "success": "True", "message": "Optimization terminated successfully.", "nfev": "203", "fun": "0.35401512563420034", "maxcv": "0.0"}, "5": {"maxiter": 500, "tol": 1e-05, "catol": 1e-10, "duration": 0.0344851016998291, "x": "[ 4.99269211  3.02053159  1.84513129  4.2576717  -0.50323527  1.73321877]", "status": "1", "success": "True", "message": "Optimization terminated successfully.", "nfev": "203", "fun": "0.35401512563420034", "maxcv": "0.0"}, "6": {"maxiter": 500, "tol": 1e-10, "catol": 1e-05, "duration": 0.05213522911071777, "x": "[ 4.99269153  3.02053401  1.84512847  4.25766632 -0.50323508  1.73322694]", "status": "1", "success": "True", "message": "Optimization terminated successfully.", "nfev": "307", "fun": "0.35401512562027293", "maxcv": "0.0"}, "7": {"maxiter": 500, "tol": 1e-10, "catol": 1e-10, "duration": 0.05197477340698242, "x": "[ 4.99269153  3.02053401  1.84512847  4.25766632 -0.50323508  1.73322694]", "status": "1", "success": "True", "message": "Optimization terminated successfully.", "nfev": "307", "fun": "0.35401512562027293", "maxcv": "0.0"}, "8": {"maxiter": 1000, "tol": 1e-05, "catol": 1e-05, "duration": 0.034271955490112305, "x": "[ 4.99269211  3.02053159  1.84513129  4.2576717  -0.50323527  1.73321877]", "status": "1", "success": "True", "message": "Optimization terminated successfully.", "nfev": "203", "fun": "0.35401512563420034", "maxcv": "0.0"}, "9": {"maxiter": 1000, "tol": 1e-05, "catol": 1e-10, "duration": 0.03440523147583008, "x": "[ 4.99269211  3.02053159  1.84513129  4.2576717  -0.50323527  1.73321877]", "status": "1", "success": "True", "message": "Optimization terminated successfully.", "nfev": "203", "fun": "0.35401512563420034", "maxcv": "0.0"}, "10": {"maxiter": 1000, "tol": 1e-10, "catol": 1e-05, "duration": 0.051640987396240234, "x": "[ 4.99269153  3.02053401  1.84512847  4.25766632 -0.50323508  1.73322694]", "status": "1", "success": "True", "message": "Optimization terminated successfully.", "nfev": "307", "fun": "0.35401512562027293", "maxcv": "0.0"}, "11": {"maxiter": 1000, "tol": 1e-10, "catol": 1e-10, "duration": 0.052243947982788086, "x": "[ 4.99269153  3.02053401  1.84512847  4.25766632 -0.50323508  1.73322694]", "status": "1", "success": "True", "message": "Optimization terminated successfully.", "nfev": "307", "fun": "0.35401512562027293", "maxcv": "0.0"}}, "dual_annealing_0": {"type": "gradient-free", "0": {"maxiter": 100, "duration": 0.2501981258392334, "success": "True", "status": "0", "x": "[1.87980458 5.80422466 0.94762284 3.26732351 0.19722019 6.28318531]", "fun": "0.33057329225038723", "nit": "100", "nfev": "1404", "njev": "29", "nhev": "0", "message": "['Maximum number of iteration reached']"}, "1": {"maxiter": 500, "duration": 1.1010539531707764, "success": "True", "status": "0", "x": "[1.88797319 5.81707368 0.95282243 3.26558247 6.28318531 6.08376658]", "fun": "0.3306754532470414", "nit": "500", "nfev": "6211", "njev": "30", "nhev": "0", "message": "['Maximum number of iteration reached']"}, "2": {"maxiter": 1000, "duration": 2.1804511547088623, "success": "True", "status": "0", "x": "[1.87521103 5.79706465 0.9450198  3.26726608 0.29363352 0.09819673]", "fun": "0.33056095067422675", "nit": "1000", "nfev": "12169", "njev": "24", "nhev": "0", "message": "['Maximum number of iteration reached']"}, "bounds": [[0.0, 6.283185307179586], [0.0, 6.283185307179586], [0.0, 6.283185307179586], [0.0, 6.283185307179586], [0.0, 6.283185307179586], [0.0, 6.283185307179586]]}, "dual_annealing_1": {"type": "gradient-free", "0": {"maxiter": 100, "duration": 0.24138593673706055, "success": "True", "status": "0", "x": "[2.1135963  3.46712138 9.1658996  6.68941468 0.         3.98138644]", "fun": "0.32782671851986345", "nit": "100", "nfev": "1348", "njev": "21", "nhev": "0", "message": "['Maximum number of iteration reached']"}, "1": {"maxiter": 500, "duration": 1.1178829669952393, "success": "True", "status": "0", "x": "[4.38736803 0.41727363 5.85196761 5.44620962 8.42530393 8.14407185]", "fun": "0.286781095225661", "nit": "500", "nfev": "6309", "njev": "44", "nhev": "0", "message": "['Maximum number of iteration reached']"}, "2": {"maxiter": 1000, "duration": 2.165822982788086, "success": "True", "status": "0", "x": "[4.3873429  0.4172605  5.85198839 5.4462504  2.14207072 1.8609046 ]", "fun": "0.28678109486097714", "nit": "1000", "nfev": "12225", "njev": "32", "nhev": "0", "message": "['Maximum number of iteration reached']"}, "bounds": [[0.0, 9.42477796076938], [0.0, 9.42477796076938], [0.0, 9.42477796076938], [0.0, 9.42477796076938], [0.0, 9.42477796076938], [0.0, 9.42477796076938]]}, "dual_annealing_2": {"type": "gradient-free", "0": {"maxiter": 100, "duration": 0.24291086196899414, "success": "True", "status": "0", "x": "[10.67050686  6.70043149 12.13517261  5.44627545  8.42527063  8.14407339]", "fun": "0.2867810947502639", "nit": "100", "nfev": "1355", "njev": "22", "nhev": "0", "message": "['Maximum number of iteration reached']"}, "1": {"maxiter": 500, "duration": 1.1020398139953613, "success": "True", "status": "0", "x": "[10.67049363  6.70042768  5.85198159  7.1200961   5.28368623 11.28566795]", "fun": "0.2867810947818489", "nit": "500", "nfev": "6176", "njev": "25", "nhev": "0", "message": "['Maximum number of iteration reached']"}, "2": {"maxiter": 1000, "duration": 2.2002570629119873, "success": "True", "status": "0", "x": "[ 4.38732636  0.41724756 12.13517077  7.12009828 11.56685258  5.00247891]", "fun": "0.28678109478616454", "nit": "1000", "nfev": "12260", "njev": "37", "nhev": "0", "message": "['Maximum number of iteration reached']"}, "bounds": [[0.0, 12.566370614359172], [0.0, 12.566370614359172], [0.0, 12.566370614359172], [0.0, 12.566370614359172], [0.0, 12.566370614359172], [0.0, 12.566370614359172]]}, "dual_annealing_3": {"type": "gradient-free", "0": {"maxiter": 100, "duration": 0.2631871700286865, "success": "True", "status": "0", "x": "[-4.4079796  -0.48610558 -5.33823683 -3.01588113 -5.98975276 -6.18513754]", "fun": "0.3305609504308261", "nit": "100", "nfev": "1446", "njev": "35", "nhev": "0", "message": "['Maximum number of iteration reached']"}, "1": {"maxiter": 500, "duration": 1.1390471458435059, "success": "True", "status": "0", "x": "[-4.38731532  3.55881978  2.71042344  5.4462732   2.14210021  1.86085959]", "fun": "0.286781094976444", "nit": "500", "nfev": "6316", "njev": "45", "nhev": "0", "message": "['Maximum number of iteration reached']"}, "2": {"maxiter": 1000, "duration": 2.1603190898895264, "success": "True", "status": "0", "x": "[-4.38729397  3.55884356 -3.57278586 -0.8369004  -4.14109251  1.86086682]", "fun": "0.2867810948602635", "nit": "1000", "nfev": "12141", "njev": "20", "nhev": "0", "message": "['Maximum number of iteration reached']"}, "bounds": [[-6.283185307179586, 6.283185307179586], [-6.283185307179586, 6.283185307179586], [-6.283185307179586, 6.283185307179586], [-6.283185307179586, 6.283185307179586], [-6.283185307179586, 6.283185307179586], [-6.283185307179586, 6.283185307179586]]}, "dual_annealing_4": {"type": "gradient-free", "0": {"maxiter": 100, "duration": 0.2659780979156494, "success": "True", "status": "0", "x": "[ 8.15837423 -0.48611604  7.22817496  9.29906898  3.43508114  3.23967608]", "fun": "0.3305609503053356", "nit": "100", "nfev": "1488", "njev": "41", "nhev": "0", "message": "['Maximum number of iteration reached']"}, "1": {"maxiter": 500, "duration": 1.115227222442627, "success": "True", "status": "0", "x": "[1.89586575 3.55882703 2.71036942 5.44626599 8.42528404 1.86087087]", "fun": "0.2867810948524253", "nit": "500", "nfev": "6155", "njev": "22", "nhev": "0", "message": "['Maximum number of iteration reached']"}, "2": {"maxiter": 1000, "duration": 2.271233081817627, "success": "True", "status": "0", "x": "[ 4.38731981  0.41724925 -0.43119866  7.12009675  5.28367763 -7.56388651]", "fun": "0.2867810947486582", "nit": "1000", "nfev": "12211", "njev": "30", "nhev": "0", "message": "['Maximum number of iteration reached']"}, "bounds": [[-9.42477796076938, 9.42477796076938], [-9.42477796076938, 9.42477796076938], [-9.42477796076938, 9.42477796076938], [-9.42477796076938, 9.42477796076938], [-9.42477796076938, 9.42477796076938], [-9.42477796076938, 9.42477796076938]]}, "dual_annealing_5": {"type": "gradient-free", "0": {"maxiter": 100, "duration": 0.2758290767669678, "success": "True", "status": "0", "x": "[ 10.67050886 -12.14910596  -6.7143634    7.12010157  11.56686283\n  -1.28070117]", "fun": "0.28678109482929004", "nit": "100", "nfev": "1488", "njev": "41", "nhev": "0", "message": "['Maximum number of iteration reached']"}, "1": {"maxiter": 500, "duration": 1.1195740699768066, "success": "True", "status": "0", "x": "[-1.89585636  0.41726584  5.85198379  5.44627054  8.42527795  1.86087444]", "fun": "0.28678109482825054", "nit": "500", "nfev": "6267", "njev": "38", "nhev": "0", "message": "['Maximum number of iteration reached']"}, "2": {"maxiter": 1000, "duration": 2.1612000465393066, "success": "True", "status": "0", "x": "[-8.15836666  2.65548327 -2.19661782  9.29906714 -2.84804134  9.52293738]", "fun": "0.330560950256617", "nit": "1000", "nfev": "12134", "njev": "19", "nhev": "0", "message": "['Maximum number of iteration reached']"}, "bounds": [[-12.566370614359172, 12.566370614359172], [-12.566370614359172, 12.566370614359172], [-12.566370614359172, 12.566370614359172], [-12.566370614359172, 12.566370614359172], [-12.566370614359172, 12.566370614359172], [-12.566370614359172, 12.566370614359172]]}}, "duration (s)": 115.6}