{"date": "2024/07/22/, 22:01:55", "conf_id": 15, "data_type": "random\n", "num_data_points": 1, "s_rank": 0, "unitary": "[[-0.45070455-0.02711853j,0.78437395-0.06613086j,0.06358678+0.19963393j,-0.07343613+0.35668523j],[-0.01890143-0.03813363j,0.32408202+0.25557629j,0.05872864-0.68979805j,0.55466693-0.20227297j],[-0.11215405+0.64023111j,-0.13344055+0.29565494j,-0.49012687-0.19046288j,-0.04241254+0.44046348j],[0.55771659+0.24656916j,0.31851997-0.05798805j,0.28761525-0.34294258j,-0.56718418+0.03616933j]]", "databatch_0": {"databatch": "[[[-0.05755091-0.11998703j,-0.20708521+0.25774418j,0.38735691-0.18474474j,0.23778568+0.0672157j],[-0.05170426-0.15976061j,-0.06895815+0.11700032j,-0.00744766-0.11482942j,0.20748711+0.0475646j],[-0.51784472+0.13403348j,-0.14289312+0.01254461j,0.02623855-0.02662416j,0.02020747+0.04687753j],[0.13182617+0.27750695j,-0.1095279+0.1473729j,0.24036484+0.12922143j,0.08768806-0.03962262j]]]", "initial param values": "[4.86852017,2.71467349,3.53930065,3.60676782,0.64893817,3.41413501]", "bfgs": {"type": "gradient", "0": {"maxiter": 100, "gtol": 1e-05, "xrtol": 1e-05, "eps": 1e-05, "duration": 0.03275489807128906, "fun": "0.3387720688015671", "jac": "[-7.88380472e-07 -4.85611551e-07 -3.09607895e-07  4.52071713e-07\n -7.91589017e-08 -1.25627286e-06]", "hess_inv": "[[  5.12422492   3.84491568  -5.3835768    3.49367858  -3.88479528\n    0.7496484 ]\n [  3.84491568  13.88889508 -16.87848048   7.57325081 -10.34096104\n    3.47154833]\n [ -5.3835768  -16.87848048  27.98825187 -12.27029947  16.17175992\n   -5.5372907 ]\n [  3.49367858   7.57325081 -12.27029947   8.3191549   -7.3034761\n    2.30943847]\n [ -3.88479528 -10.34096104  16.17175992  -7.3034761   12.88890975\n   -2.40196275]\n [  0.7496484    3.47154833  -5.5372907    2.30943847  -2.40196275\n    4.27698986]]", "nfev": "182", "njev": "26", "status": "0", "success": "True", "message": "Optimization terminated successfully.", "x": "[5.28782599 4.19566864 3.68552359 4.57491267 1.05153253 1.77029441]", "nit": "22"}, "1": {"maxiter": 100, "gtol": 1e-05, "xrtol": 1e-05, "eps": 1e-10, "duration": 0.0325469970703125, "fun": "0.3387720688989473", "jac": "[-2.22044587e-06 -2.22044587e-06  2.22044587e-06  0.00000000e+00\n -2.22044587e-06 -4.44089173e-06]", "hess_inv": "[[  5.06622981   3.88142997  -5.38984018   3.45898934  -3.7158713\n    0.75846061]\n [  3.88142997  13.95160748 -17.06866677   7.56992045 -10.39340097\n    3.36127005]\n [ -5.38984018 -17.06866677  28.23920819 -12.27282353  15.98970099\n   -5.41245655]\n [  3.45898934   7.56992045 -12.27282353   8.27191952  -7.18697284\n    2.27290886]\n [ -3.7158713  -10.39340097  15.98970099  -7.18697284  12.2377785\n   -2.44374765]\n [  0.75846061   3.36127005  -5.41245655   2.27290886  -2.44374765\n    4.32781093]]", "nfev": "182", "njev": "26", "status": "0", "success": "True", "message": "Optimization terminated successfully.", "x": "[5.28781944 4.19561847 3.68559583 4.57488263 1.051573   1.77027302]", "nit": "22"}, "2": {"maxiter": 100, "gtol": 1e-05, "xrtol": 1e-10, "eps": 1e-05, "duration": 0.032740116119384766, "fun": "0.3387720688015671", "jac": "[-7.88380472e-07 -4.85611551e-07 -3.09607895e-07  4.52071713e-07\n -7.91589017e-08 -1.25627286e-06]", "hess_inv": "[[  5.12422492   3.84491568  -5.3835768    3.49367858  -3.88479528\n    0.7496484 ]\n [  3.84491568  13.88889508 -16.87848048   7.57325081 -10.34096104\n    3.47154833]\n [ -5.3835768  -16.87848048  27.98825187 -12.27029947  16.17175992\n   -5.5372907 ]\n [  3.49367858   7.57325081 -12.27029947   8.3191549   -7.3034761\n    2.30943847]\n [ -3.88479528 -10.34096104  16.17175992  -7.3034761   12.88890975\n   -2.40196275]\n [  0.7496484    3.47154833  -5.5372907    2.30943847  -2.40196275\n    4.27698986]]", "nfev": "182", "njev": "26", "status": "0", "success": "True", "message": "Optimization terminated successfully.", "x": "[5.28782599 4.19566864 3.68552359 4.57491267 1.05153253 1.77029441]", "nit": "22"}, "3": {"maxiter": 100, "gtol": 1e-05, "xrtol": 1e-10, "eps": 1e-10, "duration": 0.032035112380981445, "fun": "0.3387720688989473", "jac": "[-2.22044587e-06 -2.22044587e-06  2.22044587e-06  0.00000000e+00\n -2.22044587e-06 -4.44089173e-06]", "hess_inv": "[[  5.06622981   3.88142997  -5.38984018   3.45898934  -3.7158713\n    0.75846061]\n [  3.88142997  13.95160748 -17.06866677   7.56992045 -10.39340097\n    3.36127005]\n [ -5.38984018 -17.06866677  28.23920819 -12.27282353  15.98970099\n   -5.41245655]\n [  3.45898934   7.56992045 -12.27282353   8.27191952  -7.18697284\n    2.27290886]\n [ -3.7158713  -10.39340097  15.98970099  -7.18697284  12.2377785\n   -2.44374765]\n [  0.75846061   3.36127005  -5.41245655   2.27290886  -2.44374765\n    4.32781093]]", "nfev": "182", "njev": "26", "status": "0", "success": "True", "message": "Optimization terminated successfully.", "x": "[5.28781944 4.19561847 3.68559583 4.57488263 1.051573   1.77027302]", "nit": "22"}, "4": {"maxiter": 100, "gtol": 1e-10, "xrtol": 1e-05, "eps": 1e-05, "duration": 0.033241987228393555, "fun": "0.33877206878290334", "jac": "[-6.03961325e-09 -1.19682042e-08 -5.70765657e-08  1.98174810e-08\n  1.02662323e-07 -8.96616115e-08]", "hess_inv": "[[  5.29604979   4.09975839  -5.60008879   3.56889875  -3.96339997\n    0.96699868]\n [  4.09975839  14.25641585 -17.18773057   7.6729609  -10.47028439\n    3.81948751]\n [ -5.60008879 -17.18773057  28.24758907 -12.35161845  16.28527973\n   -5.8402194 ]\n [  3.56889875   7.6729609  -12.35161845   8.33864009  -7.35233783\n    2.4335969 ]\n [ -3.96339997 -10.47028439  16.28527973  -7.35233783  12.90933622\n   -2.47021337]\n [  0.96699868   3.81948751  -5.8402194    2.4335969   -2.47021337\n    4.48933567]]", "nfev": "189", "njev": "27", "status": "0", "success": "True", "message": "Optimization terminated successfully.", "x": "[5.28782971 4.19567398 3.68551911 4.57491409 1.05153061 1.77029956]", "nit": "23"}, "5": {"maxiter": 100, "gtol": 1e-10, "xrtol": 1e-05, "eps": 1e-10, "duration": 0.035939931869506836, "fun": "0.33877206880556887", "jac": "[ 3.33066880e-06 -1.11022293e-06 -1.11022293e-06  0.00000000e+00\n -2.22044587e-06 -1.11022293e-06]", "hess_inv": "[[  5.22843422   5.60478671  -7.01140052   5.21059312  -4.69375821\n    1.79439685]\n [  5.60478671  18.22082352 -21.13752497  11.30087378 -13.41102875\n    4.6210035 ]\n [ -7.01140052 -21.13752497  31.13119077 -16.2656595   18.80108651\n   -6.25524293]\n [  5.21059312  11.30087378 -16.2656595   11.23407773  -9.95865695\n    3.29527195]\n [ -4.69375821 -13.41102875  18.80108651  -9.95865695  14.25945745\n   -3.55047801]\n [  1.79439685   4.6210035   -6.25524293   3.29527195  -3.55047801\n    4.03264782]]", "nfev": "210", "njev": "30", "status": "0", "success": "True", "message": "Optimization terminated successfully.", "x": "[5.2878533  4.19569423 3.68549375 4.57493442 1.05151631 1.77030356]", "nit": "24"}, "6": {"maxiter": 100, "gtol": 1e-10, "xrtol": 1e-10, "eps": 1e-05, "duration": 0.07324910163879395, "fun": "0.3387720687828798", "jac": "[ 1.34114941e-08  4.44089210e-09  3.40838469e-09 -2.44249065e-09\n  4.85167462e-09 -8.90398866e-09]", "hess_inv": "[[  5.13960756   4.12083972  -5.79886353   3.63705989  -3.99064102\n    1.04272248]\n [  4.12083972  15.25858289 -18.77331725   8.24301441 -11.62185379\n    4.69935756]\n [ -5.79886353 -18.77331725  30.581626   -13.19391315  18.09898768\n   -7.1741762 ]\n [  3.63705989   8.24301441 -13.19391315   8.64197558  -7.99584417\n    2.91811168]\n [ -3.99064102 -11.62185379  18.09898768  -7.99584417  14.09810931\n   -3.53817545]\n [  1.04272248   4.69935756  -7.1741762    2.91811168  -3.53817545\n    5.21592086]]", "nfev": "417", "njev": "58", "status": "2", "success": "False", "message": "Desired error not necessarily achieved due to precision loss.", "x": "[5.28782992 4.19567451 3.68551849 4.57491433 1.05152995 1.77029993]", "nit": "24"}, "7": {"maxiter": 100, "gtol": 1e-10, "xrtol": 1e-10, "eps": 1e-10, "duration": 0.05186295509338379, "fun": "0.3387720687741046", "jac": "[ 2.22044587e-06  0.00000000e+00  2.22044587e-06  2.22044587e-06\n -2.22044587e-06  1.11022293e-06]", "hess_inv": "[[  9.43096679  14.30375325 -17.72888848  12.42779864  -7.81081749\n   -0.99151072]\n [ 14.30375325  33.14789779 -38.53190511  23.43139823 -19.00570149\n    0.72006463]\n [-17.72888848 -38.53190511  47.57935035 -29.20900651  21.72323492\n   -1.94196781]\n [ 12.42779864  23.43139823 -29.20900651  20.75348834 -13.39347333\n    0.23178064]\n [ -7.81081749 -19.00570149  21.72323492 -13.39347333  11.32366088\n   -0.37339689]\n [ -0.99151072   0.72006463  -1.94196781   0.23178064  -0.37339689\n    2.540171  ]]", "nfev": "294", "njev": "42", "status": "0", "success": "True", "message": "Optimization terminated successfully.", "x": "[5.28784043 4.1956785  3.68552727 4.57492116 1.0515362  1.77031262]", "nit": "28"}, "8": {"maxiter": 500, "gtol": 1e-05, "xrtol": 1e-05, "eps": 1e-05, "duration": 0.032254934310913086, "fun": "0.3387720688015671", "jac": "[-7.88380472e-07 -4.85611551e-07 -3.09607895e-07  4.52071713e-07\n -7.91589017e-08 -1.25627286e-06]", "hess_inv": "[[  5.12422492   3.84491568  -5.3835768    3.49367858  -3.88479528\n    0.7496484 ]\n [  3.84491568  13.88889508 -16.87848048   7.57325081 -10.34096104\n    3.47154833]\n [ -5.3835768  -16.87848048  27.98825187 -12.27029947  16.17175992\n   -5.5372907 ]\n [  3.49367858   7.57325081 -12.27029947   8.3191549   -7.3034761\n    2.30943847]\n [ -3.88479528 -10.34096104  16.17175992  -7.3034761   12.88890975\n   -2.40196275]\n [  0.7496484    3.47154833  -5.5372907    2.30943847  -2.40196275\n    4.27698986]]", "nfev": "182", "njev": "26", "status": "0", "success": "True", "message": "Optimization terminated successfully.", "x": "[5.28782599 4.19566864 3.68552359 4.57491267 1.05153253 1.77029441]", "nit": "22"}, "9": {"maxiter": 500, "gtol": 1e-05, "xrtol": 1e-05, "eps": 1e-10, "duration": 0.032354116439819336, "fun": "0.3387720688989473", "jac": "[-2.22044587e-06 -2.22044587e-06  2.22044587e-06  0.00000000e+00\n -2.22044587e-06 -4.44089173e-06]", "hess_inv": "[[  5.06622981   3.88142997  -5.38984018   3.45898934  -3.7158713\n    0.75846061]\n [  3.88142997  13.95160748 -17.06866677   7.56992045 -10.39340097\n    3.36127005]\n [ -5.38984018 -17.06866677  28.23920819 -12.27282353  15.98970099\n   -5.41245655]\n [  3.45898934   7.56992045 -12.27282353   8.27191952  -7.18697284\n    2.27290886]\n [ -3.7158713  -10.39340097  15.98970099  -7.18697284  12.2377785\n   -2.44374765]\n [  0.75846061   3.36127005  -5.41245655   2.27290886  -2.44374765\n    4.32781093]]", "nfev": "182", "njev": "26", "status": "0", "success": "True", "message": "Optimization terminated successfully.", "x": "[5.28781944 4.19561847 3.68559583 4.57488263 1.051573   1.77027302]", "nit": "22"}, "10": {"maxiter": 500, "gtol": 1e-05, "xrtol": 1e-10, "eps": 1e-05, "duration": 0.03232097625732422, "fun": "0.3387720688015671", "jac": "[-7.88380472e-07 -4.85611551e-07 -3.09607895e-07  4.52071713e-07\n -7.91589017e-08 -1.25627286e-06]", "hess_inv": "[[  5.12422492   3.84491568  -5.3835768    3.49367858  -3.88479528\n    0.7496484 ]\n [  3.84491568  13.88889508 -16.87848048   7.57325081 -10.34096104\n    3.47154833]\n [ -5.3835768  -16.87848048  27.98825187 -12.27029947  16.17175992\n   -5.5372907 ]\n [  3.49367858   7.57325081 -12.27029947   8.3191549   -7.3034761\n    2.30943847]\n [ -3.88479528 -10.34096104  16.17175992  -7.3034761   12.88890975\n   -2.40196275]\n [  0.7496484    3.47154833  -5.5372907    2.30943847  -2.40196275\n    4.27698986]]", "nfev": "182", "njev": "26", "status": "0", "success": "True", "message": "Optimization terminated successfully.", "x": "[5.28782599 4.19566864 3.68552359 4.57491267 1.05153253 1.77029441]", "nit": "22"}, "11": {"maxiter": 500, "gtol": 1e-05, "xrtol": 1e-10, "eps": 1e-10, "duration": 0.031010866165161133, "fun": "0.3387720688989473", "jac": "[-2.22044587e-06 -2.22044587e-06  2.22044587e-06  0.00000000e+00\n -2.22044587e-06 -4.44089173e-06]", "hess_inv": "[[  5.06622981   3.88142997  -5.38984018   3.45898934  -3.7158713\n    0.75846061]\n [  3.88142997  13.95160748 -17.06866677   7.56992045 -10.39340097\n    3.36127005]\n [ -5.38984018 -17.06866677  28.23920819 -12.27282353  15.98970099\n   -5.41245655]\n [  3.45898934   7.56992045 -12.27282353   8.27191952  -7.18697284\n    2.27290886]\n [ -3.7158713  -10.39340097  15.98970099  -7.18697284  12.2377785\n   -2.44374765]\n [  0.75846061   3.36127005  -5.41245655   2.27290886  -2.44374765\n    4.32781093]]", "nfev": "182", "njev": "26", "status": "0", "success": "True", "message": "Optimization terminated successfully.", "x": "[5.28781944 4.19561847 3.68559583 4.57488263 1.051573   1.77027302]", "nit": "22"}, "12": {"maxiter": 500, "gtol": 1e-10, "xrtol": 1e-05, "eps": 1e-05, "duration": 0.03231382369995117, "fun": "0.33877206878290334", "jac": "[-6.03961325e-09 -1.19682042e-08 -5.70765657e-08  1.98174810e-08\n  1.02662323e-07 -8.96616115e-08]", "hess_inv": "[[  5.29604979   4.09975839  -5.60008879   3.56889875  -3.96339997\n    0.96699868]\n [  4.09975839  14.25641585 -17.18773057   7.6729609  -10.47028439\n    3.81948751]\n [ -5.60008879 -17.18773057  28.24758907 -12.35161845  16.28527973\n   -5.8402194 ]\n [  3.56889875   7.6729609  -12.35161845   8.33864009  -7.35233783\n    2.4335969 ]\n [ -3.96339997 -10.47028439  16.28527973  -7.35233783  12.90933622\n   -2.47021337]\n [  0.96699868   3.81948751  -5.8402194    2.4335969   -2.47021337\n    4.48933567]]", "nfev": "189", "njev": "27", "status": "0", "success": "True", "message": "Optimization terminated successfully.", "x": "[5.28782971 4.19567398 3.68551911 4.57491409 1.05153061 1.77029956]", "nit": "23"}, "13": {"maxiter": 500, "gtol": 1e-10, "xrtol": 1e-05, "eps": 1e-10, "duration": 0.036128997802734375, "fun": "0.33877206880556887", "jac": "[ 3.33066880e-06 -1.11022293e-06 -1.11022293e-06  0.00000000e+00\n -2.22044587e-06 -1.11022293e-06]", "hess_inv": "[[  5.22843422   5.60478671  -7.01140052   5.21059312  -4.69375821\n    1.79439685]\n [  5.60478671  18.22082352 -21.13752497  11.30087378 -13.41102875\n    4.6210035 ]\n [ -7.01140052 -21.13752497  31.13119077 -16.2656595   18.80108651\n   -6.25524293]\n [  5.21059312  11.30087378 -16.2656595   11.23407773  -9.95865695\n    3.29527195]\n [ -4.69375821 -13.41102875  18.80108651  -9.95865695  14.25945745\n   -3.55047801]\n [  1.79439685   4.6210035   -6.25524293   3.29527195  -3.55047801\n    4.03264782]]", "nfev": "210", "njev": "30", "status": "0", "success": "True", "message": "Optimization terminated successfully.", "x": "[5.2878533  4.19569423 3.68549375 4.57493442 1.05151631 1.77030356]", "nit": "24"}, "14": {"maxiter": 500, "gtol": 1e-10, "xrtol": 1e-10, "eps": 1e-05, "duration": 0.07098913192749023, "fun": "0.3387720687828798", "jac": "[ 1.34114941e-08  4.44089210e-09  3.40838469e-09 -2.44249065e-09\n  4.85167462e-09 -8.90398866e-09]", "hess_inv": "[[  5.13960756   4.12083972  -5.79886353   3.63705989  -3.99064102\n    1.04272248]\n [  4.12083972  15.25858289 -18.77331725   8.24301441 -11.62185379\n    4.69935756]\n [ -5.79886353 -18.77331725  30.581626   -13.19391315  18.09898768\n   -7.1741762 ]\n [  3.63705989   8.24301441 -13.19391315   8.64197558  -7.99584417\n    2.91811168]\n [ -3.99064102 -11.62185379  18.09898768  -7.99584417  14.09810931\n   -3.53817545]\n [  1.04272248   4.69935756  -7.1741762    2.91811168  -3.53817545\n    5.21592086]]", "nfev": "417", "njev": "58", "status": "2", "success": "False", "message": "Desired error not necessarily achieved due to precision loss.", "x": "[5.28782992 4.19567451 3.68551849 4.57491433 1.05152995 1.77029993]", "nit": "24"}, "15": {"maxiter": 500, "gtol": 1e-10, "xrtol": 1e-10, "eps": 1e-10, "duration": 0.05162811279296875, "fun": "0.3387720687741046", "jac": "[ 2.22044587e-06  0.00000000e+00  2.22044587e-06  2.22044587e-06\n -2.22044587e-06  1.11022293e-06]", "hess_inv": "[[  9.43096679  14.30375325 -17.72888848  12.42779864  -7.81081749\n   -0.99151072]\n [ 14.30375325  33.14789779 -38.53190511  23.43139823 -19.00570149\n    0.72006463]\n [-17.72888848 -38.53190511  47.57935035 -29.20900651  21.72323492\n   -1.94196781]\n [ 12.42779864  23.43139823 -29.20900651  20.75348834 -13.39347333\n    0.23178064]\n [ -7.81081749 -19.00570149  21.72323492 -13.39347333  11.32366088\n   -0.37339689]\n [ -0.99151072   0.72006463  -1.94196781   0.23178064  -0.37339689\n    2.540171  ]]", "nfev": "294", "njev": "42", "status": "0", "success": "True", "message": "Optimization terminated successfully.", "x": "[5.28784043 4.1956785  3.68552727 4.57492116 1.0515362  1.77031262]", "nit": "28"}, "16": {"maxiter": 1000, "gtol": 1e-05, "xrtol": 1e-05, "eps": 1e-05, "duration": 0.03123188018798828, "fun": "0.3387720688015671", "jac": "[-7.88380472e-07 -4.85611551e-07 -3.09607895e-07  4.52071713e-07\n -7.91589017e-08 -1.25627286e-06]", "hess_inv": "[[  5.12422492   3.84491568  -5.3835768    3.49367858  -3.88479528\n    0.7496484 ]\n [  3.84491568  13.88889508 -16.87848048   7.57325081 -10.34096104\n    3.47154833]\n [ -5.3835768  -16.87848048  27.98825187 -12.27029947  16.17175992\n   -5.5372907 ]\n [  3.49367858   7.57325081 -12.27029947   8.3191549   -7.3034761\n    2.30943847]\n [ -3.88479528 -10.34096104  16.17175992  -7.3034761   12.88890975\n   -2.40196275]\n [  0.7496484    3.47154833  -5.5372907    2.30943847  -2.40196275\n    4.27698986]]", "nfev": "182", "njev": "26", "status": "0", "success": "True", "message": "Optimization terminated successfully.", "x": "[5.28782599 4.19566864 3.68552359 4.57491267 1.05153253 1.77029441]", "nit": "22"}, "17": {"maxiter": 1000, "gtol": 1e-05, "xrtol": 1e-05, "eps": 1e-10, "duration": 0.03154301643371582, "fun": "0.3387720688989473", "jac": "[-2.22044587e-06 -2.22044587e-06  2.22044587e-06  0.00000000e+00\n -2.22044587e-06 -4.44089173e-06]", "hess_inv": "[[  5.06622981   3.88142997  -5.38984018   3.45898934  -3.7158713\n    0.75846061]\n [  3.88142997  13.95160748 -17.06866677   7.56992045 -10.39340097\n    3.36127005]\n [ -5.38984018 -17.06866677  28.23920819 -12.27282353  15.98970099\n   -5.41245655]\n [  3.45898934   7.56992045 -12.27282353   8.27191952  -7.18697284\n    2.27290886]\n [ -3.7158713  -10.39340097  15.98970099  -7.18697284  12.2377785\n   -2.44374765]\n [  0.75846061   3.36127005  -5.41245655   2.27290886  -2.44374765\n    4.32781093]]", "nfev": "182", "njev": "26", "status": "0", "success": "True", "message": "Optimization terminated successfully.", "x": "[5.28781944 4.19561847 3.68559583 4.57488263 1.051573   1.77027302]", "nit": "22"}, "18": {"maxiter": 1000, "gtol": 1e-05, "xrtol": 1e-10, "eps": 1e-05, "duration": 0.03135395050048828, "fun": "0.3387720688015671", "jac": "[-7.88380472e-07 -4.85611551e-07 -3.09607895e-07  4.52071713e-07\n -7.91589017e-08 -1.25627286e-06]", "hess_inv": "[[  5.12422492   3.84491568  -5.3835768    3.49367858  -3.88479528\n    0.7496484 ]\n [  3.84491568  13.88889508 -16.87848048   7.57325081 -10.34096104\n    3.47154833]\n [ -5.3835768  -16.87848048  27.98825187 -12.27029947  16.17175992\n   -5.5372907 ]\n [  3.49367858   7.57325081 -12.27029947   8.3191549   -7.3034761\n    2.30943847]\n [ -3.88479528 -10.34096104  16.17175992  -7.3034761   12.88890975\n   -2.40196275]\n [  0.7496484    3.47154833  -5.5372907    2.30943847  -2.40196275\n    4.27698986]]", "nfev": "182", "njev": "26", "status": "0", "success": "True", "message": "Optimization terminated successfully.", "x": "[5.28782599 4.19566864 3.68552359 4.57491267 1.05153253 1.77029441]", "nit": "22"}, "19": {"maxiter": 1000, "gtol": 1e-05, "xrtol": 1e-10, "eps": 1e-10, "duration": 0.031244993209838867, "fun": "0.3387720688989473", "jac": "[-2.22044587e-06 -2.22044587e-06  2.22044587e-06  0.00000000e+00\n -2.22044587e-06 -4.44089173e-06]", "hess_inv": "[[  5.06622981   3.88142997  -5.38984018   3.45898934  -3.7158713\n    0.75846061]\n [  3.88142997  13.95160748 -17.06866677   7.56992045 -10.39340097\n    3.36127005]\n [ -5.38984018 -17.06866677  28.23920819 -12.27282353  15.98970099\n   -5.41245655]\n [  3.45898934   7.56992045 -12.27282353   8.27191952  -7.18697284\n    2.27290886]\n [ -3.7158713  -10.39340097  15.98970099  -7.18697284  12.2377785\n   -2.44374765]\n [  0.75846061   3.36127005  -5.41245655   2.27290886  -2.44374765\n    4.32781093]]", "nfev": "182", "njev": "26", "status": "0", "success": "True", "message": "Optimization terminated successfully.", "x": "[5.28781944 4.19561847 3.68559583 4.57488263 1.051573   1.77027302]", "nit": "22"}, "20": {"maxiter": 1000, "gtol": 1e-10, "xrtol": 1e-05, "eps": 1e-05, "duration": 0.03310585021972656, "fun": "0.33877206878290334", "jac": "[-6.03961325e-09 -1.19682042e-08 -5.70765657e-08  1.98174810e-08\n  1.02662323e-07 -8.96616115e-08]", "hess_inv": "[[  5.29604979   4.09975839  -5.60008879   3.56889875  -3.96339997\n    0.96699868]\n [  4.09975839  14.25641585 -17.18773057   7.6729609  -10.47028439\n    3.81948751]\n [ -5.60008879 -17.18773057  28.24758907 -12.35161845  16.28527973\n   -5.8402194 ]\n [  3.56889875   7.6729609  -12.35161845   8.33864009  -7.35233783\n    2.4335969 ]\n [ -3.96339997 -10.47028439  16.28527973  -7.35233783  12.90933622\n   -2.47021337]\n [  0.96699868   3.81948751  -5.8402194    2.4335969   -2.47021337\n    4.48933567]]", "nfev": "189", "njev": "27", "status": "0", "success": "True", "message": "Optimization terminated successfully.", "x": "[5.28782971 4.19567398 3.68551911 4.57491409 1.05153061 1.77029956]", "nit": "23"}, "21": {"maxiter": 1000, "gtol": 1e-10, "xrtol": 1e-05, "eps": 1e-10, "duration": 0.03734016418457031, "fun": "0.33877206880556887", "jac": "[ 3.33066880e-06 -1.11022293e-06 -1.11022293e-06  0.00000000e+00\n -2.22044587e-06 -1.11022293e-06]", "hess_inv": "[[  5.22843422   5.60478671  -7.01140052   5.21059312  -4.69375821\n    1.79439685]\n [  5.60478671  18.22082352 -21.13752497  11.30087378 -13.41102875\n    4.6210035 ]\n [ -7.01140052 -21.13752497  31.13119077 -16.2656595   18.80108651\n   -6.25524293]\n [  5.21059312  11.30087378 -16.2656595   11.23407773  -9.95865695\n    3.29527195]\n [ -4.69375821 -13.41102875  18.80108651  -9.95865695  14.25945745\n   -3.55047801]\n [  1.79439685   4.6210035   -6.25524293   3.29527195  -3.55047801\n    4.03264782]]", "nfev": "210", "njev": "30", "status": "0", "success": "True", "message": "Optimization terminated successfully.", "x": "[5.2878533  4.19569423 3.68549375 4.57493442 1.05151631 1.77030356]", "nit": "24"}, "22": {"maxiter": 1000, "gtol": 1e-10, "xrtol": 1e-10, "eps": 1e-05, "duration": 0.07162904739379883, "fun": "0.3387720687828798", "jac": "[ 1.34114941e-08  4.44089210e-09  3.40838469e-09 -2.44249065e-09\n  4.85167462e-09 -8.90398866e-09]", "hess_inv": "[[  5.13960756   4.12083972  -5.79886353   3.63705989  -3.99064102\n    1.04272248]\n [  4.12083972  15.25858289 -18.77331725   8.24301441 -11.62185379\n    4.69935756]\n [ -5.79886353 -18.77331725  30.581626   -13.19391315  18.09898768\n   -7.1741762 ]\n [  3.63705989   8.24301441 -13.19391315   8.64197558  -7.99584417\n    2.91811168]\n [ -3.99064102 -11.62185379  18.09898768  -7.99584417  14.09810931\n   -3.53817545]\n [  1.04272248   4.69935756  -7.1741762    2.91811168  -3.53817545\n    5.21592086]]", "nfev": "417", "njev": "58", "status": "2", "success": "False", "message": "Desired error not necessarily achieved due to precision loss.", "x": "[5.28782992 4.19567451 3.68551849 4.57491433 1.05152995 1.77029993]", "nit": "24"}, "23": {"maxiter": 1000, "gtol": 1e-10, "xrtol": 1e-10, "eps": 1e-10, "duration": 0.05048704147338867, "fun": "0.3387720687741046", "jac": "[ 2.22044587e-06  0.00000000e+00  2.22044587e-06  2.22044587e-06\n -2.22044587e-06  1.11022293e-06]", "hess_inv": "[[  9.43096679  14.30375325 -17.72888848  12.42779864  -7.81081749\n   -0.99151072]\n [ 14.30375325  33.14789779 -38.53190511  23.43139823 -19.00570149\n    0.72006463]\n [-17.72888848 -38.53190511  47.57935035 -29.20900651  21.72323492\n   -1.94196781]\n [ 12.42779864  23.43139823 -29.20900651  20.75348834 -13.39347333\n    0.23178064]\n [ -7.81081749 -19.00570149  21.72323492 -13.39347333  11.32366088\n   -0.37339689]\n [ -0.99151072   0.72006463  -1.94196781   0.23178064  -0.37339689\n    2.540171  ]]", "nfev": "294", "njev": "42", "status": "0", "success": "True", "message": "Optimization terminated successfully.", "x": "[5.28784043 4.1956785  3.68552727 4.57492116 1.0515362  1.77031262]", "nit": "28"}}, "cobyla": {"0": {"maxiter": 100, "tol": 1e-05, "catol": 1e-05, "duration": 0.016434907913208008, "x": "[5.33375466 4.4738732  3.28037088 4.75883824 0.79990301 1.87652051]", "status": "2", "success": "False", "message": "Maximum number of function evaluations has been exceeded.", "nfev": "100", "fun": "0.34115478280763967", "maxcv": "0.0"}, "1": {"maxiter": 100, "tol": 1e-05, "catol": 1e-10, "duration": 0.016422748565673828, "x": "[5.33375466 4.4738732  3.28037088 4.75883824 0.79990301 1.87652051]", "status": "2", "success": "False", "message": "Maximum number of function evaluations has been exceeded.", "nfev": "100", "fun": "0.34115478280763967", "maxcv": "0.0"}, "2": {"maxiter": 100, "tol": 1e-10, "catol": 1e-05, "duration": 0.016360998153686523, "x": "[5.33375466 4.4738732  3.28037088 4.75883824 0.79990301 1.87652051]", "status": "2", "success": "False", "message": "Maximum number of function evaluations has been exceeded.", "nfev": "100", "fun": "0.34115478280763967", "maxcv": "0.0"}, "3": {"maxiter": 100, "tol": 1e-10, "catol": 1e-10, "duration": 0.016377925872802734, "x": "[5.33375466 4.4738732  3.28037088 4.75883824 0.79990301 1.87652051]", "status": "2", "success": "False", "message": "Maximum number of function evaluations has been exceeded.", "nfev": "100", "fun": "0.34115478280763967", "maxcv": "0.0"}, "4": {"maxiter": 500, "tol": 1e-05, "catol": 1e-05, "duration": 0.08192706108093262, "x": "[5.28903043 4.20011717 3.6787875  4.57820704 1.04703424 1.77225083]", "status": "2", "success": "False", "message": "Maximum number of function evaluations has been exceeded.", "nfev": "500", "fun": "0.3387728434258286", "maxcv": "0.0"}, "5": {"maxiter": 500, "tol": 1e-05, "catol": 1e-10, "duration": 0.08167099952697754, "x": "[5.28903043 4.20011717 3.6787875  4.57820704 1.04703424 1.77225083]", "status": "2", "success": "False", "message": "Maximum number of function evaluations has been exceeded.", "nfev": "500", "fun": "0.3387728434258286", "maxcv": "0.0"}, "6": {"maxiter": 500, "tol": 1e-10, "catol": 1e-05, "duration": 0.08115577697753906, "x": "[5.28903043 4.20011717 3.6787875  4.57820704 1.04703424 1.77225083]", "status": "2", "success": "False", "message": "Maximum number of function evaluations has been exceeded.", "nfev": "500", "fun": "0.3387728434258286", "maxcv": "0.0"}, "7": {"maxiter": 500, "tol": 1e-10, "catol": 1e-10, "duration": 0.08174300193786621, "x": "[5.28903043 4.20011717 3.6787875  4.57820704 1.04703424 1.77225083]", "status": "2", "success": "False", "message": "Maximum number of function evaluations has been exceeded.", "nfev": "500", "fun": "0.3387728434258286", "maxcv": "0.0"}, "8": {"maxiter": 1000, "tol": 1e-05, "catol": 1e-05, "duration": 0.14443707466125488, "x": "[5.28785837 4.19574356 3.68541215 4.57496407 1.05147323 1.77032563]", "status": "1", "success": "True", "message": "Optimization terminated successfully.", "nfev": "871", "fun": "0.3387720689697664", "maxcv": "0.0"}, "9": {"maxiter": 1000, "tol": 1e-05, "catol": 1e-10, "duration": 0.14676308631896973, "x": "[5.28785837 4.19574356 3.68541215 4.57496407 1.05147323 1.77032563]", "status": "1", "success": "True", "message": "Optimization terminated successfully.", "nfev": "871", "fun": "0.3387720689697664", "maxcv": "0.0"}, "10": {"maxiter": 1000, "tol": 1e-10, "catol": 1e-05, "duration": 0.16777706146240234, "x": "[5.28784075 4.19569003 3.68550435 4.57492902 1.05152584 1.77031072]", "status": "2", "success": "False", "message": "Maximum number of function evaluations has been exceeded.", "nfev": "1000", "fun": "0.3387720687654546", "maxcv": "0.0"}, "11": {"maxiter": 1000, "tol": 1e-10, "catol": 1e-10, "duration": 0.1641080379486084, "x": "[5.28784075 4.19569003 3.68550435 4.57492902 1.05152584 1.77031072]", "status": "2", "success": "False", "message": "Maximum number of function evaluations has been exceeded.", "nfev": "1000", "fun": "0.3387720687654546", "maxcv": "0.0"}}, "dual_annealing_0": {"type": "gradient-free", "0": {"maxiter": 100, "duration": 0.2542150020599365, "success": "True", "status": "0", "x": "[5.28785041 4.19575206 3.68541907 4.5749491  1.05145513 1.77031388]", "fun": "0.3387720690835321", "nit": "100", "nfev": "1320", "njev": "17", "nhev": "0", "message": "['Maximum number of iteration reached']"}, "1": {"maxiter": 500, "duration": 1.1386828422546387, "success": "True", "status": "0", "x": "[5.28785557 4.19569066 3.68550766 4.57493008 1.05152136 1.77030779]", "fun": "0.3387720688026383", "nit": "500", "nfev": "6358", "njev": "51", "nhev": "0", "message": "['Maximum number of iteration reached']"}, "2": {"maxiter": 1000, "duration": 2.110684871673584, "success": "True", "status": "0", "x": "[0.9953506  1.05408929 0.54392326 4.57492693 1.05153525 1.77030797]", "fun": "0.3387720687651734", "nit": "1000", "nfev": "12127", "njev": "18", "nhev": "0", "message": "['Maximum number of iteration reached']"}, "bounds": [[0.0, 6.283185307179586], [0.0, 6.283185307179586], [0.0, 6.283185307179586], [0.0, 6.283185307179586], [0.0, 6.283185307179586], [0.0, 6.283185307179586]]}, "dual_annealing_1": {"type": "gradient-free", "0": {"maxiter": 100, "duration": 0.26741504669189453, "success": "True", "status": "0", "x": "[7.27853694 1.05406252 0.54398032 7.99146446 4.19315237 4.91189716]", "fun": "0.3387720688367736", "nit": "100", "nfev": "1390", "njev": "27", "nhev": "0", "message": "['Maximum number of iteration reached']"}, "1": {"maxiter": 500, "duration": 1.101870059967041, "success": "True", "status": "0", "x": "[7.27854044 7.33727247 6.82713379 4.57490253 1.05155153 8.05347034]", "fun": "0.33877206885332756", "nit": "500", "nfev": "6127", "njev": "18", "nhev": "0", "message": "['Maximum number of iteration reached']"}, "2": {"maxiter": 1000, "duration": 2.148869752883911, "success": "True", "status": "0", "x": "[0.99535222 7.33726847 0.54393296 4.57491962 7.33472376 1.77030581]", "fun": "0.33877206875963173", "nit": "1000", "nfev": "12274", "njev": "39", "nhev": "0", "message": "['Maximum number of iteration reached']"}, "bounds": [[0.0, 9.42477796076938], [0.0, 9.42477796076938], [0.0, 9.42477796076938], [0.0, 9.42477796076938], [0.0, 9.42477796076938], [0.0, 9.42477796076938]]}, "dual_annealing_2": {"type": "gradient-free", "0": {"maxiter": 100, "duration": 0.26763296127319336, "success": "True", "status": "0", "x": "[0.99534971 7.33725929 0.54394417 4.57491318 1.05154564 8.05348939]", "fun": "0.3387720687602942", "nit": "100", "nfev": "1495", "njev": "42", "nhev": "0", "message": "['Maximum number of iteration reached']"}, "1": {"maxiter": 500, "duration": 1.0852282047271729, "success": "True", "status": "0", "x": "[11.57101913  4.19568069  9.96871296 10.85810273  7.33471737  1.77030631]", "fun": "0.3387720687742145", "nit": "500", "nfev": "6127", "njev": "18", "nhev": "0", "message": "['Maximum number of iteration reached']"}, "2": {"maxiter": 1000, "duration": 2.1498568058013916, "success": "True", "status": "0", "x": "[ 5.28783066 10.47885675  3.68554038  1.70826684  4.19313543  4.91188307]", "fun": "0.3387720688006197", "nit": "1000", "nfev": "12232", "njev": "33", "nhev": "0", "message": "['Maximum number of iteration reached']"}, "bounds": [[0.0, 12.566370614359172], [0.0, 12.566370614359172], [0.0, 12.566370614359172], [0.0, 12.566370614359172], [0.0, 12.566370614359172], [0.0, 12.566370614359172]]}, "dual_annealing_3": {"type": "gradient-free", "0": {"maxiter": 100, "duration": 0.2840728759765625, "success": "True", "status": "0", "x": "[ 0.9953479  -5.22909855  0.54392609  4.57492353 -5.23166189 -4.51288142]", "fun": "0.33877206878164356", "nit": "100", "nfev": "1488", "njev": "41", "nhev": "0", "message": "['Maximum number of iteration reached']"}, "1": {"maxiter": 500, "duration": 1.1247169971466064, "success": "True", "status": "0", "x": "[-5.2878558  -5.22905787  0.54381044 -4.57496563  4.19304139  4.91192216]", "fun": "0.3387720692119186", "nit": "500", "nfev": "6204", "njev": "29", "nhev": "0", "message": "['Maximum number of iteration reached']"}, "2": {"maxiter": 1000, "duration": 2.181148052215576, "success": "True", "status": "0", "x": "[-0.99534426  4.19565338  3.68555405 -4.57490481 -2.09003278 -1.37129208]", "fun": "0.33877206879087896", "nit": "1000", "nfev": "12120", "njev": "17", "nhev": "0", "message": "['Maximum number of iteration reached']"}, "bounds": [[-6.283185307179586, 6.283185307179586], [-6.283185307179586, 6.283185307179586], [-6.283185307179586, 6.283185307179586], [-6.283185307179586, 6.283185307179586], [-6.283185307179586, 6.283185307179586], [-6.283185307179586, 6.283185307179586]]}, "dual_annealing_4": {"type": "gradient-free", "0": {"maxiter": 100, "duration": 0.2495279312133789, "success": "True", "status": "0", "x": "[-7.27850709 -8.37067206 -8.88091343  4.57496523  7.3346675  -4.51288039]", "fun": "0.33877206901550216", "nit": "100", "nfev": "1432", "njev": "33", "nhev": "0", "message": "['Maximum number of iteration reached']"}, "1": {"maxiter": 500, "duration": 1.068876028060913, "success": "True", "status": "0", "x": "[-7.2785393  -2.08752462 -2.59765711  7.99145445  4.19312985 -7.65448696]", "fun": "0.3387720688081308", "nit": "500", "nfev": "6092", "njev": "13", "nhev": "0", "message": "['Maximum number of iteration reached']"}, "2": {"maxiter": 1000, "duration": 2.242121934890747, "success": "True", "status": "0", "x": "[ 5.28783247  4.19570113 -2.59769911  4.57494317 -5.23168109 -4.51286912]", "fun": "0.3387720688404895", "nit": "1000", "nfev": "12225", "njev": "32", "nhev": "0", "message": "['Maximum number of iteration reached']"}, "bounds": [[-9.42477796076938, 9.42477796076938], [-9.42477796076938, 9.42477796076938], [-9.42477796076938, 9.42477796076938], [-9.42477796076938, 9.42477796076938], [-9.42477796076938, 9.42477796076938], [-9.42477796076938, 9.42477796076938]]}, "dual_annealing_5": {"type": "gradient-free", "0": {"maxiter": 100, "duration": 0.23449301719665527, "success": "True", "status": "0", "x": "[ 5.28784256 -8.37069798  3.68550851 10.85809413  7.33472179  1.77031746]", "fun": "0.3387720688708751", "nit": "100", "nfev": "1320", "njev": "17", "nhev": "0", "message": "['Maximum number of iteration reached']"}, "1": {"maxiter": 500, "duration": 1.0975868701934814, "success": "True", "status": "0", "x": "[-11.57102217   1.05410018   0.54393752 -10.85809715   4.19312236\n  -7.65446572]", "fun": "0.33877206883782773", "nit": "500", "nfev": "6260", "njev": "37", "nhev": "0", "message": "['Maximum number of iteration reached']"}, "2": {"maxiter": 1000, "duration": 2.1209232807159424, "success": "True", "status": "0", "x": "[  5.2878376   -8.37068927   3.68551624 -10.85810333  -2.09006507\n   4.91190409]", "fun": "0.3387720687718129", "nit": "1000", "nfev": "12134", "njev": "19", "nhev": "0", "message": "['Maximum number of iteration reached']"}, "bounds": [[-12.566370614359172, 12.566370614359172], [-12.566370614359172, 12.566370614359172], [-12.566370614359172, 12.566370614359172], [-12.566370614359172, 12.566370614359172], [-12.566370614359172, 12.566370614359172], [-12.566370614359172, 12.566370614359172]]}}, "duration (s)": 112.19}