{"date": "2024/07/22/, 21:59:59", "conf_id": 14, "data_type": "random\n", "num_data_points": 1, "s_rank": 0, "unitary": "[[-0.24866696+0.58742286j,-0.44704345-0.43151574j,-0.35669027-0.20570733j,-0.10517633+0.1626036j],[0.10596805-0.19687975j,-0.30269685-0.15056416j,0.18246286+0.30440582j,-0.83484447-0.11310748j],[0.26054512-0.52548482j,0.0285017-0.50723956j,-0.43110112+0.17165838j,0.15243271+0.39915801j],[0.42978035+0.11991271j,-0.17224126-0.46030424j,0.6827807-0.15164662j,0.26483638+0.0061855j]]", "databatch_0": {"databatch": "[[[0.21386637-0.07112725j,-0.33070997-0.1432963j,-0.25053066+0.23739811j,-0.32660486-0.07448362j],[0.05243053-0.07159728j,0.15288836-0.05086042j,0.23390695+0.21963801j,0.13363523-0.17310876j],[0.07459456+0.0719394j,-0.08942977+0.13363555j,-0.35116624+0.00999798j,0.09970649+0.27486589j],[-0.07545649-0.06586456j,0.14609006+0.07773987j,0.29255932+0.16308884j,0.05560193-0.07167878j]]]", "initial param values": "[5.8559675,0.99465059,2.95415948,6.17321774,1.36253465,4.4395671]", "bfgs": {"type": "gradient", "0": {"maxiter": 100, "gtol": 1e-05, "xrtol": 1e-05, "eps": 1e-05, "duration": 0.06409287452697754, "fun": "0.30120136836175126", "jac": "[-5.05228082e-06  6.42097486e-07 -1.30202515e-06  3.76192411e-06\n -5.14019938e-06 -6.15906215e-06]", "hess_inv": "[[  8.85819061  37.21804638  37.86284559   7.44798184 -10.24074107\n   -4.58236176]\n [ 37.21804638 257.77819355 257.86980313  49.54292779 -60.55020394\n  -25.01563052]\n [ 37.86284559 257.86980313 262.94515821  48.58714526 -60.35170684\n  -24.59198728]\n [  7.44798184  49.54292779  48.58714526  12.71904153 -11.93801596\n   -5.13402842]\n [-10.24074107 -60.55020394 -60.35170684 -11.93801596  19.76830644\n    9.11394416]\n [ -4.58236176 -25.01563052 -24.59198728  -5.13402842   9.11394416\n    7.44738683]]", "nfev": "357", "njev": "51", "status": "0", "success": "True", "message": "Optimization terminated successfully.", "x": "[ 9.06623427  4.38278767  2.87720627  8.58275196 -0.96988039  6.35640945]", "nit": "48"}, "1": {"maxiter": 100, "gtol": 1e-05, "xrtol": 1e-05, "eps": 1e-10, "duration": 0.06074190139770508, "fun": "0.30120137320787366", "jac": "[-9.99200639e-06 -3.33066880e-06 -3.33066880e-06  0.00000000e+00\n  1.11022293e-06  1.11022293e-06]", "hess_inv": "[[  5.03891964  16.25157153  16.15368654   4.06248587  -5.27800571\n   -2.93901933]\n [ 16.25157153 128.45964761 125.20669728  27.12610262 -35.13916664\n  -18.4394817 ]\n [ 16.15368654 125.20669728 126.62534152  25.4434153  -33.07368881\n  -16.98382307]\n [  4.06248587  27.12610262  25.4434153    8.74104999  -8.76955892\n   -5.14511761]\n [ -5.27800571 -35.13916664 -33.07368881  -8.76955892  15.53339257\n    9.16425254]\n [ -2.93901933 -18.4394817  -16.98382307  -5.14511761   9.16425254\n    8.99612372]]", "nfev": "350", "njev": "50", "status": "0", "success": "True", "message": "Optimization terminated successfully.", "x": "[ 9.06599661  4.3813211   2.87577043  8.58244843 -0.9694005   6.35668783]", "nit": "48"}, "2": {"maxiter": 100, "gtol": 1e-05, "xrtol": 1e-10, "eps": 1e-05, "duration": 0.06218290328979492, "fun": "0.30120136836175126", "jac": "[-5.05228082e-06  6.42097486e-07 -1.30202515e-06  3.76192411e-06\n -5.14019938e-06 -6.15906215e-06]", "hess_inv": "[[  8.85819061  37.21804638  37.86284559   7.44798184 -10.24074107\n   -4.58236176]\n [ 37.21804638 257.77819355 257.86980313  49.54292779 -60.55020394\n  -25.01563052]\n [ 37.86284559 257.86980313 262.94515821  48.58714526 -60.35170684\n  -24.59198728]\n [  7.44798184  49.54292779  48.58714526  12.71904153 -11.93801596\n   -5.13402842]\n [-10.24074107 -60.55020394 -60.35170684 -11.93801596  19.76830644\n    9.11394416]\n [ -4.58236176 -25.01563052 -24.59198728  -5.13402842   9.11394416\n    7.44738683]]", "nfev": "357", "njev": "51", "status": "0", "success": "True", "message": "Optimization terminated successfully.", "x": "[ 9.06623427  4.38278767  2.87720627  8.58275196 -0.96988039  6.35640945]", "nit": "48"}, "3": {"maxiter": 100, "gtol": 1e-05, "xrtol": 1e-10, "eps": 1e-10, "duration": 0.060057878494262695, "fun": "0.30120137320787366", "jac": "[-9.99200639e-06 -3.33066880e-06 -3.33066880e-06  0.00000000e+00\n  1.11022293e-06  1.11022293e-06]", "hess_inv": "[[  5.03891964  16.25157153  16.15368654   4.06248587  -5.27800571\n   -2.93901933]\n [ 16.25157153 128.45964761 125.20669728  27.12610262 -35.13916664\n  -18.4394817 ]\n [ 16.15368654 125.20669728 126.62534152  25.4434153  -33.07368881\n  -16.98382307]\n [  4.06248587  27.12610262  25.4434153    8.74104999  -8.76955892\n   -5.14511761]\n [ -5.27800571 -35.13916664 -33.07368881  -8.76955892  15.53339257\n    9.16425254]\n [ -2.93901933 -18.4394817  -16.98382307  -5.14511761   9.16425254\n    8.99612372]]", "nfev": "350", "njev": "50", "status": "0", "success": "True", "message": "Optimization terminated successfully.", "x": "[ 9.06599661  4.3813211   2.87577043  8.58244843 -0.9694005   6.35668783]", "nit": "48"}, "4": {"maxiter": 100, "gtol": 1e-10, "xrtol": 1e-05, "eps": 1e-05, "duration": 0.06352400779724121, "fun": "0.3012013683616188", "jac": "[-4.17679225e-06  4.91862107e-07 -1.14018794e-06  3.17902371e-06\n -4.42192949e-06 -5.34108313e-06]", "hess_inv": "[[  9.89905863  45.35297558  45.63567796   9.36144086 -13.06040792\n   -6.3283577 ]\n [ 45.35297558 320.53867925 317.48531013  64.5472618  -83.14557443\n  -39.3658634 ]\n [ 45.63567796 317.48531013 319.4203862   62.94493902 -82.18106132\n  -38.60598102]\n [  9.36144086  64.5472618   62.94493902  16.23359835 -17.08762502\n   -8.30100721]\n [-13.06040792 -83.14557443 -82.18106132 -17.08762502  27.02587198\n   13.36327115]\n [ -6.3283577  -39.3658634  -38.60598102  -8.30100721  13.36327115\n    9.76987381]]", "nfev": "371", "njev": "53", "status": "0", "success": "True", "message": "Optimization terminated successfully.", "x": "[ 9.06622286  4.38269865  2.87712129  8.58273097 -0.96984936  6.35642874]", "nit": "49"}, "5": {"maxiter": 100, "gtol": 1e-10, "xrtol": 1e-05, "eps": 1e-10, "duration": 0.06728291511535645, "fun": "0.3012013684215986", "jac": "[-5.55111466e-06 -2.22044587e-06 -3.33066880e-06 -3.33066880e-06\n -1.11022293e-06 -2.22044587e-06]", "hess_inv": "[[  3.99578672   8.38525866   8.55859483   1.78634124  -2.92805741\n   -1.57388395]\n [  8.38525866  80.33740556  78.02057691  14.10907512 -19.50661507\n   -9.05512263]\n [  8.55859483  78.02057691  80.27168162  12.71687093 -18.31992375\n   -8.39222937]\n [  1.78634124  14.10907512  12.71687093   5.31307837  -4.28093579\n   -2.2906427 ]\n [ -2.92805741 -19.50661507 -18.31992375  -4.28093579   8.46792658\n    3.97935467]\n [ -1.57388395  -9.05512263  -8.39222937  -2.2906427    3.97935467\n    4.85351396]]", "nfev": "392", "njev": "56", "status": "0", "success": "True", "message": "Optimization terminated successfully.", "x": "[ 9.06617728  4.382438    2.87688198  8.58265756 -0.96970356  6.35653526]", "nit": "54"}, "6": {"maxiter": 100, "gtol": 1e-10, "xrtol": 1e-10, "eps": 1e-05, "duration": 0.09250307083129883, "fun": "0.30120136835933853", "jac": "[-3.61769503e-06  4.31843450e-07 -1.00288666e-06  2.75676149e-06\n -3.84620114e-06 -4.64935868e-06]", "hess_inv": "[[  9.81860092  43.94350182  44.06344946   9.21448229 -13.24844729\n   -6.72903798]\n [ 43.94350182 303.47996506 299.44819449  61.96097629 -82.4614828\n  -41.13868116]\n [ 44.06344946 299.44819449 300.53470008  60.05860621 -80.90173863\n  -39.90258087]\n [  9.21448229  61.96097629  60.05860621  15.96515175 -17.43710761\n   -9.04084273]\n [-13.24844729 -82.4614828  -80.90173863 -17.43710761  28.65932265\n   15.16069879]\n [ -6.72903798 -41.13868116 -39.90258087  -9.04084273  15.16069879\n   11.37999686]]", "nfev": "544", "njev": "76", "status": "2", "success": "False", "message": "Desired error not necessarily achieved due to precision loss.", "x": "[ 9.06621558  4.38264402  2.87706968  8.58271761 -0.96982858  6.35644239]", "nit": "50"}, "7": {"maxiter": 100, "gtol": 1e-10, "xrtol": 1e-10, "eps": 1e-10, "duration": 0.10008597373962402, "fun": "0.301201368349023", "jac": "[ 0.00000000e+00 -3.33066880e-06 -2.22044587e-06 -2.22044587e-06\n -1.11022293e-06 -2.22044587e-06]", "hess_inv": "[[ 0.14535386  0.09446103 -0.075112   -0.11811124  0.08687589 -0.09814289]\n [ 0.09446103  0.06394665 -0.05017161 -0.07776257  0.04979528 -0.06119731]\n [-0.075112   -0.05017161  0.04109909  0.0619825  -0.03894584  0.04764394]\n [-0.11811124 -0.07776257  0.0619825   0.09745355 -0.06722312  0.07783109]\n [ 0.08687589  0.04979528 -0.03894584 -0.06722312  0.07882331 -0.0703903 ]\n [-0.09814289 -0.06119731  0.04764394  0.07783109 -0.0703903   0.07232918]]", "nfev": "588", "njev": "84", "status": "0", "success": "True", "message": "Optimization terminated successfully.", "x": "[ 9.06619217  4.38245033  2.87689897  8.58266359 -0.96971933  6.35652657]", "nit": "70"}, "8": {"maxiter": 500, "gtol": 1e-05, "xrtol": 1e-05, "eps": 1e-05, "duration": 0.0618131160736084, "fun": "0.30120136836175126", "jac": "[-5.05228082e-06  6.42097486e-07 -1.30202515e-06  3.76192411e-06\n -5.14019938e-06 -6.15906215e-06]", "hess_inv": "[[  8.85819061  37.21804638  37.86284559   7.44798184 -10.24074107\n   -4.58236176]\n [ 37.21804638 257.77819355 257.86980313  49.54292779 -60.55020394\n  -25.01563052]\n [ 37.86284559 257.86980313 262.94515821  48.58714526 -60.35170684\n  -24.59198728]\n [  7.44798184  49.54292779  48.58714526  12.71904153 -11.93801596\n   -5.13402842]\n [-10.24074107 -60.55020394 -60.35170684 -11.93801596  19.76830644\n    9.11394416]\n [ -4.58236176 -25.01563052 -24.59198728  -5.13402842   9.11394416\n    7.44738683]]", "nfev": "357", "njev": "51", "status": "0", "success": "True", "message": "Optimization terminated successfully.", "x": "[ 9.06623427  4.38278767  2.87720627  8.58275196 -0.96988039  6.35640945]", "nit": "48"}, "9": {"maxiter": 500, "gtol": 1e-05, "xrtol": 1e-05, "eps": 1e-10, "duration": 0.0604701042175293, "fun": "0.30120137320787366", "jac": "[-9.99200639e-06 -3.33066880e-06 -3.33066880e-06  0.00000000e+00\n  1.11022293e-06  1.11022293e-06]", "hess_inv": "[[  5.03891964  16.25157153  16.15368654   4.06248587  -5.27800571\n   -2.93901933]\n [ 16.25157153 128.45964761 125.20669728  27.12610262 -35.13916664\n  -18.4394817 ]\n [ 16.15368654 125.20669728 126.62534152  25.4434153  -33.07368881\n  -16.98382307]\n [  4.06248587  27.12610262  25.4434153    8.74104999  -8.76955892\n   -5.14511761]\n [ -5.27800571 -35.13916664 -33.07368881  -8.76955892  15.53339257\n    9.16425254]\n [ -2.93901933 -18.4394817  -16.98382307  -5.14511761   9.16425254\n    8.99612372]]", "nfev": "350", "njev": "50", "status": "0", "success": "True", "message": "Optimization terminated successfully.", "x": "[ 9.06599661  4.3813211   2.87577043  8.58244843 -0.9694005   6.35668783]", "nit": "48"}, "10": {"maxiter": 500, "gtol": 1e-05, "xrtol": 1e-10, "eps": 1e-05, "duration": 0.06163597106933594, "fun": "0.30120136836175126", "jac": "[-5.05228082e-06  6.42097486e-07 -1.30202515e-06  3.76192411e-06\n -5.14019938e-06 -6.15906215e-06]", "hess_inv": "[[  8.85819061  37.21804638  37.86284559   7.44798184 -10.24074107\n   -4.58236176]\n [ 37.21804638 257.77819355 257.86980313  49.54292779 -60.55020394\n  -25.01563052]\n [ 37.86284559 257.86980313 262.94515821  48.58714526 -60.35170684\n  -24.59198728]\n [  7.44798184  49.54292779  48.58714526  12.71904153 -11.93801596\n   -5.13402842]\n [-10.24074107 -60.55020394 -60.35170684 -11.93801596  19.76830644\n    9.11394416]\n [ -4.58236176 -25.01563052 -24.59198728  -5.13402842   9.11394416\n    7.44738683]]", "nfev": "357", "njev": "51", "status": "0", "success": "True", "message": "Optimization terminated successfully.", "x": "[ 9.06623427  4.38278767  2.87720627  8.58275196 -0.96988039  6.35640945]", "nit": "48"}, "11": {"maxiter": 500, "gtol": 1e-05, "xrtol": 1e-10, "eps": 1e-10, "duration": 0.062074899673461914, "fun": "0.30120137320787366", "jac": "[-9.99200639e-06 -3.33066880e-06 -3.33066880e-06  0.00000000e+00\n  1.11022293e-06  1.11022293e-06]", "hess_inv": "[[  5.03891964  16.25157153  16.15368654   4.06248587  -5.27800571\n   -2.93901933]\n [ 16.25157153 128.45964761 125.20669728  27.12610262 -35.13916664\n  -18.4394817 ]\n [ 16.15368654 125.20669728 126.62534152  25.4434153  -33.07368881\n  -16.98382307]\n [  4.06248587  27.12610262  25.4434153    8.74104999  -8.76955892\n   -5.14511761]\n [ -5.27800571 -35.13916664 -33.07368881  -8.76955892  15.53339257\n    9.16425254]\n [ -2.93901933 -18.4394817  -16.98382307  -5.14511761   9.16425254\n    8.99612372]]", "nfev": "350", "njev": "50", "status": "0", "success": "True", "message": "Optimization terminated successfully.", "x": "[ 9.06599661  4.3813211   2.87577043  8.58244843 -0.9694005   6.35668783]", "nit": "48"}, "12": {"maxiter": 500, "gtol": 1e-10, "xrtol": 1e-05, "eps": 1e-05, "duration": 0.06626510620117188, "fun": "0.3012013683616188", "jac": "[-4.17679225e-06  4.91862107e-07 -1.14018794e-06  3.17902371e-06\n -4.42192949e-06 -5.34108313e-06]", "hess_inv": "[[  9.89905863  45.35297558  45.63567796   9.36144086 -13.06040792\n   -6.3283577 ]\n [ 45.35297558 320.53867925 317.48531013  64.5472618  -83.14557443\n  -39.3658634 ]\n [ 45.63567796 317.48531013 319.4203862   62.94493902 -82.18106132\n  -38.60598102]\n [  9.36144086  64.5472618   62.94493902  16.23359835 -17.08762502\n   -8.30100721]\n [-13.06040792 -83.14557443 -82.18106132 -17.08762502  27.02587198\n   13.36327115]\n [ -6.3283577  -39.3658634  -38.60598102  -8.30100721  13.36327115\n    9.76987381]]", "nfev": "371", "njev": "53", "status": "0", "success": "True", "message": "Optimization terminated successfully.", "x": "[ 9.06622286  4.38269865  2.87712129  8.58273097 -0.96984936  6.35642874]", "nit": "49"}, "13": {"maxiter": 500, "gtol": 1e-10, "xrtol": 1e-05, "eps": 1e-10, "duration": 0.06907415390014648, "fun": "0.3012013684215986", "jac": "[-5.55111466e-06 -2.22044587e-06 -3.33066880e-06 -3.33066880e-06\n -1.11022293e-06 -2.22044587e-06]", "hess_inv": "[[  3.99578672   8.38525866   8.55859483   1.78634124  -2.92805741\n   -1.57388395]\n [  8.38525866  80.33740556  78.02057691  14.10907512 -19.50661507\n   -9.05512263]\n [  8.55859483  78.02057691  80.27168162  12.71687093 -18.31992375\n   -8.39222937]\n [  1.78634124  14.10907512  12.71687093   5.31307837  -4.28093579\n   -2.2906427 ]\n [ -2.92805741 -19.50661507 -18.31992375  -4.28093579   8.46792658\n    3.97935467]\n [ -1.57388395  -9.05512263  -8.39222937  -2.2906427    3.97935467\n    4.85351396]]", "nfev": "392", "njev": "56", "status": "0", "success": "True", "message": "Optimization terminated successfully.", "x": "[ 9.06617728  4.382438    2.87688198  8.58265756 -0.96970356  6.35653526]", "nit": "54"}, "14": {"maxiter": 500, "gtol": 1e-10, "xrtol": 1e-10, "eps": 1e-05, "duration": 0.09218978881835938, "fun": "0.30120136835933853", "jac": "[-3.61769503e-06  4.31843450e-07 -1.00288666e-06  2.75676149e-06\n -3.84620114e-06 -4.64935868e-06]", "hess_inv": "[[  9.81860092  43.94350182  44.06344946   9.21448229 -13.24844729\n   -6.72903798]\n [ 43.94350182 303.47996506 299.44819449  61.96097629 -82.4614828\n  -41.13868116]\n [ 44.06344946 299.44819449 300.53470008  60.05860621 -80.90173863\n  -39.90258087]\n [  9.21448229  61.96097629  60.05860621  15.96515175 -17.43710761\n   -9.04084273]\n [-13.24844729 -82.4614828  -80.90173863 -17.43710761  28.65932265\n   15.16069879]\n [ -6.72903798 -41.13868116 -39.90258087  -9.04084273  15.16069879\n   11.37999686]]", "nfev": "544", "njev": "76", "status": "2", "success": "False", "message": "Desired error not necessarily achieved due to precision loss.", "x": "[ 9.06621558  4.38264402  2.87706968  8.58271761 -0.96982858  6.35644239]", "nit": "50"}, "15": {"maxiter": 500, "gtol": 1e-10, "xrtol": 1e-10, "eps": 1e-10, "duration": 0.09929108619689941, "fun": "0.301201368349023", "jac": "[ 0.00000000e+00 -3.33066880e-06 -2.22044587e-06 -2.22044587e-06\n -1.11022293e-06 -2.22044587e-06]", "hess_inv": "[[ 0.14535386  0.09446103 -0.075112   -0.11811124  0.08687589 -0.09814289]\n [ 0.09446103  0.06394665 -0.05017161 -0.07776257  0.04979528 -0.06119731]\n [-0.075112   -0.05017161  0.04109909  0.0619825  -0.03894584  0.04764394]\n [-0.11811124 -0.07776257  0.0619825   0.09745355 -0.06722312  0.07783109]\n [ 0.08687589  0.04979528 -0.03894584 -0.06722312  0.07882331 -0.0703903 ]\n [-0.09814289 -0.06119731  0.04764394  0.07783109 -0.0703903   0.07232918]]", "nfev": "588", "njev": "84", "status": "0", "success": "True", "message": "Optimization terminated successfully.", "x": "[ 9.06619217  4.38245033  2.87689897  8.58266359 -0.96971933  6.35652657]", "nit": "70"}, "16": {"maxiter": 1000, "gtol": 1e-05, "xrtol": 1e-05, "eps": 1e-05, "duration": 0.06154227256774902, "fun": "0.30120136836175126", "jac": "[-5.05228082e-06  6.42097486e-07 -1.30202515e-06  3.76192411e-06\n -5.14019938e-06 -6.15906215e-06]", "hess_inv": "[[  8.85819061  37.21804638  37.86284559   7.44798184 -10.24074107\n   -4.58236176]\n [ 37.21804638 257.77819355 257.86980313  49.54292779 -60.55020394\n  -25.01563052]\n [ 37.86284559 257.86980313 262.94515821  48.58714526 -60.35170684\n  -24.59198728]\n [  7.44798184  49.54292779  48.58714526  12.71904153 -11.93801596\n   -5.13402842]\n [-10.24074107 -60.55020394 -60.35170684 -11.93801596  19.76830644\n    9.11394416]\n [ -4.58236176 -25.01563052 -24.59198728  -5.13402842   9.11394416\n    7.44738683]]", "nfev": "357", "njev": "51", "status": "0", "success": "True", "message": "Optimization terminated successfully.", "x": "[ 9.06623427  4.38278767  2.87720627  8.58275196 -0.96988039  6.35640945]", "nit": "48"}, "17": {"maxiter": 1000, "gtol": 1e-05, "xrtol": 1e-05, "eps": 1e-10, "duration": 0.05942988395690918, "fun": "0.30120137320787366", "jac": "[-9.99200639e-06 -3.33066880e-06 -3.33066880e-06  0.00000000e+00\n  1.11022293e-06  1.11022293e-06]", "hess_inv": "[[  5.03891964  16.25157153  16.15368654   4.06248587  -5.27800571\n   -2.93901933]\n [ 16.25157153 128.45964761 125.20669728  27.12610262 -35.13916664\n  -18.4394817 ]\n [ 16.15368654 125.20669728 126.62534152  25.4434153  -33.07368881\n  -16.98382307]\n [  4.06248587  27.12610262  25.4434153    8.74104999  -8.76955892\n   -5.14511761]\n [ -5.27800571 -35.13916664 -33.07368881  -8.76955892  15.53339257\n    9.16425254]\n [ -2.93901933 -18.4394817  -16.98382307  -5.14511761   9.16425254\n    8.99612372]]", "nfev": "350", "njev": "50", "status": "0", "success": "True", "message": "Optimization terminated successfully.", "x": "[ 9.06599661  4.3813211   2.87577043  8.58244843 -0.9694005   6.35668783]", "nit": "48"}, "18": {"maxiter": 1000, "gtol": 1e-05, "xrtol": 1e-10, "eps": 1e-05, "duration": 0.06034684181213379, "fun": "0.30120136836175126", "jac": "[-5.05228082e-06  6.42097486e-07 -1.30202515e-06  3.76192411e-06\n -5.14019938e-06 -6.15906215e-06]", "hess_inv": "[[  8.85819061  37.21804638  37.86284559   7.44798184 -10.24074107\n   -4.58236176]\n [ 37.21804638 257.77819355 257.86980313  49.54292779 -60.55020394\n  -25.01563052]\n [ 37.86284559 257.86980313 262.94515821  48.58714526 -60.35170684\n  -24.59198728]\n [  7.44798184  49.54292779  48.58714526  12.71904153 -11.93801596\n   -5.13402842]\n [-10.24074107 -60.55020394 -60.35170684 -11.93801596  19.76830644\n    9.11394416]\n [ -4.58236176 -25.01563052 -24.59198728  -5.13402842   9.11394416\n    7.44738683]]", "nfev": "357", "njev": "51", "status": "0", "success": "True", "message": "Optimization terminated successfully.", "x": "[ 9.06623427  4.38278767  2.87720627  8.58275196 -0.96988039  6.35640945]", "nit": "48"}, "19": {"maxiter": 1000, "gtol": 1e-05, "xrtol": 1e-10, "eps": 1e-10, "duration": 0.05915021896362305, "fun": "0.30120137320787366", "jac": "[-9.99200639e-06 -3.33066880e-06 -3.33066880e-06  0.00000000e+00\n  1.11022293e-06  1.11022293e-06]", "hess_inv": "[[  5.03891964  16.25157153  16.15368654   4.06248587  -5.27800571\n   -2.93901933]\n [ 16.25157153 128.45964761 125.20669728  27.12610262 -35.13916664\n  -18.4394817 ]\n [ 16.15368654 125.20669728 126.62534152  25.4434153  -33.07368881\n  -16.98382307]\n [  4.06248587  27.12610262  25.4434153    8.74104999  -8.76955892\n   -5.14511761]\n [ -5.27800571 -35.13916664 -33.07368881  -8.76955892  15.53339257\n    9.16425254]\n [ -2.93901933 -18.4394817  -16.98382307  -5.14511761   9.16425254\n    8.99612372]]", "nfev": "350", "njev": "50", "status": "0", "success": "True", "message": "Optimization terminated successfully.", "x": "[ 9.06599661  4.3813211   2.87577043  8.58244843 -0.9694005   6.35668783]", "nit": "48"}, "20": {"maxiter": 1000, "gtol": 1e-10, "xrtol": 1e-05, "eps": 1e-05, "duration": 0.06306695938110352, "fun": "0.3012013683616188", "jac": "[-4.17679225e-06  4.91862107e-07 -1.14018794e-06  3.17902371e-06\n -4.42192949e-06 -5.34108313e-06]", "hess_inv": "[[  9.89905863  45.35297558  45.63567796   9.36144086 -13.06040792\n   -6.3283577 ]\n [ 45.35297558 320.53867925 317.48531013  64.5472618  -83.14557443\n  -39.3658634 ]\n [ 45.63567796 317.48531013 319.4203862   62.94493902 -82.18106132\n  -38.60598102]\n [  9.36144086  64.5472618   62.94493902  16.23359835 -17.08762502\n   -8.30100721]\n [-13.06040792 -83.14557443 -82.18106132 -17.08762502  27.02587198\n   13.36327115]\n [ -6.3283577  -39.3658634  -38.60598102  -8.30100721  13.36327115\n    9.76987381]]", "nfev": "371", "njev": "53", "status": "0", "success": "True", "message": "Optimization terminated successfully.", "x": "[ 9.06622286  4.38269865  2.87712129  8.58273097 -0.96984936  6.35642874]", "nit": "49"}, "21": {"maxiter": 1000, "gtol": 1e-10, "xrtol": 1e-05, "eps": 1e-10, "duration": 0.0668630599975586, "fun": "0.3012013684215986", "jac": "[-5.55111466e-06 -2.22044587e-06 -3.33066880e-06 -3.33066880e-06\n -1.11022293e-06 -2.22044587e-06]", "hess_inv": "[[  3.99578672   8.38525866   8.55859483   1.78634124  -2.92805741\n   -1.57388395]\n [  8.38525866  80.33740556  78.02057691  14.10907512 -19.50661507\n   -9.05512263]\n [  8.55859483  78.02057691  80.27168162  12.71687093 -18.31992375\n   -8.39222937]\n [  1.78634124  14.10907512  12.71687093   5.31307837  -4.28093579\n   -2.2906427 ]\n [ -2.92805741 -19.50661507 -18.31992375  -4.28093579   8.46792658\n    3.97935467]\n [ -1.57388395  -9.05512263  -8.39222937  -2.2906427    3.97935467\n    4.85351396]]", "nfev": "392", "njev": "56", "status": "0", "success": "True", "message": "Optimization terminated successfully.", "x": "[ 9.06617728  4.382438    2.87688198  8.58265756 -0.96970356  6.35653526]", "nit": "54"}, "22": {"maxiter": 1000, "gtol": 1e-10, "xrtol": 1e-10, "eps": 1e-05, "duration": 0.09203505516052246, "fun": "0.30120136835933853", "jac": "[-3.61769503e-06  4.31843450e-07 -1.00288666e-06  2.75676149e-06\n -3.84620114e-06 -4.64935868e-06]", "hess_inv": "[[  9.81860092  43.94350182  44.06344946   9.21448229 -13.24844729\n   -6.72903798]\n [ 43.94350182 303.47996506 299.44819449  61.96097629 -82.4614828\n  -41.13868116]\n [ 44.06344946 299.44819449 300.53470008  60.05860621 -80.90173863\n  -39.90258087]\n [  9.21448229  61.96097629  60.05860621  15.96515175 -17.43710761\n   -9.04084273]\n [-13.24844729 -82.4614828  -80.90173863 -17.43710761  28.65932265\n   15.16069879]\n [ -6.72903798 -41.13868116 -39.90258087  -9.04084273  15.16069879\n   11.37999686]]", "nfev": "544", "njev": "76", "status": "2", "success": "False", "message": "Desired error not necessarily achieved due to precision loss.", "x": "[ 9.06621558  4.38264402  2.87706968  8.58271761 -0.96982858  6.35644239]", "nit": "50"}, "23": {"maxiter": 1000, "gtol": 1e-10, "xrtol": 1e-10, "eps": 1e-10, "duration": 0.10003376007080078, "fun": "0.301201368349023", "jac": "[ 0.00000000e+00 -3.33066880e-06 -2.22044587e-06 -2.22044587e-06\n -1.11022293e-06 -2.22044587e-06]", "hess_inv": "[[ 0.14535386  0.09446103 -0.075112   -0.11811124  0.08687589 -0.09814289]\n [ 0.09446103  0.06394665 -0.05017161 -0.07776257  0.04979528 -0.06119731]\n [-0.075112   -0.05017161  0.04109909  0.0619825  -0.03894584  0.04764394]\n [-0.11811124 -0.07776257  0.0619825   0.09745355 -0.06722312  0.07783109]\n [ 0.08687589  0.04979528 -0.03894584 -0.06722312  0.07882331 -0.0703903 ]\n [-0.09814289 -0.06119731  0.04764394  0.07783109 -0.0703903   0.07232918]]", "nfev": "588", "njev": "84", "status": "0", "success": "True", "message": "Optimization terminated successfully.", "x": "[ 9.06619217  4.38245033  2.87689897  8.58266359 -0.96971933  6.35652657]", "nit": "70"}}, "cobyla": {"0": {"maxiter": 100, "tol": 1e-05, "catol": 1e-05, "duration": 0.01632213592529297, "x": "[6.83158104 2.27977602 2.74505685 6.91488883 1.24279953 5.30806442]", "status": "2", "success": "False", "message": "Maximum number of function evaluations has been exceeded.", "nfev": "100", "fun": "0.3962270253779866", "maxcv": "0.0"}, "1": {"maxiter": 100, "tol": 1e-05, "catol": 1e-10, "duration": 0.016176939010620117, "x": "[6.83158104 2.27977602 2.74505685 6.91488883 1.24279953 5.30806442]", "status": "2", "success": "False", "message": "Maximum number of function evaluations has been exceeded.", "nfev": "100", "fun": "0.3962270253779866", "maxcv": "0.0"}, "2": {"maxiter": 100, "tol": 1e-10, "catol": 1e-05, "duration": 0.016204118728637695, "x": "[6.83158104 2.27977602 2.74505685 6.91488883 1.24279953 5.30806442]", "status": "2", "success": "False", "message": "Maximum number of function evaluations has been exceeded.", "nfev": "100", "fun": "0.3962270253779866", "maxcv": "0.0"}, "3": {"maxiter": 100, "tol": 1e-10, "catol": 1e-10, "duration": 0.016211986541748047, "x": "[6.83158104 2.27977602 2.74505685 6.91488883 1.24279953 5.30806442]", "status": "2", "success": "False", "message": "Maximum number of function evaluations has been exceeded.", "nfev": "100", "fun": "0.3962270253779866", "maxcv": "0.0"}, "4": {"maxiter": 500, "tol": 1e-05, "catol": 1e-05, "duration": 0.08083271980285645, "x": "[ 8.93036759  3.91486839  2.41595979  8.45021352 -0.81985904  6.41819396]", "status": "2", "success": "False", "message": "Maximum number of function evaluations has been exceeded.", "nfev": "500", "fun": "0.30179696630727004", "maxcv": "0.0"}, "5": {"maxiter": 500, "tol": 1e-05, "catol": 1e-10, "duration": 0.08123493194580078, "x": "[ 8.93036759  3.91486839  2.41595979  8.45021352 -0.81985904  6.41819396]", "status": "2", "success": "False", "message": "Maximum number of function evaluations has been exceeded.", "nfev": "500", "fun": "0.30179696630727004", "maxcv": "0.0"}, "6": {"maxiter": 500, "tol": 1e-10, "catol": 1e-05, "duration": 0.07970094680786133, "x": "[ 8.93036759  3.91486839  2.41595979  8.45021352 -0.81985904  6.41819396]", "status": "2", "success": "False", "message": "Maximum number of function evaluations has been exceeded.", "nfev": "500", "fun": "0.30179696630727004", "maxcv": "0.0"}, "7": {"maxiter": 500, "tol": 1e-10, "catol": 1e-10, "duration": 0.08017420768737793, "x": "[ 8.93036759  3.91486839  2.41595979  8.45021352 -0.81985904  6.41819396]", "status": "2", "success": "False", "message": "Maximum number of function evaluations has been exceeded.", "nfev": "500", "fun": "0.30179696630727004", "maxcv": "0.0"}, "8": {"maxiter": 1000, "tol": 1e-05, "catol": 1e-05, "duration": 0.16001486778259277, "x": "[ 9.02474352  4.16828958  2.66434249  8.53362898 -0.90819967  6.38408214]", "status": "2", "success": "False", "message": "Maximum number of function evaluations has been exceeded.", "nfev": "1000", "fun": "0.3012895144003417", "maxcv": "0.0"}, "9": {"maxiter": 1000, "tol": 1e-05, "catol": 1e-10, "duration": 0.15976309776306152, "x": "[ 9.02474352  4.16828958  2.66434249  8.53362898 -0.90819967  6.38408214]", "status": "2", "success": "False", "message": "Maximum number of function evaluations has been exceeded.", "nfev": "1000", "fun": "0.3012895144003417", "maxcv": "0.0"}, "10": {"maxiter": 1000, "tol": 1e-10, "catol": 1e-05, "duration": 0.15799307823181152, "x": "[ 9.02474352  4.16828958  2.66434249  8.53362898 -0.90819967  6.38408214]", "status": "2", "success": "False", "message": "Maximum number of function evaluations has been exceeded.", "nfev": "1000", "fun": "0.3012895144003417", "maxcv": "0.0"}, "11": {"maxiter": 1000, "tol": 1e-10, "catol": 1e-10, "duration": 0.16119909286499023, "x": "[ 9.02474352  4.16828958  2.66434249  8.53362898 -0.90819967  6.38408214]", "status": "2", "success": "False", "message": "Maximum number of function evaluations has been exceeded.", "nfev": "1000", "fun": "0.3012895144003417", "maxcv": "0.0"}}, "dual_annealing_0": {"type": "gradient-free", "0": {"maxiter": 100, "duration": 0.2381591796875, "success": "True", "status": "0", "x": "[2.73003467 0.         4.69613442 2.49093996 4.72336163 5.96275644]", "fun": "0.3179184768579657", "nit": "100", "nfev": "1341", "njev": "20", "nhev": "0", "message": "['Maximum number of iteration reached']"}, "1": {"maxiter": 500, "duration": 1.126965045928955, "success": "True", "status": "0", "x": "[2.78311689 4.38319569 2.87764229 2.2996341  5.313271   0.07325418]", "fun": "0.3012013674484253", "nit": "500", "nfev": "6386", "njev": "55", "nhev": "0", "message": "['Maximum number of iteration reached']"}, "2": {"maxiter": 1000, "duration": 2.145771026611328, "success": "True", "status": "0", "x": "[2.78312809 4.38328842 2.87772935 3.98352644 2.17164693 3.21482746]", "fun": "0.3012013674669367", "nit": "1000", "nfev": "12197", "njev": "28", "nhev": "0", "message": "['Maximum number of iteration reached']"}, "bounds": [[0.0, 6.283185307179586], [0.0, 6.283185307179586], [0.0, 6.283185307179586], [0.0, 6.283185307179586], [0.0, 6.283185307179586], [0.0, 6.283185307179586]]}, "dual_annealing_1": {"type": "gradient-free", "0": {"maxiter": 100, "duration": 0.2454509735107422, "success": "True", "status": "0", "x": "[9.06635843 4.38333681 2.87777716 3.98353524 8.45474543 3.21474408]", "fun": "0.30120136817325494", "nit": "100", "nfev": "1404", "njev": "29", "nhev": "0", "message": "['Maximum number of iteration reached']"}, "1": {"maxiter": 500, "duration": 1.1253700256347656, "success": "True", "status": "0", "x": "[3.47470091 1.50497298 0.         2.34627415 5.24599118 6.32288006]", "fun": "0.3012945260728602", "nit": "500", "nfev": "6519", "njev": "74", "nhev": "0", "message": "['Maximum number of iteration reached']"}, "2": {"maxiter": 1000, "duration": 2.1559407711029053, "success": "True", "status": "0", "x": "[3.47051491 7.81991187 0.02241365 3.92725489 2.06984428 9.42477796]", "fun": "0.3014050691618122", "nit": "1000", "nfev": "12274", "njev": "39", "nhev": "0", "message": "['Maximum number of iteration reached']"}, "bounds": [[0.0, 9.42477796076938], [0.0, 9.42477796076938], [0.0, 9.42477796076938], [0.0, 9.42477796076938], [0.0, 9.42477796076938], [0.0, 9.42477796076938]]}, "dual_annealing_2": {"type": "gradient-free", "0": {"maxiter": 100, "duration": 0.2430260181427002, "success": "True", "status": "0", "x": "[ 9.78329457  1.24141936  6.01906667  2.29956605 11.59656686  6.3565119 ]", "fun": "0.3012013678922376", "nit": "100", "nfev": "1376", "njev": "25", "nhev": "0", "message": "['Maximum number of iteration reached']"}, "1": {"maxiter": 500, "duration": 1.1287078857421875, "success": "True", "status": "0", "x": "[ 2.78311863 10.66651867  2.87777418 10.26671635  2.17164152  3.21482598]", "fun": "0.30120136750562687", "nit": "500", "nfev": "6435", "njev": "62", "nhev": "0", "message": "['Maximum number of iteration reached']"}, "2": {"maxiter": 1000, "duration": 2.1050431728363037, "success": "True", "status": "0", "x": "[ 3.50007001  7.52438531 12.30204191 10.26676101  2.17165411  9.49797547]", "fun": "0.3012013698555043", "nit": "1000", "nfev": "12197", "njev": "28", "nhev": "0", "message": "['Maximum number of iteration reached']"}, "bounds": [[0.0, 12.566370614359172], [0.0, 12.566370614359172], [0.0, 12.566370614359172], [0.0, 12.566370614359172], [0.0, 12.566370614359172], [0.0, 12.566370614359172]]}, "dual_annealing_3": {"type": "gradient-free", "0": {"maxiter": 100, "duration": 0.24907183647155762, "success": "True", "status": "0", "x": "[ 3.47469438 -4.77821123 -6.28318531  3.93689829 -4.17884112 -3.10194234]", "fun": "0.30129452624816777", "nit": "100", "nfev": "1453", "njev": "36", "nhev": "0", "message": "['Maximum number of iteration reached']"}, "1": {"maxiter": 500, "duration": 1.0741238594055176, "success": "True", "status": "0", "x": "[-3.50011144 -1.90011372 -3.40566539  3.98356315 -4.1114212  -3.06828399]", "fun": "0.3012013678165196", "nit": "500", "nfev": "6204", "njev": "29", "nhev": "0", "message": "['Maximum number of iteration reached']"}, "2": {"maxiter": 1000, "duration": 2.1406688690185547, "success": "True", "status": "0", "x": "[-3.50004254  4.38342178 -3.40531464  2.29967684 -0.96993944  0.0732401 ]", "fun": "0.30120136762052063", "nit": "1000", "nfev": "12267", "njev": "38", "nhev": "0", "message": "['Maximum number of iteration reached']"}, "bounds": [[-6.283185307179586, 6.283185307179586], [-6.283185307179586, 6.283185307179586], [-6.283185307179586, 6.283185307179586], [-6.283185307179586, 6.283185307179586], [-6.283185307179586, 6.283185307179586], [-6.283185307179586, 6.283185307179586]]}, "dual_annealing_4": {"type": "gradient-free", "0": {"maxiter": 100, "duration": 0.23397302627563477, "success": "True", "status": "0", "x": "[-2.78311392 -5.0414224  -0.26378541  2.29963109 -0.96999103 -6.20995051]", "fun": "0.30120136803364506", "nit": "100", "nfev": "1362", "njev": "23", "nhev": "0", "message": "['Maximum number of iteration reached']"}, "1": {"maxiter": 500, "duration": 1.1743459701538086, "success": "True", "status": "0", "x": "[ 3.50007212 -5.04158563  6.01922635  3.98355437 -4.11151044  3.214838  ]", "fun": "0.30120136744338954", "nit": "500", "nfev": "6316", "njev": "45", "nhev": "0", "message": "['Maximum number of iteration reached']"}, "2": {"maxiter": 1000, "duration": 2.2512378692626953, "success": "True", "status": "0", "x": "[-3.50006115  4.38309482  2.87754776 -2.29957371  2.17170867 -3.06833719]", "fun": "0.30120136777342055", "nit": "1000", "nfev": "12316", "njev": "45", "nhev": "0", "message": "['Maximum number of iteration reached']"}, "bounds": [[-9.42477796076938, 9.42477796076938], [-9.42477796076938, 9.42477796076938], [-9.42477796076938, 9.42477796076938], [-9.42477796076938, 9.42477796076938], [-9.42477796076938, 9.42477796076938], [-9.42477796076938, 9.42477796076938]]}, "dual_annealing_5": {"type": "gradient-free", "0": {"maxiter": 100, "duration": 0.24639201164245605, "success": "True", "status": "0", "x": "[ -2.78313543 -11.32471666  -6.54709998  -2.29965175 -10.39473294\n   9.49798521]", "fun": "0.3012013675666042", "nit": "100", "nfev": "1383", "njev": "26", "nhev": "0", "message": "['Maximum number of iteration reached']"}, "1": {"maxiter": 500, "duration": 1.107027292251587, "success": "True", "status": "0", "x": "[ 2.78313369 10.66658776 -3.40531287 -8.58286246  8.45481504  9.4980053 ]", "fun": "0.3012013676504399", "nit": "500", "nfev": "6239", "njev": "34", "nhev": "0", "message": "['Maximum number of iteration reached']"}, "2": {"maxiter": 1000, "duration": 2.1106560230255127, "success": "True", "status": "0", "x": "[-3.50009014 -8.18335272  2.87749037 -8.58275397  8.45492559  9.49807767]", "fun": "0.3012013676790277", "nit": "1000", "nfev": "12204", "njev": "29", "nhev": "0", "message": "['Maximum number of iteration reached']"}, "bounds": [[-12.566370614359172, 12.566370614359172], [-12.566370614359172, 12.566370614359172], [-12.566370614359172, 12.566370614359172], [-12.566370614359172, 12.566370614359172], [-12.566370614359172, 12.566370614359172], [-12.566370614359172, 12.566370614359172]]}}, "duration (s)": 115.88}