{"date": "2024/07/22/, 22:23:49", "conf_id": 26, "data_type": "random\n", "num_data_points": 2, "s_rank": 0, "unitary": "[[-0.56303964-0.00798273j,-0.21670212-0.15784972j,-0.06047197-0.73952673j,-0.01438004+0.24552571j],[-0.06976756+0.23474685j,-0.01275565-0.5435098j,-0.02703657-0.08917885j,-0.08210486-0.79311774j],[-0.38559961+0.10714929j,0.5933431-0.2687392j,-0.24060861+0.29149289j,-0.45147719+0.26241743j],[-0.50180421+0.45931857j,-0.11617175+0.44134496j,0.49642745+0.22684508j,-0.08544628-0.15407063j]]", "databatch_0": {"databatch": "[[[-3.42836934e-01+0.01748325j,1.28443682e-02+0.11282916j,1.59344395e-02-0.01118027j,-7.03093941e-02+0.26017028j],[-1.86659792e-01-0.25089567j,-1.07249056e-01+0.13228939j,2.03678135e-02+0.09252813j,-1.00682735e-01+0.04259244j],[-3.14247824e-01-0.04913233j,-1.87133104e-02+0.20029938j,5.72392953e-02+0.10147618j,4.09712439e-02+0.12208946j],[-4.97271344e-01-0.00097465j,-3.90597170e-02+0.16589919j,-2.84599633e-02+0.01275859j,-6.06149112e-02+0.4424492j]],[[-1.56412223e-01+0.0044521j,3.70781104e-02-0.014607j,8.32966833e-03+0.04868925j,1.88330671e-01-0.18139638j],[-5.93909717e-01+0.25160813j,4.08493651e-03-0.12875369j,-4.10562942e-03-0.18967369j,-2.50403656e-01-0.38141908j],[1.85541626e-02-0.13109238j,1.69949035e-02+0.00306212j,5.96761196e-02-0.01136695j,1.92277465e-04-0.03115743j],[-2.90703304e-01-0.14073202j,5.98878348e-02-0.03862877j,7.70660632e-02-0.03157337j,1.26495569e-01-0.26737666j]]]", "initial param values": "[5.65776784,3.75701854,1.97183784,3.42631682,4.57916191,1.0760442]", "bfgs": {"type": "gradient", "0": {"maxiter": 100, "gtol": 1e-05, "xrtol": 1e-05, "eps": 1e-05, "duration": 0.05086493492126465, "fun": "0.28866416810873075", "jac": "[ 1.30444544e-06  8.69970762e-08 -1.05595532e-06 -1.57540647e-07\n -3.71880304e-07  6.73505696e-07]", "hess_inv": "[[ 7.60305956 -3.80801166  2.00239982  1.29383894 -3.12883551 -3.57911123]\n [-3.80801166  9.03329818 -4.93851317  1.69963332  2.7412685   6.11356482]\n [ 2.00239982 -4.93851317  6.9723994  -0.38900733 -2.37361286 -4.77653857]\n [ 1.29383894  1.69963332 -0.38900733  6.40806686 -0.70435954  1.0935211 ]\n [-3.12883551  2.7412685  -2.37361286 -0.70435954  5.84014539  5.25557573]\n [-3.57911123  6.11356482 -4.77653857  1.0935211   5.25557573 12.40695433]]", "nfev": "294", "njev": "42", "status": "0", "success": "True", "message": "Optimization terminated successfully.", "x": "[4.83199376 5.64315254 2.04100713 4.29931043 5.96943158 4.64844007]", "nit": "31"}, "1": {"maxiter": 100, "gtol": 1e-05, "xrtol": 1e-05, "eps": 1e-10, "duration": 0.050039052963256836, "fun": "0.28866416819132357", "jac": "[8.88178346e-06 2.22044587e-06 1.11022293e-06 2.22044587e-06\n 2.22044587e-06 0.00000000e+00]", "hess_inv": "[[ 7.51911961 -3.45331261  1.8515907   1.30577681 -3.34920918 -3.49851323]\n [-3.45331261  8.36794064 -4.52981301  1.49080813  2.67132388  5.92300432]\n [ 1.8515907  -4.52981301  6.77549487 -0.28685588 -2.46563572 -4.87915203]\n [ 1.30577681  1.49080813 -0.28685588  6.68952609 -0.55759175  1.27240139]\n [-3.34920918  2.67132388 -2.46563572 -0.55759175  5.57388985  5.02084416]\n [-3.49851323  5.92300432 -4.87915203  1.27240139  5.02084416 12.41874354]]", "nfev": "294", "njev": "42", "status": "0", "success": "True", "message": "Optimization terminated successfully.", "x": "[4.83202302 5.64315071 2.04101809 4.29932903 5.96943831 4.64844821]", "nit": "31"}, "2": {"maxiter": 100, "gtol": 1e-05, "xrtol": 1e-10, "eps": 1e-05, "duration": 0.05027508735656738, "fun": "0.28866416810873075", "jac": "[ 1.30444544e-06  8.69970762e-08 -1.05595532e-06 -1.57540647e-07\n -3.71880304e-07  6.73505696e-07]", "hess_inv": "[[ 7.60305956 -3.80801166  2.00239982  1.29383894 -3.12883551 -3.57911123]\n [-3.80801166  9.03329818 -4.93851317  1.69963332  2.7412685   6.11356482]\n [ 2.00239982 -4.93851317  6.9723994  -0.38900733 -2.37361286 -4.77653857]\n [ 1.29383894  1.69963332 -0.38900733  6.40806686 -0.70435954  1.0935211 ]\n [-3.12883551  2.7412685  -2.37361286 -0.70435954  5.84014539  5.25557573]\n [-3.57911123  6.11356482 -4.77653857  1.0935211   5.25557573 12.40695433]]", "nfev": "294", "njev": "42", "status": "0", "success": "True", "message": "Optimization terminated successfully.", "x": "[4.83199376 5.64315254 2.04100713 4.29931043 5.96943158 4.64844007]", "nit": "31"}, "3": {"maxiter": 100, "gtol": 1e-05, "xrtol": 1e-10, "eps": 1e-10, "duration": 0.05107307434082031, "fun": "0.28866416819132357", "jac": "[8.88178346e-06 2.22044587e-06 1.11022293e-06 2.22044587e-06\n 2.22044587e-06 0.00000000e+00]", "hess_inv": "[[ 7.51911961 -3.45331261  1.8515907   1.30577681 -3.34920918 -3.49851323]\n [-3.45331261  8.36794064 -4.52981301  1.49080813  2.67132388  5.92300432]\n [ 1.8515907  -4.52981301  6.77549487 -0.28685588 -2.46563572 -4.87915203]\n [ 1.30577681  1.49080813 -0.28685588  6.68952609 -0.55759175  1.27240139]\n [-3.34920918  2.67132388 -2.46563572 -0.55759175  5.57388985  5.02084416]\n [-3.49851323  5.92300432 -4.87915203  1.27240139  5.02084416 12.41874354]]", "nfev": "294", "njev": "42", "status": "0", "success": "True", "message": "Optimization terminated successfully.", "x": "[4.83202302 5.64315071 2.04101809 4.29932903 5.96943831 4.64844821]", "nit": "31"}, "4": {"maxiter": 100, "gtol": 1e-10, "xrtol": 1e-05, "eps": 1e-05, "duration": 0.05245685577392578, "fun": "0.28866416810833906", "jac": "[ 3.71702669e-08 -6.58806343e-08  7.57394147e-08 -7.34412531e-08\n -6.25055563e-08  1.17073018e-07]", "hess_inv": "[[ 7.86707936 -3.65233773  1.68956125  1.39249278 -3.12383446 -3.2844626 ]\n [-3.65233773  8.85825557 -4.85171021  1.77024287  2.72016403  5.9326107 ]\n [ 1.68956125 -4.85171021  7.06731892 -0.51854965 -2.35508611 -4.76509406]\n [ 1.39249278  1.77024287 -0.51854965  6.44434993 -0.70136943  1.22015604]\n [-3.12383446  2.72016403 -2.35508611 -0.70136943  5.83807188  5.22918414]\n [-3.2844626   5.9326107  -4.76509406  1.22015604  5.22918414 12.26431574]]", "nfev": "301", "njev": "43", "status": "0", "success": "True", "message": "Optimization terminated successfully.", "x": "[4.83198687 5.6431487  2.04101506 4.29930784 5.96943147 4.64843269]", "nit": "32"}, "5": {"maxiter": 100, "gtol": 1e-10, "xrtol": 1e-05, "eps": 1e-10, "duration": 0.05073094367980957, "fun": "0.28866416819132357", "jac": "[8.88178346e-06 2.22044587e-06 1.11022293e-06 2.22044587e-06\n 2.22044587e-06 0.00000000e+00]", "hess_inv": "[[ 7.51911961 -3.45331261  1.8515907   1.30577681 -3.34920918 -3.49851323]\n [-3.45331261  8.36794064 -4.52981301  1.49080813  2.67132388  5.92300432]\n [ 1.8515907  -4.52981301  6.77549487 -0.28685588 -2.46563572 -4.87915203]\n [ 1.30577681  1.49080813 -0.28685588  6.68952609 -0.55759175  1.27240139]\n [-3.34920918  2.67132388 -2.46563572 -0.55759175  5.57388985  5.02084416]\n [-3.49851323  5.92300432 -4.87915203  1.27240139  5.02084416 12.41874354]]", "nfev": "294", "njev": "42", "status": "0", "success": "True", "message": "Optimization terminated successfully.", "x": "[4.83202302 5.64315071 2.04101809 4.29932903 5.96943831 4.64844821]", "nit": "31"}, "6": {"maxiter": 100, "gtol": 1e-10, "xrtol": 1e-10, "eps": 1e-05, "duration": 0.10272622108459473, "fun": "0.28866416810794404", "jac": "[-2.50910404e-09  1.97619698e-08 -1.64313008e-09 -1.17683641e-09\n -5.32907052e-10 -9.21485110e-09]", "hess_inv": "[[ 7.88166344 -3.39370775  1.50644637  1.3964949  -3.11683833 -3.10827849]\n [-3.39370775  7.89756975 -4.12160415  1.4532114   2.57132096  5.75750883]\n [ 1.50644637 -4.12160415  6.50092228 -0.27106608 -2.24152824 -4.62329152]\n [ 1.3964949   1.4532114  -0.27106608  6.39041906 -0.72670544  1.05466467]\n [-3.11683833  2.57132096 -2.24152824 -0.72670544  5.82560985  5.15633482]\n [-3.10827849  5.75750883 -4.62329152  1.05466467  5.15633482 12.41984669]]", "nfev": "593", "njev": "83", "status": "2", "success": "False", "message": "Desired error not necessarily achieved due to precision loss.", "x": "[4.83198645 5.64314937 2.04101457 4.29930822 5.96943165 4.64843249]", "nit": "33"}, "7": {"maxiter": 100, "gtol": 1e-10, "xrtol": 1e-10, "eps": 1e-10, "duration": 0.06096196174621582, "fun": "0.288664168090764", "jac": "[2.22044587e-06 0.00000000e+00 0.00000000e+00 4.44089173e-06\n 0.00000000e+00 2.22044587e-06]", "hess_inv": "[[ 6.87778217 -4.08500491  1.67871713  1.0017252  -3.89838326 -4.73853523]\n [-4.08500491  8.56277618 -4.73902924  0.1117103   3.83037799  6.97594808]\n [ 1.67871713 -4.73902924  6.48516983 -0.04201154 -2.59064684 -5.40540452]\n [ 1.0017252   0.1117103  -0.04201154  3.18439117 -0.14429144  0.70635426]\n [-3.89838326  3.83037799 -2.59064684 -0.14429144  6.53781093  6.73774186]\n [-4.73853523  6.97594808 -5.40540452  0.70635426  6.73774186 14.40242853]]", "nfev": "357", "njev": "51", "status": "0", "success": "True", "message": "Optimization terminated successfully.", "x": "[4.83198999 5.64315639 2.04101457 4.29932502 5.96943887 4.64844719]", "nit": "34"}, "8": {"maxiter": 500, "gtol": 1e-05, "xrtol": 1e-05, "eps": 1e-05, "duration": 0.05050992965698242, "fun": "0.28866416810873075", "jac": "[ 1.30444544e-06  8.69970762e-08 -1.05595532e-06 -1.57540647e-07\n -3.71880304e-07  6.73505696e-07]", "hess_inv": "[[ 7.60305956 -3.80801166  2.00239982  1.29383894 -3.12883551 -3.57911123]\n [-3.80801166  9.03329818 -4.93851317  1.69963332  2.7412685   6.11356482]\n [ 2.00239982 -4.93851317  6.9723994  -0.38900733 -2.37361286 -4.77653857]\n [ 1.29383894  1.69963332 -0.38900733  6.40806686 -0.70435954  1.0935211 ]\n [-3.12883551  2.7412685  -2.37361286 -0.70435954  5.84014539  5.25557573]\n [-3.57911123  6.11356482 -4.77653857  1.0935211   5.25557573 12.40695433]]", "nfev": "294", "njev": "42", "status": "0", "success": "True", "message": "Optimization terminated successfully.", "x": "[4.83199376 5.64315254 2.04100713 4.29931043 5.96943158 4.64844007]", "nit": "31"}, "9": {"maxiter": 500, "gtol": 1e-05, "xrtol": 1e-05, "eps": 1e-10, "duration": 0.05021095275878906, "fun": "0.28866416819132357", "jac": "[8.88178346e-06 2.22044587e-06 1.11022293e-06 2.22044587e-06\n 2.22044587e-06 0.00000000e+00]", "hess_inv": "[[ 7.51911961 -3.45331261  1.8515907   1.30577681 -3.34920918 -3.49851323]\n [-3.45331261  8.36794064 -4.52981301  1.49080813  2.67132388  5.92300432]\n [ 1.8515907  -4.52981301  6.77549487 -0.28685588 -2.46563572 -4.87915203]\n [ 1.30577681  1.49080813 -0.28685588  6.68952609 -0.55759175  1.27240139]\n [-3.34920918  2.67132388 -2.46563572 -0.55759175  5.57388985  5.02084416]\n [-3.49851323  5.92300432 -4.87915203  1.27240139  5.02084416 12.41874354]]", "nfev": "294", "njev": "42", "status": "0", "success": "True", "message": "Optimization terminated successfully.", "x": "[4.83202302 5.64315071 2.04101809 4.29932903 5.96943831 4.64844821]", "nit": "31"}, "10": {"maxiter": 500, "gtol": 1e-05, "xrtol": 1e-10, "eps": 1e-05, "duration": 0.04994010925292969, "fun": "0.28866416810873075", "jac": "[ 1.30444544e-06  8.69970762e-08 -1.05595532e-06 -1.57540647e-07\n -3.71880304e-07  6.73505696e-07]", "hess_inv": "[[ 7.60305956 -3.80801166  2.00239982  1.29383894 -3.12883551 -3.57911123]\n [-3.80801166  9.03329818 -4.93851317  1.69963332  2.7412685   6.11356482]\n [ 2.00239982 -4.93851317  6.9723994  -0.38900733 -2.37361286 -4.77653857]\n [ 1.29383894  1.69963332 -0.38900733  6.40806686 -0.70435954  1.0935211 ]\n [-3.12883551  2.7412685  -2.37361286 -0.70435954  5.84014539  5.25557573]\n [-3.57911123  6.11356482 -4.77653857  1.0935211   5.25557573 12.40695433]]", "nfev": "294", "njev": "42", "status": "0", "success": "True", "message": "Optimization terminated successfully.", "x": "[4.83199376 5.64315254 2.04100713 4.29931043 5.96943158 4.64844007]", "nit": "31"}, "11": {"maxiter": 500, "gtol": 1e-05, "xrtol": 1e-10, "eps": 1e-10, "duration": 0.049825191497802734, "fun": "0.28866416819132357", "jac": "[8.88178346e-06 2.22044587e-06 1.11022293e-06 2.22044587e-06\n 2.22044587e-06 0.00000000e+00]", "hess_inv": "[[ 7.51911961 -3.45331261  1.8515907   1.30577681 -3.34920918 -3.49851323]\n [-3.45331261  8.36794064 -4.52981301  1.49080813  2.67132388  5.92300432]\n [ 1.8515907  -4.52981301  6.77549487 -0.28685588 -2.46563572 -4.87915203]\n [ 1.30577681  1.49080813 -0.28685588  6.68952609 -0.55759175  1.27240139]\n [-3.34920918  2.67132388 -2.46563572 -0.55759175  5.57388985  5.02084416]\n [-3.49851323  5.92300432 -4.87915203  1.27240139  5.02084416 12.41874354]]", "nfev": "294", "njev": "42", "status": "0", "success": "True", "message": "Optimization terminated successfully.", "x": "[4.83202302 5.64315071 2.04101809 4.29932903 5.96943831 4.64844821]", "nit": "31"}, "12": {"maxiter": 500, "gtol": 1e-10, "xrtol": 1e-05, "eps": 1e-05, "duration": 0.05244708061218262, "fun": "0.28866416810833906", "jac": "[ 3.71702669e-08 -6.58806343e-08  7.57394147e-08 -7.34412531e-08\n -6.25055563e-08  1.17073018e-07]", "hess_inv": "[[ 7.86707936 -3.65233773  1.68956125  1.39249278 -3.12383446 -3.2844626 ]\n [-3.65233773  8.85825557 -4.85171021  1.77024287  2.72016403  5.9326107 ]\n [ 1.68956125 -4.85171021  7.06731892 -0.51854965 -2.35508611 -4.76509406]\n [ 1.39249278  1.77024287 -0.51854965  6.44434993 -0.70136943  1.22015604]\n [-3.12383446  2.72016403 -2.35508611 -0.70136943  5.83807188  5.22918414]\n [-3.2844626   5.9326107  -4.76509406  1.22015604  5.22918414 12.26431574]]", "nfev": "301", "njev": "43", "status": "0", "success": "True", "message": "Optimization terminated successfully.", "x": "[4.83198687 5.6431487  2.04101506 4.29930784 5.96943147 4.64843269]", "nit": "32"}, "13": {"maxiter": 500, "gtol": 1e-10, "xrtol": 1e-05, "eps": 1e-10, "duration": 0.05088400840759277, "fun": "0.28866416819132357", "jac": "[8.88178346e-06 2.22044587e-06 1.11022293e-06 2.22044587e-06\n 2.22044587e-06 0.00000000e+00]", "hess_inv": "[[ 7.51911961 -3.45331261  1.8515907   1.30577681 -3.34920918 -3.49851323]\n [-3.45331261  8.36794064 -4.52981301  1.49080813  2.67132388  5.92300432]\n [ 1.8515907  -4.52981301  6.77549487 -0.28685588 -2.46563572 -4.87915203]\n [ 1.30577681  1.49080813 -0.28685588  6.68952609 -0.55759175  1.27240139]\n [-3.34920918  2.67132388 -2.46563572 -0.55759175  5.57388985  5.02084416]\n [-3.49851323  5.92300432 -4.87915203  1.27240139  5.02084416 12.41874354]]", "nfev": "294", "njev": "42", "status": "0", "success": "True", "message": "Optimization terminated successfully.", "x": "[4.83202302 5.64315071 2.04101809 4.29932903 5.96943831 4.64844821]", "nit": "31"}, "14": {"maxiter": 500, "gtol": 1e-10, "xrtol": 1e-10, "eps": 1e-05, "duration": 0.1012563705444336, "fun": "0.28866416810794404", "jac": "[-2.50910404e-09  1.97619698e-08 -1.64313008e-09 -1.17683641e-09\n -5.32907052e-10 -9.21485110e-09]", "hess_inv": "[[ 7.88166344 -3.39370775  1.50644637  1.3964949  -3.11683833 -3.10827849]\n [-3.39370775  7.89756975 -4.12160415  1.4532114   2.57132096  5.75750883]\n [ 1.50644637 -4.12160415  6.50092228 -0.27106608 -2.24152824 -4.62329152]\n [ 1.3964949   1.4532114  -0.27106608  6.39041906 -0.72670544  1.05466467]\n [-3.11683833  2.57132096 -2.24152824 -0.72670544  5.82560985  5.15633482]\n [-3.10827849  5.75750883 -4.62329152  1.05466467  5.15633482 12.41984669]]", "nfev": "593", "njev": "83", "status": "2", "success": "False", "message": "Desired error not necessarily achieved due to precision loss.", "x": "[4.83198645 5.64314937 2.04101457 4.29930822 5.96943165 4.64843249]", "nit": "33"}, "15": {"maxiter": 500, "gtol": 1e-10, "xrtol": 1e-10, "eps": 1e-10, "duration": 0.06106877326965332, "fun": "0.288664168090764", "jac": "[2.22044587e-06 0.00000000e+00 0.00000000e+00 4.44089173e-06\n 0.00000000e+00 2.22044587e-06]", "hess_inv": "[[ 6.87778217 -4.08500491  1.67871713  1.0017252  -3.89838326 -4.73853523]\n [-4.08500491  8.56277618 -4.73902924  0.1117103   3.83037799  6.97594808]\n [ 1.67871713 -4.73902924  6.48516983 -0.04201154 -2.59064684 -5.40540452]\n [ 1.0017252   0.1117103  -0.04201154  3.18439117 -0.14429144  0.70635426]\n [-3.89838326  3.83037799 -2.59064684 -0.14429144  6.53781093  6.73774186]\n [-4.73853523  6.97594808 -5.40540452  0.70635426  6.73774186 14.40242853]]", "nfev": "357", "njev": "51", "status": "0", "success": "True", "message": "Optimization terminated successfully.", "x": "[4.83198999 5.64315639 2.04101457 4.29932502 5.96943887 4.64844719]", "nit": "34"}, "16": {"maxiter": 1000, "gtol": 1e-05, "xrtol": 1e-05, "eps": 1e-05, "duration": 0.05033516883850098, "fun": "0.28866416810873075", "jac": "[ 1.30444544e-06  8.69970762e-08 -1.05595532e-06 -1.57540647e-07\n -3.71880304e-07  6.73505696e-07]", "hess_inv": "[[ 7.60305956 -3.80801166  2.00239982  1.29383894 -3.12883551 -3.57911123]\n [-3.80801166  9.03329818 -4.93851317  1.69963332  2.7412685   6.11356482]\n [ 2.00239982 -4.93851317  6.9723994  -0.38900733 -2.37361286 -4.77653857]\n [ 1.29383894  1.69963332 -0.38900733  6.40806686 -0.70435954  1.0935211 ]\n [-3.12883551  2.7412685  -2.37361286 -0.70435954  5.84014539  5.25557573]\n [-3.57911123  6.11356482 -4.77653857  1.0935211   5.25557573 12.40695433]]", "nfev": "294", "njev": "42", "status": "0", "success": "True", "message": "Optimization terminated successfully.", "x": "[4.83199376 5.64315254 2.04100713 4.29931043 5.96943158 4.64844007]", "nit": "31"}, "17": {"maxiter": 1000, "gtol": 1e-05, "xrtol": 1e-05, "eps": 1e-10, "duration": 0.05069899559020996, "fun": "0.28866416819132357", "jac": "[8.88178346e-06 2.22044587e-06 1.11022293e-06 2.22044587e-06\n 2.22044587e-06 0.00000000e+00]", "hess_inv": "[[ 7.51911961 -3.45331261  1.8515907   1.30577681 -3.34920918 -3.49851323]\n [-3.45331261  8.36794064 -4.52981301  1.49080813  2.67132388  5.92300432]\n [ 1.8515907  -4.52981301  6.77549487 -0.28685588 -2.46563572 -4.87915203]\n [ 1.30577681  1.49080813 -0.28685588  6.68952609 -0.55759175  1.27240139]\n [-3.34920918  2.67132388 -2.46563572 -0.55759175  5.57388985  5.02084416]\n [-3.49851323  5.92300432 -4.87915203  1.27240139  5.02084416 12.41874354]]", "nfev": "294", "njev": "42", "status": "0", "success": "True", "message": "Optimization terminated successfully.", "x": "[4.83202302 5.64315071 2.04101809 4.29932903 5.96943831 4.64844821]", "nit": "31"}, "18": {"maxiter": 1000, "gtol": 1e-05, "xrtol": 1e-10, "eps": 1e-05, "duration": 0.05488109588623047, "fun": "0.28866416810873075", "jac": "[ 1.30444544e-06  8.69970762e-08 -1.05595532e-06 -1.57540647e-07\n -3.71880304e-07  6.73505696e-07]", "hess_inv": "[[ 7.60305956 -3.80801166  2.00239982  1.29383894 -3.12883551 -3.57911123]\n [-3.80801166  9.03329818 -4.93851317  1.69963332  2.7412685   6.11356482]\n [ 2.00239982 -4.93851317  6.9723994  -0.38900733 -2.37361286 -4.77653857]\n [ 1.29383894  1.69963332 -0.38900733  6.40806686 -0.70435954  1.0935211 ]\n [-3.12883551  2.7412685  -2.37361286 -0.70435954  5.84014539  5.25557573]\n [-3.57911123  6.11356482 -4.77653857  1.0935211   5.25557573 12.40695433]]", "nfev": "294", "njev": "42", "status": "0", "success": "True", "message": "Optimization terminated successfully.", "x": "[4.83199376 5.64315254 2.04100713 4.29931043 5.96943158 4.64844007]", "nit": "31"}, "19": {"maxiter": 1000, "gtol": 1e-05, "xrtol": 1e-10, "eps": 1e-10, "duration": 0.051361083984375, "fun": "0.28866416819132357", "jac": "[8.88178346e-06 2.22044587e-06 1.11022293e-06 2.22044587e-06\n 2.22044587e-06 0.00000000e+00]", "hess_inv": "[[ 7.51911961 -3.45331261  1.8515907   1.30577681 -3.34920918 -3.49851323]\n [-3.45331261  8.36794064 -4.52981301  1.49080813  2.67132388  5.92300432]\n [ 1.8515907  -4.52981301  6.77549487 -0.28685588 -2.46563572 -4.87915203]\n [ 1.30577681  1.49080813 -0.28685588  6.68952609 -0.55759175  1.27240139]\n [-3.34920918  2.67132388 -2.46563572 -0.55759175  5.57388985  5.02084416]\n [-3.49851323  5.92300432 -4.87915203  1.27240139  5.02084416 12.41874354]]", "nfev": "294", "njev": "42", "status": "0", "success": "True", "message": "Optimization terminated successfully.", "x": "[4.83202302 5.64315071 2.04101809 4.29932903 5.96943831 4.64844821]", "nit": "31"}, "20": {"maxiter": 1000, "gtol": 1e-10, "xrtol": 1e-05, "eps": 1e-05, "duration": 0.052023887634277344, "fun": "0.28866416810833906", "jac": "[ 3.71702669e-08 -6.58806343e-08  7.57394147e-08 -7.34412531e-08\n -6.25055563e-08  1.17073018e-07]", "hess_inv": "[[ 7.86707936 -3.65233773  1.68956125  1.39249278 -3.12383446 -3.2844626 ]\n [-3.65233773  8.85825557 -4.85171021  1.77024287  2.72016403  5.9326107 ]\n [ 1.68956125 -4.85171021  7.06731892 -0.51854965 -2.35508611 -4.76509406]\n [ 1.39249278  1.77024287 -0.51854965  6.44434993 -0.70136943  1.22015604]\n [-3.12383446  2.72016403 -2.35508611 -0.70136943  5.83807188  5.22918414]\n [-3.2844626   5.9326107  -4.76509406  1.22015604  5.22918414 12.26431574]]", "nfev": "301", "njev": "43", "status": "0", "success": "True", "message": "Optimization terminated successfully.", "x": "[4.83198687 5.6431487  2.04101506 4.29930784 5.96943147 4.64843269]", "nit": "32"}, "21": {"maxiter": 1000, "gtol": 1e-10, "xrtol": 1e-05, "eps": 1e-10, "duration": 0.050315141677856445, "fun": "0.28866416819132357", "jac": "[8.88178346e-06 2.22044587e-06 1.11022293e-06 2.22044587e-06\n 2.22044587e-06 0.00000000e+00]", "hess_inv": "[[ 7.51911961 -3.45331261  1.8515907   1.30577681 -3.34920918 -3.49851323]\n [-3.45331261  8.36794064 -4.52981301  1.49080813  2.67132388  5.92300432]\n [ 1.8515907  -4.52981301  6.77549487 -0.28685588 -2.46563572 -4.87915203]\n [ 1.30577681  1.49080813 -0.28685588  6.68952609 -0.55759175  1.27240139]\n [-3.34920918  2.67132388 -2.46563572 -0.55759175  5.57388985  5.02084416]\n [-3.49851323  5.92300432 -4.87915203  1.27240139  5.02084416 12.41874354]]", "nfev": "294", "njev": "42", "status": "0", "success": "True", "message": "Optimization terminated successfully.", "x": "[4.83202302 5.64315071 2.04101809 4.29932903 5.96943831 4.64844821]", "nit": "31"}, "22": {"maxiter": 1000, "gtol": 1e-10, "xrtol": 1e-10, "eps": 1e-05, "duration": 0.10034298896789551, "fun": "0.28866416810794404", "jac": "[-2.50910404e-09  1.97619698e-08 -1.64313008e-09 -1.17683641e-09\n -5.32907052e-10 -9.21485110e-09]", "hess_inv": "[[ 7.88166344 -3.39370775  1.50644637  1.3964949  -3.11683833 -3.10827849]\n [-3.39370775  7.89756975 -4.12160415  1.4532114   2.57132096  5.75750883]\n [ 1.50644637 -4.12160415  6.50092228 -0.27106608 -2.24152824 -4.62329152]\n [ 1.3964949   1.4532114  -0.27106608  6.39041906 -0.72670544  1.05466467]\n [-3.11683833  2.57132096 -2.24152824 -0.72670544  5.82560985  5.15633482]\n [-3.10827849  5.75750883 -4.62329152  1.05466467  5.15633482 12.41984669]]", "nfev": "593", "njev": "83", "status": "2", "success": "False", "message": "Desired error not necessarily achieved due to precision loss.", "x": "[4.83198645 5.64314937 2.04101457 4.29930822 5.96943165 4.64843249]", "nit": "33"}, "23": {"maxiter": 1000, "gtol": 1e-10, "xrtol": 1e-10, "eps": 1e-10, "duration": 0.06115078926086426, "fun": "0.288664168090764", "jac": "[2.22044587e-06 0.00000000e+00 0.00000000e+00 4.44089173e-06\n 0.00000000e+00 2.22044587e-06]", "hess_inv": "[[ 6.87778217 -4.08500491  1.67871713  1.0017252  -3.89838326 -4.73853523]\n [-4.08500491  8.56277618 -4.73902924  0.1117103   3.83037799  6.97594808]\n [ 1.67871713 -4.73902924  6.48516983 -0.04201154 -2.59064684 -5.40540452]\n [ 1.0017252   0.1117103  -0.04201154  3.18439117 -0.14429144  0.70635426]\n [-3.89838326  3.83037799 -2.59064684 -0.14429144  6.53781093  6.73774186]\n [-4.73853523  6.97594808 -5.40540452  0.70635426  6.73774186 14.40242853]]", "nfev": "357", "njev": "51", "status": "0", "success": "True", "message": "Optimization terminated successfully.", "x": "[4.83198999 5.64315639 2.04101457 4.29932502 5.96943887 4.64844719]", "nit": "34"}}, "cobyla": {"0": {"maxiter": 100, "tol": 1e-05, "catol": 1e-05, "duration": 0.01643085479736328, "x": "[5.24783231 4.86796277 2.53453532 3.89953435 5.34170737 3.72655335]", "status": "2", "success": "False", "message": "Maximum number of function evaluations has been exceeded.", "nfev": "100", "fun": "0.328317354663354", "maxcv": "0.0"}, "1": {"maxiter": 100, "tol": 1e-05, "catol": 1e-10, "duration": 0.01626896858215332, "x": "[5.24783231 4.86796277 2.53453532 3.89953435 5.34170737 3.72655335]", "status": "2", "success": "False", "message": "Maximum number of function evaluations has been exceeded.", "nfev": "100", "fun": "0.328317354663354", "maxcv": "0.0"}, "2": {"maxiter": 100, "tol": 1e-10, "catol": 1e-05, "duration": 0.016257047653198242, "x": "[5.24783231 4.86796277 2.53453532 3.89953435 5.34170737 3.72655335]", "status": "2", "success": "False", "message": "Maximum number of function evaluations has been exceeded.", "nfev": "100", "fun": "0.328317354663354", "maxcv": "0.0"}, "3": {"maxiter": 100, "tol": 1e-10, "catol": 1e-10, "duration": 0.01630091667175293, "x": "[5.24783231 4.86796277 2.53453532 3.89953435 5.34170737 3.72655335]", "status": "2", "success": "False", "message": "Maximum number of function evaluations has been exceeded.", "nfev": "100", "fun": "0.328317354663354", "maxcv": "0.0"}, "4": {"maxiter": 500, "tol": 1e-05, "catol": 1e-05, "duration": 0.05754494667053223, "x": "[4.83198479 5.64315308 2.04102347 4.29931485 5.96944069 4.64844527]", "status": "1", "success": "True", "message": "Optimization terminated successfully.", "nfev": "352", "fun": "0.2886641680959716", "maxcv": "0.0"}, "5": {"maxiter": 500, "tol": 1e-05, "catol": 1e-10, "duration": 0.057170867919921875, "x": "[4.83198479 5.64315308 2.04102347 4.29931485 5.96944069 4.64844527]", "status": "1", "success": "True", "message": "Optimization terminated successfully.", "nfev": "352", "fun": "0.2886641680959716", "maxcv": "0.0"}, "6": {"maxiter": 500, "tol": 1e-10, "catol": 1e-05, "duration": 0.07636904716491699, "x": "[4.83198517 5.64316162 2.04101094 4.29931671 5.96944207 4.64845099]", "status": "1", "success": "True", "message": "Optimization terminated successfully.", "nfev": "475", "fun": "0.2886641680820774", "maxcv": "0.0"}, "7": {"maxiter": 500, "tol": 1e-10, "catol": 1e-10, "duration": 0.07613492012023926, "x": "[4.83198517 5.64316162 2.04101094 4.29931671 5.96944207 4.64845099]", "status": "1", "success": "True", "message": "Optimization terminated successfully.", "nfev": "475", "fun": "0.2886641680820774", "maxcv": "0.0"}, "8": {"maxiter": 1000, "tol": 1e-05, "catol": 1e-05, "duration": 0.056500911712646484, "x": "[4.83198479 5.64315308 2.04102347 4.29931485 5.96944069 4.64844527]", "status": "1", "success": "True", "message": "Optimization terminated successfully.", "nfev": "352", "fun": "0.2886641680959716", "maxcv": "0.0"}, "9": {"maxiter": 1000, "tol": 1e-05, "catol": 1e-10, "duration": 0.05642223358154297, "x": "[4.83198479 5.64315308 2.04102347 4.29931485 5.96944069 4.64844527]", "status": "1", "success": "True", "message": "Optimization terminated successfully.", "nfev": "352", "fun": "0.2886641680959716", "maxcv": "0.0"}, "10": {"maxiter": 1000, "tol": 1e-10, "catol": 1e-05, "duration": 0.07575297355651855, "x": "[4.83198517 5.64316162 2.04101094 4.29931671 5.96944207 4.64845099]", "status": "1", "success": "True", "message": "Optimization terminated successfully.", "nfev": "475", "fun": "0.2886641680820774", "maxcv": "0.0"}, "11": {"maxiter": 1000, "tol": 1e-10, "catol": 1e-10, "duration": 0.07599496841430664, "x": "[4.83198517 5.64316162 2.04101094 4.29931671 5.96944207 4.64845099]", "status": "1", "success": "True", "message": "Optimization terminated successfully.", "nfev": "475", "fun": "0.2886641680820774", "maxcv": "0.0"}}, "dual_annealing_0": {"type": "gradient-free", "0": {"maxiter": 100, "duration": 0.227647066116333, "success": "True", "status": "0", "x": "[1.45119667 2.50157151 5.18260491 1.98387061 2.82784798 1.50686028]", "fun": "0.28866416808700346", "nit": "100", "nfev": "1313", "njev": "16", "nhev": "0", "message": "['Maximum number of iteration reached']"}, "1": {"maxiter": 500, "duration": 1.0868232250213623, "success": "True", "status": "0", "x": "[1.45119209 2.50155766 5.18259744 1.98389647 2.8278555  1.50684985]", "fun": "0.28866416817361706", "nit": "500", "nfev": "6260", "njev": "37", "nhev": "0", "message": "['Maximum number of iteration reached']"}, "2": {"maxiter": 1000, "duration": 2.088083028793335, "success": "True", "status": "0", "x": "[4.83204559 5.64316411 2.0410085  1.98383141 2.82781512 1.50683182]", "fun": "0.28866416844027576", "nit": "1000", "nfev": "12106", "njev": "15", "nhev": "0", "message": "['Maximum number of iteration reached']"}, "bounds": [[0.0, 6.283185307179586], [0.0, 6.283185307179586], [0.0, 6.283185307179586], [0.0, 6.283185307179586], [0.0, 6.283185307179586], [0.0, 6.283185307179586]]}, "dual_annealing_1": {"type": "gradient-free", "0": {"maxiter": 100, "duration": 0.22366905212402344, "success": "True", "status": "0", "x": "[1.63515641 2.61434399 5.08186831 4.22418592 0.         4.92108376]", "fun": "0.2968492511987735", "nit": "100", "nfev": "1285", "njev": "12", "nhev": "0", "message": "['Maximum number of iteration reached']"}, "1": {"maxiter": 500, "duration": 1.053313970565796, "success": "True", "status": "0", "x": "[4.83198803 5.64316215 2.04101466 8.26705367 2.82785249 7.79005372]", "fun": "0.28866416809404116", "nit": "500", "nfev": "6085", "njev": "12", "nhev": "0", "message": "['Maximum number of iteration reached']"}, "2": {"maxiter": 1000, "duration": 2.114567995071411, "success": "True", "status": "0", "x": "[4.8319873  5.64316489 8.32417545 4.29929943 5.96942899 4.64844963]", "fun": "0.28866416819522844", "nit": "1000", "nfev": "12295", "njev": "42", "nhev": "0", "message": "['Maximum number of iteration reached']"}, "bounds": [[0.0, 9.42477796076938], [0.0, 9.42477796076938], [0.0, 9.42477796076938], [0.0, 9.42477796076938], [0.0, 9.42477796076938], [0.0, 9.42477796076938]]}, "dual_annealing_2": {"type": "gradient-free", "0": {"maxiter": 100, "duration": 0.24476408958435059, "success": "True", "status": "0", "x": "[11.1151661   5.64316018  2.04100622  8.26706748  2.82784852  1.50685383]", "fun": "0.28866416810182904", "nit": "100", "nfev": "1425", "njev": "32", "nhev": "0", "message": "['Maximum number of iteration reached']"}, "1": {"maxiter": 500, "duration": 1.0609149932861328, "success": "True", "status": "0", "x": "[11.11516183  5.64316456  8.32419975 10.58250785 12.25262889  4.64844845]", "fun": "0.2886641680952988", "nit": "500", "nfev": "6134", "njev": "19", "nhev": "0", "message": "['Maximum number of iteration reached']"}, "2": {"maxiter": 1000, "duration": 2.09116792678833, "success": "True", "status": "0", "x": "[ 1.45120195  2.50157787 11.46578591  1.98384763  9.1110342   1.50686761]", "fun": "0.28866416811930606", "nit": "1000", "nfev": "12134", "njev": "19", "nhev": "0", "message": "['Maximum number of iteration reached']"}, "bounds": [[0.0, 12.566370614359172], [0.0, 12.566370614359172], [0.0, 12.566370614359172], [0.0, 12.566370614359172], [0.0, 12.566370614359172], [0.0, 12.566370614359172]]}, "dual_annealing_3": {"type": "gradient-free", "0": {"maxiter": 100, "duration": 0.22759485244750977, "success": "True", "status": "0", "x": "[ 1.45120079  2.50156715 -1.10058018 -1.98387035 -0.31374143  4.64845193]", "fun": "0.2886641680831481", "nit": "100", "nfev": "1313", "njev": "16", "nhev": "0", "message": "['Maximum number of iteration reached']"}, "1": {"maxiter": 500, "duration": 1.0642039775848389, "success": "True", "status": "0", "x": "[-4.83195944 -3.78158455  5.18259382  1.9838527  -3.4553308  -4.7762969 ]", "fun": "0.28866416819347385", "nit": "500", "nfev": "6169", "njev": "24", "nhev": "0", "message": "['Maximum number of iteration reached']"}, "2": {"maxiter": 1000, "duration": 2.0905818939208984, "success": "True", "status": "0", "x": "[ 4.83203653 -0.64002736  2.04098987 -1.98387052  5.9694169   4.64844208]", "fun": "0.2886641683700619", "nit": "1000", "nfev": "12106", "njev": "15", "nhev": "0", "message": "['Maximum number of iteration reached']"}, "bounds": [[-6.283185307179586, 6.283185307179586], [-6.283185307179586, 6.283185307179586], [-6.283185307179586, 6.283185307179586], [-6.283185307179586, 6.283185307179586], [-6.283185307179586, 6.283185307179586], [-6.283185307179586, 6.283185307179586]]}, "dual_annealing_4": {"type": "gradient-free", "0": {"maxiter": 100, "duration": 0.23630690574645996, "success": "True", "status": "0", "x": "[-4.83198418 -3.7816156  -7.38376861  8.26704794  2.82784889  1.50685696]", "fun": "0.28866416808633066", "nit": "100", "nfev": "1369", "njev": "24", "nhev": "0", "message": "['Maximum number of iteration reached']"}, "1": {"maxiter": 500, "duration": 1.081573247909546, "success": "True", "status": "0", "x": "[-4.83198163  2.50157101 -7.38376392  4.29932224 -0.31374533 -1.63473806]", "fun": "0.2886641680888469", "nit": "500", "nfev": "6239", "njev": "34", "nhev": "0", "message": "['Maximum number of iteration reached']"}, "2": {"maxiter": 1000, "duration": 2.115118980407715, "success": "True", "status": "0", "x": "[ 4.8319829  -0.64002641  2.04101287  8.26705735 -3.45533251  1.50685845]", "fun": "0.2886641680849892", "nit": "1000", "nfev": "12225", "njev": "32", "nhev": "0", "message": "['Maximum number of iteration reached']"}, "bounds": [[-9.42477796076938, 9.42477796076938], [-9.42477796076938, 9.42477796076938], [-9.42477796076938, 9.42477796076938], [-9.42477796076938, 9.42477796076938], [-9.42477796076938, 9.42477796076938], [-9.42477796076938, 9.42477796076938]]}, "dual_annealing_5": {"type": "gradient-free", "0": {"maxiter": 100, "duration": 0.22863006591796875, "success": "True", "status": "0", "x": "[ 11.11517368   5.64314718 -10.52536644  10.58250812   5.96945638\n  -7.91790236]", "fun": "0.2886641681683849", "nit": "100", "nfev": "1306", "njev": "15", "nhev": "0", "message": "['Maximum number of iteration reached']"}, "1": {"maxiter": 500, "duration": 1.0773420333862305, "success": "True", "status": "0", "x": "[-11.11517006   2.50157067  11.46578828 -10.58250197   2.8278475\n   7.79004338]", "fun": "0.28866416808300455", "nit": "500", "nfev": "6211", "njev": "30", "nhev": "0", "message": "['Maximum number of iteration reached']"}, "2": {"maxiter": 1000, "duration": 2.1022472381591797, "success": "True", "status": "0", "x": "[  1.45120433 -10.06479831  -1.10058708  -1.98387493  -0.31373636\n  -7.91791523]", "fun": "0.28866416808964157", "nit": "1000", "nfev": "12134", "njev": "19", "nhev": "0", "message": "['Maximum number of iteration reached']"}, "bounds": [[-12.566370614359172, 12.566370614359172], [-12.566370614359172, 12.566370614359172], [-12.566370614359172, 12.566370614359172], [-12.566370614359172, 12.566370614359172], [-12.566370614359172, 12.566370614359172], [-12.566370614359172, 12.566370614359172]]}}, "duration (s)": 112.99}