{"date": "2024/07/22/, 22:48:11", "conf_id": 39, "data_type": "random\n", "num_data_points": 2, "s_rank": 0, "unitary": "[[-0.24866696+0.58742286j,-0.44704345-0.43151574j,-0.35669027-0.20570733j,-0.10517633+0.1626036j],[0.10596805-0.19687975j,-0.30269685-0.15056416j,0.18246286+0.30440582j,-0.83484447-0.11310748j],[0.26054512-0.52548482j,0.0285017-0.50723956j,-0.43110112+0.17165838j,0.15243271+0.39915801j],[0.42978035+0.11991271j,-0.17224126-0.46030424j,0.6827807-0.15164662j,0.26483638+0.0061855j]]", "databatch_0": {"databatch": "[[[-0.06300239-0.04620654j,0.03289648+0.05084253j,0.16502296-0.16705344j,0.37861209+0.1728649j],[0.18163558-0.17880321j,-0.13639298-0.09839146j,0.14241266+0.0957635j,0.27590408+0.0420877j],[-0.01189538+0.33634699j,0.26757936-0.05601322j,0.03634047+0.19273847j,0.17428914+0.19607489j],[0.06044469+0.08608449j,0.04264832+0.15272631j,0.41875502+0.12102015j,0.00324197-0.19937147j]],[[-0.00784424-0.4056485j,0.27176838+0.1455474j,-0.09489616+0.22268155j,-0.05653322+0.02169305j],[-0.24281817+0.01533938j,-0.3131997+0.12919544j,-0.00388059+0.01375077j,-0.04388397-0.05642958j],[-0.12658516-0.06554055j,0.02405375+0.00223652j,0.1005304-0.22803518j,0.07827578+0.39180822j],[0.03958563+0.08717657j,0.11180982+0.09261178j,0.34104006-0.18224292j,0.13472662-0.24129576j]]]", "initial param values": "[2.85652331,2.8337713,3.12797009,5.48416747,3.29772056,1.98026194]", "bfgs": {"type": "gradient", "0": {"maxiter": 100, "gtol": 1e-05, "xrtol": 1e-05, "eps": 1e-05, "duration": 0.03399491310119629, "fun": "0.6152573067115694", "jac": "[-1.40811807e-06 -5.01620967e-07  6.84752255e-07 -6.58040289e-07\n -1.64377401e-06 -3.65274477e-07]", "hess_inv": "[[ 8.42600914 -1.91543508  1.03273205  0.36284374 -3.60453321  2.55754025]\n [-1.91543508  8.33112265 -1.78901487 -3.73005577  1.13554567 -1.60235135]\n [ 1.03273205 -1.78901487  5.53561164  1.57238174 -1.34067045 -0.54831011]\n [ 0.36284374 -3.73005577  1.57238174  7.51035048 -0.91261732  0.21753258]\n [-3.60453321  1.13554567 -1.34067045 -0.91261732  6.40875014 -0.40889629]\n [ 2.55754025 -1.60235135 -0.54831011  0.21753258 -0.40889629  6.19892626]]", "nfev": "182", "njev": "26", "status": "0", "success": "True", "message": "Optimization terminated successfully.", "x": "[1.50158395 4.06570118 2.33880577 4.63734664 2.6580615  2.45711515]", "nit": "21"}, "1": {"maxiter": 100, "gtol": 1e-05, "xrtol": 1e-05, "eps": 1e-10, "duration": 0.03434896469116211, "fun": "0.6152573067228226", "jac": "[-2.22044587e-06  0.00000000e+00  0.00000000e+00  0.00000000e+00\n -2.22044587e-06  0.00000000e+00]", "hess_inv": "[[ 8.224093   -1.84551629  0.92862348  0.3359473  -3.42017406  2.60396865]\n [-1.84551629  8.32213096 -1.76018058 -3.69331125  1.09180999 -1.5947108 ]\n [ 0.92862348 -1.76018058  5.46617451  1.53283677 -1.27871145 -0.58238261]\n [ 0.3359473  -3.69331125  1.53283677  7.48006669 -0.89244029  0.2358725 ]\n [-3.42017406  1.09180999 -1.27871145 -0.89244029  6.29903508 -0.38594653]\n [ 2.60396865 -1.5947108  -0.58238261  0.2358725  -0.38594653  6.23476436]]", "nfev": "182", "njev": "26", "status": "0", "success": "True", "message": "Optimization terminated successfully.", "x": "[1.50157708 4.06570914 2.33880168 4.63734282 2.65806485 2.45711314]", "nit": "21"}, "2": {"maxiter": 100, "gtol": 1e-05, "xrtol": 1e-10, "eps": 1e-05, "duration": 0.034919023513793945, "fun": "0.6152573067115694", "jac": "[-1.40811807e-06 -5.01620967e-07  6.84752255e-07 -6.58040289e-07\n -1.64377401e-06 -3.65274477e-07]", "hess_inv": "[[ 8.42600914 -1.91543508  1.03273205  0.36284374 -3.60453321  2.55754025]\n [-1.91543508  8.33112265 -1.78901487 -3.73005577  1.13554567 -1.60235135]\n [ 1.03273205 -1.78901487  5.53561164  1.57238174 -1.34067045 -0.54831011]\n [ 0.36284374 -3.73005577  1.57238174  7.51035048 -0.91261732  0.21753258]\n [-3.60453321  1.13554567 -1.34067045 -0.91261732  6.40875014 -0.40889629]\n [ 2.55754025 -1.60235135 -0.54831011  0.21753258 -0.40889629  6.19892626]]", "nfev": "182", "njev": "26", "status": "0", "success": "True", "message": "Optimization terminated successfully.", "x": "[1.50158395 4.06570118 2.33880577 4.63734664 2.6580615  2.45711515]", "nit": "21"}, "3": {"maxiter": 100, "gtol": 1e-05, "xrtol": 1e-10, "eps": 1e-10, "duration": 0.03665781021118164, "fun": "0.6152573067228226", "jac": "[-2.22044587e-06  0.00000000e+00  0.00000000e+00  0.00000000e+00\n -2.22044587e-06  0.00000000e+00]", "hess_inv": "[[ 8.224093   -1.84551629  0.92862348  0.3359473  -3.42017406  2.60396865]\n [-1.84551629  8.32213096 -1.76018058 -3.69331125  1.09180999 -1.5947108 ]\n [ 0.92862348 -1.76018058  5.46617451  1.53283677 -1.27871145 -0.58238261]\n [ 0.3359473  -3.69331125  1.53283677  7.48006669 -0.89244029  0.2358725 ]\n [-3.42017406  1.09180999 -1.27871145 -0.89244029  6.29903508 -0.38594653]\n [ 2.60396865 -1.5947108  -0.58238261  0.2358725  -0.38594653  6.23476436]]", "nfev": "182", "njev": "26", "status": "0", "success": "True", "message": "Optimization terminated successfully.", "x": "[1.50157708 4.06570914 2.33880168 4.63734282 2.65806485 2.45711314]", "nit": "21"}, "4": {"maxiter": 100, "gtol": 1e-10, "xrtol": 1e-05, "eps": 1e-05, "duration": 0.055029869079589844, "fun": "0.6152573066817724", "jac": "[ 5.06261699e-09 -6.60138610e-08  4.36983782e-08 -4.53304061e-08\n -8.01136935e-08 -7.52065077e-08]", "hess_inv": "[[ 8.64557999 -1.76448992  0.72452423  0.40895776 -3.1946247   2.85813343]\n [-1.76448992  8.2080963  -1.68886627 -3.70440127  1.01001884 -1.65701674]\n [ 0.72452423 -1.68886627  5.53894445  1.51597163 -1.35565309 -0.610733  ]\n [ 0.40895776 -3.70440127  1.51597163  7.51987407 -0.83738886  0.27369573]\n [-3.1946247   1.01001884 -1.35565309 -0.83738886  6.44244876 -0.3170402 ]\n [ 2.85813343 -1.65701674 -0.610733    0.27369573 -0.3170402   6.30936127]]", "nfev": "189", "njev": "27", "status": "0", "success": "True", "message": "Optimization terminated successfully.", "x": "[1.5015908  4.06570258 2.33880069 4.637348   2.65806836 2.45712072]", "nit": "22"}, "5": {"maxiter": 100, "gtol": 1e-10, "xrtol": 1e-05, "eps": 1e-10, "duration": 0.03706097602844238, "fun": "0.6152573066874651", "jac": "[ 0.00000000e+00  0.00000000e+00 -2.22044587e-06 -3.33066880e-06\n  2.22044587e-06  0.00000000e+00]", "hess_inv": "[[ 8.95071673 -1.94497559  0.87007276  0.22762872 -2.96304593  2.94964394]\n [-1.94497559  8.27983133 -1.73064589 -3.58565687  0.94588242 -1.68118346]\n [ 0.87007276 -1.73064589  5.46260959  1.5058368  -1.28346365 -0.59516579]\n [ 0.22762872 -3.58565687  1.5058368   7.34210054 -0.82219602  0.24935112]\n [-2.96304593  0.94588242 -1.28346365 -0.82219602  6.46235135 -0.22685369]\n [ 2.94964394 -1.68118346 -0.59516579  0.24935112 -0.22685369  6.37178948]]", "nfev": "203", "njev": "29", "status": "0", "success": "True", "message": "Optimization terminated successfully.", "x": "[1.5015983  4.0657056  2.33880022 4.63734071 2.65807726 2.45712279]", "nit": "22"}, "6": {"maxiter": 100, "gtol": 1e-10, "xrtol": 1e-10, "eps": 1e-05, "duration": 0.03718304634094238, "fun": "0.615257306680993", "jac": "[ 0.00000000e+00  0.00000000e+00 -3.33066907e-11 -2.22044605e-11\n -2.22044605e-11 -2.22044605e-11]", "hess_inv": "[[ 8.61572851 -1.83746825  0.72608364  0.36803374 -3.29032708  2.76175944]\n [-1.83746825  8.36671547 -1.77868014 -3.68414929  1.20578081 -1.51467186]\n [ 0.72608364 -1.77868014  5.62507032  1.50274273 -1.49820498 -0.71310914]\n [ 0.36803374 -3.68414929  1.50274273  7.51205689 -0.82378548  0.27559796]\n [-3.29032708  1.20578081 -1.49820498 -0.82378548  6.69646753 -0.14329332]\n [ 2.76175944 -1.51467186 -0.71310914  0.27559796 -0.14329332  6.42178751]]", "nfev": "210", "njev": "30", "status": "0", "success": "True", "message": "Optimization terminated successfully.", "x": "[1.50159057 4.06570304 2.33880021 4.63734798 2.65806902 2.45712112]", "nit": "25"}, "7": {"maxiter": 100, "gtol": 1e-10, "xrtol": 1e-10, "eps": 1e-10, "duration": 0.054572105407714844, "fun": "0.6152573066795259", "jac": "[2.22044587e-06 1.11022293e-06 0.00000000e+00 0.00000000e+00\n 2.22044587e-06 0.00000000e+00]", "hess_inv": "[[ 0.28542688 -0.64637907 -0.22947985  0.05500355 -0.23476625  0.27351927]\n [-0.64637907  2.68704178  0.38865608 -0.60912808  0.11321268 -0.81101048]\n [-0.22947985  0.38865608  0.99314772  0.27054747  0.2176459  -0.18169526]\n [ 0.05500355 -0.60912808  0.27054747  1.08807416  0.11543143  0.13343985]\n [-0.23476625  0.11321268  0.2176459   0.11543143  0.42828802 -0.2500613 ]\n [ 0.27351927 -0.81101048 -0.18169526  0.13343985 -0.2500613   0.38312798]]", "nfev": "301", "njev": "43", "status": "2", "success": "False", "message": "Desired error not necessarily achieved due to precision loss.", "x": "[1.50160014 4.06570893 2.33880227 4.63734842 2.65807743 2.4571238 ]", "nit": "29"}, "8": {"maxiter": 500, "gtol": 1e-05, "xrtol": 1e-05, "eps": 1e-05, "duration": 0.03268885612487793, "fun": "0.6152573067115694", "jac": "[-1.40811807e-06 -5.01620967e-07  6.84752255e-07 -6.58040289e-07\n -1.64377401e-06 -3.65274477e-07]", "hess_inv": "[[ 8.42600914 -1.91543508  1.03273205  0.36284374 -3.60453321  2.55754025]\n [-1.91543508  8.33112265 -1.78901487 -3.73005577  1.13554567 -1.60235135]\n [ 1.03273205 -1.78901487  5.53561164  1.57238174 -1.34067045 -0.54831011]\n [ 0.36284374 -3.73005577  1.57238174  7.51035048 -0.91261732  0.21753258]\n [-3.60453321  1.13554567 -1.34067045 -0.91261732  6.40875014 -0.40889629]\n [ 2.55754025 -1.60235135 -0.54831011  0.21753258 -0.40889629  6.19892626]]", "nfev": "182", "njev": "26", "status": "0", "success": "True", "message": "Optimization terminated successfully.", "x": "[1.50158395 4.06570118 2.33880577 4.63734664 2.6580615  2.45711515]", "nit": "21"}, "9": {"maxiter": 500, "gtol": 1e-05, "xrtol": 1e-05, "eps": 1e-10, "duration": 0.034098148345947266, "fun": "0.6152573067228226", "jac": "[-2.22044587e-06  0.00000000e+00  0.00000000e+00  0.00000000e+00\n -2.22044587e-06  0.00000000e+00]", "hess_inv": "[[ 8.224093   -1.84551629  0.92862348  0.3359473  -3.42017406  2.60396865]\n [-1.84551629  8.32213096 -1.76018058 -3.69331125  1.09180999 -1.5947108 ]\n [ 0.92862348 -1.76018058  5.46617451  1.53283677 -1.27871145 -0.58238261]\n [ 0.3359473  -3.69331125  1.53283677  7.48006669 -0.89244029  0.2358725 ]\n [-3.42017406  1.09180999 -1.27871145 -0.89244029  6.29903508 -0.38594653]\n [ 2.60396865 -1.5947108  -0.58238261  0.2358725  -0.38594653  6.23476436]]", "nfev": "182", "njev": "26", "status": "0", "success": "True", "message": "Optimization terminated successfully.", "x": "[1.50157708 4.06570914 2.33880168 4.63734282 2.65806485 2.45711314]", "nit": "21"}, "10": {"maxiter": 500, "gtol": 1e-05, "xrtol": 1e-10, "eps": 1e-05, "duration": 0.03271794319152832, "fun": "0.6152573067115694", "jac": "[-1.40811807e-06 -5.01620967e-07  6.84752255e-07 -6.58040289e-07\n -1.64377401e-06 -3.65274477e-07]", "hess_inv": "[[ 8.42600914 -1.91543508  1.03273205  0.36284374 -3.60453321  2.55754025]\n [-1.91543508  8.33112265 -1.78901487 -3.73005577  1.13554567 -1.60235135]\n [ 1.03273205 -1.78901487  5.53561164  1.57238174 -1.34067045 -0.54831011]\n [ 0.36284374 -3.73005577  1.57238174  7.51035048 -0.91261732  0.21753258]\n [-3.60453321  1.13554567 -1.34067045 -0.91261732  6.40875014 -0.40889629]\n [ 2.55754025 -1.60235135 -0.54831011  0.21753258 -0.40889629  6.19892626]]", "nfev": "182", "njev": "26", "status": "0", "success": "True", "message": "Optimization terminated successfully.", "x": "[1.50158395 4.06570118 2.33880577 4.63734664 2.6580615  2.45711515]", "nit": "21"}, "11": {"maxiter": 500, "gtol": 1e-05, "xrtol": 1e-10, "eps": 1e-10, "duration": 0.031243085861206055, "fun": "0.6152573067228226", "jac": "[-2.22044587e-06  0.00000000e+00  0.00000000e+00  0.00000000e+00\n -2.22044587e-06  0.00000000e+00]", "hess_inv": "[[ 8.224093   -1.84551629  0.92862348  0.3359473  -3.42017406  2.60396865]\n [-1.84551629  8.32213096 -1.76018058 -3.69331125  1.09180999 -1.5947108 ]\n [ 0.92862348 -1.76018058  5.46617451  1.53283677 -1.27871145 -0.58238261]\n [ 0.3359473  -3.69331125  1.53283677  7.48006669 -0.89244029  0.2358725 ]\n [-3.42017406  1.09180999 -1.27871145 -0.89244029  6.29903508 -0.38594653]\n [ 2.60396865 -1.5947108  -0.58238261  0.2358725  -0.38594653  6.23476436]]", "nfev": "182", "njev": "26", "status": "0", "success": "True", "message": "Optimization terminated successfully.", "x": "[1.50157708 4.06570914 2.33880168 4.63734282 2.65806485 2.45711314]", "nit": "21"}, "12": {"maxiter": 500, "gtol": 1e-10, "xrtol": 1e-05, "eps": 1e-05, "duration": 0.032929182052612305, "fun": "0.6152573066817724", "jac": "[ 5.06261699e-09 -6.60138610e-08  4.36983782e-08 -4.53304061e-08\n -8.01136935e-08 -7.52065077e-08]", "hess_inv": "[[ 8.64557999 -1.76448992  0.72452423  0.40895776 -3.1946247   2.85813343]\n [-1.76448992  8.2080963  -1.68886627 -3.70440127  1.01001884 -1.65701674]\n [ 0.72452423 -1.68886627  5.53894445  1.51597163 -1.35565309 -0.610733  ]\n [ 0.40895776 -3.70440127  1.51597163  7.51987407 -0.83738886  0.27369573]\n [-3.1946247   1.01001884 -1.35565309 -0.83738886  6.44244876 -0.3170402 ]\n [ 2.85813343 -1.65701674 -0.610733    0.27369573 -0.3170402   6.30936127]]", "nfev": "189", "njev": "27", "status": "0", "success": "True", "message": "Optimization terminated successfully.", "x": "[1.5015908  4.06570258 2.33880069 4.637348   2.65806836 2.45712072]", "nit": "22"}, "13": {"maxiter": 500, "gtol": 1e-10, "xrtol": 1e-05, "eps": 1e-10, "duration": 0.03526186943054199, "fun": "0.6152573066874651", "jac": "[ 0.00000000e+00  0.00000000e+00 -2.22044587e-06 -3.33066880e-06\n  2.22044587e-06  0.00000000e+00]", "hess_inv": "[[ 8.95071673 -1.94497559  0.87007276  0.22762872 -2.96304593  2.94964394]\n [-1.94497559  8.27983133 -1.73064589 -3.58565687  0.94588242 -1.68118346]\n [ 0.87007276 -1.73064589  5.46260959  1.5058368  -1.28346365 -0.59516579]\n [ 0.22762872 -3.58565687  1.5058368   7.34210054 -0.82219602  0.24935112]\n [-2.96304593  0.94588242 -1.28346365 -0.82219602  6.46235135 -0.22685369]\n [ 2.94964394 -1.68118346 -0.59516579  0.24935112 -0.22685369  6.37178948]]", "nfev": "203", "njev": "29", "status": "0", "success": "True", "message": "Optimization terminated successfully.", "x": "[1.5015983  4.0657056  2.33880022 4.63734071 2.65807726 2.45712279]", "nit": "22"}, "14": {"maxiter": 500, "gtol": 1e-10, "xrtol": 1e-10, "eps": 1e-05, "duration": 0.03639388084411621, "fun": "0.615257306680993", "jac": "[ 0.00000000e+00  0.00000000e+00 -3.33066907e-11 -2.22044605e-11\n -2.22044605e-11 -2.22044605e-11]", "hess_inv": "[[ 8.61572851 -1.83746825  0.72608364  0.36803374 -3.29032708  2.76175944]\n [-1.83746825  8.36671547 -1.77868014 -3.68414929  1.20578081 -1.51467186]\n [ 0.72608364 -1.77868014  5.62507032  1.50274273 -1.49820498 -0.71310914]\n [ 0.36803374 -3.68414929  1.50274273  7.51205689 -0.82378548  0.27559796]\n [-3.29032708  1.20578081 -1.49820498 -0.82378548  6.69646753 -0.14329332]\n [ 2.76175944 -1.51467186 -0.71310914  0.27559796 -0.14329332  6.42178751]]", "nfev": "210", "njev": "30", "status": "0", "success": "True", "message": "Optimization terminated successfully.", "x": "[1.50159057 4.06570304 2.33880021 4.63734798 2.65806902 2.45712112]", "nit": "25"}, "15": {"maxiter": 500, "gtol": 1e-10, "xrtol": 1e-10, "eps": 1e-10, "duration": 0.05316495895385742, "fun": "0.6152573066795259", "jac": "[2.22044587e-06 1.11022293e-06 0.00000000e+00 0.00000000e+00\n 2.22044587e-06 0.00000000e+00]", "hess_inv": "[[ 0.28542688 -0.64637907 -0.22947985  0.05500355 -0.23476625  0.27351927]\n [-0.64637907  2.68704178  0.38865608 -0.60912808  0.11321268 -0.81101048]\n [-0.22947985  0.38865608  0.99314772  0.27054747  0.2176459  -0.18169526]\n [ 0.05500355 -0.60912808  0.27054747  1.08807416  0.11543143  0.13343985]\n [-0.23476625  0.11321268  0.2176459   0.11543143  0.42828802 -0.2500613 ]\n [ 0.27351927 -0.81101048 -0.18169526  0.13343985 -0.2500613   0.38312798]]", "nfev": "301", "njev": "43", "status": "2", "success": "False", "message": "Desired error not necessarily achieved due to precision loss.", "x": "[1.50160014 4.06570893 2.33880227 4.63734842 2.65807743 2.4571238 ]", "nit": "29"}, "16": {"maxiter": 1000, "gtol": 1e-05, "xrtol": 1e-05, "eps": 1e-05, "duration": 0.031922101974487305, "fun": "0.6152573067115694", "jac": "[-1.40811807e-06 -5.01620967e-07  6.84752255e-07 -6.58040289e-07\n -1.64377401e-06 -3.65274477e-07]", "hess_inv": "[[ 8.42600914 -1.91543508  1.03273205  0.36284374 -3.60453321  2.55754025]\n [-1.91543508  8.33112265 -1.78901487 -3.73005577  1.13554567 -1.60235135]\n [ 1.03273205 -1.78901487  5.53561164  1.57238174 -1.34067045 -0.54831011]\n [ 0.36284374 -3.73005577  1.57238174  7.51035048 -0.91261732  0.21753258]\n [-3.60453321  1.13554567 -1.34067045 -0.91261732  6.40875014 -0.40889629]\n [ 2.55754025 -1.60235135 -0.54831011  0.21753258 -0.40889629  6.19892626]]", "nfev": "182", "njev": "26", "status": "0", "success": "True", "message": "Optimization terminated successfully.", "x": "[1.50158395 4.06570118 2.33880577 4.63734664 2.6580615  2.45711515]", "nit": "21"}, "17": {"maxiter": 1000, "gtol": 1e-05, "xrtol": 1e-05, "eps": 1e-10, "duration": 0.031858205795288086, "fun": "0.6152573067228226", "jac": "[-2.22044587e-06  0.00000000e+00  0.00000000e+00  0.00000000e+00\n -2.22044587e-06  0.00000000e+00]", "hess_inv": "[[ 8.224093   -1.84551629  0.92862348  0.3359473  -3.42017406  2.60396865]\n [-1.84551629  8.32213096 -1.76018058 -3.69331125  1.09180999 -1.5947108 ]\n [ 0.92862348 -1.76018058  5.46617451  1.53283677 -1.27871145 -0.58238261]\n [ 0.3359473  -3.69331125  1.53283677  7.48006669 -0.89244029  0.2358725 ]\n [-3.42017406  1.09180999 -1.27871145 -0.89244029  6.29903508 -0.38594653]\n [ 2.60396865 -1.5947108  -0.58238261  0.2358725  -0.38594653  6.23476436]]", "nfev": "182", "njev": "26", "status": "0", "success": "True", "message": "Optimization terminated successfully.", "x": "[1.50157708 4.06570914 2.33880168 4.63734282 2.65806485 2.45711314]", "nit": "21"}, "18": {"maxiter": 1000, "gtol": 1e-05, "xrtol": 1e-10, "eps": 1e-05, "duration": 0.03172111511230469, "fun": "0.6152573067115694", "jac": "[-1.40811807e-06 -5.01620967e-07  6.84752255e-07 -6.58040289e-07\n -1.64377401e-06 -3.65274477e-07]", "hess_inv": "[[ 8.42600914 -1.91543508  1.03273205  0.36284374 -3.60453321  2.55754025]\n [-1.91543508  8.33112265 -1.78901487 -3.73005577  1.13554567 -1.60235135]\n [ 1.03273205 -1.78901487  5.53561164  1.57238174 -1.34067045 -0.54831011]\n [ 0.36284374 -3.73005577  1.57238174  7.51035048 -0.91261732  0.21753258]\n [-3.60453321  1.13554567 -1.34067045 -0.91261732  6.40875014 -0.40889629]\n [ 2.55754025 -1.60235135 -0.54831011  0.21753258 -0.40889629  6.19892626]]", "nfev": "182", "njev": "26", "status": "0", "success": "True", "message": "Optimization terminated successfully.", "x": "[1.50158395 4.06570118 2.33880577 4.63734664 2.6580615  2.45711515]", "nit": "21"}, "19": {"maxiter": 1000, "gtol": 1e-05, "xrtol": 1e-10, "eps": 1e-10, "duration": 0.03175711631774902, "fun": "0.6152573067228226", "jac": "[-2.22044587e-06  0.00000000e+00  0.00000000e+00  0.00000000e+00\n -2.22044587e-06  0.00000000e+00]", "hess_inv": "[[ 8.224093   -1.84551629  0.92862348  0.3359473  -3.42017406  2.60396865]\n [-1.84551629  8.32213096 -1.76018058 -3.69331125  1.09180999 -1.5947108 ]\n [ 0.92862348 -1.76018058  5.46617451  1.53283677 -1.27871145 -0.58238261]\n [ 0.3359473  -3.69331125  1.53283677  7.48006669 -0.89244029  0.2358725 ]\n [-3.42017406  1.09180999 -1.27871145 -0.89244029  6.29903508 -0.38594653]\n [ 2.60396865 -1.5947108  -0.58238261  0.2358725  -0.38594653  6.23476436]]", "nfev": "182", "njev": "26", "status": "0", "success": "True", "message": "Optimization terminated successfully.", "x": "[1.50157708 4.06570914 2.33880168 4.63734282 2.65806485 2.45711314]", "nit": "21"}, "20": {"maxiter": 1000, "gtol": 1e-10, "xrtol": 1e-05, "eps": 1e-05, "duration": 0.032872915267944336, "fun": "0.6152573066817724", "jac": "[ 5.06261699e-09 -6.60138610e-08  4.36983782e-08 -4.53304061e-08\n -8.01136935e-08 -7.52065077e-08]", "hess_inv": "[[ 8.64557999 -1.76448992  0.72452423  0.40895776 -3.1946247   2.85813343]\n [-1.76448992  8.2080963  -1.68886627 -3.70440127  1.01001884 -1.65701674]\n [ 0.72452423 -1.68886627  5.53894445  1.51597163 -1.35565309 -0.610733  ]\n [ 0.40895776 -3.70440127  1.51597163  7.51987407 -0.83738886  0.27369573]\n [-3.1946247   1.01001884 -1.35565309 -0.83738886  6.44244876 -0.3170402 ]\n [ 2.85813343 -1.65701674 -0.610733    0.27369573 -0.3170402   6.30936127]]", "nfev": "189", "njev": "27", "status": "0", "success": "True", "message": "Optimization terminated successfully.", "x": "[1.5015908  4.06570258 2.33880069 4.637348   2.65806836 2.45712072]", "nit": "22"}, "21": {"maxiter": 1000, "gtol": 1e-10, "xrtol": 1e-05, "eps": 1e-10, "duration": 0.03526592254638672, "fun": "0.6152573066874651", "jac": "[ 0.00000000e+00  0.00000000e+00 -2.22044587e-06 -3.33066880e-06\n  2.22044587e-06  0.00000000e+00]", "hess_inv": "[[ 8.95071673 -1.94497559  0.87007276  0.22762872 -2.96304593  2.94964394]\n [-1.94497559  8.27983133 -1.73064589 -3.58565687  0.94588242 -1.68118346]\n [ 0.87007276 -1.73064589  5.46260959  1.5058368  -1.28346365 -0.59516579]\n [ 0.22762872 -3.58565687  1.5058368   7.34210054 -0.82219602  0.24935112]\n [-2.96304593  0.94588242 -1.28346365 -0.82219602  6.46235135 -0.22685369]\n [ 2.94964394 -1.68118346 -0.59516579  0.24935112 -0.22685369  6.37178948]]", "nfev": "203", "njev": "29", "status": "0", "success": "True", "message": "Optimization terminated successfully.", "x": "[1.5015983  4.0657056  2.33880022 4.63734071 2.65807726 2.45712279]", "nit": "22"}, "22": {"maxiter": 1000, "gtol": 1e-10, "xrtol": 1e-10, "eps": 1e-05, "duration": 0.03666806221008301, "fun": "0.615257306680993", "jac": "[ 0.00000000e+00  0.00000000e+00 -3.33066907e-11 -2.22044605e-11\n -2.22044605e-11 -2.22044605e-11]", "hess_inv": "[[ 8.61572851 -1.83746825  0.72608364  0.36803374 -3.29032708  2.76175944]\n [-1.83746825  8.36671547 -1.77868014 -3.68414929  1.20578081 -1.51467186]\n [ 0.72608364 -1.77868014  5.62507032  1.50274273 -1.49820498 -0.71310914]\n [ 0.36803374 -3.68414929  1.50274273  7.51205689 -0.82378548  0.27559796]\n [-3.29032708  1.20578081 -1.49820498 -0.82378548  6.69646753 -0.14329332]\n [ 2.76175944 -1.51467186 -0.71310914  0.27559796 -0.14329332  6.42178751]]", "nfev": "210", "njev": "30", "status": "0", "success": "True", "message": "Optimization terminated successfully.", "x": "[1.50159057 4.06570304 2.33880021 4.63734798 2.65806902 2.45712112]", "nit": "25"}, "23": {"maxiter": 1000, "gtol": 1e-10, "xrtol": 1e-10, "eps": 1e-10, "duration": 0.05207681655883789, "fun": "0.6152573066795259", "jac": "[2.22044587e-06 1.11022293e-06 0.00000000e+00 0.00000000e+00\n 2.22044587e-06 0.00000000e+00]", "hess_inv": "[[ 0.28542688 -0.64637907 -0.22947985  0.05500355 -0.23476625  0.27351927]\n [-0.64637907  2.68704178  0.38865608 -0.60912808  0.11321268 -0.81101048]\n [-0.22947985  0.38865608  0.99314772  0.27054747  0.2176459  -0.18169526]\n [ 0.05500355 -0.60912808  0.27054747  1.08807416  0.11543143  0.13343985]\n [-0.23476625  0.11321268  0.2176459   0.11543143  0.42828802 -0.2500613 ]\n [ 0.27351927 -0.81101048 -0.18169526  0.13343985 -0.2500613   0.38312798]]", "nfev": "301", "njev": "43", "status": "2", "success": "False", "message": "Desired error not necessarily achieved due to precision loss.", "x": "[1.50160014 4.06570893 2.33880227 4.63734842 2.65807743 2.4571238 ]", "nit": "29"}}, "cobyla": {"0": {"maxiter": 100, "tol": 1e-05, "catol": 1e-05, "duration": 0.016635894775390625, "x": "[1.50239622 4.06523165 2.33905866 4.6376772  2.65770715 2.45742053]", "status": "2", "success": "False", "message": "Maximum number of function evaluations has been exceeded.", "nfev": "100", "fun": "0.6152573508298469", "maxcv": "0.0"}, "1": {"maxiter": 100, "tol": 1e-05, "catol": 1e-10, "duration": 0.016536235809326172, "x": "[1.50239622 4.06523165 2.33905866 4.6376772  2.65770715 2.45742053]", "status": "2", "success": "False", "message": "Maximum number of function evaluations has been exceeded.", "nfev": "100", "fun": "0.6152573508298469", "maxcv": "0.0"}, "2": {"maxiter": 100, "tol": 1e-10, "catol": 1e-05, "duration": 0.01648402214050293, "x": "[1.50239622 4.06523165 2.33905866 4.6376772  2.65770715 2.45742053]", "status": "2", "success": "False", "message": "Maximum number of function evaluations has been exceeded.", "nfev": "100", "fun": "0.6152573508298469", "maxcv": "0.0"}, "3": {"maxiter": 100, "tol": 1e-10, "catol": 1e-10, "duration": 0.016618967056274414, "x": "[1.50239622 4.06523165 2.33905866 4.6376772  2.65770715 2.45742053]", "status": "2", "success": "False", "message": "Maximum number of function evaluations has been exceeded.", "nfev": "100", "fun": "0.6152573508298469", "maxcv": "0.0"}, "4": {"maxiter": 500, "tol": 1e-05, "catol": 1e-05, "duration": 0.025046110153198242, "x": "[1.50159786 4.06569747 2.33880702 4.63735672 2.65806685 2.45712573]", "status": "1", "success": "True", "message": "Optimization terminated successfully.", "nfev": "151", "fun": "0.6152573066736793", "maxcv": "0.0"}, "5": {"maxiter": 500, "tol": 1e-05, "catol": 1e-10, "duration": 0.025101900100708008, "x": "[1.50159786 4.06569747 2.33880702 4.63735672 2.65806685 2.45712573]", "status": "1", "success": "True", "message": "Optimization terminated successfully.", "nfev": "151", "fun": "0.6152573066736793", "maxcv": "0.0"}, "6": {"maxiter": 500, "tol": 1e-10, "catol": 1e-05, "duration": 0.04154491424560547, "x": "[1.50159717 4.06570353 2.33880472 4.63735294 2.65807126 2.45712786]", "status": "1", "success": "True", "message": "Optimization terminated successfully.", "nfev": "251", "fun": "0.615257306669596", "maxcv": "0.0"}, "7": {"maxiter": 500, "tol": 1e-10, "catol": 1e-10, "duration": 0.04157900810241699, "x": "[1.50159717 4.06570353 2.33880472 4.63735294 2.65807126 2.45712786]", "status": "1", "success": "True", "message": "Optimization terminated successfully.", "nfev": "251", "fun": "0.615257306669596", "maxcv": "0.0"}, "8": {"maxiter": 1000, "tol": 1e-05, "catol": 1e-05, "duration": 0.024988174438476562, "x": "[1.50159786 4.06569747 2.33880702 4.63735672 2.65806685 2.45712573]", "status": "1", "success": "True", "message": "Optimization terminated successfully.", "nfev": "151", "fun": "0.6152573066736793", "maxcv": "0.0"}, "9": {"maxiter": 1000, "tol": 1e-05, "catol": 1e-10, "duration": 0.0246579647064209, "x": "[1.50159786 4.06569747 2.33880702 4.63735672 2.65806685 2.45712573]", "status": "1", "success": "True", "message": "Optimization terminated successfully.", "nfev": "151", "fun": "0.6152573066736793", "maxcv": "0.0"}, "10": {"maxiter": 1000, "tol": 1e-10, "catol": 1e-05, "duration": 0.04089093208312988, "x": "[1.50159717 4.06570353 2.33880472 4.63735294 2.65807126 2.45712786]", "status": "1", "success": "True", "message": "Optimization terminated successfully.", "nfev": "251", "fun": "0.615257306669596", "maxcv": "0.0"}, "11": {"maxiter": 1000, "tol": 1e-10, "catol": 1e-10, "duration": 0.04091691970825195, "x": "[1.50159717 4.06570353 2.33880472 4.63735294 2.65807126 2.45712786]", "status": "1", "success": "True", "message": "Optimization terminated successfully.", "nfev": "251", "fun": "0.615257306669596", "maxcv": "0.0"}}, "dual_annealing_0": {"type": "gradient-free", "0": {"maxiter": 100, "duration": 0.2601661682128906, "success": "True", "status": "0", "x": "[1.10842401 0.02816672 4.40070765 1.78223967 2.76244798 5.33333646]", "fun": "0.5068972407075298", "nit": "100", "nfev": "1453", "njev": "36", "nhev": "0", "message": "['Maximum number of iteration reached']"}, "1": {"maxiter": 500, "duration": 1.091639757156372, "success": "True", "status": "0", "x": "[5.1748011  3.16974075 1.25912544 1.78222626 2.76247358 5.33338432]", "fun": "0.5068972408763829", "nit": "500", "nfev": "6141", "njev": "20", "nhev": "0", "message": "['Maximum number of iteration reached']"}, "2": {"maxiter": 1000, "duration": 2.1587259769439697, "success": "True", "status": "0", "x": "[1.10842163 0.02817512 4.40069849 1.7822558  2.7624765  5.33336952]", "fun": "0.5068972406208214", "nit": "1000", "nfev": "12085", "njev": "12", "nhev": "0", "message": "['Maximum number of iteration reached']"}, "bounds": [[0.0, 6.283185307179586], [0.0, 6.283185307179586], [0.0, 6.283185307179586], [0.0, 6.283185307179586], [0.0, 6.283185307179586], [0.0, 6.283185307179586]]}, "dual_annealing_1": {"type": "gradient-free", "0": {"maxiter": 100, "duration": 0.23742938041687012, "success": "True", "status": "0", "x": "[5.17477318 3.1697558  1.25911339 4.50093265 5.90406991 8.47494537]", "fun": "0.5068972405519855", "nit": "100", "nfev": "1369", "njev": "24", "nhev": "0", "message": "['Maximum number of iteration reached']"}, "1": {"maxiter": 500, "duration": 1.0711638927459717, "success": "True", "status": "0", "x": "[7.39162594 6.31133975 4.4006875  8.06542286 9.04566416 5.33338664]", "fun": "0.5068972408344599", "nit": "500", "nfev": "6134", "njev": "19", "nhev": "0", "message": "['Maximum number of iteration reached']"}, "2": {"maxiter": 1000, "duration": 2.3035731315612793, "success": "True", "status": "0", "x": "[5.1747927  3.16972775 7.54229929 4.50092389 5.90405822 8.47493788]", "fun": "0.5068972407090245", "nit": "1000", "nfev": "12253", "njev": "36", "nhev": "0", "message": "['Maximum number of iteration reached']"}, "bounds": [[0.0, 9.42477796076938], [0.0, 9.42477796076938], [0.0, 9.42477796076938], [0.0, 9.42477796076938], [0.0, 9.42477796076938], [0.0, 9.42477796076938]]}, "dual_annealing_2": {"type": "gradient-free", "0": {"maxiter": 100, "duration": 0.27335286140441895, "success": "True", "status": "0", "x": "[ 1.10840982  0.02817338 10.68388093  8.06543911  2.76249363 11.61655042]", "fun": "0.506897240640982", "nit": "100", "nfev": "1453", "njev": "36", "nhev": "0", "message": "['Maximum number of iteration reached']"}, "1": {"maxiter": 500, "duration": 1.1156690120697021, "success": "True", "status": "0", "x": "[ 5.17476099  3.16976061  1.25911203 10.78411097  5.90407151  2.19176201]", "fun": "0.5068972405718197", "nit": "500", "nfev": "6176", "njev": "25", "nhev": "0", "message": "['Maximum number of iteration reached']"}, "2": {"maxiter": 1000, "duration": 2.1894421577453613, "success": "True", "status": "0", "x": "[ 1.10841722  0.02816166 10.68389169  8.06544057  2.76247784 11.61651832]", "fun": "0.5068972405935932", "nit": "1000", "nfev": "12155", "njev": "22", "nhev": "0", "message": "['Maximum number of iteration reached']"}, "bounds": [[0.0, 12.566370614359172], [0.0, 12.566370614359172], [0.0, 12.566370614359172], [0.0, 12.566370614359172], [0.0, 12.566370614359172], [0.0, 12.566370614359172]]}, "dual_annealing_3": {"type": "gradient-free", "0": {"maxiter": 100, "duration": 0.22612285614013672, "success": "True", "status": "0", "x": "[-5.17476721 -6.25499552 -1.88250804  1.78228993  2.7625003   5.33335016]", "fun": "0.506897240935265", "nit": "100", "nfev": "1285", "njev": "12", "nhev": "0", "message": "['Maximum number of iteration reached']"}, "1": {"maxiter": 500, "duration": 1.0766568183898926, "success": "True", "status": "0", "x": "[-1.10841529 -3.11342736  1.25910793 -1.7822594  -0.37911256 -4.09143357]", "fun": "0.5068972405682985", "nit": "500", "nfev": "6134", "njev": "19", "nhev": "0", "message": "['Maximum number of iteration reached']"}, "2": {"maxiter": 1000, "duration": 2.2526581287384033, "success": "True", "status": "0", "x": "[-1.10842604 -3.1134275  -5.02406819  1.7822568   2.76246768 -0.94982657]", "fun": "0.5068972406009603", "nit": "1000", "nfev": "12232", "njev": "33", "nhev": "0", "message": "['Maximum number of iteration reached']"}, "bounds": [[-6.283185307179586, 6.283185307179586], [-6.283185307179586, 6.283185307179586], [-6.283185307179586, 6.283185307179586], [-6.283185307179586, 6.283185307179586], [-6.283185307179586, 6.283185307179586], [-6.283185307179586, 6.283185307179586]]}, "dual_annealing_4": {"type": "gradient-free", "0": {"maxiter": 100, "duration": 0.2560558319091797, "success": "True", "status": "0", "x": "[-1.10840801  3.16975542  7.54230086  8.06543139 -3.52071144  5.33334782]", "fun": "0.5068972405573918", "nit": "100", "nfev": "1306", "njev": "15", "nhev": "0", "message": "['Maximum number of iteration reached']"}, "1": {"maxiter": 500, "duration": 1.1518480777740479, "success": "True", "status": "0", "x": "[-1.10840664 -9.39661682  1.25911914  4.50093521 -6.66228331  2.19175481]", "fun": "0.5068972406070925", "nit": "500", "nfev": "6169", "njev": "24", "nhev": "0", "message": "['Maximum number of iteration reached']"}, "2": {"maxiter": 1000, "duration": 2.1956470012664795, "success": "True", "status": "0", "x": "[-7.39157311  3.16974433  7.54231286  1.78225449  9.04563987 -7.23302318]", "fun": "0.5068972406840654", "nit": "1000", "nfev": "12309", "njev": "44", "nhev": "0", "message": "['Maximum number of iteration reached']"}, "bounds": [[-9.42477796076938, 9.42477796076938], [-9.42477796076938, 9.42477796076938], [-9.42477796076938, 9.42477796076938], [-9.42477796076938, 9.42477796076938], [-9.42477796076938, 9.42477796076938], [-9.42477796076938, 9.42477796076938]]}, "dual_annealing_5": {"type": "gradient-free", "0": {"maxiter": 100, "duration": 0.2429492473602295, "success": "True", "status": "0", "x": "[ 11.45793837   9.45296726 -11.30725279 -10.78411324   9.04565924\n  11.61657003]", "fun": "0.5068972408492517", "nit": "100", "nfev": "1383", "njev": "26", "nhev": "0", "message": "['Maximum number of iteration reached']"}, "1": {"maxiter": 500, "duration": 1.1897227764129639, "success": "True", "status": "0", "x": "[-11.45796326 -12.53820105  -1.88246736   4.5009334   -0.37911963\n   8.47492694]", "fun": "0.5068972406045136", "nit": "500", "nfev": "6099", "njev": "14", "nhev": "0", "message": "['Maximum number of iteration reached']"}, "2": {"maxiter": 1000, "duration": 2.219985008239746, "success": "True", "status": "0", "x": "[ -7.39158493  -3.11342718 -11.30724798  -4.50092523  -3.52069987\n  -7.23301408]", "fun": "0.5068972406193353", "nit": "1000", "nfev": "12274", "njev": "39", "nhev": "0", "message": "['Maximum number of iteration reached']"}, "bounds": [[-12.566370614359172, 12.566370614359172], [-12.566370614359172, 12.566370614359172], [-12.566370614359172, 12.566370614359172], [-12.566370614359172, 12.566370614359172], [-12.566370614359172, 12.566370614359172], [-12.566370614359172, 12.566370614359172]]}}, "duration (s)": 115.26}