{"date": "2024/07/22/, 21:37:10", "conf_id": 2, "data_type": "random\n", "num_data_points": 1, "s_rank": 0, "unitary": "[[0.18663085-0.53122324j,-0.11886349-0.70040876j,0.28555095-0.02789305j,-0.12262021-0.2844587j],[-0.16702216+0.27758472j,0.27526351-0.29738586j,-0.01109314+0.22495461j,-0.77239203+0.28900673j],[0.61935415+0.12301792j,-0.31269928-0.03315917j,-0.61902762-0.19039079j,-0.27120731-0.0968989j],[0.42341754+0.0023929j,-0.05847358+0.47832119j,0.64900495-0.16218422j,-0.37182676-0.05229966j]]", "databatch_0": {"databatch": "[[[0.03295737+0.04137968j,0.01552371-0.01069846j,0.10604814-0.00721455j,-0.08606907-0.08819267j],[-0.00582368-0.16755208j,-0.05971444-0.002056j,-0.28362439-0.18175859j,0.05270892+0.38697193j],[-0.02675402-0.04052926j,-0.01506857+0.00851388j,-0.09755661-0.00206852j,0.07149257+0.08767339j],[-0.24612452-0.0240792j,-0.0146227+0.08691341j,-0.32093855+0.37935233j,0.57607701-0.00179106j]]]", "initial param values": "[2.37270685,1.7070464,3.77260868,0.76466817,5.16963517,5.28902219]", "bfgs": {"type": "gradient", "0": {"maxiter": 100, "gtol": 1e-05, "xrtol": 1e-05, "eps": 1e-05, "duration": 0.023957014083862305, "fun": "0.14839937637468648", "jac": "[ 4.25827151e-06  1.55410129e-06  1.71039849e-06 -6.52177201e-06\n -1.63746794e-07  1.03361764e-06]", "hess_inv": "[[ 5.07125076  0.98164     0.96453376  1.96208666 -2.4778368   0.08784082]\n [ 0.98164     2.73421458  0.53036754  1.94182244 -0.8415161   1.31133116]\n [ 0.96453376  0.53036754  4.06966634 -0.90873329 -3.63996831  2.45233602]\n [ 1.96208666  1.94182244 -0.90873329  4.74781165  0.10509445 -0.17562361]\n [-2.4778368  -0.8415161  -3.63996831  0.10509445  6.18892345 -2.25092701]\n [ 0.08784082  1.31133116  2.45233602 -0.17562361 -2.25092701  4.07736527]]", "nfev": "133", "njev": "19", "status": "0", "success": "True", "message": "Optimization terminated successfully.", "x": "[4.04680635 1.28818924 4.33548243 0.97023219 5.19778171 5.44366468]", "nit": "16"}, "1": {"maxiter": 100, "gtol": 1e-05, "xrtol": 1e-05, "eps": 1e-10, "duration": 0.023558855056762695, "fun": "0.14839937635164402", "jac": "[ 4.44089173e-06 -2.22044587e-06  1.11022293e-06 -4.44089173e-06\n  1.11022293e-06  2.22044587e-06]", "hess_inv": "[[ 5.11678001  0.99023337  0.97618725  2.00231304 -2.50273466  0.08184557]\n [ 0.99023337  2.72086241  0.53750577  1.94224719 -0.85407826  1.29990531]\n [ 0.97618725  0.53750577  4.06864683 -0.89373718 -3.64047348  2.4505219 ]\n [ 2.00231304  1.94224719 -0.89373718  4.78020456  0.07535272 -0.18362926]\n [-2.50273466 -0.85407826 -3.64047348  0.07535272  6.19448945 -2.24799884]\n [ 0.08184557  1.29990531  2.4505219  -0.18362926 -2.24799884  4.06718104]]", "nfev": "133", "njev": "19", "status": "0", "success": "True", "message": "Optimization terminated successfully.", "x": "[4.04682529 1.28824571 4.33552712 0.97025446 5.19777942 5.44364046]", "nit": "16"}, "2": {"maxiter": 100, "gtol": 1e-05, "xrtol": 1e-10, "eps": 1e-05, "duration": 0.02360701560974121, "fun": "0.14839937637468648", "jac": "[ 4.25827151e-06  1.55410129e-06  1.71039849e-06 -6.52177201e-06\n -1.63746794e-07  1.03361764e-06]", "hess_inv": "[[ 5.07125076  0.98164     0.96453376  1.96208666 -2.4778368   0.08784082]\n [ 0.98164     2.73421458  0.53036754  1.94182244 -0.8415161   1.31133116]\n [ 0.96453376  0.53036754  4.06966634 -0.90873329 -3.63996831  2.45233602]\n [ 1.96208666  1.94182244 -0.90873329  4.74781165  0.10509445 -0.17562361]\n [-2.4778368  -0.8415161  -3.63996831  0.10509445  6.18892345 -2.25092701]\n [ 0.08784082  1.31133116  2.45233602 -0.17562361 -2.25092701  4.07736527]]", "nfev": "133", "njev": "19", "status": "0", "success": "True", "message": "Optimization terminated successfully.", "x": "[4.04680635 1.28818924 4.33548243 0.97023219 5.19778171 5.44366468]", "nit": "16"}, "3": {"maxiter": 100, "gtol": 1e-05, "xrtol": 1e-10, "eps": 1e-10, "duration": 0.023485898971557617, "fun": "0.14839937635164402", "jac": "[ 4.44089173e-06 -2.22044587e-06  1.11022293e-06 -4.44089173e-06\n  1.11022293e-06  2.22044587e-06]", "hess_inv": "[[ 5.11678001  0.99023337  0.97618725  2.00231304 -2.50273466  0.08184557]\n [ 0.99023337  2.72086241  0.53750577  1.94224719 -0.85407826  1.29990531]\n [ 0.97618725  0.53750577  4.06864683 -0.89373718 -3.64047348  2.4505219 ]\n [ 2.00231304  1.94224719 -0.89373718  4.78020456  0.07535272 -0.18362926]\n [-2.50273466 -0.85407826 -3.64047348  0.07535272  6.19448945 -2.24799884]\n [ 0.08184557  1.29990531  2.4505219  -0.18362926 -2.24799884  4.06718104]]", "nfev": "133", "njev": "19", "status": "0", "success": "True", "message": "Optimization terminated successfully.", "x": "[4.04682529 1.28824571 4.33552712 0.97025446 5.19777942 5.44364046]", "nit": "16"}, "4": {"maxiter": 100, "gtol": 1e-10, "xrtol": 1e-05, "eps": 1e-05, "duration": 0.02477097511291504, "fun": "0.14839937624041588", "jac": "[-1.50505164e-06  4.50306459e-07  8.34865510e-07  7.35000949e-07\n -7.81297249e-07 -1.11352039e-06]", "hess_inv": "[[ 4.9462183   1.01024042  0.89592746  1.96829871 -2.38849024  0.10615575]\n [ 1.01024042  2.72806888  0.5515546   1.93233053 -0.86709382  1.31265673]\n [ 0.89592746  0.5515546   4.10814669 -1.01716054 -3.66216932  2.53880477]\n [ 1.96829871  1.93233053 -1.01716054  4.91180158  0.2052941  -0.28880136]\n [-2.38849024 -0.86709382 -3.66216932  0.2052941   6.19172001 -2.33551589]\n [ 0.10615575  1.31265673  2.53880477 -0.28880136 -2.33551589  4.15139683]]", "nfev": "140", "njev": "20", "status": "0", "success": "True", "message": "Optimization terminated successfully.", "x": "[4.04679452 1.28819086 4.33546087 0.97025491 5.19780426 5.44365129]", "nit": "17"}, "5": {"maxiter": 100, "gtol": 1e-10, "xrtol": 1e-05, "eps": 1e-10, "duration": 0.02465200424194336, "fun": "0.14839937624386068", "jac": "[2.22044587e-06 3.33066880e-06 5.55111466e-06 1.11022293e-06\n 0.00000000e+00 5.55111466e-06]", "hess_inv": "[[ 5.02075306  1.03497806  0.93221388  2.01971374 -2.45277161  0.09563226]\n [ 1.03497806  2.70552252  0.54268004  1.96357479 -0.86560136  1.27705666]\n [ 0.93221388  0.54268004  4.09108637 -0.96759785 -3.65027953  2.50249445]\n [ 2.01971374  1.96357479 -0.96759785  4.93432198  0.12911876 -0.27388197]\n [-2.45277161 -0.86560136 -3.65027953  0.12911876  6.19358605 -2.29022447]\n [ 0.09563226  1.27705666  2.50249445 -0.27388197 -2.29022447  4.11416727]]", "nfev": "140", "njev": "20", "status": "0", "success": "True", "message": "Optimization terminated successfully.", "x": "[4.04681573 1.28825336 4.33551384 0.9702733  5.19779122 5.44363228]", "nit": "17"}, "6": {"maxiter": 100, "gtol": 1e-10, "xrtol": 1e-10, "eps": 1e-05, "duration": 0.05901503562927246, "fun": "0.14839937623117883", "jac": "[ 4.94515540e-07  9.14346376e-07  7.18958226e-07 -5.93802785e-07\n  7.71060993e-07 -5.83744164e-07]", "hess_inv": "[[ 5.88406506 -2.84509039 -2.91327023  2.52839447 -2.96637666  3.88052909]\n [-2.84509039 12.47604346 10.45115362  1.37217487 -0.42707967 -8.2111083 ]\n [-2.91327023 10.45115362 14.34789907 -1.80755988 -3.37339664 -7.02922109]\n [ 2.52839447  1.37217487 -1.80755988  4.76503733  0.65186152  0.2036067 ]\n [-2.96637666 -0.42707967 -3.37339664  0.65186152  6.16234317 -2.89563782]\n [ 3.88052909 -8.2111083  -7.02922109  0.2036067  -2.89563782 13.50069581]]", "nfev": "340", "njev": "47", "status": "2", "success": "False", "message": "Desired error not necessarily achieved due to precision loss.", "x": "[4.04679815 1.28818798 4.33545645 0.97025458 5.19780694 5.44365351]", "nit": "19"}, "7": {"maxiter": 100, "gtol": 1e-10, "xrtol": 1e-10, "eps": 1e-10, "duration": 0.035386085510253906, "fun": "0.1483993762196596", "jac": "[1.11022293e-06 1.11022293e-06 4.44089173e-06 2.22044587e-06\n 1.11022293e-06 1.11022293e-06]", "hess_inv": "[[ 13.8544383   10.75096306  -6.54563176  22.85247111   7.66495817\n   -2.46905819]\n [ 10.75096306   8.83121807  -5.67202797  19.20643897   6.92211003\n   -1.90834654]\n [ -6.54563176  -5.67202797   4.18582715 -12.41973057  -4.80826751\n    1.02603552]\n [ 22.85247111  19.20643897 -12.41973057  44.30632323  15.59149934\n   -4.28023234]\n [  7.66495817   6.92211003  -4.80826751  15.59149934   6.19248347\n   -1.35032449]\n [ -2.46905819  -1.90834654   1.02603552  -4.28023234  -1.35032449\n    1.81825119]]", "nfev": "203", "njev": "29", "status": "2", "success": "False", "message": "Desired error not necessarily achieved due to precision loss.", "x": "[4.04680815 1.28824679 4.33551611 0.97026569 5.19779591 5.44362702]", "nit": "21"}, "8": {"maxiter": 500, "gtol": 1e-05, "xrtol": 1e-05, "eps": 1e-05, "duration": 0.02327704429626465, "fun": "0.14839937637468648", "jac": "[ 4.25827151e-06  1.55410129e-06  1.71039849e-06 -6.52177201e-06\n -1.63746794e-07  1.03361764e-06]", "hess_inv": "[[ 5.07125076  0.98164     0.96453376  1.96208666 -2.4778368   0.08784082]\n [ 0.98164     2.73421458  0.53036754  1.94182244 -0.8415161   1.31133116]\n [ 0.96453376  0.53036754  4.06966634 -0.90873329 -3.63996831  2.45233602]\n [ 1.96208666  1.94182244 -0.90873329  4.74781165  0.10509445 -0.17562361]\n [-2.4778368  -0.8415161  -3.63996831  0.10509445  6.18892345 -2.25092701]\n [ 0.08784082  1.31133116  2.45233602 -0.17562361 -2.25092701  4.07736527]]", "nfev": "133", "njev": "19", "status": "0", "success": "True", "message": "Optimization terminated successfully.", "x": "[4.04680635 1.28818924 4.33548243 0.97023219 5.19778171 5.44366468]", "nit": "16"}, "9": {"maxiter": 500, "gtol": 1e-05, "xrtol": 1e-05, "eps": 1e-10, "duration": 0.023283004760742188, "fun": "0.14839937635164402", "jac": "[ 4.44089173e-06 -2.22044587e-06  1.11022293e-06 -4.44089173e-06\n  1.11022293e-06  2.22044587e-06]", "hess_inv": "[[ 5.11678001  0.99023337  0.97618725  2.00231304 -2.50273466  0.08184557]\n [ 0.99023337  2.72086241  0.53750577  1.94224719 -0.85407826  1.29990531]\n [ 0.97618725  0.53750577  4.06864683 -0.89373718 -3.64047348  2.4505219 ]\n [ 2.00231304  1.94224719 -0.89373718  4.78020456  0.07535272 -0.18362926]\n [-2.50273466 -0.85407826 -3.64047348  0.07535272  6.19448945 -2.24799884]\n [ 0.08184557  1.29990531  2.4505219  -0.18362926 -2.24799884  4.06718104]]", "nfev": "133", "njev": "19", "status": "0", "success": "True", "message": "Optimization terminated successfully.", "x": "[4.04682529 1.28824571 4.33552712 0.97025446 5.19777942 5.44364046]", "nit": "16"}, "10": {"maxiter": 500, "gtol": 1e-05, "xrtol": 1e-10, "eps": 1e-05, "duration": 0.023296117782592773, "fun": "0.14839937637468648", "jac": "[ 4.25827151e-06  1.55410129e-06  1.71039849e-06 -6.52177201e-06\n -1.63746794e-07  1.03361764e-06]", "hess_inv": "[[ 5.07125076  0.98164     0.96453376  1.96208666 -2.4778368   0.08784082]\n [ 0.98164     2.73421458  0.53036754  1.94182244 -0.8415161   1.31133116]\n [ 0.96453376  0.53036754  4.06966634 -0.90873329 -3.63996831  2.45233602]\n [ 1.96208666  1.94182244 -0.90873329  4.74781165  0.10509445 -0.17562361]\n [-2.4778368  -0.8415161  -3.63996831  0.10509445  6.18892345 -2.25092701]\n [ 0.08784082  1.31133116  2.45233602 -0.17562361 -2.25092701  4.07736527]]", "nfev": "133", "njev": "19", "status": "0", "success": "True", "message": "Optimization terminated successfully.", "x": "[4.04680635 1.28818924 4.33548243 0.97023219 5.19778171 5.44366468]", "nit": "16"}, "11": {"maxiter": 500, "gtol": 1e-05, "xrtol": 1e-10, "eps": 1e-10, "duration": 0.023318052291870117, "fun": "0.14839937635164402", "jac": "[ 4.44089173e-06 -2.22044587e-06  1.11022293e-06 -4.44089173e-06\n  1.11022293e-06  2.22044587e-06]", "hess_inv": "[[ 5.11678001  0.99023337  0.97618725  2.00231304 -2.50273466  0.08184557]\n [ 0.99023337  2.72086241  0.53750577  1.94224719 -0.85407826  1.29990531]\n [ 0.97618725  0.53750577  4.06864683 -0.89373718 -3.64047348  2.4505219 ]\n [ 2.00231304  1.94224719 -0.89373718  4.78020456  0.07535272 -0.18362926]\n [-2.50273466 -0.85407826 -3.64047348  0.07535272  6.19448945 -2.24799884]\n [ 0.08184557  1.29990531  2.4505219  -0.18362926 -2.24799884  4.06718104]]", "nfev": "133", "njev": "19", "status": "0", "success": "True", "message": "Optimization terminated successfully.", "x": "[4.04682529 1.28824571 4.33552712 0.97025446 5.19777942 5.44364046]", "nit": "16"}, "12": {"maxiter": 500, "gtol": 1e-10, "xrtol": 1e-05, "eps": 1e-05, "duration": 0.024712800979614258, "fun": "0.14839937624041588", "jac": "[-1.50505164e-06  4.50306459e-07  8.34865510e-07  7.35000949e-07\n -7.81297249e-07 -1.11352039e-06]", "hess_inv": "[[ 4.9462183   1.01024042  0.89592746  1.96829871 -2.38849024  0.10615575]\n [ 1.01024042  2.72806888  0.5515546   1.93233053 -0.86709382  1.31265673]\n [ 0.89592746  0.5515546   4.10814669 -1.01716054 -3.66216932  2.53880477]\n [ 1.96829871  1.93233053 -1.01716054  4.91180158  0.2052941  -0.28880136]\n [-2.38849024 -0.86709382 -3.66216932  0.2052941   6.19172001 -2.33551589]\n [ 0.10615575  1.31265673  2.53880477 -0.28880136 -2.33551589  4.15139683]]", "nfev": "140", "njev": "20", "status": "0", "success": "True", "message": "Optimization terminated successfully.", "x": "[4.04679452 1.28819086 4.33546087 0.97025491 5.19780426 5.44365129]", "nit": "17"}, "13": {"maxiter": 500, "gtol": 1e-10, "xrtol": 1e-05, "eps": 1e-10, "duration": 0.024646997451782227, "fun": "0.14839937624386068", "jac": "[2.22044587e-06 3.33066880e-06 5.55111466e-06 1.11022293e-06\n 0.00000000e+00 5.55111466e-06]", "hess_inv": "[[ 5.02075306  1.03497806  0.93221388  2.01971374 -2.45277161  0.09563226]\n [ 1.03497806  2.70552252  0.54268004  1.96357479 -0.86560136  1.27705666]\n [ 0.93221388  0.54268004  4.09108637 -0.96759785 -3.65027953  2.50249445]\n [ 2.01971374  1.96357479 -0.96759785  4.93432198  0.12911876 -0.27388197]\n [-2.45277161 -0.86560136 -3.65027953  0.12911876  6.19358605 -2.29022447]\n [ 0.09563226  1.27705666  2.50249445 -0.27388197 -2.29022447  4.11416727]]", "nfev": "140", "njev": "20", "status": "0", "success": "True", "message": "Optimization terminated successfully.", "x": "[4.04681573 1.28825336 4.33551384 0.9702733  5.19779122 5.44363228]", "nit": "17"}, "14": {"maxiter": 500, "gtol": 1e-10, "xrtol": 1e-10, "eps": 1e-05, "duration": 0.05924415588378906, "fun": "0.14839937623117883", "jac": "[ 4.94515540e-07  9.14346376e-07  7.18958226e-07 -5.93802785e-07\n  7.71060993e-07 -5.83744164e-07]", "hess_inv": "[[ 5.88406506 -2.84509039 -2.91327023  2.52839447 -2.96637666  3.88052909]\n [-2.84509039 12.47604346 10.45115362  1.37217487 -0.42707967 -8.2111083 ]\n [-2.91327023 10.45115362 14.34789907 -1.80755988 -3.37339664 -7.02922109]\n [ 2.52839447  1.37217487 -1.80755988  4.76503733  0.65186152  0.2036067 ]\n [-2.96637666 -0.42707967 -3.37339664  0.65186152  6.16234317 -2.89563782]\n [ 3.88052909 -8.2111083  -7.02922109  0.2036067  -2.89563782 13.50069581]]", "nfev": "340", "njev": "47", "status": "2", "success": "False", "message": "Desired error not necessarily achieved due to precision loss.", "x": "[4.04679815 1.28818798 4.33545645 0.97025458 5.19780694 5.44365351]", "nit": "19"}, "15": {"maxiter": 500, "gtol": 1e-10, "xrtol": 1e-10, "eps": 1e-10, "duration": 0.035707950592041016, "fun": "0.1483993762196596", "jac": "[1.11022293e-06 1.11022293e-06 4.44089173e-06 2.22044587e-06\n 1.11022293e-06 1.11022293e-06]", "hess_inv": "[[ 13.8544383   10.75096306  -6.54563176  22.85247111   7.66495817\n   -2.46905819]\n [ 10.75096306   8.83121807  -5.67202797  19.20643897   6.92211003\n   -1.90834654]\n [ -6.54563176  -5.67202797   4.18582715 -12.41973057  -4.80826751\n    1.02603552]\n [ 22.85247111  19.20643897 -12.41973057  44.30632323  15.59149934\n   -4.28023234]\n [  7.66495817   6.92211003  -4.80826751  15.59149934   6.19248347\n   -1.35032449]\n [ -2.46905819  -1.90834654   1.02603552  -4.28023234  -1.35032449\n    1.81825119]]", "nfev": "203", "njev": "29", "status": "2", "success": "False", "message": "Desired error not necessarily achieved due to precision loss.", "x": "[4.04680815 1.28824679 4.33551611 0.97026569 5.19779591 5.44362702]", "nit": "21"}, "16": {"maxiter": 1000, "gtol": 1e-05, "xrtol": 1e-05, "eps": 1e-05, "duration": 0.023429155349731445, "fun": "0.14839937637468648", "jac": "[ 4.25827151e-06  1.55410129e-06  1.71039849e-06 -6.52177201e-06\n -1.63746794e-07  1.03361764e-06]", "hess_inv": "[[ 5.07125076  0.98164     0.96453376  1.96208666 -2.4778368   0.08784082]\n [ 0.98164     2.73421458  0.53036754  1.94182244 -0.8415161   1.31133116]\n [ 0.96453376  0.53036754  4.06966634 -0.90873329 -3.63996831  2.45233602]\n [ 1.96208666  1.94182244 -0.90873329  4.74781165  0.10509445 -0.17562361]\n [-2.4778368  -0.8415161  -3.63996831  0.10509445  6.18892345 -2.25092701]\n [ 0.08784082  1.31133116  2.45233602 -0.17562361 -2.25092701  4.07736527]]", "nfev": "133", "njev": "19", "status": "0", "success": "True", "message": "Optimization terminated successfully.", "x": "[4.04680635 1.28818924 4.33548243 0.97023219 5.19778171 5.44366468]", "nit": "16"}, "17": {"maxiter": 1000, "gtol": 1e-05, "xrtol": 1e-05, "eps": 1e-10, "duration": 0.02353692054748535, "fun": "0.14839937635164402", "jac": "[ 4.44089173e-06 -2.22044587e-06  1.11022293e-06 -4.44089173e-06\n  1.11022293e-06  2.22044587e-06]", "hess_inv": "[[ 5.11678001  0.99023337  0.97618725  2.00231304 -2.50273466  0.08184557]\n [ 0.99023337  2.72086241  0.53750577  1.94224719 -0.85407826  1.29990531]\n [ 0.97618725  0.53750577  4.06864683 -0.89373718 -3.64047348  2.4505219 ]\n [ 2.00231304  1.94224719 -0.89373718  4.78020456  0.07535272 -0.18362926]\n [-2.50273466 -0.85407826 -3.64047348  0.07535272  6.19448945 -2.24799884]\n [ 0.08184557  1.29990531  2.4505219  -0.18362926 -2.24799884  4.06718104]]", "nfev": "133", "njev": "19", "status": "0", "success": "True", "message": "Optimization terminated successfully.", "x": "[4.04682529 1.28824571 4.33552712 0.97025446 5.19777942 5.44364046]", "nit": "16"}, "18": {"maxiter": 1000, "gtol": 1e-05, "xrtol": 1e-10, "eps": 1e-05, "duration": 0.023517847061157227, "fun": "0.14839937637468648", "jac": "[ 4.25827151e-06  1.55410129e-06  1.71039849e-06 -6.52177201e-06\n -1.63746794e-07  1.03361764e-06]", "hess_inv": "[[ 5.07125076  0.98164     0.96453376  1.96208666 -2.4778368   0.08784082]\n [ 0.98164     2.73421458  0.53036754  1.94182244 -0.8415161   1.31133116]\n [ 0.96453376  0.53036754  4.06966634 -0.90873329 -3.63996831  2.45233602]\n [ 1.96208666  1.94182244 -0.90873329  4.74781165  0.10509445 -0.17562361]\n [-2.4778368  -0.8415161  -3.63996831  0.10509445  6.18892345 -2.25092701]\n [ 0.08784082  1.31133116  2.45233602 -0.17562361 -2.25092701  4.07736527]]", "nfev": "133", "njev": "19", "status": "0", "success": "True", "message": "Optimization terminated successfully.", "x": "[4.04680635 1.28818924 4.33548243 0.97023219 5.19778171 5.44366468]", "nit": "16"}, "19": {"maxiter": 1000, "gtol": 1e-05, "xrtol": 1e-10, "eps": 1e-10, "duration": 0.023530006408691406, "fun": "0.14839937635164402", "jac": "[ 4.44089173e-06 -2.22044587e-06  1.11022293e-06 -4.44089173e-06\n  1.11022293e-06  2.22044587e-06]", "hess_inv": "[[ 5.11678001  0.99023337  0.97618725  2.00231304 -2.50273466  0.08184557]\n [ 0.99023337  2.72086241  0.53750577  1.94224719 -0.85407826  1.29990531]\n [ 0.97618725  0.53750577  4.06864683 -0.89373718 -3.64047348  2.4505219 ]\n [ 2.00231304  1.94224719 -0.89373718  4.78020456  0.07535272 -0.18362926]\n [-2.50273466 -0.85407826 -3.64047348  0.07535272  6.19448945 -2.24799884]\n [ 0.08184557  1.29990531  2.4505219  -0.18362926 -2.24799884  4.06718104]]", "nfev": "133", "njev": "19", "status": "0", "success": "True", "message": "Optimization terminated successfully.", "x": "[4.04682529 1.28824571 4.33552712 0.97025446 5.19777942 5.44364046]", "nit": "16"}, "20": {"maxiter": 1000, "gtol": 1e-10, "xrtol": 1e-05, "eps": 1e-05, "duration": 0.02472400665283203, "fun": "0.14839937624041588", "jac": "[-1.50505164e-06  4.50306459e-07  8.34865510e-07  7.35000949e-07\n -7.81297249e-07 -1.11352039e-06]", "hess_inv": "[[ 4.9462183   1.01024042  0.89592746  1.96829871 -2.38849024  0.10615575]\n [ 1.01024042  2.72806888  0.5515546   1.93233053 -0.86709382  1.31265673]\n [ 0.89592746  0.5515546   4.10814669 -1.01716054 -3.66216932  2.53880477]\n [ 1.96829871  1.93233053 -1.01716054  4.91180158  0.2052941  -0.28880136]\n [-2.38849024 -0.86709382 -3.66216932  0.2052941   6.19172001 -2.33551589]\n [ 0.10615575  1.31265673  2.53880477 -0.28880136 -2.33551589  4.15139683]]", "nfev": "140", "njev": "20", "status": "0", "success": "True", "message": "Optimization terminated successfully.", "x": "[4.04679452 1.28819086 4.33546087 0.97025491 5.19780426 5.44365129]", "nit": "17"}, "21": {"maxiter": 1000, "gtol": 1e-10, "xrtol": 1e-05, "eps": 1e-10, "duration": 0.02489304542541504, "fun": "0.14839937624386068", "jac": "[2.22044587e-06 3.33066880e-06 5.55111466e-06 1.11022293e-06\n 0.00000000e+00 5.55111466e-06]", "hess_inv": "[[ 5.02075306  1.03497806  0.93221388  2.01971374 -2.45277161  0.09563226]\n [ 1.03497806  2.70552252  0.54268004  1.96357479 -0.86560136  1.27705666]\n [ 0.93221388  0.54268004  4.09108637 -0.96759785 -3.65027953  2.50249445]\n [ 2.01971374  1.96357479 -0.96759785  4.93432198  0.12911876 -0.27388197]\n [-2.45277161 -0.86560136 -3.65027953  0.12911876  6.19358605 -2.29022447]\n [ 0.09563226  1.27705666  2.50249445 -0.27388197 -2.29022447  4.11416727]]", "nfev": "140", "njev": "20", "status": "0", "success": "True", "message": "Optimization terminated successfully.", "x": "[4.04681573 1.28825336 4.33551384 0.9702733  5.19779122 5.44363228]", "nit": "17"}, "22": {"maxiter": 1000, "gtol": 1e-10, "xrtol": 1e-10, "eps": 1e-05, "duration": 0.05996894836425781, "fun": "0.14839937623117883", "jac": "[ 4.94515540e-07  9.14346376e-07  7.18958226e-07 -5.93802785e-07\n  7.71060993e-07 -5.83744164e-07]", "hess_inv": "[[ 5.88406506 -2.84509039 -2.91327023  2.52839447 -2.96637666  3.88052909]\n [-2.84509039 12.47604346 10.45115362  1.37217487 -0.42707967 -8.2111083 ]\n [-2.91327023 10.45115362 14.34789907 -1.80755988 -3.37339664 -7.02922109]\n [ 2.52839447  1.37217487 -1.80755988  4.76503733  0.65186152  0.2036067 ]\n [-2.96637666 -0.42707967 -3.37339664  0.65186152  6.16234317 -2.89563782]\n [ 3.88052909 -8.2111083  -7.02922109  0.2036067  -2.89563782 13.50069581]]", "nfev": "340", "njev": "47", "status": "2", "success": "False", "message": "Desired error not necessarily achieved due to precision loss.", "x": "[4.04679815 1.28818798 4.33545645 0.97025458 5.19780694 5.44365351]", "nit": "19"}, "23": {"maxiter": 1000, "gtol": 1e-10, "xrtol": 1e-10, "eps": 1e-10, "duration": 0.035994768142700195, "fun": "0.1483993762196596", "jac": "[1.11022293e-06 1.11022293e-06 4.44089173e-06 2.22044587e-06\n 1.11022293e-06 1.11022293e-06]", "hess_inv": "[[ 13.8544383   10.75096306  -6.54563176  22.85247111   7.66495817\n   -2.46905819]\n [ 10.75096306   8.83121807  -5.67202797  19.20643897   6.92211003\n   -1.90834654]\n [ -6.54563176  -5.67202797   4.18582715 -12.41973057  -4.80826751\n    1.02603552]\n [ 22.85247111  19.20643897 -12.41973057  44.30632323  15.59149934\n   -4.28023234]\n [  7.66495817   6.92211003  -4.80826751  15.59149934   6.19248347\n   -1.35032449]\n [ -2.46905819  -1.90834654   1.02603552  -4.28023234  -1.35032449\n    1.81825119]]", "nfev": "203", "njev": "29", "status": "2", "success": "False", "message": "Desired error not necessarily achieved due to precision loss.", "x": "[4.04680815 1.28824679 4.33551611 0.97026569 5.19779591 5.44362702]", "nit": "21"}}, "cobyla": {"0": {"maxiter": 100, "tol": 1e-05, "catol": 1e-05, "duration": 0.017030954360961914, "x": "[4.01167846 1.69560263 4.72181675 0.91030449 5.31271541 5.05315287]", "status": "2", "success": "False", "message": "Maximum number of function evaluations has been exceeded.", "nfev": "100", "fun": "0.1483996779928083", "maxcv": "0.0"}, "1": {"maxiter": 100, "tol": 1e-05, "catol": 1e-10, "duration": 0.01694321632385254, "x": "[4.01167846 1.69560263 4.72181675 0.91030449 5.31271541 5.05315287]", "status": "2", "success": "False", "message": "Maximum number of function evaluations has been exceeded.", "nfev": "100", "fun": "0.1483996779928083", "maxcv": "0.0"}, "2": {"maxiter": 100, "tol": 1e-10, "catol": 1e-05, "duration": 0.016895055770874023, "x": "[4.01167846 1.69560263 4.72181675 0.91030449 5.31271541 5.05315287]", "status": "2", "success": "False", "message": "Maximum number of function evaluations has been exceeded.", "nfev": "100", "fun": "0.1483996779928083", "maxcv": "0.0"}, "3": {"maxiter": 100, "tol": 1e-10, "catol": 1e-10, "duration": 0.01728200912475586, "x": "[4.01167846 1.69560263 4.72181675 0.91030449 5.31271541 5.05315287]", "status": "2", "success": "False", "message": "Maximum number of function evaluations has been exceeded.", "nfev": "100", "fun": "0.1483996779928083", "maxcv": "0.0"}, "4": {"maxiter": 500, "tol": 1e-05, "catol": 1e-05, "duration": 0.03290510177612305, "x": "[4.01017683 1.69565908 4.72100023 0.91047366 5.31428333 5.05258611]", "status": "1", "success": "True", "message": "Optimization terminated successfully.", "nfev": "195", "fun": "0.1483993762288811", "maxcv": "0.0"}, "5": {"maxiter": 500, "tol": 1e-05, "catol": 1e-10, "duration": 0.03300786018371582, "x": "[4.01017683 1.69565908 4.72100023 0.91047366 5.31428333 5.05258611]", "status": "1", "success": "True", "message": "Optimization terminated successfully.", "nfev": "195", "fun": "0.1483993762288811", "maxcv": "0.0"}, "6": {"maxiter": 500, "tol": 1e-10, "catol": 1e-05, "duration": 0.06071114540100098, "x": "[4.01017496 1.69564023 4.72098279 0.91047194 5.31429437 5.05257872]", "status": "1", "success": "True", "message": "Optimization terminated successfully.", "nfev": "359", "fun": "0.14839937618887833", "maxcv": "0.0"}, "7": {"maxiter": 500, "tol": 1e-10, "catol": 1e-10, "duration": 0.06049489974975586, "x": "[4.01017496 1.69564023 4.72098279 0.91047194 5.31429437 5.05257872]", "status": "1", "success": "True", "message": "Optimization terminated successfully.", "nfev": "359", "fun": "0.14839937618887833", "maxcv": "0.0"}, "8": {"maxiter": 1000, "tol": 1e-05, "catol": 1e-05, "duration": 0.032846689224243164, "x": "[4.01017683 1.69565908 4.72100023 0.91047366 5.31428333 5.05258611]", "status": "1", "success": "True", "message": "Optimization terminated successfully.", "nfev": "195", "fun": "0.1483993762288811", "maxcv": "0.0"}, "9": {"maxiter": 1000, "tol": 1e-05, "catol": 1e-10, "duration": 0.03273415565490723, "x": "[4.01017683 1.69565908 4.72100023 0.91047366 5.31428333 5.05258611]", "status": "1", "success": "True", "message": "Optimization terminated successfully.", "nfev": "195", "fun": "0.1483993762288811", "maxcv": "0.0"}, "10": {"maxiter": 1000, "tol": 1e-10, "catol": 1e-05, "duration": 0.05910897254943848, "x": "[4.01017496 1.69564023 4.72098279 0.91047194 5.31429437 5.05257872]", "status": "1", "success": "True", "message": "Optimization terminated successfully.", "nfev": "359", "fun": "0.14839937618887833", "maxcv": "0.0"}, "11": {"maxiter": 1000, "tol": 1e-10, "catol": 1e-10, "duration": 0.0594179630279541, "x": "[4.01017496 1.69564023 4.72098279 0.91047194 5.31429437 5.05257872]", "status": "1", "success": "True", "message": "Optimization terminated successfully.", "nfev": "359", "fun": "0.14839937618887833", "maxcv": "0.0"}}, "dual_annealing_0": {"type": "gradient-free", "0": {"maxiter": 100, "duration": 0.23647189140319824, "success": "True", "status": "0", "x": "[1.78527607 5.75250807 2.42223589 5.29983954 2.55771439 0.71835665]", "fun": "0.14839937619420507", "nit": "100", "nfev": "1327", "njev": "18", "nhev": "0", "message": "['Maximum number of iteration reached']"}, "1": {"maxiter": 500, "duration": 1.0811848640441895, "success": "True", "status": "0", "x": "[0.46050968 3.03906789 0.28428049 4.72426892 2.26125353 4.57366368]", "fun": "0.1483993762180249", "nit": "500", "nfev": "6113", "njev": "16", "nhev": "0", "message": "['Maximum number of iteration reached']"}, "2": {"maxiter": 1000, "duration": 2.130424737930298, "success": "True", "status": "0", "x": "[2.12176854 5.37016166 2.0800959  0.89835184 5.51641901 4.46420747]", "fun": "0.14839937649788615", "nit": "1000", "nfev": "12190", "njev": "27", "nhev": "0", "message": "['Maximum number of iteration reached']"}, "bounds": [[0.0, 6.283185307179586], [0.0, 6.283185307179586], [0.0, 6.283185307179586], [0.0, 6.283185307179586], [0.0, 6.283185307179586], [0.0, 6.283185307179586]]}, "dual_annealing_1": {"type": "gradient-free", "0": {"maxiter": 100, "duration": 0.2304549217224121, "success": "True", "status": "0", "x": "[0.60707423 0.08369608 2.74358692 7.69199299 5.73102399 8.78645937]", "fun": "0.1483993762756679", "nit": "100", "nfev": "1320", "njev": "17", "nhev": "0", "message": "['Maximum number of iteration reached']"}, "1": {"maxiter": 500, "duration": 1.0868000984191895, "success": "True", "status": "0", "x": "[7.10868075 3.25479896 0.26232051 7.80165986 5.27360694 1.04377854]", "fun": "0.14839937619233967", "nit": "500", "nfev": "6225", "njev": "32", "nhev": "0", "message": "['Maximum number of iteration reached']"}, "2": {"maxiter": 1000, "duration": 2.110646963119507, "success": "True", "status": "0", "x": "[4.88891661 0.37414641 3.53208276 7.64830042 5.12401733 6.7203679 ]", "fun": "0.14839937629352884", "nit": "1000", "nfev": "12092", "njev": "13", "nhev": "0", "message": "['Maximum number of iteration reached']"}, "bounds": [[0.0, 9.42477796076938], [0.0, 9.42477796076938], [0.0, 9.42477796076938], [0.0, 9.42477796076938], [0.0, 9.42477796076938], [0.0, 9.42477796076938]]}, "dual_annealing_2": {"type": "gradient-free", "0": {"maxiter": 100, "duration": 0.24331283569335938, "success": "True", "status": "0", "x": "[7.04611913e+00 8.75225385e-05 9.02684464e+00 4.92446626e+00\n 2.61915878e+00 5.80637449e+00]", "fun": "0.1483993763284427", "nit": "100", "nfev": "1411", "njev": "30", "nhev": "0", "message": "['Maximum number of iteration reached']"}, "1": {"maxiter": 500, "duration": 1.065133810043335, "success": "True", "status": "0", "x": "[ 4.33142077  7.04773639 10.13494474  7.41546939  5.0930364  12.3214188 ]", "fun": "0.14839937627398614", "nit": "500", "nfev": "6106", "njev": "15", "nhev": "0", "message": "['Maximum number of iteration reached']"}, "2": {"maxiter": 1000, "duration": 2.139272928237915, "success": "True", "status": "0", "x": "[ 1.61476146  9.92112367  6.76518878  7.56479635 11.37647931  0.18878513]", "fun": "0.1483993762491288", "nit": "1000", "nfev": "12092", "njev": "13", "nhev": "0", "message": "['Maximum number of iteration reached']"}, "bounds": [[0.0, 12.566370614359172], [0.0, 12.566370614359172], [0.0, 12.566370614359172], [0.0, 12.566370614359172], [0.0, 12.566370614359172], [0.0, 12.566370614359172]]}, "dual_annealing_3": {"type": "gradient-free", "0": {"maxiter": 100, "duration": 0.23407793045043945, "success": "True", "status": "0", "x": "[-1.21132077  2.93811806 -0.47476004  5.08819282  2.65532116 -6.28317512]", "fun": "0.14839937635695355", "nit": "100", "nfev": "1334", "njev": "19", "nhev": "0", "message": "['Maximum number of iteration reached']"}, "1": {"maxiter": 500, "duration": 1.055692195892334, "success": "True", "status": "0", "x": "[ 0.1849515   0.68565654 -3.92274292  1.51772614 -0.67392203 -4.24064158]", "fun": "0.14839937624906063", "nit": "500", "nfev": "6127", "njev": "18", "nhev": "0", "message": "['Maximum number of iteration reached']"}, "2": {"maxiter": 1000, "duration": 2.1379690170288086, "success": "True", "status": "0", "x": "[-2.2258446  -4.3070687   4.98596837 -0.89282766  2.27029908  1.62382267]", "fun": "0.14839937621619737", "nit": "1000", "nfev": "12099", "njev": "14", "nhev": "0", "message": "['Maximum number of iteration reached']"}, "bounds": [[-6.283185307179586, 6.283185307179586], [-6.283185307179586, 6.283185307179586], [-6.283185307179586, 6.283185307179586], [-6.283185307179586, 6.283185307179586], [-6.283185307179586, 6.283185307179586], [-6.283185307179586, 6.283185307179586]]}, "dual_annealing_4": {"type": "gradient-free", "0": {"maxiter": 100, "duration": 0.22945785522460938, "success": "True", "status": "0", "x": "[ 2.00027915 -2.32210553  0.75940563  7.39155571 -7.46650783 -6.60218378]", "fun": "0.1483993763056255", "nit": "100", "nfev": "1299", "njev": "14", "nhev": "0", "message": "['Maximum number of iteration reached']"}, "1": {"maxiter": 500, "duration": 1.074744701385498, "success": "True", "status": "0", "x": "[ 1.55823307 -6.66251877 -3.7377167  -7.34600028 -3.66273083 -5.87428788]", "fun": "0.1483993765206053", "nit": "500", "nfev": "6092", "njev": "13", "nhev": "0", "message": "['Maximum number of iteration reached']"}, "2": {"maxiter": 1000, "duration": 2.1146297454833984, "success": "True", "status": "0", "x": "[ 6.16406926 -7.58449843 -1.85682406  1.54249233 -7.01345826  1.86761646]", "fun": "0.1483993761952085", "nit": "1000", "nfev": "12141", "njev": "20", "nhev": "0", "message": "['Maximum number of iteration reached']"}, "bounds": [[-9.42477796076938, 9.42477796076938], [-9.42477796076938, 9.42477796076938], [-9.42477796076938, 9.42477796076938], [-9.42477796076938, 9.42477796076938], [-9.42477796076938, 9.42477796076938], [-9.42477796076938, 9.42477796076938]]}, "dual_annealing_5": {"type": "gradient-free", "0": {"maxiter": 100, "duration": 0.22832703590393066, "success": "True", "status": "0", "x": "[ 6.07332787 -2.55607224 -6.97860329  4.77097415 -3.80578305 -1.06743998]", "fun": "0.14839937621960952", "nit": "100", "nfev": "1306", "njev": "15", "nhev": "0", "message": "['Maximum number of iteration reached']"}, "1": {"maxiter": 500, "duration": 1.0862562656402588, "success": "True", "status": "0", "x": "[ -4.51985667  -2.54446587   0.56462886  -7.50222902 -10.62322064\n   9.43439389]", "fun": "0.1483993762291762", "nit": "500", "nfev": "6113", "njev": "16", "nhev": "0", "message": "['Maximum number of iteration reached']"}, "2": {"maxiter": 1000, "duration": 2.1702919006347656, "success": "True", "status": "0", "x": "[  6.1480168   11.59020049   4.12109365  -4.73604707  11.82130249\n -10.7430358 ]", "fun": "0.14839937630216726", "nit": "1000", "nfev": "12085", "njev": "12", "nhev": "0", "message": "['Maximum number of iteration reached']"}, "bounds": [[-12.566370614359172, 12.566370614359172], [-12.566370614359172, 12.566370614359172], [-12.566370614359172, 12.566370614359172], [-12.566370614359172, 12.566370614359172], [-12.566370614359172, 12.566370614359172], [-12.566370614359172, 12.566370614359172]]}}, "duration (s)": 113.14}