{"date": "2024/07/22/, 21:33:22", "conf_id": 0, "data_type": "random\n", "num_data_points": 1, "s_rank": 0, "unitary": "[[-0.45070455-0.02711853j,0.78437395-0.06613086j,0.06358678+0.19963393j,-0.07343613+0.35668523j],[-0.01890143-0.03813363j,0.32408202+0.25557629j,0.05872864-0.68979805j,0.55466693-0.20227297j],[-0.11215405+0.64023111j,-0.13344055+0.29565494j,-0.49012687-0.19046288j,-0.04241254+0.44046348j],[0.55771659+0.24656916j,0.31851997-0.05798805j,0.28761525-0.34294258j,-0.56718418+0.03616933j]]", "databatch_0": {"databatch": "[[[-0.11458899+0.03928362j,0.0435563+0.05453538j,0.02294759-0.11649752j,0.14355952+0.05525074j],[0.239814+0.27457382j,0.10239304-0.18339806j,-0.35068906+0.06859816j,-0.00938315-0.46283845j],[0.1138846+0.30497249j,0.14333106-0.12098589j,-0.31463533-0.05315627j,0.13796413-0.38968998j],[0.0272455-0.04205309j,-0.02810213-0.00661599j,0.02229414+0.04376376j,-0.06082023+0.01869768j]]]", "initial param values": "[3.84036093,0.74883515,4.6921503,2.47470673,4.85429791,3.59060114]", "bfgs": {"type": "gradient", "0": {"maxiter": 100, "gtol": 1e-05, "xrtol": 1e-05, "eps": 1e-05, "duration": 0.031342267990112305, "fun": "0.00012071700504001637", "jac": "[ 1.15535359e-06  5.59741142e-07 -1.30898625e-06 -1.42409418e-06\n  1.91888727e-06  2.58560950e-06]", "hess_inv": "[[ 2.21837034  0.89309281 -0.16177516 -1.15859412 -0.39197023 -0.33987204]\n [ 0.89309281  7.33429502 -0.62481342 -6.24927738 -0.42025002  0.11994784]\n [-0.16177516 -0.62481342  9.44098002  0.8563886  -2.95412489  5.620722  ]\n [-1.15859412 -6.24927738  0.8563886   7.24332623  0.36197165  0.14598241]\n [-0.39197023 -0.42025002 -2.95412489  0.36197165  2.0607998  -1.74431524]\n [-0.33987204  0.11994784  5.620722    0.14598241 -1.74431524  4.67120323]]", "nfev": "175", "njev": "25", "status": "0", "success": "True", "message": "Optimization terminated successfully.", "x": "[1.43040941 0.09320993 6.14468785 2.64623105 5.23353166 5.14152019]", "nit": "18"}, "1": {"maxiter": 100, "gtol": 1e-05, "xrtol": 1e-05, "eps": 1e-10, "duration": 0.030631065368652344, "fun": "0.00012071703177940485", "jac": "[-2.22044587e-06 -1.11022309e-06 -6.66133760e-06 -4.44089173e-06\n -3.33066880e-06  2.22044587e-06]", "hess_inv": "[[ 2.20375862  0.93189006 -0.03971456 -1.1834581  -0.406426   -0.27023744]\n [ 0.93189006  6.97837069 -0.74554909 -5.979824   -0.26160374  0.12115632]\n [-0.03971456 -0.74554909  8.84883546  0.78016424 -2.7118766   5.34905161]\n [-1.1834581  -5.979824    0.78016424  7.03090209  0.25464286  0.03573443]\n [-0.406426   -0.26160374 -2.7118766   0.25464286  1.96215256 -1.61583204]\n [-0.27023744  0.12115632  5.34905161  0.03573443 -1.61583204  4.56101929]]", "nfev": "175", "njev": "25", "status": "0", "success": "True", "message": "Optimization terminated successfully.", "x": "[1.43045193 0.09319994 6.14466852 2.64623145 5.23362609 5.14159294]", "nit": "18"}, "2": {"maxiter": 100, "gtol": 1e-05, "xrtol": 1e-10, "eps": 1e-05, "duration": 0.03128814697265625, "fun": "0.00012071700504001637", "jac": "[ 1.15535359e-06  5.59741142e-07 -1.30898625e-06 -1.42409418e-06\n  1.91888727e-06  2.58560950e-06]", "hess_inv": "[[ 2.21837034  0.89309281 -0.16177516 -1.15859412 -0.39197023 -0.33987204]\n [ 0.89309281  7.33429502 -0.62481342 -6.24927738 -0.42025002  0.11994784]\n [-0.16177516 -0.62481342  9.44098002  0.8563886  -2.95412489  5.620722  ]\n [-1.15859412 -6.24927738  0.8563886   7.24332623  0.36197165  0.14598241]\n [-0.39197023 -0.42025002 -2.95412489  0.36197165  2.0607998  -1.74431524]\n [-0.33987204  0.11994784  5.620722    0.14598241 -1.74431524  4.67120323]]", "nfev": "175", "njev": "25", "status": "0", "success": "True", "message": "Optimization terminated successfully.", "x": "[1.43040941 0.09320993 6.14468785 2.64623105 5.23353166 5.14152019]", "nit": "18"}, "3": {"maxiter": 100, "gtol": 1e-05, "xrtol": 1e-10, "eps": 1e-10, "duration": 0.030271053314208984, "fun": "0.00012071703177940485", "jac": "[-2.22044587e-06 -1.11022309e-06 -6.66133760e-06 -4.44089173e-06\n -3.33066880e-06  2.22044587e-06]", "hess_inv": "[[ 2.20375862  0.93189006 -0.03971456 -1.1834581  -0.406426   -0.27023744]\n [ 0.93189006  6.97837069 -0.74554909 -5.979824   -0.26160374  0.12115632]\n [-0.03971456 -0.74554909  8.84883546  0.78016424 -2.7118766   5.34905161]\n [-1.1834581  -5.979824    0.78016424  7.03090209  0.25464286  0.03573443]\n [-0.406426   -0.26160374 -2.7118766   0.25464286  1.96215256 -1.61583204]\n [-0.27023744  0.12115632  5.34905161  0.03573443 -1.61583204  4.56101929]]", "nfev": "175", "njev": "25", "status": "0", "success": "True", "message": "Optimization terminated successfully.", "x": "[1.43045193 0.09319994 6.14466852 2.64623145 5.23362609 5.14159294]", "nit": "18"}, "4": {"maxiter": 100, "gtol": 1e-10, "xrtol": 1e-05, "eps": 1e-05, "duration": 0.03310537338256836, "fun": "0.0001207169641874728", "jac": "[ 1.18700605e-06 -2.63455924e-08 -1.98463468e-07 -1.05859765e-07\n  2.56880073e-06  1.86652915e-06]", "hess_inv": "[[ 2.25547818  1.03217975 -0.30369227 -1.31399887 -0.35769306 -0.38407444]\n [ 1.03217975  7.82158963 -1.28093665 -6.80797777 -0.2759707  -0.12625305]\n [-0.30369227 -1.28093665  9.53047842  1.53753282 -3.02754364  5.49589449]\n [-1.31399887 -6.80797777  1.53753282  7.87752435  0.20737625  0.38738117]\n [-0.35769306 -0.2759707  -3.02754364  0.20737625  2.08512393 -1.74775267]\n [-0.38407444 -0.12625305  5.49589449  0.38738117 -1.74775267  4.53331566]]", "nfev": "182", "njev": "26", "status": "0", "success": "True", "message": "Optimization terminated successfully.", "x": "[1.43040564 0.09319384 6.14469518 2.64624821 5.23352908 5.14152008]", "nit": "19"}, "5": {"maxiter": 100, "gtol": 1e-10, "xrtol": 1e-05, "eps": 1e-10, "duration": 0.03180694580078125, "fun": "0.0001207169793739915", "jac": "[ 4.44089173e-06 -2.22044617e-06  4.44089173e-06  2.22044587e-06\n  2.22044587e-06 -2.22044587e-06]", "hess_inv": "[[ 2.167092    0.94264385 -0.12341554 -1.24828537 -0.37147704 -0.32394421]\n [ 0.94264385  8.11771246 -2.78092052 -7.38146407  0.14304489 -0.87490194]\n [-0.12341554 -2.78092052 12.37180169  3.19361664 -3.38015887  7.05074497]\n [-1.24828537 -7.38146407  3.19361664  8.68281798 -0.19947852  1.19892941]\n [-0.37147704  0.14304489 -3.38015887 -0.19947852  2.07951172 -1.93208105]\n [-0.32394421 -0.87490194  7.05074497  1.19892941 -1.93208105  5.37842566]]", "nfev": "182", "njev": "26", "status": "0", "success": "True", "message": "Optimization terminated successfully.", "x": "[1.4304509  0.09316216 6.14473484 2.64627699 5.23361324 5.14162516]", "nit": "19"}, "6": {"maxiter": 100, "gtol": 1e-10, "xrtol": 1e-10, "eps": 1e-05, "duration": 0.06722712516784668, "fun": "0.00012071696278437294", "jac": "[ 1.23216992e-06 -3.20976579e-07 -2.55351296e-09  3.86957133e-07\n  2.69358980e-06  1.67641456e-06]", "hess_inv": "[[ 3.86463476  2.90632301 -1.16782395 -3.54297775  2.48512277  2.01488669]\n [ 2.90632301  7.53969806 -1.54977551 -6.91821901  3.90597467  3.56696592]\n [-1.16782395 -1.54977551  9.67826496  1.9831176  -4.81225767  3.87236058]\n [-3.54297775 -6.91821901  1.9831176   8.45737648 -4.60870757 -3.84772486]\n [ 2.48512277  3.90597467 -4.81225767 -4.60870757  6.79951319  2.17437267]\n [ 2.01488669  3.56696592  3.87236058 -3.84772486  2.17437267  7.73583209]]", "nfev": "390", "njev": "54", "status": "2", "success": "False", "message": "Desired error not necessarily achieved due to precision loss.", "x": "[1.43040291 0.09318785 6.14469712 2.6462548  5.23352526 5.14151678]", "nit": "20"}, "7": {"maxiter": 100, "gtol": 1e-10, "xrtol": 1e-10, "eps": 1e-10, "duration": 0.05870175361633301, "fun": "0.00012071691489978775", "jac": "[ 2.22044587e-06  3.33066926e-06  2.22044587e-06  0.00000000e+00\n  2.22044587e-06 -2.22044587e-06]", "hess_inv": "[[ 2.10362964  1.41915231 -0.48678123 -1.6782177  -0.2843153  -0.43613128]\n [ 1.41915231  6.57208724 -3.4868369  -6.58435303  0.12225354 -1.690065  ]\n [-0.48678123 -3.4868369  16.20369431  4.88492389 -3.95004734  9.28082073]\n [-1.6782177  -6.58435303  4.88492389  8.69671396 -0.36623548  2.4510546 ]\n [-0.2843153   0.12225354 -3.95004734 -0.36623548  2.15741176 -2.29359782]\n [-0.43613128 -1.690065    9.28082073  2.4510546  -2.29359782  6.57880945]]", "nfev": "336", "njev": "48", "status": "0", "success": "True", "message": "Optimization terminated successfully.", "x": "[1.43044797 0.09318903 6.14470614 2.6462498  5.23361872 5.14161359]", "nit": "21"}, "8": {"maxiter": 500, "gtol": 1e-05, "xrtol": 1e-05, "eps": 1e-05, "duration": 0.03086996078491211, "fun": "0.00012071700504001637", "jac": "[ 1.15535359e-06  5.59741142e-07 -1.30898625e-06 -1.42409418e-06\n  1.91888727e-06  2.58560950e-06]", "hess_inv": "[[ 2.21837034  0.89309281 -0.16177516 -1.15859412 -0.39197023 -0.33987204]\n [ 0.89309281  7.33429502 -0.62481342 -6.24927738 -0.42025002  0.11994784]\n [-0.16177516 -0.62481342  9.44098002  0.8563886  -2.95412489  5.620722  ]\n [-1.15859412 -6.24927738  0.8563886   7.24332623  0.36197165  0.14598241]\n [-0.39197023 -0.42025002 -2.95412489  0.36197165  2.0607998  -1.74431524]\n [-0.33987204  0.11994784  5.620722    0.14598241 -1.74431524  4.67120323]]", "nfev": "175", "njev": "25", "status": "0", "success": "True", "message": "Optimization terminated successfully.", "x": "[1.43040941 0.09320993 6.14468785 2.64623105 5.23353166 5.14152019]", "nit": "18"}, "9": {"maxiter": 500, "gtol": 1e-05, "xrtol": 1e-05, "eps": 1e-10, "duration": 0.0312647819519043, "fun": "0.00012071703177940485", "jac": "[-2.22044587e-06 -1.11022309e-06 -6.66133760e-06 -4.44089173e-06\n -3.33066880e-06  2.22044587e-06]", "hess_inv": "[[ 2.20375862  0.93189006 -0.03971456 -1.1834581  -0.406426   -0.27023744]\n [ 0.93189006  6.97837069 -0.74554909 -5.979824   -0.26160374  0.12115632]\n [-0.03971456 -0.74554909  8.84883546  0.78016424 -2.7118766   5.34905161]\n [-1.1834581  -5.979824    0.78016424  7.03090209  0.25464286  0.03573443]\n [-0.406426   -0.26160374 -2.7118766   0.25464286  1.96215256 -1.61583204]\n [-0.27023744  0.12115632  5.34905161  0.03573443 -1.61583204  4.56101929]]", "nfev": "175", "njev": "25", "status": "0", "success": "True", "message": "Optimization terminated successfully.", "x": "[1.43045193 0.09319994 6.14466852 2.64623145 5.23362609 5.14159294]", "nit": "18"}, "10": {"maxiter": 500, "gtol": 1e-05, "xrtol": 1e-10, "eps": 1e-05, "duration": 0.030930042266845703, "fun": "0.00012071700504001637", "jac": "[ 1.15535359e-06  5.59741142e-07 -1.30898625e-06 -1.42409418e-06\n  1.91888727e-06  2.58560950e-06]", "hess_inv": "[[ 2.21837034  0.89309281 -0.16177516 -1.15859412 -0.39197023 -0.33987204]\n [ 0.89309281  7.33429502 -0.62481342 -6.24927738 -0.42025002  0.11994784]\n [-0.16177516 -0.62481342  9.44098002  0.8563886  -2.95412489  5.620722  ]\n [-1.15859412 -6.24927738  0.8563886   7.24332623  0.36197165  0.14598241]\n [-0.39197023 -0.42025002 -2.95412489  0.36197165  2.0607998  -1.74431524]\n [-0.33987204  0.11994784  5.620722    0.14598241 -1.74431524  4.67120323]]", "nfev": "175", "njev": "25", "status": "0", "success": "True", "message": "Optimization terminated successfully.", "x": "[1.43040941 0.09320993 6.14468785 2.64623105 5.23353166 5.14152019]", "nit": "18"}, "11": {"maxiter": 500, "gtol": 1e-05, "xrtol": 1e-10, "eps": 1e-10, "duration": 0.030900001525878906, "fun": "0.00012071703177940485", "jac": "[-2.22044587e-06 -1.11022309e-06 -6.66133760e-06 -4.44089173e-06\n -3.33066880e-06  2.22044587e-06]", "hess_inv": "[[ 2.20375862  0.93189006 -0.03971456 -1.1834581  -0.406426   -0.27023744]\n [ 0.93189006  6.97837069 -0.74554909 -5.979824   -0.26160374  0.12115632]\n [-0.03971456 -0.74554909  8.84883546  0.78016424 -2.7118766   5.34905161]\n [-1.1834581  -5.979824    0.78016424  7.03090209  0.25464286  0.03573443]\n [-0.406426   -0.26160374 -2.7118766   0.25464286  1.96215256 -1.61583204]\n [-0.27023744  0.12115632  5.34905161  0.03573443 -1.61583204  4.56101929]]", "nfev": "175", "njev": "25", "status": "0", "success": "True", "message": "Optimization terminated successfully.", "x": "[1.43045193 0.09319994 6.14466852 2.64623145 5.23362609 5.14159294]", "nit": "18"}, "12": {"maxiter": 500, "gtol": 1e-10, "xrtol": 1e-05, "eps": 1e-05, "duration": 0.03221607208251953, "fun": "0.0001207169641874728", "jac": "[ 1.18700605e-06 -2.63455924e-08 -1.98463468e-07 -1.05859765e-07\n  2.56880073e-06  1.86652915e-06]", "hess_inv": "[[ 2.25547818  1.03217975 -0.30369227 -1.31399887 -0.35769306 -0.38407444]\n [ 1.03217975  7.82158963 -1.28093665 -6.80797777 -0.2759707  -0.12625305]\n [-0.30369227 -1.28093665  9.53047842  1.53753282 -3.02754364  5.49589449]\n [-1.31399887 -6.80797777  1.53753282  7.87752435  0.20737625  0.38738117]\n [-0.35769306 -0.2759707  -3.02754364  0.20737625  2.08512393 -1.74775267]\n [-0.38407444 -0.12625305  5.49589449  0.38738117 -1.74775267  4.53331566]]", "nfev": "182", "njev": "26", "status": "0", "success": "True", "message": "Optimization terminated successfully.", "x": "[1.43040564 0.09319384 6.14469518 2.64624821 5.23352908 5.14152008]", "nit": "19"}, "13": {"maxiter": 500, "gtol": 1e-10, "xrtol": 1e-05, "eps": 1e-10, "duration": 0.032204627990722656, "fun": "0.0001207169793739915", "jac": "[ 4.44089173e-06 -2.22044617e-06  4.44089173e-06  2.22044587e-06\n  2.22044587e-06 -2.22044587e-06]", "hess_inv": "[[ 2.167092    0.94264385 -0.12341554 -1.24828537 -0.37147704 -0.32394421]\n [ 0.94264385  8.11771246 -2.78092052 -7.38146407  0.14304489 -0.87490194]\n [-0.12341554 -2.78092052 12.37180169  3.19361664 -3.38015887  7.05074497]\n [-1.24828537 -7.38146407  3.19361664  8.68281798 -0.19947852  1.19892941]\n [-0.37147704  0.14304489 -3.38015887 -0.19947852  2.07951172 -1.93208105]\n [-0.32394421 -0.87490194  7.05074497  1.19892941 -1.93208105  5.37842566]]", "nfev": "182", "njev": "26", "status": "0", "success": "True", "message": "Optimization terminated successfully.", "x": "[1.4304509  0.09316216 6.14473484 2.64627699 5.23361324 5.14162516]", "nit": "19"}, "14": {"maxiter": 500, "gtol": 1e-10, "xrtol": 1e-10, "eps": 1e-05, "duration": 0.06909918785095215, "fun": "0.00012071696278437294", "jac": "[ 1.23216992e-06 -3.20976579e-07 -2.55351296e-09  3.86957133e-07\n  2.69358980e-06  1.67641456e-06]", "hess_inv": "[[ 3.86463476  2.90632301 -1.16782395 -3.54297775  2.48512277  2.01488669]\n [ 2.90632301  7.53969806 -1.54977551 -6.91821901  3.90597467  3.56696592]\n [-1.16782395 -1.54977551  9.67826496  1.9831176  -4.81225767  3.87236058]\n [-3.54297775 -6.91821901  1.9831176   8.45737648 -4.60870757 -3.84772486]\n [ 2.48512277  3.90597467 -4.81225767 -4.60870757  6.79951319  2.17437267]\n [ 2.01488669  3.56696592  3.87236058 -3.84772486  2.17437267  7.73583209]]", "nfev": "390", "njev": "54", "status": "2", "success": "False", "message": "Desired error not necessarily achieved due to precision loss.", "x": "[1.43040291 0.09318785 6.14469712 2.6462548  5.23352526 5.14151678]", "nit": "20"}, "15": {"maxiter": 500, "gtol": 1e-10, "xrtol": 1e-10, "eps": 1e-10, "duration": 0.05926871299743652, "fun": "0.00012071691489978775", "jac": "[ 2.22044587e-06  3.33066926e-06  2.22044587e-06  0.00000000e+00\n  2.22044587e-06 -2.22044587e-06]", "hess_inv": "[[ 2.10362964  1.41915231 -0.48678123 -1.6782177  -0.2843153  -0.43613128]\n [ 1.41915231  6.57208724 -3.4868369  -6.58435303  0.12225354 -1.690065  ]\n [-0.48678123 -3.4868369  16.20369431  4.88492389 -3.95004734  9.28082073]\n [-1.6782177  -6.58435303  4.88492389  8.69671396 -0.36623548  2.4510546 ]\n [-0.2843153   0.12225354 -3.95004734 -0.36623548  2.15741176 -2.29359782]\n [-0.43613128 -1.690065    9.28082073  2.4510546  -2.29359782  6.57880945]]", "nfev": "336", "njev": "48", "status": "0", "success": "True", "message": "Optimization terminated successfully.", "x": "[1.43044797 0.09318903 6.14470614 2.6462498  5.23361872 5.14161359]", "nit": "21"}, "16": {"maxiter": 1000, "gtol": 1e-05, "xrtol": 1e-05, "eps": 1e-05, "duration": 0.031115055084228516, "fun": "0.00012071700504001637", "jac": "[ 1.15535359e-06  5.59741142e-07 -1.30898625e-06 -1.42409418e-06\n  1.91888727e-06  2.58560950e-06]", "hess_inv": "[[ 2.21837034  0.89309281 -0.16177516 -1.15859412 -0.39197023 -0.33987204]\n [ 0.89309281  7.33429502 -0.62481342 -6.24927738 -0.42025002  0.11994784]\n [-0.16177516 -0.62481342  9.44098002  0.8563886  -2.95412489  5.620722  ]\n [-1.15859412 -6.24927738  0.8563886   7.24332623  0.36197165  0.14598241]\n [-0.39197023 -0.42025002 -2.95412489  0.36197165  2.0607998  -1.74431524]\n [-0.33987204  0.11994784  5.620722    0.14598241 -1.74431524  4.67120323]]", "nfev": "175", "njev": "25", "status": "0", "success": "True", "message": "Optimization terminated successfully.", "x": "[1.43040941 0.09320993 6.14468785 2.64623105 5.23353166 5.14152019]", "nit": "18"}, "17": {"maxiter": 1000, "gtol": 1e-05, "xrtol": 1e-05, "eps": 1e-10, "duration": 0.031200885772705078, "fun": "0.00012071703177940485", "jac": "[-2.22044587e-06 -1.11022309e-06 -6.66133760e-06 -4.44089173e-06\n -3.33066880e-06  2.22044587e-06]", "hess_inv": "[[ 2.20375862  0.93189006 -0.03971456 -1.1834581  -0.406426   -0.27023744]\n [ 0.93189006  6.97837069 -0.74554909 -5.979824   -0.26160374  0.12115632]\n [-0.03971456 -0.74554909  8.84883546  0.78016424 -2.7118766   5.34905161]\n [-1.1834581  -5.979824    0.78016424  7.03090209  0.25464286  0.03573443]\n [-0.406426   -0.26160374 -2.7118766   0.25464286  1.96215256 -1.61583204]\n [-0.27023744  0.12115632  5.34905161  0.03573443 -1.61583204  4.56101929]]", "nfev": "175", "njev": "25", "status": "0", "success": "True", "message": "Optimization terminated successfully.", "x": "[1.43045193 0.09319994 6.14466852 2.64623145 5.23362609 5.14159294]", "nit": "18"}, "18": {"maxiter": 1000, "gtol": 1e-05, "xrtol": 1e-10, "eps": 1e-05, "duration": 0.031162023544311523, "fun": "0.00012071700504001637", "jac": "[ 1.15535359e-06  5.59741142e-07 -1.30898625e-06 -1.42409418e-06\n  1.91888727e-06  2.58560950e-06]", "hess_inv": "[[ 2.21837034  0.89309281 -0.16177516 -1.15859412 -0.39197023 -0.33987204]\n [ 0.89309281  7.33429502 -0.62481342 -6.24927738 -0.42025002  0.11994784]\n [-0.16177516 -0.62481342  9.44098002  0.8563886  -2.95412489  5.620722  ]\n [-1.15859412 -6.24927738  0.8563886   7.24332623  0.36197165  0.14598241]\n [-0.39197023 -0.42025002 -2.95412489  0.36197165  2.0607998  -1.74431524]\n [-0.33987204  0.11994784  5.620722    0.14598241 -1.74431524  4.67120323]]", "nfev": "175", "njev": "25", "status": "0", "success": "True", "message": "Optimization terminated successfully.", "x": "[1.43040941 0.09320993 6.14468785 2.64623105 5.23353166 5.14152019]", "nit": "18"}, "19": {"maxiter": 1000, "gtol": 1e-05, "xrtol": 1e-10, "eps": 1e-10, "duration": 0.031327009201049805, "fun": "0.00012071703177940485", "jac": "[-2.22044587e-06 -1.11022309e-06 -6.66133760e-06 -4.44089173e-06\n -3.33066880e-06  2.22044587e-06]", "hess_inv": "[[ 2.20375862  0.93189006 -0.03971456 -1.1834581  -0.406426   -0.27023744]\n [ 0.93189006  6.97837069 -0.74554909 -5.979824   -0.26160374  0.12115632]\n [-0.03971456 -0.74554909  8.84883546  0.78016424 -2.7118766   5.34905161]\n [-1.1834581  -5.979824    0.78016424  7.03090209  0.25464286  0.03573443]\n [-0.406426   -0.26160374 -2.7118766   0.25464286  1.96215256 -1.61583204]\n [-0.27023744  0.12115632  5.34905161  0.03573443 -1.61583204  4.56101929]]", "nfev": "175", "njev": "25", "status": "0", "success": "True", "message": "Optimization terminated successfully.", "x": "[1.43045193 0.09319994 6.14466852 2.64623145 5.23362609 5.14159294]", "nit": "18"}, "20": {"maxiter": 1000, "gtol": 1e-10, "xrtol": 1e-05, "eps": 1e-05, "duration": 0.03258013725280762, "fun": "0.0001207169641874728", "jac": "[ 1.18700605e-06 -2.63455924e-08 -1.98463468e-07 -1.05859765e-07\n  2.56880073e-06  1.86652915e-06]", "hess_inv": "[[ 2.25547818  1.03217975 -0.30369227 -1.31399887 -0.35769306 -0.38407444]\n [ 1.03217975  7.82158963 -1.28093665 -6.80797777 -0.2759707  -0.12625305]\n [-0.30369227 -1.28093665  9.53047842  1.53753282 -3.02754364  5.49589449]\n [-1.31399887 -6.80797777  1.53753282  7.87752435  0.20737625  0.38738117]\n [-0.35769306 -0.2759707  -3.02754364  0.20737625  2.08512393 -1.74775267]\n [-0.38407444 -0.12625305  5.49589449  0.38738117 -1.74775267  4.53331566]]", "nfev": "182", "njev": "26", "status": "0", "success": "True", "message": "Optimization terminated successfully.", "x": "[1.43040564 0.09319384 6.14469518 2.64624821 5.23352908 5.14152008]", "nit": "19"}, "21": {"maxiter": 1000, "gtol": 1e-10, "xrtol": 1e-05, "eps": 1e-10, "duration": 0.03271341323852539, "fun": "0.0001207169793739915", "jac": "[ 4.44089173e-06 -2.22044617e-06  4.44089173e-06  2.22044587e-06\n  2.22044587e-06 -2.22044587e-06]", "hess_inv": "[[ 2.167092    0.94264385 -0.12341554 -1.24828537 -0.37147704 -0.32394421]\n [ 0.94264385  8.11771246 -2.78092052 -7.38146407  0.14304489 -0.87490194]\n [-0.12341554 -2.78092052 12.37180169  3.19361664 -3.38015887  7.05074497]\n [-1.24828537 -7.38146407  3.19361664  8.68281798 -0.19947852  1.19892941]\n [-0.37147704  0.14304489 -3.38015887 -0.19947852  2.07951172 -1.93208105]\n [-0.32394421 -0.87490194  7.05074497  1.19892941 -1.93208105  5.37842566]]", "nfev": "182", "njev": "26", "status": "0", "success": "True", "message": "Optimization terminated successfully.", "x": "[1.4304509  0.09316216 6.14473484 2.64627699 5.23361324 5.14162516]", "nit": "19"}, "22": {"maxiter": 1000, "gtol": 1e-10, "xrtol": 1e-10, "eps": 1e-05, "duration": 0.0699620246887207, "fun": "0.00012071696278437294", "jac": "[ 1.23216992e-06 -3.20976579e-07 -2.55351296e-09  3.86957133e-07\n  2.69358980e-06  1.67641456e-06]", "hess_inv": "[[ 3.86463476  2.90632301 -1.16782395 -3.54297775  2.48512277  2.01488669]\n [ 2.90632301  7.53969806 -1.54977551 -6.91821901  3.90597467  3.56696592]\n [-1.16782395 -1.54977551  9.67826496  1.9831176  -4.81225767  3.87236058]\n [-3.54297775 -6.91821901  1.9831176   8.45737648 -4.60870757 -3.84772486]\n [ 2.48512277  3.90597467 -4.81225767 -4.60870757  6.79951319  2.17437267]\n [ 2.01488669  3.56696592  3.87236058 -3.84772486  2.17437267  7.73583209]]", "nfev": "390", "njev": "54", "status": "2", "success": "False", "message": "Desired error not necessarily achieved due to precision loss.", "x": "[1.43040291 0.09318785 6.14469712 2.6462548  5.23352526 5.14151678]", "nit": "20"}, "23": {"maxiter": 1000, "gtol": 1e-10, "xrtol": 1e-10, "eps": 1e-10, "duration": 0.060504913330078125, "fun": "0.00012071691489978775", "jac": "[ 2.22044587e-06  3.33066926e-06  2.22044587e-06  0.00000000e+00\n  2.22044587e-06 -2.22044587e-06]", "hess_inv": "[[ 2.10362964  1.41915231 -0.48678123 -1.6782177  -0.2843153  -0.43613128]\n [ 1.41915231  6.57208724 -3.4868369  -6.58435303  0.12225354 -1.690065  ]\n [-0.48678123 -3.4868369  16.20369431  4.88492389 -3.95004734  9.28082073]\n [-1.6782177  -6.58435303  4.88492389  8.69671396 -0.36623548  2.4510546 ]\n [-0.2843153   0.12225354 -3.95004734 -0.36623548  2.15741176 -2.29359782]\n [-0.43613128 -1.690065    9.28082073  2.4510546  -2.29359782  6.57880945]]", "nfev": "336", "njev": "48", "status": "0", "success": "True", "message": "Optimization terminated successfully.", "x": "[1.43044797 0.09318903 6.14470614 2.6462498  5.23361872 5.14161359]", "nit": "21"}}, "cobyla": {"0": {"maxiter": 100, "tol": 1e-05, "catol": 1e-05, "duration": 0.017335891723632812, "x": "[6.12808516 1.19001194 5.76865122 1.58780842 3.48772983 4.33513097]", "status": "2", "success": "False", "message": "Maximum number of function evaluations has been exceeded.", "nfev": "100", "fun": "0.001231238050958705", "maxcv": "0.0"}, "1": {"maxiter": 100, "tol": 1e-05, "catol": 1e-10, "duration": 0.0172269344329834, "x": "[6.12808516 1.19001194 5.76865122 1.58780842 3.48772983 4.33513097]", "status": "2", "success": "False", "message": "Maximum number of function evaluations has been exceeded.", "nfev": "100", "fun": "0.001231238050958705", "maxcv": "0.0"}, "2": {"maxiter": 100, "tol": 1e-10, "catol": 1e-05, "duration": 0.017212867736816406, "x": "[6.12808516 1.19001194 5.76865122 1.58780842 3.48772983 4.33513097]", "status": "2", "success": "False", "message": "Maximum number of function evaluations has been exceeded.", "nfev": "100", "fun": "0.001231238050958705", "maxcv": "0.0"}, "3": {"maxiter": 100, "tol": 1e-10, "catol": 1e-10, "duration": 0.01725316047668457, "x": "[6.12808516 1.19001194 5.76865122 1.58780842 3.48772983 4.33513097]", "status": "2", "success": "False", "message": "Maximum number of function evaluations has been exceeded.", "nfev": "100", "fun": "0.001231238050958705", "maxcv": "0.0"}, "4": {"maxiter": 500, "tol": 1e-05, "catol": 1e-05, "duration": 0.08604073524475098, "x": "[6.19636624 1.09060891 5.71689213 1.61908283 3.57642078 4.21306686]", "status": "2", "success": "False", "message": "Maximum number of function evaluations has been exceeded.", "nfev": "500", "fun": "0.00012097084190765273", "maxcv": "0.0"}, "5": {"maxiter": 500, "tol": 1e-05, "catol": 1e-10, "duration": 0.08605694770812988, "x": "[6.19636624 1.09060891 5.71689213 1.61908283 3.57642078 4.21306686]", "status": "2", "success": "False", "message": "Maximum number of function evaluations has been exceeded.", "nfev": "500", "fun": "0.00012097084190765273", "maxcv": "0.0"}, "6": {"maxiter": 500, "tol": 1e-10, "catol": 1e-05, "duration": 0.08463573455810547, "x": "[6.19636624 1.09060891 5.71689213 1.61908283 3.57642078 4.21306686]", "status": "2", "success": "False", "message": "Maximum number of function evaluations has been exceeded.", "nfev": "500", "fun": "0.00012097084190765273", "maxcv": "0.0"}, "7": {"maxiter": 500, "tol": 1e-10, "catol": 1e-10, "duration": 0.0830070972442627, "x": "[6.19636624 1.09060891 5.71689213 1.61908283 3.57642078 4.21306686]", "status": "2", "success": "False", "message": "Maximum number of function evaluations has been exceeded.", "nfev": "500", "fun": "0.00012097084190765273", "maxcv": "0.0"}, "8": {"maxiter": 1000, "tol": 1e-05, "catol": 1e-05, "duration": 0.13518309593200684, "x": "[6.19933185 1.08973436 5.71668477 1.62031164 3.57949243 4.21278099]", "status": "1", "success": "True", "message": "Optimization terminated successfully.", "nfev": "818", "fun": "0.00012071725123063981", "maxcv": "0.0"}, "9": {"maxiter": 1000, "tol": 1e-05, "catol": 1e-10, "duration": 0.13484787940979004, "x": "[6.19933185 1.08973436 5.71668477 1.62031164 3.57949243 4.21278099]", "status": "1", "success": "True", "message": "Optimization terminated successfully.", "nfev": "818", "fun": "0.00012071725123063981", "maxcv": "0.0"}, "10": {"maxiter": 1000, "tol": 1e-10, "catol": 1e-05, "duration": 0.16459894180297852, "x": "[6.1994023  1.08971964 5.71667968 1.62033455 3.57955489 4.21276203]", "status": "2", "success": "False", "message": "Maximum number of function evaluations has been exceeded.", "nfev": "1000", "fun": "0.00012071694283710688", "maxcv": "0.0"}, "11": {"maxiter": 1000, "tol": 1e-10, "catol": 1e-10, "duration": 0.17036199569702148, "x": "[6.1994023  1.08971964 5.71667968 1.62033455 3.57955489 4.21276203]", "status": "2", "success": "False", "message": "Maximum number of function evaluations has been exceeded.", "nfev": "1000", "fun": "0.00012071694283710688", "maxcv": "0.0"}}, "dual_annealing_0": {"type": "gradient-free", "0": {"maxiter": 100, "duration": 0.23372387886047363, "success": "True", "status": "0", "x": "[0.         2.02884369 4.75727851 1.64919767 3.65672981 4.21351882]", "fun": "0.0002833600547419435", "nit": "100", "nfev": "1306", "njev": "15", "nhev": "0", "message": "['Maximum number of iteration reached']"}, "1": {"maxiter": 500, "duration": 1.1050376892089844, "success": "True", "status": "0", "x": "[6.22563295 2.3695705  4.40937743 4.58827592 0.49055025 1.06444033]", "fun": "0.00012071837753580006", "nit": "500", "nfev": "6211", "njev": "30", "nhev": "0", "message": "['Maximum number of iteration reached']"}, "2": {"maxiter": 1000, "duration": 2.253408908843994, "success": "True", "status": "0", "x": "[0.05391458 5.3047576  1.47808111 1.68458561 3.62491797 4.20682573]", "fun": "0.00012071694374915509", "nit": "1000", "nfev": "12120", "njev": "17", "nhev": "0", "message": "['Maximum number of iteration reached']"}, "bounds": [[0.0, 6.283185307179586], [0.0, 6.283185307179586], [0.0, 6.283185307179586], [0.0, 6.283185307179586], [0.0, 6.283185307179586], [0.0, 6.283185307179586]]}, "dual_annealing_1": {"type": "gradient-free", "0": {"maxiter": 100, "duration": 0.239548921585083, "success": "True", "status": "0", "x": "[0.06700518 5.76428918 7.29221328 7.99384313 3.64326801 4.20526395]", "fun": "0.00012071699315030493", "nit": "100", "nfev": "1313", "njev": "16", "nhev": "0", "message": "['Maximum number of iteration reached']"}, "1": {"maxiter": 500, "duration": 1.1418278217315674, "success": "True", "status": "0", "x": "[3.78425829 8.60545826 8.32136406 1.78780959 0.54928386 6.13159877]", "fun": "0.00012071705331540006", "nit": "500", "nfev": "6176", "njev": "25", "nhev": "0", "message": "['Maximum number of iteration reached']"}, "2": {"maxiter": 1000, "duration": 2.23988676071167, "success": "True", "status": "0", "x": "[5.41810821 3.33727561 3.16042942 3.89593964 1.11973559 7.54345923]", "fun": "0.00012071693074744427", "nit": "1000", "nfev": "12337", "njev": "48", "nhev": "0", "message": "['Maximum number of iteration reached']"}, "bounds": [[0.0, 9.42477796076938], [0.0, 9.42477796076938], [0.0, 9.42477796076938], [0.0, 9.42477796076938], [0.0, 9.42477796076938], [0.0, 9.42477796076938]]}, "dual_annealing_2": {"type": "gradient-free", "0": {"maxiter": 100, "duration": 0.24159502983093262, "success": "True", "status": "0", "x": "[10.13455329  7.68472277  7.3838516  11.25815203  4.04716697  2.90618484]", "fun": "0.0001207169121197893", "nit": "100", "nfev": "1306", "njev": "15", "nhev": "0", "message": "['Maximum number of iteration reached']"}, "1": {"maxiter": 500, "duration": 1.1043548583984375, "success": "True", "status": "0", "x": "[ 0.98345684 10.03764207  9.64998541  7.20215805  2.87637467  4.57101177]", "fun": "0.00012071691295545417", "nit": "500", "nfev": "6106", "njev": "15", "nhev": "0", "message": "['Maximum number of iteration reached']"}, "2": {"maxiter": 1000, "duration": 2.1199700832366943, "success": "True", "status": "0", "x": "[ 7.12588012  3.73659685  3.32941282  1.00856417  9.30370057 10.75353845]", "fun": "0.00012071690958881387", "nit": "1000", "nfev": "12106", "njev": "15", "nhev": "0", "message": "['Maximum number of iteration reached']"}, "bounds": [[0.0, 12.566370614359172], [0.0, 12.566370614359172], [0.0, 12.566370614359172], [0.0, 12.566370614359172], [0.0, 12.566370614359172], [0.0, 12.566370614359172]]}, "dual_annealing_3": {"type": "gradient-free", "0": {"maxiter": 100, "duration": 0.262631893157959, "success": "True", "status": "0", "x": "[-0.07146749 -3.5850029   4.07292115 -4.56661763  3.64743872 -2.07826623]", "fun": "0.0001207169498637084", "nit": "100", "nfev": "1327", "njev": "18", "nhev": "0", "message": "['Maximum number of iteration reached']"}, "1": {"maxiter": 500, "duration": 1.151474952697754, "success": "True", "status": "0", "x": "[-1.03694006 -5.6623037   0.23932472 -5.39492213 -3.4672315   4.61534395]", "fun": "0.00012071696302740076", "nit": "500", "nfev": "6148", "njev": "21", "nhev": "0", "message": "['Maximum number of iteration reached']"}, "2": {"maxiter": 1000, "duration": 2.195770025253296, "success": "True", "status": "0", "x": "[-5.79222692 -6.0697551   0.13400568  2.09011935  3.93012027  4.24216025]", "fun": "0.00012071691506365667", "nit": "1000", "nfev": "12169", "njev": "24", "nhev": "0", "message": "['Maximum number of iteration reached']"}, "bounds": [[-6.283185307179586, 6.283185307179586], [-6.283185307179586, 6.283185307179586], [-6.283185307179586, 6.283185307179586], [-6.283185307179586, 6.283185307179586], [-6.283185307179586, 6.283185307179586], [-6.283185307179586, 6.283185307179586]]}, "dual_annealing_4": {"type": "gradient-free", "0": {"maxiter": 100, "duration": 0.22926998138427734, "success": "True", "status": "0", "x": "[ 1.04773522 -8.8022312  -2.89940297 -0.88230562  5.9449393   7.76631982]", "fun": "0.00012071693103554715", "nit": "100", "nfev": "1306", "njev": "15", "nhev": "0", "message": "['Maximum number of iteration reached']"}, "1": {"maxiter": 500, "duration": 1.058481216430664, "success": "True", "status": "0", "x": "[ 6.341471   -7.02664035  1.23874854  4.58670552  0.49169239 -5.21874221]", "fun": "0.00012071692169890458", "nit": "500", "nfev": "6113", "njev": "16", "nhev": "0", "message": "['Maximum number of iteration reached']"}, "2": {"maxiter": 1000, "duration": 2.1822898387908936, "success": "True", "status": "0", "x": "[-3.98232466  4.31844506 -2.27194465 -1.1482412   4.1984946  -3.45445095]", "fun": "0.00012071703908178577", "nit": "1000", "nfev": "12176", "njev": "25", "nhev": "0", "message": "['Maximum number of iteration reached']"}, "bounds": [[-9.42477796076938, 9.42477796076938], [-9.42477796076938, 9.42477796076938], [-9.42477796076938, 9.42477796076938], [-9.42477796076938, 9.42477796076938], [-9.42477796076938, 9.42477796076938], [-9.42477796076938, 9.42477796076938]]}, "dual_annealing_5": {"type": "gradient-free", "0": {"maxiter": 100, "duration": 0.2547602653503418, "success": "True", "status": "0", "x": "[ 6.42229333 -0.01271445 -5.80778665  1.78543723 -2.58706992 10.48652474]", "fun": "0.00012071833572746549", "nit": "100", "nfev": "1404", "njev": "29", "nhev": "0", "message": "['Maximum number of iteration reached']"}, "1": {"maxiter": 500, "duration": 1.0851459503173828, "success": "True", "status": "0", "x": "[-7.81009292  3.20901654 -3.31172293 -2.63949296  8.59390839 -4.10375357]", "fun": "0.00012071720694228905", "nit": "500", "nfev": "6113", "njev": "16", "nhev": "0", "message": "['Maximum number of iteration reached']"}, "2": {"maxiter": 1000, "duration": 2.253535032272339, "success": "True", "status": "0", "x": "[-6.21852268  4.49998683  2.29778232  4.63936539  0.45464426  7.35184913]", "fun": "0.00012071705751226514", "nit": "1000", "nfev": "12288", "njev": "41", "nhev": "0", "message": "['Maximum number of iteration reached']"}, "bounds": [[-12.566370614359172, 12.566370614359172], [-12.566370614359172, 12.566370614359172], [-12.566370614359172, 12.566370614359172], [-12.566370614359172, 12.566370614359172], [-12.566370614359172, 12.566370614359172], [-12.566370614359172, 12.566370614359172]]}}, "duration (s)": 115.58}