{"date": "2024/07/22/, 22:31:21", "conf_id": 30, "data_type": "random\n", "num_data_points": 2, "s_rank": 0, "unitary": "[[-0.45070455-0.02711853j,0.78437395-0.06613086j,0.06358678+0.19963393j,-0.07343613+0.35668523j],[-0.01890143-0.03813363j,0.32408202+0.25557629j,0.05872864-0.68979805j,0.55466693-0.20227297j],[-0.11215405+0.64023111j,-0.13344055+0.29565494j,-0.49012687-0.19046288j,-0.04241254+0.44046348j],[0.55771659+0.24656916j,0.31851997-0.05798805j,0.28761525-0.34294258j,-0.56718418+0.03616933j]]", "databatch_0": {"databatch": "[[[-0.10593666-0.17723121j,-0.29669621-0.10607942j,-0.21888379-0.04192092j,0.14931144-0.31538708j],[0.11996781-0.1402852j,0.00827368+0.32391837j,0.02672356-0.09787446j,0.06603538-0.02800184j],[0.242482-0.04415524j,0.17817783-0.05748749j,-0.29531801-0.00947368j,0.14908492-0.24848011j],[0.23789056-0.33558078j,-0.01522738+0.07792244j,0.25072452-0.01969918j,0.02792497+0.1598162j]],[[0.12106418+0.01478304j,0.15773165-0.42859052j,-0.00877621-0.21682976j,0.08973294+0.12590858j],[-0.03130416-0.04452231j,-0.12836399-0.05366584j,0.05716207-0.00535587j,0.00240225+0.0571994j],[-0.17821317+0.06211227j,0.1157934+0.0144499j,0.04029442-0.28422183j,0.32505084-0.05510499j],[-0.27528895+0.10569198j,-0.05586289+0.3874206j,-0.01331875-0.23626866j,0.33906898-0.15872028j]]]", "initial param values": "[3.08115939,2.92504437,3.82313629,0.28630903,5.67667251,6.10598373]", "bfgs": {"type": "gradient", "0": {"maxiter": 100, "gtol": 1e-05, "xrtol": 1e-05, "eps": 1e-05, "duration": 0.04633212089538574, "fun": "0.3856442060156313", "jac": "[-6.83577639e-06 -1.14247167e-05  1.56789359e-05 -2.76916379e-05\n  1.42425072e-05  2.94738678e-06]", "hess_inv": "[[ 3.85938008 -0.10336299  0.15483492 -0.39309154  1.0982809  -0.37679176]\n [-0.10336299  3.41452109 -0.14436827 -0.39088997  1.17197733  0.41016642]\n [ 0.15483492 -0.14436827  6.30963684  1.92805134 -1.00719044 -4.77305901]\n [-0.39309154 -0.39088997  1.92805134  2.76499236  0.35844574 -1.09487949]\n [ 1.0982809   1.17197733 -1.00719044  0.35844574  4.30277544  2.36187875]\n [-0.37679176  0.41016642 -4.77305901 -1.09487949  2.36187875  7.64971683]]", "nfev": "273", "njev": "39", "status": "0", "success": "True", "message": "Optimization terminated successfully.", "x": "[ 1.35908852  1.05743119  7.15711807  2.06783119  4.06211946 10.65286625]", "nit": "30"}, "1": {"maxiter": 100, "gtol": 1e-05, "xrtol": 1e-05, "eps": 1e-10, "duration": 0.042748212814331055, "fun": "0.3856442194651435", "jac": "[-2.22044587e-05 -4.44089173e-05  4.44089173e-05 -4.21884714e-05\n  8.88178346e-06 -8.88178346e-06]", "hess_inv": "[[ 3.81734968 -0.31701351  0.51380637 -0.77649325  1.29898464 -0.42281258]\n [-0.31701351  2.7216742   1.28633903 -0.42282337  0.25173549 -1.14943933]\n [ 0.51380637  1.28633903  4.34842964  2.32308721 -0.58497347 -3.18901304]\n [-0.77649325 -0.42282337  2.32308721  4.34653897 -1.07868719 -2.28712107]\n [ 1.29898464  0.25173549 -0.58497347 -1.07868719  6.09099075  3.11573843]\n [-0.42281258 -1.14943933 -3.18901304 -2.28712107  3.11573843  7.42008245]]", "nfev": "252", "njev": "36", "status": "0", "success": "True", "message": "Optimization terminated successfully.", "x": "[ 1.35902912  1.05727296  7.15738091  2.06781671  4.06202622 10.65265382]", "nit": "27"}, "2": {"maxiter": 100, "gtol": 1e-05, "xrtol": 1e-10, "eps": 1e-05, "duration": 0.04882097244262695, "fun": "0.3856442025260124", "jac": "[-4.00877109e-06 -8.83404461e-07 -6.62259136e-07  1.27453603e-08\n  4.46155335e-06 -4.19664303e-09]", "hess_inv": "[[ 3.60147355 -0.09944384  0.01695119 -0.59935964  1.65832301  0.11495654]\n [-0.09944384  3.67628904 -0.50613811  0.41973698  0.6362368   0.14631554]\n [ 0.01695119 -0.50613811  6.74157544  0.69518771  0.02540368 -4.1534582 ]\n [-0.59935964  0.41973698  0.69518771  5.07799452 -0.80488683 -1.47981311]\n [ 1.65832301  0.6362368   0.02540368 -0.80488683  4.13069882  1.79544816]\n [ 0.11495654  0.14631554 -4.1534582  -1.47981311  1.79544816  6.95060624]]", "nfev": "287", "njev": "41", "status": "0", "success": "True", "message": "Optimization terminated successfully.", "x": "[ 1.35907118  1.05748258  7.15703783  2.06797744  4.06205125 10.65284679]", "nit": "32"}, "3": {"maxiter": 100, "gtol": 1e-05, "xrtol": 1e-10, "eps": 1e-10, "duration": 0.04626011848449707, "fun": "0.3856442025421484", "jac": "[2.22044587e-06 1.11022293e-06 1.11022293e-06 4.44089173e-06\n 2.22044587e-06 2.22044587e-06]", "hess_inv": "[[ 3.93867444e+00  9.28505841e-02 -3.58909709e-01 -4.33352035e-01\n   1.35751095e+00  2.87236836e-02]\n [ 9.28505841e-02  3.83437497e+00 -8.48977252e-01  3.88172027e-01\n   4.97609799e-01  6.78478812e-03]\n [-3.58909709e-01 -8.48977252e-01  6.99965546e+00  5.95572318e-01\n  -1.59049743e+00 -5.42586276e+00]\n [-4.33352035e-01  3.88172027e-01  5.95572318e-01  4.67848208e+00\n  -1.13548824e+00 -1.72797861e+00]\n [ 1.35751095e+00  4.97609799e-01 -1.59049743e+00 -1.13548824e+00\n   5.69197758e+00  3.03663840e+00]\n [ 2.87236836e-02  6.78478812e-03 -5.42586276e+00 -1.72797861e+00\n   3.03663840e+00  8.17211965e+00]]", "nfev": "273", "njev": "39", "status": "0", "success": "True", "message": "Optimization terminated successfully.", "x": "[ 1.3590998   1.05749543  7.15705069  2.06799838  4.06206675 10.65284826]", "nit": "30"}, "4": {"maxiter": 100, "gtol": 1e-10, "xrtol": 1e-05, "eps": 1e-05, "duration": 0.04628252983093262, "fun": "0.3856442060156313", "jac": "[-6.83577639e-06 -1.14247167e-05  1.56789359e-05 -2.76916379e-05\n  1.42425072e-05  2.94738678e-06]", "hess_inv": "[[ 3.85938008 -0.10336299  0.15483492 -0.39309154  1.0982809  -0.37679176]\n [-0.10336299  3.41452109 -0.14436827 -0.39088997  1.17197733  0.41016642]\n [ 0.15483492 -0.14436827  6.30963684  1.92805134 -1.00719044 -4.77305901]\n [-0.39309154 -0.39088997  1.92805134  2.76499236  0.35844574 -1.09487949]\n [ 1.0982809   1.17197733 -1.00719044  0.35844574  4.30277544  2.36187875]\n [-0.37679176  0.41016642 -4.77305901 -1.09487949  2.36187875  7.64971683]]", "nfev": "273", "njev": "39", "status": "0", "success": "True", "message": "Optimization terminated successfully.", "x": "[ 1.35908852  1.05743119  7.15711807  2.06783119  4.06211946 10.65286625]", "nit": "30"}, "5": {"maxiter": 100, "gtol": 1e-10, "xrtol": 1e-05, "eps": 1e-10, "duration": 0.04260587692260742, "fun": "0.3856442194651435", "jac": "[-2.22044587e-05 -4.44089173e-05  4.44089173e-05 -4.21884714e-05\n  8.88178346e-06 -8.88178346e-06]", "hess_inv": "[[ 3.81734968 -0.31701351  0.51380637 -0.77649325  1.29898464 -0.42281258]\n [-0.31701351  2.7216742   1.28633903 -0.42282337  0.25173549 -1.14943933]\n [ 0.51380637  1.28633903  4.34842964  2.32308721 -0.58497347 -3.18901304]\n [-0.77649325 -0.42282337  2.32308721  4.34653897 -1.07868719 -2.28712107]\n [ 1.29898464  0.25173549 -0.58497347 -1.07868719  6.09099075  3.11573843]\n [-0.42281258 -1.14943933 -3.18901304 -2.28712107  3.11573843  7.42008245]]", "nfev": "252", "njev": "36", "status": "0", "success": "True", "message": "Optimization terminated successfully.", "x": "[ 1.35902912  1.05727296  7.15738091  2.06781671  4.06202622 10.65265382]", "nit": "27"}, "6": {"maxiter": 100, "gtol": 1e-10, "xrtol": 1e-10, "eps": 1e-05, "duration": 0.07273507118225098, "fun": "0.3856442024849782", "jac": "[-4.53603821e-07  1.39777079e-08 -2.80997448e-07  3.45667939e-07\n  4.09150491e-07 -4.53415083e-08]", "hess_inv": "[[ 3.94794741 -0.11615762  0.21286375 -0.53277352  1.13648109 -0.35946739]\n [-0.11615762  3.65953597 -0.49102162  0.36985433  0.68837142  0.17920958]\n [ 0.21286375 -0.49102162  6.8179833   0.79821447 -0.30748042 -4.43579787]\n [-0.53277352  0.36985433  0.79821447  4.97026118 -0.83750112 -1.54778501]\n [ 1.13648109  0.68837142 -0.30748042 -0.83750112  4.87978513  2.4984815 ]\n [-0.35946739  0.17920958 -4.43579787 -1.54778501  2.4984815   7.59780578]]", "nfev": "425", "njev": "59", "status": "2", "success": "False", "message": "Desired error not necessarily achieved due to precision loss.", "x": "[ 1.35908049  1.05748275  7.15704225  2.06798192  4.06203509 10.65283268]", "nit": "34"}, "7": {"maxiter": 100, "gtol": 1e-10, "xrtol": 1e-10, "eps": 1e-10, "duration": 0.06232118606567383, "fun": "0.3856442024583071", "jac": "[-1.11022293e-06  1.11022293e-06  0.00000000e+00  1.11022293e-06\n  0.00000000e+00  0.00000000e+00]", "hess_inv": "[[12.31118076  7.48043684  4.02986927  5.45069459 17.74021768  7.01456026]\n [ 7.48043684  9.85341896  2.86962751  6.09081857 16.0696918   6.50468755]\n [ 4.02986927  2.86962751  8.80384723  4.28784793  6.91077715 -1.6291246 ]\n [ 5.45069459  6.09081857  4.28784793  6.77991947 10.31119827  3.00083441]\n [17.74021768 16.0696918   6.91077715 10.31119827 34.44923949 15.87326148]\n [ 7.01456026  6.50468755 -1.6291246   3.00083441 15.87326148 13.74042401]]", "nfev": "364", "njev": "52", "status": "0", "success": "True", "message": "Optimization terminated successfully.", "x": "[ 1.35909004  1.05748931  7.15704576  2.0679811   4.06204661 10.65284002]", "nit": "33"}, "8": {"maxiter": 500, "gtol": 1e-05, "xrtol": 1e-05, "eps": 1e-05, "duration": 0.04677772521972656, "fun": "0.3856442060156313", "jac": "[-6.83577639e-06 -1.14247167e-05  1.56789359e-05 -2.76916379e-05\n  1.42425072e-05  2.94738678e-06]", "hess_inv": "[[ 3.85938008 -0.10336299  0.15483492 -0.39309154  1.0982809  -0.37679176]\n [-0.10336299  3.41452109 -0.14436827 -0.39088997  1.17197733  0.41016642]\n [ 0.15483492 -0.14436827  6.30963684  1.92805134 -1.00719044 -4.77305901]\n [-0.39309154 -0.39088997  1.92805134  2.76499236  0.35844574 -1.09487949]\n [ 1.0982809   1.17197733 -1.00719044  0.35844574  4.30277544  2.36187875]\n [-0.37679176  0.41016642 -4.77305901 -1.09487949  2.36187875  7.64971683]]", "nfev": "273", "njev": "39", "status": "0", "success": "True", "message": "Optimization terminated successfully.", "x": "[ 1.35908852  1.05743119  7.15711807  2.06783119  4.06211946 10.65286625]", "nit": "30"}, "9": {"maxiter": 500, "gtol": 1e-05, "xrtol": 1e-05, "eps": 1e-10, "duration": 0.04343080520629883, "fun": "0.3856442194651435", "jac": "[-2.22044587e-05 -4.44089173e-05  4.44089173e-05 -4.21884714e-05\n  8.88178346e-06 -8.88178346e-06]", "hess_inv": "[[ 3.81734968 -0.31701351  0.51380637 -0.77649325  1.29898464 -0.42281258]\n [-0.31701351  2.7216742   1.28633903 -0.42282337  0.25173549 -1.14943933]\n [ 0.51380637  1.28633903  4.34842964  2.32308721 -0.58497347 -3.18901304]\n [-0.77649325 -0.42282337  2.32308721  4.34653897 -1.07868719 -2.28712107]\n [ 1.29898464  0.25173549 -0.58497347 -1.07868719  6.09099075  3.11573843]\n [-0.42281258 -1.14943933 -3.18901304 -2.28712107  3.11573843  7.42008245]]", "nfev": "252", "njev": "36", "status": "0", "success": "True", "message": "Optimization terminated successfully.", "x": "[ 1.35902912  1.05727296  7.15738091  2.06781671  4.06202622 10.65265382]", "nit": "27"}, "10": {"maxiter": 500, "gtol": 1e-05, "xrtol": 1e-10, "eps": 1e-05, "duration": 0.04916095733642578, "fun": "0.3856442025260124", "jac": "[-4.00877109e-06 -8.83404461e-07 -6.62259136e-07  1.27453603e-08\n  4.46155335e-06 -4.19664303e-09]", "hess_inv": "[[ 3.60147355 -0.09944384  0.01695119 -0.59935964  1.65832301  0.11495654]\n [-0.09944384  3.67628904 -0.50613811  0.41973698  0.6362368   0.14631554]\n [ 0.01695119 -0.50613811  6.74157544  0.69518771  0.02540368 -4.1534582 ]\n [-0.59935964  0.41973698  0.69518771  5.07799452 -0.80488683 -1.47981311]\n [ 1.65832301  0.6362368   0.02540368 -0.80488683  4.13069882  1.79544816]\n [ 0.11495654  0.14631554 -4.1534582  -1.47981311  1.79544816  6.95060624]]", "nfev": "287", "njev": "41", "status": "0", "success": "True", "message": "Optimization terminated successfully.", "x": "[ 1.35907118  1.05748258  7.15703783  2.06797744  4.06205125 10.65284679]", "nit": "32"}, "11": {"maxiter": 500, "gtol": 1e-05, "xrtol": 1e-10, "eps": 1e-10, "duration": 0.04671287536621094, "fun": "0.3856442025421484", "jac": "[2.22044587e-06 1.11022293e-06 1.11022293e-06 4.44089173e-06\n 2.22044587e-06 2.22044587e-06]", "hess_inv": "[[ 3.93867444e+00  9.28505841e-02 -3.58909709e-01 -4.33352035e-01\n   1.35751095e+00  2.87236836e-02]\n [ 9.28505841e-02  3.83437497e+00 -8.48977252e-01  3.88172027e-01\n   4.97609799e-01  6.78478812e-03]\n [-3.58909709e-01 -8.48977252e-01  6.99965546e+00  5.95572318e-01\n  -1.59049743e+00 -5.42586276e+00]\n [-4.33352035e-01  3.88172027e-01  5.95572318e-01  4.67848208e+00\n  -1.13548824e+00 -1.72797861e+00]\n [ 1.35751095e+00  4.97609799e-01 -1.59049743e+00 -1.13548824e+00\n   5.69197758e+00  3.03663840e+00]\n [ 2.87236836e-02  6.78478812e-03 -5.42586276e+00 -1.72797861e+00\n   3.03663840e+00  8.17211965e+00]]", "nfev": "273", "njev": "39", "status": "0", "success": "True", "message": "Optimization terminated successfully.", "x": "[ 1.3590998   1.05749543  7.15705069  2.06799838  4.06206675 10.65284826]", "nit": "30"}, "12": {"maxiter": 500, "gtol": 1e-10, "xrtol": 1e-05, "eps": 1e-05, "duration": 0.04671883583068848, "fun": "0.3856442060156313", "jac": "[-6.83577639e-06 -1.14247167e-05  1.56789359e-05 -2.76916379e-05\n  1.42425072e-05  2.94738678e-06]", "hess_inv": "[[ 3.85938008 -0.10336299  0.15483492 -0.39309154  1.0982809  -0.37679176]\n [-0.10336299  3.41452109 -0.14436827 -0.39088997  1.17197733  0.41016642]\n [ 0.15483492 -0.14436827  6.30963684  1.92805134 -1.00719044 -4.77305901]\n [-0.39309154 -0.39088997  1.92805134  2.76499236  0.35844574 -1.09487949]\n [ 1.0982809   1.17197733 -1.00719044  0.35844574  4.30277544  2.36187875]\n [-0.37679176  0.41016642 -4.77305901 -1.09487949  2.36187875  7.64971683]]", "nfev": "273", "njev": "39", "status": "0", "success": "True", "message": "Optimization terminated successfully.", "x": "[ 1.35908852  1.05743119  7.15711807  2.06783119  4.06211946 10.65286625]", "nit": "30"}, "13": {"maxiter": 500, "gtol": 1e-10, "xrtol": 1e-05, "eps": 1e-10, "duration": 0.04316115379333496, "fun": "0.3856442194651435", "jac": "[-2.22044587e-05 -4.44089173e-05  4.44089173e-05 -4.21884714e-05\n  8.88178346e-06 -8.88178346e-06]", "hess_inv": "[[ 3.81734968 -0.31701351  0.51380637 -0.77649325  1.29898464 -0.42281258]\n [-0.31701351  2.7216742   1.28633903 -0.42282337  0.25173549 -1.14943933]\n [ 0.51380637  1.28633903  4.34842964  2.32308721 -0.58497347 -3.18901304]\n [-0.77649325 -0.42282337  2.32308721  4.34653897 -1.07868719 -2.28712107]\n [ 1.29898464  0.25173549 -0.58497347 -1.07868719  6.09099075  3.11573843]\n [-0.42281258 -1.14943933 -3.18901304 -2.28712107  3.11573843  7.42008245]]", "nfev": "252", "njev": "36", "status": "0", "success": "True", "message": "Optimization terminated successfully.", "x": "[ 1.35902912  1.05727296  7.15738091  2.06781671  4.06202622 10.65265382]", "nit": "27"}, "14": {"maxiter": 500, "gtol": 1e-10, "xrtol": 1e-10, "eps": 1e-05, "duration": 0.07243490219116211, "fun": "0.3856442024849782", "jac": "[-4.53603821e-07  1.39777079e-08 -2.80997448e-07  3.45667939e-07\n  4.09150491e-07 -4.53415083e-08]", "hess_inv": "[[ 3.94794741 -0.11615762  0.21286375 -0.53277352  1.13648109 -0.35946739]\n [-0.11615762  3.65953597 -0.49102162  0.36985433  0.68837142  0.17920958]\n [ 0.21286375 -0.49102162  6.8179833   0.79821447 -0.30748042 -4.43579787]\n [-0.53277352  0.36985433  0.79821447  4.97026118 -0.83750112 -1.54778501]\n [ 1.13648109  0.68837142 -0.30748042 -0.83750112  4.87978513  2.4984815 ]\n [-0.35946739  0.17920958 -4.43579787 -1.54778501  2.4984815   7.59780578]]", "nfev": "425", "njev": "59", "status": "2", "success": "False", "message": "Desired error not necessarily achieved due to precision loss.", "x": "[ 1.35908049  1.05748275  7.15704225  2.06798192  4.06203509 10.65283268]", "nit": "34"}, "15": {"maxiter": 500, "gtol": 1e-10, "xrtol": 1e-10, "eps": 1e-10, "duration": 0.062315940856933594, "fun": "0.3856442024583071", "jac": "[-1.11022293e-06  1.11022293e-06  0.00000000e+00  1.11022293e-06\n  0.00000000e+00  0.00000000e+00]", "hess_inv": "[[12.31118076  7.48043684  4.02986927  5.45069459 17.74021768  7.01456026]\n [ 7.48043684  9.85341896  2.86962751  6.09081857 16.0696918   6.50468755]\n [ 4.02986927  2.86962751  8.80384723  4.28784793  6.91077715 -1.6291246 ]\n [ 5.45069459  6.09081857  4.28784793  6.77991947 10.31119827  3.00083441]\n [17.74021768 16.0696918   6.91077715 10.31119827 34.44923949 15.87326148]\n [ 7.01456026  6.50468755 -1.6291246   3.00083441 15.87326148 13.74042401]]", "nfev": "364", "njev": "52", "status": "0", "success": "True", "message": "Optimization terminated successfully.", "x": "[ 1.35909004  1.05748931  7.15704576  2.0679811   4.06204661 10.65284002]", "nit": "33"}, "16": {"maxiter": 1000, "gtol": 1e-05, "xrtol": 1e-05, "eps": 1e-05, "duration": 0.04676198959350586, "fun": "0.3856442060156313", "jac": "[-6.83577639e-06 -1.14247167e-05  1.56789359e-05 -2.76916379e-05\n  1.42425072e-05  2.94738678e-06]", "hess_inv": "[[ 3.85938008 -0.10336299  0.15483492 -0.39309154  1.0982809  -0.37679176]\n [-0.10336299  3.41452109 -0.14436827 -0.39088997  1.17197733  0.41016642]\n [ 0.15483492 -0.14436827  6.30963684  1.92805134 -1.00719044 -4.77305901]\n [-0.39309154 -0.39088997  1.92805134  2.76499236  0.35844574 -1.09487949]\n [ 1.0982809   1.17197733 -1.00719044  0.35844574  4.30277544  2.36187875]\n [-0.37679176  0.41016642 -4.77305901 -1.09487949  2.36187875  7.64971683]]", "nfev": "273", "njev": "39", "status": "0", "success": "True", "message": "Optimization terminated successfully.", "x": "[ 1.35908852  1.05743119  7.15711807  2.06783119  4.06211946 10.65286625]", "nit": "30"}, "17": {"maxiter": 1000, "gtol": 1e-05, "xrtol": 1e-05, "eps": 1e-10, "duration": 0.042677879333496094, "fun": "0.3856442194651435", "jac": "[-2.22044587e-05 -4.44089173e-05  4.44089173e-05 -4.21884714e-05\n  8.88178346e-06 -8.88178346e-06]", "hess_inv": "[[ 3.81734968 -0.31701351  0.51380637 -0.77649325  1.29898464 -0.42281258]\n [-0.31701351  2.7216742   1.28633903 -0.42282337  0.25173549 -1.14943933]\n [ 0.51380637  1.28633903  4.34842964  2.32308721 -0.58497347 -3.18901304]\n [-0.77649325 -0.42282337  2.32308721  4.34653897 -1.07868719 -2.28712107]\n [ 1.29898464  0.25173549 -0.58497347 -1.07868719  6.09099075  3.11573843]\n [-0.42281258 -1.14943933 -3.18901304 -2.28712107  3.11573843  7.42008245]]", "nfev": "252", "njev": "36", "status": "0", "success": "True", "message": "Optimization terminated successfully.", "x": "[ 1.35902912  1.05727296  7.15738091  2.06781671  4.06202622 10.65265382]", "nit": "27"}, "18": {"maxiter": 1000, "gtol": 1e-05, "xrtol": 1e-10, "eps": 1e-05, "duration": 0.04853510856628418, "fun": "0.3856442025260124", "jac": "[-4.00877109e-06 -8.83404461e-07 -6.62259136e-07  1.27453603e-08\n  4.46155335e-06 -4.19664303e-09]", "hess_inv": "[[ 3.60147355 -0.09944384  0.01695119 -0.59935964  1.65832301  0.11495654]\n [-0.09944384  3.67628904 -0.50613811  0.41973698  0.6362368   0.14631554]\n [ 0.01695119 -0.50613811  6.74157544  0.69518771  0.02540368 -4.1534582 ]\n [-0.59935964  0.41973698  0.69518771  5.07799452 -0.80488683 -1.47981311]\n [ 1.65832301  0.6362368   0.02540368 -0.80488683  4.13069882  1.79544816]\n [ 0.11495654  0.14631554 -4.1534582  -1.47981311  1.79544816  6.95060624]]", "nfev": "287", "njev": "41", "status": "0", "success": "True", "message": "Optimization terminated successfully.", "x": "[ 1.35907118  1.05748258  7.15703783  2.06797744  4.06205125 10.65284679]", "nit": "32"}, "19": {"maxiter": 1000, "gtol": 1e-05, "xrtol": 1e-10, "eps": 1e-10, "duration": 0.04617023468017578, "fun": "0.3856442025421484", "jac": "[2.22044587e-06 1.11022293e-06 1.11022293e-06 4.44089173e-06\n 2.22044587e-06 2.22044587e-06]", "hess_inv": "[[ 3.93867444e+00  9.28505841e-02 -3.58909709e-01 -4.33352035e-01\n   1.35751095e+00  2.87236836e-02]\n [ 9.28505841e-02  3.83437497e+00 -8.48977252e-01  3.88172027e-01\n   4.97609799e-01  6.78478812e-03]\n [-3.58909709e-01 -8.48977252e-01  6.99965546e+00  5.95572318e-01\n  -1.59049743e+00 -5.42586276e+00]\n [-4.33352035e-01  3.88172027e-01  5.95572318e-01  4.67848208e+00\n  -1.13548824e+00 -1.72797861e+00]\n [ 1.35751095e+00  4.97609799e-01 -1.59049743e+00 -1.13548824e+00\n   5.69197758e+00  3.03663840e+00]\n [ 2.87236836e-02  6.78478812e-03 -5.42586276e+00 -1.72797861e+00\n   3.03663840e+00  8.17211965e+00]]", "nfev": "273", "njev": "39", "status": "0", "success": "True", "message": "Optimization terminated successfully.", "x": "[ 1.3590998   1.05749543  7.15705069  2.06799838  4.06206675 10.65284826]", "nit": "30"}, "20": {"maxiter": 1000, "gtol": 1e-10, "xrtol": 1e-05, "eps": 1e-05, "duration": 0.04625201225280762, "fun": "0.3856442060156313", "jac": "[-6.83577639e-06 -1.14247167e-05  1.56789359e-05 -2.76916379e-05\n  1.42425072e-05  2.94738678e-06]", "hess_inv": "[[ 3.85938008 -0.10336299  0.15483492 -0.39309154  1.0982809  -0.37679176]\n [-0.10336299  3.41452109 -0.14436827 -0.39088997  1.17197733  0.41016642]\n [ 0.15483492 -0.14436827  6.30963684  1.92805134 -1.00719044 -4.77305901]\n [-0.39309154 -0.39088997  1.92805134  2.76499236  0.35844574 -1.09487949]\n [ 1.0982809   1.17197733 -1.00719044  0.35844574  4.30277544  2.36187875]\n [-0.37679176  0.41016642 -4.77305901 -1.09487949  2.36187875  7.64971683]]", "nfev": "273", "njev": "39", "status": "0", "success": "True", "message": "Optimization terminated successfully.", "x": "[ 1.35908852  1.05743119  7.15711807  2.06783119  4.06211946 10.65286625]", "nit": "30"}, "21": {"maxiter": 1000, "gtol": 1e-10, "xrtol": 1e-05, "eps": 1e-10, "duration": 0.042716264724731445, "fun": "0.3856442194651435", "jac": "[-2.22044587e-05 -4.44089173e-05  4.44089173e-05 -4.21884714e-05\n  8.88178346e-06 -8.88178346e-06]", "hess_inv": "[[ 3.81734968 -0.31701351  0.51380637 -0.77649325  1.29898464 -0.42281258]\n [-0.31701351  2.7216742   1.28633903 -0.42282337  0.25173549 -1.14943933]\n [ 0.51380637  1.28633903  4.34842964  2.32308721 -0.58497347 -3.18901304]\n [-0.77649325 -0.42282337  2.32308721  4.34653897 -1.07868719 -2.28712107]\n [ 1.29898464  0.25173549 -0.58497347 -1.07868719  6.09099075  3.11573843]\n [-0.42281258 -1.14943933 -3.18901304 -2.28712107  3.11573843  7.42008245]]", "nfev": "252", "njev": "36", "status": "0", "success": "True", "message": "Optimization terminated successfully.", "x": "[ 1.35902912  1.05727296  7.15738091  2.06781671  4.06202622 10.65265382]", "nit": "27"}, "22": {"maxiter": 1000, "gtol": 1e-10, "xrtol": 1e-10, "eps": 1e-05, "duration": 0.0715169906616211, "fun": "0.3856442024849782", "jac": "[-4.53603821e-07  1.39777079e-08 -2.80997448e-07  3.45667939e-07\n  4.09150491e-07 -4.53415083e-08]", "hess_inv": "[[ 3.94794741 -0.11615762  0.21286375 -0.53277352  1.13648109 -0.35946739]\n [-0.11615762  3.65953597 -0.49102162  0.36985433  0.68837142  0.17920958]\n [ 0.21286375 -0.49102162  6.8179833   0.79821447 -0.30748042 -4.43579787]\n [-0.53277352  0.36985433  0.79821447  4.97026118 -0.83750112 -1.54778501]\n [ 1.13648109  0.68837142 -0.30748042 -0.83750112  4.87978513  2.4984815 ]\n [-0.35946739  0.17920958 -4.43579787 -1.54778501  2.4984815   7.59780578]]", "nfev": "425", "njev": "59", "status": "2", "success": "False", "message": "Desired error not necessarily achieved due to precision loss.", "x": "[ 1.35908049  1.05748275  7.15704225  2.06798192  4.06203509 10.65283268]", "nit": "34"}, "23": {"maxiter": 1000, "gtol": 1e-10, "xrtol": 1e-10, "eps": 1e-10, "duration": 0.06133317947387695, "fun": "0.3856442024583071", "jac": "[-1.11022293e-06  1.11022293e-06  0.00000000e+00  1.11022293e-06\n  0.00000000e+00  0.00000000e+00]", "hess_inv": "[[12.31118076  7.48043684  4.02986927  5.45069459 17.74021768  7.01456026]\n [ 7.48043684  9.85341896  2.86962751  6.09081857 16.0696918   6.50468755]\n [ 4.02986927  2.86962751  8.80384723  4.28784793  6.91077715 -1.6291246 ]\n [ 5.45069459  6.09081857  4.28784793  6.77991947 10.31119827  3.00083441]\n [17.74021768 16.0696918   6.91077715 10.31119827 34.44923949 15.87326148]\n [ 7.01456026  6.50468755 -1.6291246   3.00083441 15.87326148 13.74042401]]", "nfev": "364", "njev": "52", "status": "0", "success": "True", "message": "Optimization terminated successfully.", "x": "[ 1.35909004  1.05748931  7.15704576  2.0679811   4.06204661 10.65284002]", "nit": "33"}}, "cobyla": {"0": {"maxiter": 100, "tol": 1e-05, "catol": 1e-05, "duration": 0.016243934631347656, "x": "[ 4.92426947  4.20218346  4.0063918  -2.06390861  7.20482282  7.51904124]", "status": "2", "success": "False", "message": "Maximum number of function evaluations has been exceeded.", "nfev": "100", "fun": "0.38565181584572006", "maxcv": "0.0"}, "1": {"maxiter": 100, "tol": 1e-05, "catol": 1e-10, "duration": 0.016208171844482422, "x": "[ 4.92426947  4.20218346  4.0063918  -2.06390861  7.20482282  7.51904124]", "status": "2", "success": "False", "message": "Maximum number of function evaluations has been exceeded.", "nfev": "100", "fun": "0.38565181584572006", "maxcv": "0.0"}, "2": {"maxiter": 100, "tol": 1e-10, "catol": 1e-05, "duration": 0.016288042068481445, "x": "[ 4.92426947  4.20218346  4.0063918  -2.06390861  7.20482282  7.51904124]", "status": "2", "success": "False", "message": "Maximum number of function evaluations has been exceeded.", "nfev": "100", "fun": "0.38565181584572006", "maxcv": "0.0"}, "3": {"maxiter": 100, "tol": 1e-10, "catol": 1e-10, "duration": 0.016211986541748047, "x": "[ 4.92426947  4.20218346  4.0063918  -2.06390861  7.20482282  7.51904124]", "status": "2", "success": "False", "message": "Maximum number of function evaluations has been exceeded.", "nfev": "100", "fun": "0.38565181584572006", "maxcv": "0.0"}, "4": {"maxiter": 500, "tol": 1e-05, "catol": 1e-05, "duration": 0.027293920516967773, "x": "[ 4.92409129  4.19908415  4.01543973 -2.06797503  7.20364577  7.51124849]", "status": "1", "success": "True", "message": "Optimization terminated successfully.", "nfev": "166", "fun": "0.3856442024901312", "maxcv": "0.0"}, "5": {"maxiter": 500, "tol": 1e-05, "catol": 1e-10, "duration": 0.027369976043701172, "x": "[ 4.92409129  4.19908415  4.01543973 -2.06797503  7.20364577  7.51124849]", "status": "1", "success": "True", "message": "Optimization terminated successfully.", "nfev": "166", "fun": "0.3856442024901312", "maxcv": "0.0"}, "6": {"maxiter": 500, "tol": 1e-10, "catol": 1e-05, "duration": 0.04288482666015625, "x": "[ 4.92409589  4.19908155  4.01545365 -2.06798309  7.20363991  7.51124616]", "status": "1", "success": "True", "message": "Optimization terminated successfully.", "nfev": "261", "fun": "0.3856442024575063", "maxcv": "0.0"}, "7": {"maxiter": 500, "tol": 1e-10, "catol": 1e-10, "duration": 0.04277682304382324, "x": "[ 4.92409589  4.19908155  4.01545365 -2.06798309  7.20363991  7.51124616]", "status": "1", "success": "True", "message": "Optimization terminated successfully.", "nfev": "261", "fun": "0.3856442024575063", "maxcv": "0.0"}, "8": {"maxiter": 1000, "tol": 1e-05, "catol": 1e-05, "duration": 0.027205228805541992, "x": "[ 4.92409129  4.19908415  4.01543973 -2.06797503  7.20364577  7.51124849]", "status": "1", "success": "True", "message": "Optimization terminated successfully.", "nfev": "166", "fun": "0.3856442024901312", "maxcv": "0.0"}, "9": {"maxiter": 1000, "tol": 1e-05, "catol": 1e-10, "duration": 0.027251005172729492, "x": "[ 4.92409129  4.19908415  4.01543973 -2.06797503  7.20364577  7.51124849]", "status": "1", "success": "True", "message": "Optimization terminated successfully.", "nfev": "166", "fun": "0.3856442024901312", "maxcv": "0.0"}, "10": {"maxiter": 1000, "tol": 1e-10, "catol": 1e-05, "duration": 0.042836904525756836, "x": "[ 4.92409589  4.19908155  4.01545365 -2.06798309  7.20363991  7.51124616]", "status": "1", "success": "True", "message": "Optimization terminated successfully.", "nfev": "261", "fun": "0.3856442024575063", "maxcv": "0.0"}, "11": {"maxiter": 1000, "tol": 1e-10, "catol": 1e-10, "duration": 0.04246807098388672, "x": "[ 4.92409589  4.19908155  4.01545365 -2.06798309  7.20363991  7.51124616]", "status": "1", "success": "True", "message": "Optimization terminated successfully.", "nfev": "261", "fun": "0.3856442024575063", "maxcv": "0.0"}}, "dual_annealing_0": {"type": "gradient-free", "0": {"maxiter": 100, "duration": 0.25257086753845215, "success": "True", "status": "0", "x": "[4.92410272 4.19906727 4.01545696 2.06795907 4.06204509 4.36965016]", "fun": "0.3856442025529695", "nit": "100", "nfev": "1446", "njev": "35", "nhev": "0", "message": "['Maximum number of iteration reached']"}, "1": {"maxiter": 500, "duration": 1.0863449573516846, "success": "True", "status": "0", "x": "[4.92408847 4.19907816 4.01545526 4.21519966 0.92044929 1.22805843]", "fun": "0.3856442024730401", "nit": "500", "nfev": "6267", "njev": "38", "nhev": "0", "message": "['Maximum number of iteration reached']"}, "2": {"maxiter": 1000, "duration": 2.0940451622009277, "success": "True", "status": "0", "x": "[1.35908924 1.05748533 0.87386236 4.21520193 0.92045398 1.22806313]", "fun": "0.38564420246057207", "nit": "1000", "nfev": "12169", "njev": "24", "nhev": "0", "message": "['Maximum number of iteration reached']"}, "bounds": [[0.0, 6.283185307179586], [0.0, 6.283185307179586], [0.0, 6.283185307179586], [0.0, 6.283185307179586], [0.0, 6.283185307179586], [0.0, 6.283185307179586]]}, "dual_annealing_1": {"type": "gradient-free", "0": {"maxiter": 100, "duration": 0.22932791709899902, "success": "True", "status": "0", "x": "[7.64226675 7.34067406 0.87385804 8.35114527 4.062073   4.36965648]", "fun": "0.38564420263059584", "nit": "100", "nfev": "1320", "njev": "17", "nhev": "0", "message": "['Maximum number of iteration reached']"}, "1": {"maxiter": 500, "duration": 1.0687601566314697, "success": "True", "status": "0", "x": "[1.35908389 1.05748939 7.1570434  4.21518649 0.92044749 1.22806275]", "fun": "0.3856442024894393", "nit": "500", "nfev": "6211", "njev": "30", "nhev": "0", "message": "['Maximum number of iteration reached']"}, "2": {"maxiter": 1000, "duration": 2.107795238494873, "success": "True", "status": "0", "x": "[1.35909319 7.34067239 7.15705072 4.21519683 7.20364074 7.51124457]", "fun": "0.3856442024644111", "nit": "1000", "nfev": "12169", "njev": "24", "nhev": "0", "message": "['Maximum number of iteration reached']"}, "bounds": [[0.0, 9.42477796076938], [0.0, 9.42477796076938], [0.0, 9.42477796076938], [0.0, 9.42477796076938], [0.0, 9.42477796076938], [0.0, 9.42477796076938]]}, "dual_annealing_2": {"type": "gradient-free", "0": {"maxiter": 100, "duration": 0.24930119514465332, "success": "True", "status": "0", "x": "[4.92408629 4.19908742 4.01546081 8.35116621 4.06206055 4.36965435]", "fun": "0.385644202486887", "nit": "100", "nfev": "1446", "njev": "35", "nhev": "0", "message": "['Maximum number of iteration reached']"}, "1": {"maxiter": 500, "duration": 1.057981252670288, "success": "True", "status": "0", "x": "[ 7.64227655  1.05748913  0.87385715  8.35116752  4.06204489 10.6528387 ]", "fun": "0.38564420246024034", "nit": "500", "nfev": "6155", "njev": "22", "nhev": "0", "message": "['Maximum number of iteration reached']"}, "2": {"maxiter": 1000, "duration": 2.0942299365997314, "success": "True", "status": "0", "x": "[1.35909563 7.34066524 0.87385414 4.21520091 0.92044249 7.51123607]", "fun": "0.3856442025050113", "nit": "1000", "nfev": "12099", "njev": "14", "nhev": "0", "message": "['Maximum number of iteration reached']"}, "bounds": [[0.0, 12.566370614359172], [0.0, 12.566370614359172], [0.0, 12.566370614359172], [0.0, 12.566370614359172], [0.0, 12.566370614359172], [0.0, 12.566370614359172]]}, "dual_annealing_3": {"type": "gradient-free", "0": {"maxiter": 100, "duration": 0.23476767539978027, "success": "True", "status": "0", "x": "[-4.92405941  1.05750248  0.87388982  4.21517922 -5.36270605  1.22803409]", "fun": "0.3856442027844802", "nit": "100", "nfev": "1355", "njev": "22", "nhev": "0", "message": "['Maximum number of iteration reached']"}, "1": {"maxiter": 500, "duration": 1.060784101486206, "success": "True", "status": "0", "x": "[ 1.35908915 -5.22569677 -5.40932428  2.0679828   4.06204688  4.36965412]", "fun": "0.38564420245761544", "nit": "500", "nfev": "6106", "njev": "15", "nhev": "0", "message": "['Maximum number of iteration reached']"}, "2": {"maxiter": 1000, "duration": 2.0924432277679443, "success": "True", "status": "0", "x": "[ 1.3590798  -5.22569244  0.87387231  2.06798121 -2.22113756 -1.91352098]", "fun": "0.38564420252103937", "nit": "1000", "nfev": "12106", "njev": "15", "nhev": "0", "message": "['Maximum number of iteration reached']"}, "bounds": [[-6.283185307179586, 6.283185307179586], [-6.283185307179586, 6.283185307179586], [-6.283185307179586, 6.283185307179586], [-6.283185307179586, 6.283185307179586], [-6.283185307179586, 6.283185307179586], [-6.283185307179586, 6.283185307179586]]}, "dual_annealing_4": {"type": "gradient-free", "0": {"maxiter": 100, "duration": 0.2322099208831787, "success": "True", "status": "0", "x": "[-7.64227718  4.1990799   4.01545181  4.21520272 -5.3627327  -5.05512565]", "fun": "0.3856442024598641", "nit": "100", "nfev": "1341", "njev": "20", "nhev": "0", "message": "['Maximum number of iteration reached']"}, "1": {"maxiter": 500, "duration": 1.0661349296569824, "success": "True", "status": "0", "x": "[ 7.64227633  7.34066676  7.15705063  4.21520369  0.9204579  -5.05512604]", "fun": "0.38564420246839126", "nit": "500", "nfev": "6155", "njev": "22", "nhev": "0", "message": "['Maximum number of iteration reached']"}, "2": {"maxiter": 1000, "duration": 2.107553005218506, "success": "True", "status": "0", "x": "[ 7.64227001 -5.22569882 -5.40933336  8.35117653  4.06203166  4.36964819]", "fun": "0.3856442024936042", "nit": "1000", "nfev": "12162", "njev": "23", "nhev": "0", "message": "['Maximum number of iteration reached']"}, "bounds": [[-9.42477796076938, 9.42477796076938], [-9.42477796076938, 9.42477796076938], [-9.42477796076938, 9.42477796076938], [-9.42477796076938, 9.42477796076938], [-9.42477796076938, 9.42477796076938], [-9.42477796076938, 9.42477796076938]]}, "dual_annealing_5": {"type": "gradient-free", "0": {"maxiter": 100, "duration": 0.23913812637329102, "success": "True", "status": "0", "x": "[  7.64226252   7.34066958 -11.69248289  -8.35119057  -5.36273916\n  -5.05513424]", "fun": "0.38564420257471355", "nit": "100", "nfev": "1390", "njev": "27", "nhev": "0", "message": "['Maximum number of iteration reached']"}, "1": {"maxiter": 500, "duration": 1.064284086227417, "success": "True", "status": "0", "x": "[  7.64227467 -11.50887939  -5.40932316   2.06798504   4.06204931\n  -8.19671692]", "fun": "0.38564420245910147", "nit": "500", "nfev": "6169", "njev": "24", "nhev": "0", "message": "['Maximum number of iteration reached']"}, "2": {"maxiter": 1000, "duration": 2.098037004470825, "success": "True", "status": "0", "x": "[-7.64229033 -2.08408799 -8.55092972  2.06800289 -8.50431312 -8.19671763]", "fun": "0.38564420258234244", "nit": "1000", "nfev": "12141", "njev": "20", "nhev": "0", "message": "['Maximum number of iteration reached']"}, "bounds": [[-12.566370614359172, 12.566370614359172], [-12.566370614359172, 12.566370614359172], [-12.566370614359172, 12.566370614359172], [-12.566370614359172, 12.566370614359172], [-12.566370614359172, 12.566370614359172], [-12.566370614359172, 12.566370614359172]]}}, "duration (s)": 109.52}