{"date": "2024/07/22/, 21:39:03", "conf_id": 3, "data_type": "random\n", "num_data_points": 1, "s_rank": 0, "unitary": "[[-0.53618537-0.34368723j,-0.12107031-0.46226139j,-0.07699282-0.46603512j,0.36022595-0.11472301j],[0.26026499-0.63450712j,-0.56616638+0.37832564j,-0.14988651+0.08458591j,0.10363514-0.16008501j],[-0.32580188-0.11070003j,-0.36476308-0.23593218j,0.02559343+0.41761608j,-0.25598305+0.6725303j],[0.07406738-0.0126433j,0.28513701+0.19483972j,-0.74939717-0.10299659j,0.29798249+0.46269921j]]", "databatch_0": {"databatch": "[[[0.06484523-0.05317441j,0.19078124-0.04055208j,-0.06418142-0.03122121j,-0.07205277-0.31091238j],[0.0148682+0.05690772j,-0.03009866+0.13344866j,0.03871097-0.03174001j,0.21922781+0.04524996j],[-0.14267312+0.05921763j,-0.35801617-0.03013319j,0.09654016+0.08924668j,-0.03858764+0.58663015j],[0.04003203-0.10149378j,0.19115771-0.16688647j,-0.09271421+0.00515293j,-0.2787521-0.3077485j]]]", "initial param values": "[2.92708799,4.04697241,0.33783446,5.27333862,0.39608658,1.38221498]", "bfgs": {"type": "gradient", "0": {"maxiter": 100, "gtol": 1e-05, "xrtol": 1e-05, "eps": 1e-05, "duration": 0.04075908660888672, "fun": "0.2732669803912191", "jac": "[ 5.32440758e-07 -1.44944057e-06 -3.63205022e-06 -6.51649845e-06\n  7.76889664e-07  2.04121164e-06]", "hess_inv": "[[ 4.35902364 -0.60938742 -2.25973467  0.96830248 -2.58233392 -1.37148668]\n [-0.60938742  8.98807207 -1.44289388  0.32319023  1.73332903  3.5468287 ]\n [-2.25973467 -1.44289388  9.15410415 -4.40130603 -5.40192706  2.90238266]\n [ 0.96830248  0.32319023 -4.40130603  4.08732931  2.99243738 -1.50369503]\n [-2.58233392  1.73332903 -5.40192706  2.99243738  9.73717226 -0.83276637]\n [-1.37148668  3.5468287   2.90238266 -1.50369503 -0.83276637  4.80235712]]", "nfev": "224", "njev": "32", "status": "0", "success": "True", "message": "Optimization terminated successfully.", "x": "[ 2.02135249  2.79607109 -1.01168934  4.85145866  3.27845067  0.73933335]", "nit": "27"}, "1": {"maxiter": 100, "gtol": 1e-05, "xrtol": 1e-05, "eps": 1e-10, "duration": 0.04246401786804199, "fun": "0.27326698054532406", "jac": "[-5.55111466e-06 -2.22044587e-06 -8.88178346e-06 -8.88178346e-06\n -1.11022293e-06 -2.22044587e-06]", "hess_inv": "[[ 4.02107795 -0.48963336 -2.38181472  0.856348   -2.17177354 -1.30808263]\n [-0.48963336  8.69977573 -1.14419559  0.19306689  1.19682438  3.55773696]\n [-2.38181472 -1.14419559  8.64344887 -4.36014136 -4.63047343  2.69392523]\n [ 0.856348    0.19306689 -4.36014136  4.82786862  2.9226801  -1.79046376]\n [-2.17177354  1.19682438 -4.63047343  2.9226801   8.57461369 -0.71381468]\n [-1.30808263  3.55773696  2.69392523 -1.79046376 -0.71381468  4.77392248]]", "nfev": "224", "njev": "32", "status": "0", "success": "True", "message": "Optimization terminated successfully.", "x": "[ 2.02639607  2.80413068 -1.01403476  4.85008161  3.28844182  0.73434902]", "nit": "27"}, "2": {"maxiter": 100, "gtol": 1e-05, "xrtol": 1e-10, "eps": 1e-05, "duration": 0.040689945220947266, "fun": "0.2732669803912191", "jac": "[ 5.32440758e-07 -1.44944057e-06 -3.63205022e-06 -6.51649845e-06\n  7.76889664e-07  2.04121164e-06]", "hess_inv": "[[ 4.35902364 -0.60938742 -2.25973467  0.96830248 -2.58233392 -1.37148668]\n [-0.60938742  8.98807207 -1.44289388  0.32319023  1.73332903  3.5468287 ]\n [-2.25973467 -1.44289388  9.15410415 -4.40130603 -5.40192706  2.90238266]\n [ 0.96830248  0.32319023 -4.40130603  4.08732931  2.99243738 -1.50369503]\n [-2.58233392  1.73332903 -5.40192706  2.99243738  9.73717226 -0.83276637]\n [-1.37148668  3.5468287   2.90238266 -1.50369503 -0.83276637  4.80235712]]", "nfev": "224", "njev": "32", "status": "0", "success": "True", "message": "Optimization terminated successfully.", "x": "[ 2.02135249  2.79607109 -1.01168934  4.85145866  3.27845067  0.73933335]", "nit": "27"}, "3": {"maxiter": 100, "gtol": 1e-05, "xrtol": 1e-10, "eps": 1e-10, "duration": 0.04036974906921387, "fun": "0.27326698054532406", "jac": "[-5.55111466e-06 -2.22044587e-06 -8.88178346e-06 -8.88178346e-06\n -1.11022293e-06 -2.22044587e-06]", "hess_inv": "[[ 4.02107795 -0.48963336 -2.38181472  0.856348   -2.17177354 -1.30808263]\n [-0.48963336  8.69977573 -1.14419559  0.19306689  1.19682438  3.55773696]\n [-2.38181472 -1.14419559  8.64344887 -4.36014136 -4.63047343  2.69392523]\n [ 0.856348    0.19306689 -4.36014136  4.82786862  2.9226801  -1.79046376]\n [-2.17177354  1.19682438 -4.63047343  2.9226801   8.57461369 -0.71381468]\n [-1.30808263  3.55773696  2.69392523 -1.79046376 -0.71381468  4.77392248]]", "nfev": "224", "njev": "32", "status": "0", "success": "True", "message": "Optimization terminated successfully.", "x": "[ 2.02639607  2.80413068 -1.01403476  4.85008161  3.28844182  0.73434902]", "nit": "27"}, "4": {"maxiter": 100, "gtol": 1e-10, "xrtol": 1e-05, "eps": 1e-05, "duration": 0.042183876037597656, "fun": "0.2732669803015161", "jac": "[ 8.00914890e-08  2.80009349e-07  5.22026866e-08 -5.95168359e-07\n  2.04103401e-07 -1.20981003e-07]", "hess_inv": "[[ 4.29877189 -0.46545081 -2.23512845  0.82318672 -2.56921175 -1.28514128]\n [-0.46545081  8.64817096 -1.49384729  0.721445    1.69273388  3.32786968]\n [-2.23512845 -1.49384729  9.15956444 -4.23985115 -5.42560527  2.84198719]\n [ 0.82318672  0.721445   -4.23985115  4.41116141  2.90333555 -1.46133475]\n [-2.56921175  1.69273388 -5.42560527  2.90333555  9.7559528  -0.82188489]\n [-1.28514128  3.32786968  2.84198719 -1.46133475 -0.82188489  4.71934563]]", "nfev": "231", "njev": "33", "status": "0", "success": "True", "message": "Optimization terminated successfully.", "x": "[ 2.02135139  2.79607504 -1.01168627  4.85147334  3.2784478   0.73933066]", "nit": "28"}, "5": {"maxiter": 100, "gtol": 1e-10, "xrtol": 1e-05, "eps": 1e-10, "duration": 0.042340993881225586, "fun": "0.273266980301477", "jac": "[-2.22044587e-06  1.11022293e-06  2.22044587e-06 -1.11022293e-06\n  1.11022293e-06  0.00000000e+00]", "hess_inv": "[[ 3.95430675 -0.45936643 -2.36713453  0.78026532 -2.16678517 -1.32161054]\n [-0.45936643  8.86742346 -0.91848954  0.28559486  1.0328474   3.74067743]\n [-2.36713453 -0.91848954  8.93791185 -4.26905529 -4.83875366  2.92341892]\n [ 0.78026532  0.28559486 -4.26905529  4.75974964  2.87661275 -1.74929697]\n [-2.16678517  1.0328474  -4.83875366  2.87661275  8.7184344  -0.87045465]\n [-1.32161054  3.74067743  2.92341892 -1.74929697 -0.87045465  4.94354551]]", "nfev": "231", "njev": "33", "status": "0", "success": "True", "message": "Optimization terminated successfully.", "x": "[ 2.02639757  2.80415165 -1.01400735  4.85009024  3.28842241  0.73437043]", "nit": "28"}, "6": {"maxiter": 100, "gtol": 1e-10, "xrtol": 1e-10, "eps": 1e-05, "duration": 0.07438802719116211, "fun": "0.27326698030053775", "jac": "[ 3.05611092e-07  1.70052861e-07  3.01658698e-07 -7.32636174e-08\n  2.64066546e-07 -2.11342055e-07]", "hess_inv": "[[ 4.13171383 -0.54020712 -2.14693281  0.79536673 -2.7932792  -1.11273231]\n [-0.54020712  9.94334677 -1.12437484 -0.444175    2.46159371  3.6322418 ]\n [-2.14693281 -1.12437484  9.19370993 -4.52850197 -5.08755317  2.81154229]\n [ 0.79536673 -0.444175   -4.52850197  5.18045848  2.16380027 -1.57430536]\n [-2.7932792   2.46159371 -5.08755317  2.16380027 10.01199025 -0.45475828]\n [-1.11273231  3.6322418   2.81154229 -1.57430536 -0.45475828  4.56668536]]", "nfev": "417", "njev": "58", "status": "2", "success": "False", "message": "Desired error not necessarily achieved due to precision loss.", "x": "[ 2.0213522   2.79607313 -1.01168725  4.85147541  3.27844741  0.73932945]", "nit": "29"}, "7": {"maxiter": 100, "gtol": 1e-10, "xrtol": 1e-10, "eps": 1e-10, "duration": 0.053945064544677734, "fun": "0.273266980301477", "jac": "[-3.33066880e-06 -1.11022293e-06 -2.22044587e-06 -1.11022293e-06\n -3.33066880e-06 -3.33066880e-06]", "hess_inv": "[[ 4.07450057  0.3637958  -1.32730536  1.1754567  -2.96420969 -0.49688603]\n [ 0.3637958   8.33335324 -2.12055236  0.85500303  1.03222921  2.97682828]\n [-1.32730536 -2.12055236  6.70813612 -3.73240663 -4.37287373  1.41054534]\n [ 1.1754567   0.85500303 -3.73240663  5.31907878  2.14563806 -1.25802526]\n [-2.96420969  1.03222921 -4.37287373  2.14563806  9.17735155 -0.66866202]\n [-0.49688603  2.97682828  1.41054534 -1.25802526 -0.66866202  3.94056742]]", "nfev": "308", "njev": "44", "status": "0", "success": "True", "message": "Optimization terminated successfully.", "x": "[ 2.02639757  2.80415165 -1.01400735  4.85009024  3.28842241  0.73437043]", "nit": "29"}, "8": {"maxiter": 500, "gtol": 1e-05, "xrtol": 1e-05, "eps": 1e-05, "duration": 0.038365840911865234, "fun": "0.2732669803912191", "jac": "[ 5.32440758e-07 -1.44944057e-06 -3.63205022e-06 -6.51649845e-06\n  7.76889664e-07  2.04121164e-06]", "hess_inv": "[[ 4.35902364 -0.60938742 -2.25973467  0.96830248 -2.58233392 -1.37148668]\n [-0.60938742  8.98807207 -1.44289388  0.32319023  1.73332903  3.5468287 ]\n [-2.25973467 -1.44289388  9.15410415 -4.40130603 -5.40192706  2.90238266]\n [ 0.96830248  0.32319023 -4.40130603  4.08732931  2.99243738 -1.50369503]\n [-2.58233392  1.73332903 -5.40192706  2.99243738  9.73717226 -0.83276637]\n [-1.37148668  3.5468287   2.90238266 -1.50369503 -0.83276637  4.80235712]]", "nfev": "224", "njev": "32", "status": "0", "success": "True", "message": "Optimization terminated successfully.", "x": "[ 2.02135249  2.79607109 -1.01168934  4.85145866  3.27845067  0.73933335]", "nit": "27"}, "9": {"maxiter": 500, "gtol": 1e-05, "xrtol": 1e-05, "eps": 1e-10, "duration": 0.0385739803314209, "fun": "0.27326698054532406", "jac": "[-5.55111466e-06 -2.22044587e-06 -8.88178346e-06 -8.88178346e-06\n -1.11022293e-06 -2.22044587e-06]", "hess_inv": "[[ 4.02107795 -0.48963336 -2.38181472  0.856348   -2.17177354 -1.30808263]\n [-0.48963336  8.69977573 -1.14419559  0.19306689  1.19682438  3.55773696]\n [-2.38181472 -1.14419559  8.64344887 -4.36014136 -4.63047343  2.69392523]\n [ 0.856348    0.19306689 -4.36014136  4.82786862  2.9226801  -1.79046376]\n [-2.17177354  1.19682438 -4.63047343  2.9226801   8.57461369 -0.71381468]\n [-1.30808263  3.55773696  2.69392523 -1.79046376 -0.71381468  4.77392248]]", "nfev": "224", "njev": "32", "status": "0", "success": "True", "message": "Optimization terminated successfully.", "x": "[ 2.02639607  2.80413068 -1.01403476  4.85008161  3.28844182  0.73434902]", "nit": "27"}, "10": {"maxiter": 500, "gtol": 1e-05, "xrtol": 1e-10, "eps": 1e-05, "duration": 0.03819131851196289, "fun": "0.2732669803912191", "jac": "[ 5.32440758e-07 -1.44944057e-06 -3.63205022e-06 -6.51649845e-06\n  7.76889664e-07  2.04121164e-06]", "hess_inv": "[[ 4.35902364 -0.60938742 -2.25973467  0.96830248 -2.58233392 -1.37148668]\n [-0.60938742  8.98807207 -1.44289388  0.32319023  1.73332903  3.5468287 ]\n [-2.25973467 -1.44289388  9.15410415 -4.40130603 -5.40192706  2.90238266]\n [ 0.96830248  0.32319023 -4.40130603  4.08732931  2.99243738 -1.50369503]\n [-2.58233392  1.73332903 -5.40192706  2.99243738  9.73717226 -0.83276637]\n [-1.37148668  3.5468287   2.90238266 -1.50369503 -0.83276637  4.80235712]]", "nfev": "224", "njev": "32", "status": "0", "success": "True", "message": "Optimization terminated successfully.", "x": "[ 2.02135249  2.79607109 -1.01168934  4.85145866  3.27845067  0.73933335]", "nit": "27"}, "11": {"maxiter": 500, "gtol": 1e-05, "xrtol": 1e-10, "eps": 1e-10, "duration": 0.03799295425415039, "fun": "0.27326698054532406", "jac": "[-5.55111466e-06 -2.22044587e-06 -8.88178346e-06 -8.88178346e-06\n -1.11022293e-06 -2.22044587e-06]", "hess_inv": "[[ 4.02107795 -0.48963336 -2.38181472  0.856348   -2.17177354 -1.30808263]\n [-0.48963336  8.69977573 -1.14419559  0.19306689  1.19682438  3.55773696]\n [-2.38181472 -1.14419559  8.64344887 -4.36014136 -4.63047343  2.69392523]\n [ 0.856348    0.19306689 -4.36014136  4.82786862  2.9226801  -1.79046376]\n [-2.17177354  1.19682438 -4.63047343  2.9226801   8.57461369 -0.71381468]\n [-1.30808263  3.55773696  2.69392523 -1.79046376 -0.71381468  4.77392248]]", "nfev": "224", "njev": "32", "status": "0", "success": "True", "message": "Optimization terminated successfully.", "x": "[ 2.02639607  2.80413068 -1.01403476  4.85008161  3.28844182  0.73434902]", "nit": "27"}, "12": {"maxiter": 500, "gtol": 1e-10, "xrtol": 1e-05, "eps": 1e-05, "duration": 0.04138326644897461, "fun": "0.2732669803015161", "jac": "[ 8.00914890e-08  2.80009349e-07  5.22026866e-08 -5.95168359e-07\n  2.04103401e-07 -1.20981003e-07]", "hess_inv": "[[ 4.29877189 -0.46545081 -2.23512845  0.82318672 -2.56921175 -1.28514128]\n [-0.46545081  8.64817096 -1.49384729  0.721445    1.69273388  3.32786968]\n [-2.23512845 -1.49384729  9.15956444 -4.23985115 -5.42560527  2.84198719]\n [ 0.82318672  0.721445   -4.23985115  4.41116141  2.90333555 -1.46133475]\n [-2.56921175  1.69273388 -5.42560527  2.90333555  9.7559528  -0.82188489]\n [-1.28514128  3.32786968  2.84198719 -1.46133475 -0.82188489  4.71934563]]", "nfev": "231", "njev": "33", "status": "0", "success": "True", "message": "Optimization terminated successfully.", "x": "[ 2.02135139  2.79607504 -1.01168627  4.85147334  3.2784478   0.73933066]", "nit": "28"}, "13": {"maxiter": 500, "gtol": 1e-10, "xrtol": 1e-05, "eps": 1e-10, "duration": 0.04186081886291504, "fun": "0.273266980301477", "jac": "[-2.22044587e-06  1.11022293e-06  2.22044587e-06 -1.11022293e-06\n  1.11022293e-06  0.00000000e+00]", "hess_inv": "[[ 3.95430675 -0.45936643 -2.36713453  0.78026532 -2.16678517 -1.32161054]\n [-0.45936643  8.86742346 -0.91848954  0.28559486  1.0328474   3.74067743]\n [-2.36713453 -0.91848954  8.93791185 -4.26905529 -4.83875366  2.92341892]\n [ 0.78026532  0.28559486 -4.26905529  4.75974964  2.87661275 -1.74929697]\n [-2.16678517  1.0328474  -4.83875366  2.87661275  8.7184344  -0.87045465]\n [-1.32161054  3.74067743  2.92341892 -1.74929697 -0.87045465  4.94354551]]", "nfev": "231", "njev": "33", "status": "0", "success": "True", "message": "Optimization terminated successfully.", "x": "[ 2.02639757  2.80415165 -1.01400735  4.85009024  3.28842241  0.73437043]", "nit": "28"}, "14": {"maxiter": 500, "gtol": 1e-10, "xrtol": 1e-10, "eps": 1e-05, "duration": 0.07516622543334961, "fun": "0.27326698030053775", "jac": "[ 3.05611092e-07  1.70052861e-07  3.01658698e-07 -7.32636174e-08\n  2.64066546e-07 -2.11342055e-07]", "hess_inv": "[[ 4.13171383 -0.54020712 -2.14693281  0.79536673 -2.7932792  -1.11273231]\n [-0.54020712  9.94334677 -1.12437484 -0.444175    2.46159371  3.6322418 ]\n [-2.14693281 -1.12437484  9.19370993 -4.52850197 -5.08755317  2.81154229]\n [ 0.79536673 -0.444175   -4.52850197  5.18045848  2.16380027 -1.57430536]\n [-2.7932792   2.46159371 -5.08755317  2.16380027 10.01199025 -0.45475828]\n [-1.11273231  3.6322418   2.81154229 -1.57430536 -0.45475828  4.56668536]]", "nfev": "417", "njev": "58", "status": "2", "success": "False", "message": "Desired error not necessarily achieved due to precision loss.", "x": "[ 2.0213522   2.79607313 -1.01168725  4.85147541  3.27844741  0.73932945]", "nit": "29"}, "15": {"maxiter": 500, "gtol": 1e-10, "xrtol": 1e-10, "eps": 1e-10, "duration": 0.054527997970581055, "fun": "0.273266980301477", "jac": "[-3.33066880e-06 -1.11022293e-06 -2.22044587e-06 -1.11022293e-06\n -3.33066880e-06 -3.33066880e-06]", "hess_inv": "[[ 4.07450057  0.3637958  -1.32730536  1.1754567  -2.96420969 -0.49688603]\n [ 0.3637958   8.33335324 -2.12055236  0.85500303  1.03222921  2.97682828]\n [-1.32730536 -2.12055236  6.70813612 -3.73240663 -4.37287373  1.41054534]\n [ 1.1754567   0.85500303 -3.73240663  5.31907878  2.14563806 -1.25802526]\n [-2.96420969  1.03222921 -4.37287373  2.14563806  9.17735155 -0.66866202]\n [-0.49688603  2.97682828  1.41054534 -1.25802526 -0.66866202  3.94056742]]", "nfev": "308", "njev": "44", "status": "0", "success": "True", "message": "Optimization terminated successfully.", "x": "[ 2.02639757  2.80415165 -1.01400735  4.85009024  3.28842241  0.73437043]", "nit": "29"}, "16": {"maxiter": 1000, "gtol": 1e-05, "xrtol": 1e-05, "eps": 1e-05, "duration": 0.03977799415588379, "fun": "0.2732669803912191", "jac": "[ 5.32440758e-07 -1.44944057e-06 -3.63205022e-06 -6.51649845e-06\n  7.76889664e-07  2.04121164e-06]", "hess_inv": "[[ 4.35902364 -0.60938742 -2.25973467  0.96830248 -2.58233392 -1.37148668]\n [-0.60938742  8.98807207 -1.44289388  0.32319023  1.73332903  3.5468287 ]\n [-2.25973467 -1.44289388  9.15410415 -4.40130603 -5.40192706  2.90238266]\n [ 0.96830248  0.32319023 -4.40130603  4.08732931  2.99243738 -1.50369503]\n [-2.58233392  1.73332903 -5.40192706  2.99243738  9.73717226 -0.83276637]\n [-1.37148668  3.5468287   2.90238266 -1.50369503 -0.83276637  4.80235712]]", "nfev": "224", "njev": "32", "status": "0", "success": "True", "message": "Optimization terminated successfully.", "x": "[ 2.02135249  2.79607109 -1.01168934  4.85145866  3.27845067  0.73933335]", "nit": "27"}, "17": {"maxiter": 1000, "gtol": 1e-05, "xrtol": 1e-05, "eps": 1e-10, "duration": 0.03881692886352539, "fun": "0.27326698054532406", "jac": "[-5.55111466e-06 -2.22044587e-06 -8.88178346e-06 -8.88178346e-06\n -1.11022293e-06 -2.22044587e-06]", "hess_inv": "[[ 4.02107795 -0.48963336 -2.38181472  0.856348   -2.17177354 -1.30808263]\n [-0.48963336  8.69977573 -1.14419559  0.19306689  1.19682438  3.55773696]\n [-2.38181472 -1.14419559  8.64344887 -4.36014136 -4.63047343  2.69392523]\n [ 0.856348    0.19306689 -4.36014136  4.82786862  2.9226801  -1.79046376]\n [-2.17177354  1.19682438 -4.63047343  2.9226801   8.57461369 -0.71381468]\n [-1.30808263  3.55773696  2.69392523 -1.79046376 -0.71381468  4.77392248]]", "nfev": "224", "njev": "32", "status": "0", "success": "True", "message": "Optimization terminated successfully.", "x": "[ 2.02639607  2.80413068 -1.01403476  4.85008161  3.28844182  0.73434902]", "nit": "27"}, "18": {"maxiter": 1000, "gtol": 1e-05, "xrtol": 1e-10, "eps": 1e-05, "duration": 0.03826785087585449, "fun": "0.2732669803912191", "jac": "[ 5.32440758e-07 -1.44944057e-06 -3.63205022e-06 -6.51649845e-06\n  7.76889664e-07  2.04121164e-06]", "hess_inv": "[[ 4.35902364 -0.60938742 -2.25973467  0.96830248 -2.58233392 -1.37148668]\n [-0.60938742  8.98807207 -1.44289388  0.32319023  1.73332903  3.5468287 ]\n [-2.25973467 -1.44289388  9.15410415 -4.40130603 -5.40192706  2.90238266]\n [ 0.96830248  0.32319023 -4.40130603  4.08732931  2.99243738 -1.50369503]\n [-2.58233392  1.73332903 -5.40192706  2.99243738  9.73717226 -0.83276637]\n [-1.37148668  3.5468287   2.90238266 -1.50369503 -0.83276637  4.80235712]]", "nfev": "224", "njev": "32", "status": "0", "success": "True", "message": "Optimization terminated successfully.", "x": "[ 2.02135249  2.79607109 -1.01168934  4.85145866  3.27845067  0.73933335]", "nit": "27"}, "19": {"maxiter": 1000, "gtol": 1e-05, "xrtol": 1e-10, "eps": 1e-10, "duration": 0.038691043853759766, "fun": "0.27326698054532406", "jac": "[-5.55111466e-06 -2.22044587e-06 -8.88178346e-06 -8.88178346e-06\n -1.11022293e-06 -2.22044587e-06]", "hess_inv": "[[ 4.02107795 -0.48963336 -2.38181472  0.856348   -2.17177354 -1.30808263]\n [-0.48963336  8.69977573 -1.14419559  0.19306689  1.19682438  3.55773696]\n [-2.38181472 -1.14419559  8.64344887 -4.36014136 -4.63047343  2.69392523]\n [ 0.856348    0.19306689 -4.36014136  4.82786862  2.9226801  -1.79046376]\n [-2.17177354  1.19682438 -4.63047343  2.9226801   8.57461369 -0.71381468]\n [-1.30808263  3.55773696  2.69392523 -1.79046376 -0.71381468  4.77392248]]", "nfev": "224", "njev": "32", "status": "0", "success": "True", "message": "Optimization terminated successfully.", "x": "[ 2.02639607  2.80413068 -1.01403476  4.85008161  3.28844182  0.73434902]", "nit": "27"}, "20": {"maxiter": 1000, "gtol": 1e-10, "xrtol": 1e-05, "eps": 1e-05, "duration": 0.042738914489746094, "fun": "0.2732669803015161", "jac": "[ 8.00914890e-08  2.80009349e-07  5.22026866e-08 -5.95168359e-07\n  2.04103401e-07 -1.20981003e-07]", "hess_inv": "[[ 4.29877189 -0.46545081 -2.23512845  0.82318672 -2.56921175 -1.28514128]\n [-0.46545081  8.64817096 -1.49384729  0.721445    1.69273388  3.32786968]\n [-2.23512845 -1.49384729  9.15956444 -4.23985115 -5.42560527  2.84198719]\n [ 0.82318672  0.721445   -4.23985115  4.41116141  2.90333555 -1.46133475]\n [-2.56921175  1.69273388 -5.42560527  2.90333555  9.7559528  -0.82188489]\n [-1.28514128  3.32786968  2.84198719 -1.46133475 -0.82188489  4.71934563]]", "nfev": "231", "njev": "33", "status": "0", "success": "True", "message": "Optimization terminated successfully.", "x": "[ 2.02135139  2.79607504 -1.01168627  4.85147334  3.2784478   0.73933066]", "nit": "28"}, "21": {"maxiter": 1000, "gtol": 1e-10, "xrtol": 1e-05, "eps": 1e-10, "duration": 0.04422879219055176, "fun": "0.273266980301477", "jac": "[-2.22044587e-06  1.11022293e-06  2.22044587e-06 -1.11022293e-06\n  1.11022293e-06  0.00000000e+00]", "hess_inv": "[[ 3.95430675 -0.45936643 -2.36713453  0.78026532 -2.16678517 -1.32161054]\n [-0.45936643  8.86742346 -0.91848954  0.28559486  1.0328474   3.74067743]\n [-2.36713453 -0.91848954  8.93791185 -4.26905529 -4.83875366  2.92341892]\n [ 0.78026532  0.28559486 -4.26905529  4.75974964  2.87661275 -1.74929697]\n [-2.16678517  1.0328474  -4.83875366  2.87661275  8.7184344  -0.87045465]\n [-1.32161054  3.74067743  2.92341892 -1.74929697 -0.87045465  4.94354551]]", "nfev": "231", "njev": "33", "status": "0", "success": "True", "message": "Optimization terminated successfully.", "x": "[ 2.02639757  2.80415165 -1.01400735  4.85009024  3.28842241  0.73437043]", "nit": "28"}, "22": {"maxiter": 1000, "gtol": 1e-10, "xrtol": 1e-10, "eps": 1e-05, "duration": 0.07544708251953125, "fun": "0.27326698030053775", "jac": "[ 3.05611092e-07  1.70052861e-07  3.01658698e-07 -7.32636174e-08\n  2.64066546e-07 -2.11342055e-07]", "hess_inv": "[[ 4.13171383 -0.54020712 -2.14693281  0.79536673 -2.7932792  -1.11273231]\n [-0.54020712  9.94334677 -1.12437484 -0.444175    2.46159371  3.6322418 ]\n [-2.14693281 -1.12437484  9.19370993 -4.52850197 -5.08755317  2.81154229]\n [ 0.79536673 -0.444175   -4.52850197  5.18045848  2.16380027 -1.57430536]\n [-2.7932792   2.46159371 -5.08755317  2.16380027 10.01199025 -0.45475828]\n [-1.11273231  3.6322418   2.81154229 -1.57430536 -0.45475828  4.56668536]]", "nfev": "417", "njev": "58", "status": "2", "success": "False", "message": "Desired error not necessarily achieved due to precision loss.", "x": "[ 2.0213522   2.79607313 -1.01168725  4.85147541  3.27844741  0.73932945]", "nit": "29"}, "23": {"maxiter": 1000, "gtol": 1e-10, "xrtol": 1e-10, "eps": 1e-10, "duration": 0.0553438663482666, "fun": "0.273266980301477", "jac": "[-3.33066880e-06 -1.11022293e-06 -2.22044587e-06 -1.11022293e-06\n -3.33066880e-06 -3.33066880e-06]", "hess_inv": "[[ 4.07450057  0.3637958  -1.32730536  1.1754567  -2.96420969 -0.49688603]\n [ 0.3637958   8.33335324 -2.12055236  0.85500303  1.03222921  2.97682828]\n [-1.32730536 -2.12055236  6.70813612 -3.73240663 -4.37287373  1.41054534]\n [ 1.1754567   0.85500303 -3.73240663  5.31907878  2.14563806 -1.25802526]\n [-2.96420969  1.03222921 -4.37287373  2.14563806  9.17735155 -0.66866202]\n [-0.49688603  2.97682828  1.41054534 -1.25802526 -0.66866202  3.94056742]]", "nfev": "308", "njev": "44", "status": "0", "success": "True", "message": "Optimization terminated successfully.", "x": "[ 2.02639757  2.80415165 -1.01400735  4.85009024  3.28842241  0.73437043]", "nit": "29"}}, "cobyla": {"0": {"maxiter": 100, "tol": 1e-05, "catol": 1e-05, "duration": 0.017577171325683594, "x": "[4.2190203  3.51710197 3.36162269 3.90940986 0.38039015 1.13265562]", "status": "2", "success": "False", "message": "Maximum number of function evaluations has been exceeded.", "nfev": "100", "fun": "0.2732670890829143", "maxcv": "0.0"}, "1": {"maxiter": 100, "tol": 1e-05, "catol": 1e-10, "duration": 0.016678810119628906, "x": "[4.2190203  3.51710197 3.36162269 3.90940986 0.38039015 1.13265562]", "status": "2", "success": "False", "message": "Maximum number of function evaluations has been exceeded.", "nfev": "100", "fun": "0.2732670890829143", "maxcv": "0.0"}, "2": {"maxiter": 100, "tol": 1e-10, "catol": 1e-05, "duration": 0.016962766647338867, "x": "[4.2190203  3.51710197 3.36162269 3.90940986 0.38039015 1.13265562]", "status": "2", "success": "False", "message": "Maximum number of function evaluations has been exceeded.", "nfev": "100", "fun": "0.2732670890829143", "maxcv": "0.0"}, "3": {"maxiter": 100, "tol": 1e-10, "catol": 1e-10, "duration": 0.01685500144958496, "x": "[4.2190203  3.51710197 3.36162269 3.90940986 0.38039015 1.13265562]", "status": "2", "success": "False", "message": "Maximum number of function evaluations has been exceeded.", "nfev": "100", "fun": "0.2732670890829143", "maxcv": "0.0"}, "4": {"maxiter": 500, "tol": 1e-05, "catol": 1e-05, "duration": 0.025474071502685547, "x": "[4.21999366 3.51758253 3.36131587 3.90920993 0.37986967 1.13287685]", "status": "1", "success": "True", "message": "Optimization terminated successfully.", "nfev": "150", "fun": "0.27326698030313223", "maxcv": "0.0"}, "5": {"maxiter": 500, "tol": 1e-05, "catol": 1e-10, "duration": 0.025641918182373047, "x": "[4.21999366 3.51758253 3.36131587 3.90920993 0.37986967 1.13287685]", "status": "1", "success": "True", "message": "Optimization terminated successfully.", "nfev": "150", "fun": "0.27326698030313223", "maxcv": "0.0"}, "6": {"maxiter": 500, "tol": 1e-10, "catol": 1e-05, "duration": 0.04556894302368164, "x": "[4.21999938 3.51757141 3.36130577 3.90921071 0.37987688 1.13288671]", "status": "1", "success": "True", "message": "Optimization terminated successfully.", "nfev": "272", "fun": "0.27326698028483054", "maxcv": "0.0"}, "7": {"maxiter": 500, "tol": 1e-10, "catol": 1e-10, "duration": 0.0456850528717041, "x": "[4.21999938 3.51757141 3.36130577 3.90921071 0.37987688 1.13288671]", "status": "1", "success": "True", "message": "Optimization terminated successfully.", "nfev": "272", "fun": "0.27326698028483054", "maxcv": "0.0"}, "8": {"maxiter": 1000, "tol": 1e-05, "catol": 1e-05, "duration": 0.024724960327148438, "x": "[4.21999366 3.51758253 3.36131587 3.90920993 0.37986967 1.13287685]", "status": "1", "success": "True", "message": "Optimization terminated successfully.", "nfev": "150", "fun": "0.27326698030313223", "maxcv": "0.0"}, "9": {"maxiter": 1000, "tol": 1e-05, "catol": 1e-10, "duration": 0.026365995407104492, "x": "[4.21999366 3.51758253 3.36131587 3.90920993 0.37986967 1.13287685]", "status": "1", "success": "True", "message": "Optimization terminated successfully.", "nfev": "150", "fun": "0.27326698030313223", "maxcv": "0.0"}, "10": {"maxiter": 1000, "tol": 1e-10, "catol": 1e-05, "duration": 0.04560112953186035, "x": "[4.21999938 3.51757141 3.36130577 3.90921071 0.37987688 1.13288671]", "status": "1", "success": "True", "message": "Optimization terminated successfully.", "nfev": "272", "fun": "0.27326698028483054", "maxcv": "0.0"}, "11": {"maxiter": 1000, "tol": 1e-10, "catol": 1e-10, "duration": 0.04554295539855957, "x": "[4.21999938 3.51757141 3.36130577 3.90921071 0.37987688 1.13288671]", "status": "1", "success": "True", "message": "Optimization terminated successfully.", "nfev": "272", "fun": "0.27326698028483054", "maxcv": "0.0"}}, "dual_annealing_0": {"type": "gradient-free", "0": {"maxiter": 100, "duration": 0.2566678524017334, "success": "True", "status": "0", "x": "[4.31664184 3.67309868 3.31541552 3.96831377 0.6360151  1.2430139 ]", "fun": "0.2732669802947383", "nit": "100", "nfev": "1425", "njev": "32", "nhev": "0", "message": "['Maximum number of iteration reached']"}, "1": {"maxiter": 500, "duration": 1.1066970825195312, "success": "True", "status": "0", "x": "[3.69564139 2.47581317 3.22226522 4.01330502 5.23209872 0.45875063]", "fun": "0.27326698034221486", "nit": "500", "nfev": "6246", "njev": "35", "nhev": "0", "message": "['Maximum number of iteration reached']"}, "2": {"maxiter": 1000, "duration": 2.153643846511841, "success": "True", "status": "0", "x": "[1.76034989 0.92758294 0.         4.18318923 1.18454037 1.39729461]", "fun": "0.27326698033519037", "nit": "1000", "nfev": "12120", "njev": "17", "nhev": "0", "message": "['Maximum number of iteration reached']"}, "bounds": [[0.0, 6.283185307179586], [0.0, 6.283185307179586], [0.0, 6.283185307179586], [0.0, 6.283185307179586], [0.0, 6.283185307179586], [0.0, 6.283185307179586]]}, "dual_annealing_1": {"type": "gradient-free", "0": {"maxiter": 100, "duration": 0.2415609359741211, "success": "True", "status": "0", "x": "[8.88788431 3.9693037  5.42351347 1.83503707 1.1971063  3.49757789]", "fun": "0.27326698045153985", "nit": "100", "nfev": "1369", "njev": "24", "nhev": "0", "message": "['Maximum number of iteration reached']"}, "1": {"maxiter": 500, "duration": 1.0744528770446777, "success": "True", "status": "0", "x": "[1.76534030e+00 7.19885228e+00 6.17246691e-03 8.39035813e+00\n 4.31163163e+00 4.53675498e+00]", "fun": "0.27326698064274735", "nit": "500", "nfev": "6120", "njev": "17", "nhev": "0", "message": "['Maximum number of iteration reached']"}, "2": {"maxiter": 1000, "duration": 2.146450996398926, "success": "True", "status": "0", "x": "[2.6474234  5.34966607 6.22849469 4.0849286  5.0431984  0.40167699]", "fun": "0.27326698057414467", "nit": "1000", "nfev": "12253", "njev": "36", "nhev": "0", "message": "['Maximum number of iteration reached']"}, "bounds": [[0.0, 9.42477796076938], [0.0, 9.42477796076938], [0.0, 9.42477796076938], [0.0, 9.42477796076938], [0.0, 9.42477796076938], [0.0, 9.42477796076938]]}, "dual_annealing_2": {"type": "gradient-free", "0": {"maxiter": 100, "duration": 0.23947715759277344, "success": "True", "status": "0", "x": "[ 8.02595606  8.55103691  5.49600835  7.73298409  5.76649056 10.49442391]", "fun": "0.27326698032626906", "nit": "100", "nfev": "1376", "njev": "25", "nhev": "0", "message": "['Maximum number of iteration reached']"}, "1": {"maxiter": 500, "duration": 1.0973520278930664, "success": "True", "status": "0", "x": "[3.71026878 2.52631985 9.52798286 8.56689164 2.13210894 3.61492974]", "fun": "0.2732669805220783", "nit": "500", "nfev": "6134", "njev": "19", "nhev": "0", "message": "['Maximum number of iteration reached']"}, "2": {"maxiter": 1000, "duration": 2.2021570205688477, "success": "True", "status": "0", "x": "[8.95352508 4.32829673 5.61650658 4.34273349 4.52764703 6.62311794]", "fun": "0.2732669803448454", "nit": "1000", "nfev": "12106", "njev": "15", "nhev": "0", "message": "['Maximum number of iteration reached']"}, "bounds": [[0.0, 12.566370614359172], [0.0, 12.566370614359172], [0.0, 12.566370614359172], [0.0, 12.566370614359172], [0.0, 12.566370614359172], [0.0, 12.566370614359172]]}, "dual_annealing_3": {"type": "gradient-free", "0": {"maxiter": 100, "duration": 0.23911404609680176, "success": "True", "status": "0", "x": "[-1.70337822  4.22030842  3.06013189  2.0089917   4.501787   -1.72737076]", "fun": "0.2732669802958203", "nit": "100", "nfev": "1376", "njev": "25", "nhev": "0", "message": "['Maximum number of iteration reached']"}, "1": {"maxiter": 500, "duration": 1.0787098407745361, "success": "True", "status": "0", "x": "[-2.50863777 -3.56959568  3.31770185 -2.33428581  5.44950044 -5.74164294]", "fun": "0.27326698032250696", "nit": "500", "nfev": "6239", "njev": "34", "nhev": "0", "message": "['Maximum number of iteration reached']"}, "2": {"maxiter": 1000, "duration": 2.156261920928955, "success": "True", "status": "0", "x": "[-3.95820171 -2.99835457 -1.06697881 -1.58153958  3.82574633 -5.78966526]", "fun": "0.2732669803108947", "nit": "1000", "nfev": "12106", "njev": "15", "nhev": "0", "message": "['Maximum number of iteration reached']"}, "bounds": [[-6.283185307179586, 6.283185307179586], [-6.283185307179586, 6.283185307179586], [-6.283185307179586, 6.283185307179586], [-6.283185307179586, 6.283185307179586], [-6.283185307179586, 6.283185307179586], [-6.283185307179586, 6.283185307179586]]}, "dual_annealing_4": {"type": "gradient-free", "0": {"maxiter": 100, "duration": 0.26518821716308594, "success": "True", "status": "0", "x": "[-8.04351822 -2.21397424  9.42476788 -8.38317447 -5.09863528  1.39729841]", "fun": "0.2732669802891017", "nit": "100", "nfev": "1495", "njev": "42", "nhev": "0", "message": "['Maximum number of iteration reached']"}, "1": {"maxiter": 500, "duration": 1.0839920043945312, "success": "True", "status": "0", "x": "[-1.68274795  5.2352802   2.45069104 -4.78446208 -0.71769285  4.30509807]", "fun": "0.2732669803441101", "nit": "500", "nfev": "6113", "njev": "16", "nhev": "0", "message": "['Maximum number of iteration reached']"}, "2": {"maxiter": 1000, "duration": 2.1109139919281006, "success": "True", "status": "0", "x": "[ 4.60169536 -7.33547703  8.73639843  1.50017808 -7.00578648 -8.25910585]", "fun": "0.2732669803097101", "nit": "1000", "nfev": "12155", "njev": "22", "nhev": "0", "message": "['Maximum number of iteration reached']"}, "bounds": [[-9.42477796076938, 9.42477796076938], [-9.42477796076938, 9.42477796076938], [-9.42477796076938, 9.42477796076938], [-9.42477796076938, 9.42477796076938], [-9.42477796076938, 9.42477796076938], [-9.42477796076938, 9.42477796076938]]}, "dual_annealing_5": {"type": "gradient-free", "0": {"maxiter": 100, "duration": 0.22082829475402832, "success": "True", "status": "0", "x": "[-10.38653923  -3.23790645  -1.06231287  -1.49456435   3.57451191\n  -5.68513331]", "fun": "0.2732669802866814", "nit": "100", "nfev": "1320", "njev": "17", "nhev": "0", "message": "['Maximum number of iteration reached']"}, "1": {"maxiter": 500, "duration": 1.0356059074401855, "success": "True", "status": "0", "x": "[-10.0218852   -0.52639402   0.1400637   -2.307899     5.35238784\n -12.06380755]", "fun": "0.2732669806550214", "nit": "500", "nfev": "6106", "njev": "15", "nhev": "0", "message": "['Maximum number of iteration reached']"}, "2": {"maxiter": 1000, "duration": 2.0790560245513916, "success": "True", "status": "0", "x": "[-1.6724045  -1.08474686  2.47193954  7.79440129 11.80752646 -8.24311194]", "fun": "0.2732669802944655", "nit": "1000", "nfev": "12085", "njev": "12", "nhev": "0", "message": "['Maximum number of iteration reached']"}, "bounds": [[-12.566370614359172, 12.566370614359172], [-12.566370614359172, 12.566370614359172], [-12.566370614359172, 12.566370614359172], [-12.566370614359172, 12.566370614359172], [-12.566370614359172, 12.566370614359172], [-12.566370614359172, 12.566370614359172]]}}, "duration (s)": 111.77}