{"date": "2024/07/22/, 22:52:05", "conf_id": 41, "data_type": "random\n", "num_data_points": 3, "s_rank": 0, "unitary": "[[-0.56303964-0.00798273j,-0.21670212-0.15784972j,-0.06047197-0.73952673j,-0.01438004+0.24552571j],[-0.06976756+0.23474685j,-0.01275565-0.5435098j,-0.02703657-0.08917885j,-0.08210486-0.79311774j],[-0.38559961+0.10714929j,0.5933431-0.2687392j,-0.24060861+0.29149289j,-0.45147719+0.26241743j],[-0.50180421+0.45931857j,-0.11617175+0.44134496j,0.49642745+0.22684508j,-0.08544628-0.15407063j]]", "databatch_0": {"databatch": "[[[-2.83960582e-01+1.59595972e-01j,4.05674318e-01-1.23170388e-01j,-4.42451377e-01+1.34338802e-01j,2.26974472e-01-2.75450680e-02j],[1.51795477e-01+8.38800326e-03j,-1.90570448e-01-5.32481151e-02j,2.07847472e-01+5.80745412e-02j,-9.62500045e-02-4.60759689e-02j],[4.72072260e-02+1.63700526e-01j,-1.40703324e-02-2.21298797e-01j,1.53470232e-02+2.41361260e-01j,1.31887561e-02-1.18856785e-01j],[8.46966587e-03-1.84191883e-01j,-6.24409718e-02+2.31721602e-01j,6.81006002e-02-2.52729358e-01j,-5.48009645e-02+1.17249161e-01j]],[[-2.08683722e-02-7.95380740e-03j,7.50888355e-02-8.38855177e-02j,3.53073915e-02-4.01753607e-02j,-3.26805474e-02-3.00368568e-02j],[-9.54617347e-02+2.46413013e-02j,5.62225064e-02-4.93825132e-01j,2.45679815e-02-2.34835696e-01j,-1.94387149e-01-2.47245590e-02j],[-9.81422840e-02-7.69367568e-02j,5.39221017e-01-3.23191713e-01j,2.54756414e-01-1.55869797e-01j,-1.24614981e-01-2.14250420e-01j],[3.54188647e-02+2.60105867e-02j,-1.86338059e-01+1.19804369e-01j,-8.80007205e-02+5.77208644e-02j,4.62639249e-02+7.40803938e-02j]],[[-1.79621084e-01+1.21217727e-01j,-2.85606807e-01-4.09485291e-01j,-4.18106270e-01-4.27009809e-01j,1.52164102e-01+1.64427336e-01j],[-3.11434449e-05-9.52482056e-02j,2.19415846e-01-3.44724899e-03j,2.58364986e-01-4.74262491e-02j,-9.73165824e-02+1.50426861e-02j],[-3.73109978e-03+2.49758729e-02j,-5.76674820e-02-7.70996493e-03j,-6.96067130e-02+2.29252227e-03j,2.61075386e-02-1.23816060e-04j],[-9.07901443e-02+4.28205895e-02j,-1.01860457e-01-2.07629690e-01j,-1.61285659e-01-2.25003687e-01j,5.80609591e-02+8.60179784e-02j]]]", "initial param values": "[6.14770383,4.20657869,3.45010944,2.15660666,2.59404134,1.31212206]", "bfgs": {"type": "gradient", "0": {"maxiter": 100, "gtol": 1e-05, "xrtol": 1e-05, "eps": 1e-05, "duration": 0.04004311561584473, "fun": "0.23975925694793332", "jac": "[-1.06541442e-06  1.67745817e-06  1.59956493e-06  9.10926890e-07\n -1.02251541e-07  3.75011133e-07]", "hess_inv": "[[   9.77481576  -17.96542009   17.74338869    5.80210836   -4.56194629\n     5.10332087]\n [ -17.96542009  140.23117973 -142.98284745  -14.25371353   10.27851792\n    -8.78283624]\n [  17.74338869 -142.98284745  149.74494421   13.23737021  -10.46165148\n     7.53192742]\n [   5.80210836  -14.25371353   13.23737021    6.80124563   -2.85470723\n     3.00581026]\n [  -4.56194629   10.27851792  -10.46165148   -2.85470723    6.2912714\n    -3.67363563]\n [   5.10332087   -8.78283624    7.53192742    3.00581026   -3.67363563\n     6.49394322]]", "nfev": "231", "njev": "33", "status": "0", "success": "True", "message": "Optimization terminated successfully.", "x": "[6.08677697 2.52225584 4.08672751 5.09342392 2.56042537 1.99439543]", "nit": "30"}, "1": {"maxiter": 100, "gtol": 1e-05, "xrtol": 1e-05, "eps": 1e-10, "duration": 0.03978323936462402, "fun": "0.23975925698545264", "jac": "[-3.33066880e-06  1.11022293e-06  1.11022293e-06  1.11022293e-06\n -3.33066880e-06 -2.22044587e-06]", "hess_inv": "[[   9.59120226  -17.92290517   17.78914381    5.63956678   -4.41793814\n     4.95481505]\n [ -17.92290517  134.97145214 -137.83507912  -13.99385265    9.53078619\n    -8.65167069]\n [  17.78914381 -137.83507912  144.72849524   13.05315019   -9.7494965\n     7.4457268 ]\n [   5.63956678  -13.99385265   13.05315019    6.65095839   -2.71673113\n     2.85691241]\n [  -4.41793814    9.53078619   -9.7494965    -2.71673113    6.14695467\n    -3.54750699]\n [   4.95481505   -8.65167069    7.4457268     2.85691241   -3.54750699\n     6.39953981]]", "nfev": "231", "njev": "33", "status": "0", "success": "True", "message": "Optimization terminated successfully.", "x": "[6.08677362 2.52226873 4.08671429 5.09342346 2.56041851 1.9943916 ]", "nit": "30"}, "2": {"maxiter": 100, "gtol": 1e-05, "xrtol": 1e-10, "eps": 1e-05, "duration": 0.03975343704223633, "fun": "0.23975925694793332", "jac": "[-1.06541442e-06  1.67745817e-06  1.59956493e-06  9.10926890e-07\n -1.02251541e-07  3.75011133e-07]", "hess_inv": "[[   9.77481576  -17.96542009   17.74338869    5.80210836   -4.56194629\n     5.10332087]\n [ -17.96542009  140.23117973 -142.98284745  -14.25371353   10.27851792\n    -8.78283624]\n [  17.74338869 -142.98284745  149.74494421   13.23737021  -10.46165148\n     7.53192742]\n [   5.80210836  -14.25371353   13.23737021    6.80124563   -2.85470723\n     3.00581026]\n [  -4.56194629   10.27851792  -10.46165148   -2.85470723    6.2912714\n    -3.67363563]\n [   5.10332087   -8.78283624    7.53192742    3.00581026   -3.67363563\n     6.49394322]]", "nfev": "231", "njev": "33", "status": "0", "success": "True", "message": "Optimization terminated successfully.", "x": "[6.08677697 2.52225584 4.08672751 5.09342392 2.56042537 1.99439543]", "nit": "30"}, "3": {"maxiter": 100, "gtol": 1e-05, "xrtol": 1e-10, "eps": 1e-10, "duration": 0.03980588912963867, "fun": "0.23975925698545264", "jac": "[-3.33066880e-06  1.11022293e-06  1.11022293e-06  1.11022293e-06\n -3.33066880e-06 -2.22044587e-06]", "hess_inv": "[[   9.59120226  -17.92290517   17.78914381    5.63956678   -4.41793814\n     4.95481505]\n [ -17.92290517  134.97145214 -137.83507912  -13.99385265    9.53078619\n    -8.65167069]\n [  17.78914381 -137.83507912  144.72849524   13.05315019   -9.7494965\n     7.4457268 ]\n [   5.63956678  -13.99385265   13.05315019    6.65095839   -2.71673113\n     2.85691241]\n [  -4.41793814    9.53078619   -9.7494965    -2.71673113    6.14695467\n    -3.54750699]\n [   4.95481505   -8.65167069    7.4457268     2.85691241   -3.54750699\n     6.39953981]]", "nfev": "231", "njev": "33", "status": "0", "success": "True", "message": "Optimization terminated successfully.", "x": "[6.08677362 2.52226873 4.08671429 5.09342346 2.56041851 1.9943916 ]", "nit": "30"}, "4": {"maxiter": 100, "gtol": 1e-10, "xrtol": 1e-05, "eps": 1e-05, "duration": 0.041027069091796875, "fun": "0.2397592569390815", "jac": "[-2.65343303e-08 -2.64233080e-09 -2.06723527e-08  5.36792832e-08\n -2.06723527e-08  1.26565425e-08]", "hess_inv": "[[   9.47188196  -16.96729282   16.70250837    5.43753396   -4.37131251\n     4.9387577 ]\n [ -16.96729282  137.27084982 -140.16925241  -13.26031572    9.75577884\n    -8.23421558]\n [  16.70250837 -140.16925241  147.32394399   12.37454452  -10.00429988\n     6.95447084]\n [   5.43753396  -13.26031572   12.37454452    6.49402343   -2.6919757\n     2.80370725]\n [  -4.37131251    9.75577884  -10.00429988   -2.6919757     6.20512194\n    -3.5680215 ]\n [   4.9387577    -8.23421558    6.95447084    2.80370725   -3.5680215\n     6.40467233]]", "nfev": "238", "njev": "34", "status": "0", "success": "True", "message": "Optimization terminated successfully.", "x": "[6.08678156 2.52224787 4.08672987 5.09342492 2.56042478 1.99439806]", "nit": "31"}, "5": {"maxiter": 100, "gtol": 1e-10, "xrtol": 1e-05, "eps": 1e-10, "duration": 0.03986215591430664, "fun": "0.23975925698545264", "jac": "[-3.33066880e-06  1.11022293e-06  1.11022293e-06  1.11022293e-06\n -3.33066880e-06 -2.22044587e-06]", "hess_inv": "[[   9.59120226  -17.92290517   17.78914381    5.63956678   -4.41793814\n     4.95481505]\n [ -17.92290517  134.97145214 -137.83507912  -13.99385265    9.53078619\n    -8.65167069]\n [  17.78914381 -137.83507912  144.72849524   13.05315019   -9.7494965\n     7.4457268 ]\n [   5.63956678  -13.99385265   13.05315019    6.65095839   -2.71673113\n     2.85691241]\n [  -4.41793814    9.53078619   -9.7494965    -2.71673113    6.14695467\n    -3.54750699]\n [   4.95481505   -8.65167069    7.4457268     2.85691241   -3.54750699\n     6.39953981]]", "nfev": "231", "njev": "33", "status": "0", "success": "True", "message": "Optimization terminated successfully.", "x": "[6.08677362 2.52226873 4.08671429 5.09342346 2.56041851 1.9943916 ]", "nit": "30"}, "6": {"maxiter": 100, "gtol": 1e-10, "xrtol": 1e-10, "eps": 1e-05, "duration": 0.04687809944152832, "fun": "0.2397592569389747", "jac": "[2.22044605e-11 4.44089210e-11 2.22044605e-11 4.44089210e-11\n 0.00000000e+00 2.22044605e-11]", "hess_inv": "[[   9.65122752  -18.47728098   18.36757595    5.4243963    -4.27751516\n     4.77947556]\n [ -18.47728098  141.5940314  -143.88333907  -14.24677463    9.63757464\n    -8.1451303 ]\n [  18.36757595 -143.88333907  150.26067919   13.60126263   -9.87381151\n     6.85049827]\n [   5.4243963   -14.24677463   13.60126263    6.28362188   -2.58264755\n     2.62480616]\n [  -4.27751516    9.63757464   -9.87381151   -2.58264755    6.24215491\n    -3.64295926]\n [   4.77947556   -8.1451303     6.85049827    2.62480616   -3.64295926\n     6.54690482]]", "nfev": "259", "njev": "37", "status": "0", "success": "True", "message": "Optimization terminated successfully.", "x": "[6.0867817  2.52224586 4.08673205 5.09342488 2.5604248  1.994398  ]", "nit": "34"}, "7": {"maxiter": 100, "gtol": 1e-10, "xrtol": 1e-10, "eps": 1e-10, "duration": 0.05558490753173828, "fun": "0.2397592569293271", "jac": "[ 2.22044587e-06 -1.11022293e-06 -1.11022293e-06  0.00000000e+00\n  2.22044587e-06  0.00000000e+00]", "hess_inv": "[[  6.69696504 -16.21582012  16.85348459   3.7560145   -4.88373902\n    3.26489057]\n [-16.21582012  65.41760055 -66.18092512 -14.96254167   6.6941442\n   -6.92514705]\n [ 16.85348459 -66.18092512  70.65982543  14.68248784  -6.58957645\n    6.02138714]\n [  3.7560145  -14.96254167  14.68248784   5.57820296  -3.00604573\n    1.55651464]\n [ -4.88373902   6.6941442   -6.58957645  -3.00604573   5.94359405\n   -3.86145145]\n [  3.26489057  -6.92514705   6.02138714   1.55651464  -3.86145145\n    5.60248047]]", "nfev": "315", "njev": "45", "status": "2", "success": "False", "message": "Desired error not necessarily achieved due to precision loss.", "x": "[6.08679405 2.5222423  4.08672932 5.09342876 2.56042092 1.99440833]", "nit": "32"}, "8": {"maxiter": 500, "gtol": 1e-05, "xrtol": 1e-05, "eps": 1e-05, "duration": 0.040715932846069336, "fun": "0.23975925694793332", "jac": "[-1.06541442e-06  1.67745817e-06  1.59956493e-06  9.10926890e-07\n -1.02251541e-07  3.75011133e-07]", "hess_inv": "[[   9.77481576  -17.96542009   17.74338869    5.80210836   -4.56194629\n     5.10332087]\n [ -17.96542009  140.23117973 -142.98284745  -14.25371353   10.27851792\n    -8.78283624]\n [  17.74338869 -142.98284745  149.74494421   13.23737021  -10.46165148\n     7.53192742]\n [   5.80210836  -14.25371353   13.23737021    6.80124563   -2.85470723\n     3.00581026]\n [  -4.56194629   10.27851792  -10.46165148   -2.85470723    6.2912714\n    -3.67363563]\n [   5.10332087   -8.78283624    7.53192742    3.00581026   -3.67363563\n     6.49394322]]", "nfev": "231", "njev": "33", "status": "0", "success": "True", "message": "Optimization terminated successfully.", "x": "[6.08677697 2.52225584 4.08672751 5.09342392 2.56042537 1.99439543]", "nit": "30"}, "9": {"maxiter": 500, "gtol": 1e-05, "xrtol": 1e-05, "eps": 1e-10, "duration": 0.0407109260559082, "fun": "0.23975925698545264", "jac": "[-3.33066880e-06  1.11022293e-06  1.11022293e-06  1.11022293e-06\n -3.33066880e-06 -2.22044587e-06]", "hess_inv": "[[   9.59120226  -17.92290517   17.78914381    5.63956678   -4.41793814\n     4.95481505]\n [ -17.92290517  134.97145214 -137.83507912  -13.99385265    9.53078619\n    -8.65167069]\n [  17.78914381 -137.83507912  144.72849524   13.05315019   -9.7494965\n     7.4457268 ]\n [   5.63956678  -13.99385265   13.05315019    6.65095839   -2.71673113\n     2.85691241]\n [  -4.41793814    9.53078619   -9.7494965    -2.71673113    6.14695467\n    -3.54750699]\n [   4.95481505   -8.65167069    7.4457268     2.85691241   -3.54750699\n     6.39953981]]", "nfev": "231", "njev": "33", "status": "0", "success": "True", "message": "Optimization terminated successfully.", "x": "[6.08677362 2.52226873 4.08671429 5.09342346 2.56041851 1.9943916 ]", "nit": "30"}, "10": {"maxiter": 500, "gtol": 1e-05, "xrtol": 1e-10, "eps": 1e-05, "duration": 0.04059100151062012, "fun": "0.23975925694793332", "jac": "[-1.06541442e-06  1.67745817e-06  1.59956493e-06  9.10926890e-07\n -1.02251541e-07  3.75011133e-07]", "hess_inv": "[[   9.77481576  -17.96542009   17.74338869    5.80210836   -4.56194629\n     5.10332087]\n [ -17.96542009  140.23117973 -142.98284745  -14.25371353   10.27851792\n    -8.78283624]\n [  17.74338869 -142.98284745  149.74494421   13.23737021  -10.46165148\n     7.53192742]\n [   5.80210836  -14.25371353   13.23737021    6.80124563   -2.85470723\n     3.00581026]\n [  -4.56194629   10.27851792  -10.46165148   -2.85470723    6.2912714\n    -3.67363563]\n [   5.10332087   -8.78283624    7.53192742    3.00581026   -3.67363563\n     6.49394322]]", "nfev": "231", "njev": "33", "status": "0", "success": "True", "message": "Optimization terminated successfully.", "x": "[6.08677697 2.52225584 4.08672751 5.09342392 2.56042537 1.99439543]", "nit": "30"}, "11": {"maxiter": 500, "gtol": 1e-05, "xrtol": 1e-10, "eps": 1e-10, "duration": 0.04144096374511719, "fun": "0.23975925698545264", "jac": "[-3.33066880e-06  1.11022293e-06  1.11022293e-06  1.11022293e-06\n -3.33066880e-06 -2.22044587e-06]", "hess_inv": "[[   9.59120226  -17.92290517   17.78914381    5.63956678   -4.41793814\n     4.95481505]\n [ -17.92290517  134.97145214 -137.83507912  -13.99385265    9.53078619\n    -8.65167069]\n [  17.78914381 -137.83507912  144.72849524   13.05315019   -9.7494965\n     7.4457268 ]\n [   5.63956678  -13.99385265   13.05315019    6.65095839   -2.71673113\n     2.85691241]\n [  -4.41793814    9.53078619   -9.7494965    -2.71673113    6.14695467\n    -3.54750699]\n [   4.95481505   -8.65167069    7.4457268     2.85691241   -3.54750699\n     6.39953981]]", "nfev": "231", "njev": "33", "status": "0", "success": "True", "message": "Optimization terminated successfully.", "x": "[6.08677362 2.52226873 4.08671429 5.09342346 2.56041851 1.9943916 ]", "nit": "30"}, "12": {"maxiter": 500, "gtol": 1e-10, "xrtol": 1e-05, "eps": 1e-05, "duration": 0.042027950286865234, "fun": "0.2397592569390815", "jac": "[-2.65343303e-08 -2.64233080e-09 -2.06723527e-08  5.36792832e-08\n -2.06723527e-08  1.26565425e-08]", "hess_inv": "[[   9.47188196  -16.96729282   16.70250837    5.43753396   -4.37131251\n     4.9387577 ]\n [ -16.96729282  137.27084982 -140.16925241  -13.26031572    9.75577884\n    -8.23421558]\n [  16.70250837 -140.16925241  147.32394399   12.37454452  -10.00429988\n     6.95447084]\n [   5.43753396  -13.26031572   12.37454452    6.49402343   -2.6919757\n     2.80370725]\n [  -4.37131251    9.75577884  -10.00429988   -2.6919757     6.20512194\n    -3.5680215 ]\n [   4.9387577    -8.23421558    6.95447084    2.80370725   -3.5680215\n     6.40467233]]", "nfev": "238", "njev": "34", "status": "0", "success": "True", "message": "Optimization terminated successfully.", "x": "[6.08678156 2.52224787 4.08672987 5.09342492 2.56042478 1.99439806]", "nit": "31"}, "13": {"maxiter": 500, "gtol": 1e-10, "xrtol": 1e-05, "eps": 1e-10, "duration": 0.040143728256225586, "fun": "0.23975925698545264", "jac": "[-3.33066880e-06  1.11022293e-06  1.11022293e-06  1.11022293e-06\n -3.33066880e-06 -2.22044587e-06]", "hess_inv": "[[   9.59120226  -17.92290517   17.78914381    5.63956678   -4.41793814\n     4.95481505]\n [ -17.92290517  134.97145214 -137.83507912  -13.99385265    9.53078619\n    -8.65167069]\n [  17.78914381 -137.83507912  144.72849524   13.05315019   -9.7494965\n     7.4457268 ]\n [   5.63956678  -13.99385265   13.05315019    6.65095839   -2.71673113\n     2.85691241]\n [  -4.41793814    9.53078619   -9.7494965    -2.71673113    6.14695467\n    -3.54750699]\n [   4.95481505   -8.65167069    7.4457268     2.85691241   -3.54750699\n     6.39953981]]", "nfev": "231", "njev": "33", "status": "0", "success": "True", "message": "Optimization terminated successfully.", "x": "[6.08677362 2.52226873 4.08671429 5.09342346 2.56041851 1.9943916 ]", "nit": "30"}, "14": {"maxiter": 500, "gtol": 1e-10, "xrtol": 1e-10, "eps": 1e-05, "duration": 0.044895172119140625, "fun": "0.2397592569389747", "jac": "[2.22044605e-11 4.44089210e-11 2.22044605e-11 4.44089210e-11\n 0.00000000e+00 2.22044605e-11]", "hess_inv": "[[   9.65122752  -18.47728098   18.36757595    5.4243963    -4.27751516\n     4.77947556]\n [ -18.47728098  141.5940314  -143.88333907  -14.24677463    9.63757464\n    -8.1451303 ]\n [  18.36757595 -143.88333907  150.26067919   13.60126263   -9.87381151\n     6.85049827]\n [   5.4243963   -14.24677463   13.60126263    6.28362188   -2.58264755\n     2.62480616]\n [  -4.27751516    9.63757464   -9.87381151   -2.58264755    6.24215491\n    -3.64295926]\n [   4.77947556   -8.1451303     6.85049827    2.62480616   -3.64295926\n     6.54690482]]", "nfev": "259", "njev": "37", "status": "0", "success": "True", "message": "Optimization terminated successfully.", "x": "[6.0867817  2.52224586 4.08673205 5.09342488 2.5604248  1.994398  ]", "nit": "34"}, "15": {"maxiter": 500, "gtol": 1e-10, "xrtol": 1e-10, "eps": 1e-10, "duration": 0.05447888374328613, "fun": "0.2397592569293271", "jac": "[ 2.22044587e-06 -1.11022293e-06 -1.11022293e-06  0.00000000e+00\n  2.22044587e-06  0.00000000e+00]", "hess_inv": "[[  6.69696504 -16.21582012  16.85348459   3.7560145   -4.88373902\n    3.26489057]\n [-16.21582012  65.41760055 -66.18092512 -14.96254167   6.6941442\n   -6.92514705]\n [ 16.85348459 -66.18092512  70.65982543  14.68248784  -6.58957645\n    6.02138714]\n [  3.7560145  -14.96254167  14.68248784   5.57820296  -3.00604573\n    1.55651464]\n [ -4.88373902   6.6941442   -6.58957645  -3.00604573   5.94359405\n   -3.86145145]\n [  3.26489057  -6.92514705   6.02138714   1.55651464  -3.86145145\n    5.60248047]]", "nfev": "315", "njev": "45", "status": "2", "success": "False", "message": "Desired error not necessarily achieved due to precision loss.", "x": "[6.08679405 2.5222423  4.08672932 5.09342876 2.56042092 1.99440833]", "nit": "32"}, "16": {"maxiter": 1000, "gtol": 1e-05, "xrtol": 1e-05, "eps": 1e-05, "duration": 0.04012298583984375, "fun": "0.23975925694793332", "jac": "[-1.06541442e-06  1.67745817e-06  1.59956493e-06  9.10926890e-07\n -1.02251541e-07  3.75011133e-07]", "hess_inv": "[[   9.77481576  -17.96542009   17.74338869    5.80210836   -4.56194629\n     5.10332087]\n [ -17.96542009  140.23117973 -142.98284745  -14.25371353   10.27851792\n    -8.78283624]\n [  17.74338869 -142.98284745  149.74494421   13.23737021  -10.46165148\n     7.53192742]\n [   5.80210836  -14.25371353   13.23737021    6.80124563   -2.85470723\n     3.00581026]\n [  -4.56194629   10.27851792  -10.46165148   -2.85470723    6.2912714\n    -3.67363563]\n [   5.10332087   -8.78283624    7.53192742    3.00581026   -3.67363563\n     6.49394322]]", "nfev": "231", "njev": "33", "status": "0", "success": "True", "message": "Optimization terminated successfully.", "x": "[6.08677697 2.52225584 4.08672751 5.09342392 2.56042537 1.99439543]", "nit": "30"}, "17": {"maxiter": 1000, "gtol": 1e-05, "xrtol": 1e-05, "eps": 1e-10, "duration": 0.0416409969329834, "fun": "0.23975925698545264", "jac": "[-3.33066880e-06  1.11022293e-06  1.11022293e-06  1.11022293e-06\n -3.33066880e-06 -2.22044587e-06]", "hess_inv": "[[   9.59120226  -17.92290517   17.78914381    5.63956678   -4.41793814\n     4.95481505]\n [ -17.92290517  134.97145214 -137.83507912  -13.99385265    9.53078619\n    -8.65167069]\n [  17.78914381 -137.83507912  144.72849524   13.05315019   -9.7494965\n     7.4457268 ]\n [   5.63956678  -13.99385265   13.05315019    6.65095839   -2.71673113\n     2.85691241]\n [  -4.41793814    9.53078619   -9.7494965    -2.71673113    6.14695467\n    -3.54750699]\n [   4.95481505   -8.65167069    7.4457268     2.85691241   -3.54750699\n     6.39953981]]", "nfev": "231", "njev": "33", "status": "0", "success": "True", "message": "Optimization terminated successfully.", "x": "[6.08677362 2.52226873 4.08671429 5.09342346 2.56041851 1.9943916 ]", "nit": "30"}, "18": {"maxiter": 1000, "gtol": 1e-05, "xrtol": 1e-10, "eps": 1e-05, "duration": 0.04143190383911133, "fun": "0.23975925694793332", "jac": "[-1.06541442e-06  1.67745817e-06  1.59956493e-06  9.10926890e-07\n -1.02251541e-07  3.75011133e-07]", "hess_inv": "[[   9.77481576  -17.96542009   17.74338869    5.80210836   -4.56194629\n     5.10332087]\n [ -17.96542009  140.23117973 -142.98284745  -14.25371353   10.27851792\n    -8.78283624]\n [  17.74338869 -142.98284745  149.74494421   13.23737021  -10.46165148\n     7.53192742]\n [   5.80210836  -14.25371353   13.23737021    6.80124563   -2.85470723\n     3.00581026]\n [  -4.56194629   10.27851792  -10.46165148   -2.85470723    6.2912714\n    -3.67363563]\n [   5.10332087   -8.78283624    7.53192742    3.00581026   -3.67363563\n     6.49394322]]", "nfev": "231", "njev": "33", "status": "0", "success": "True", "message": "Optimization terminated successfully.", "x": "[6.08677697 2.52225584 4.08672751 5.09342392 2.56042537 1.99439543]", "nit": "30"}, "19": {"maxiter": 1000, "gtol": 1e-05, "xrtol": 1e-10, "eps": 1e-10, "duration": 0.040370941162109375, "fun": "0.23975925698545264", "jac": "[-3.33066880e-06  1.11022293e-06  1.11022293e-06  1.11022293e-06\n -3.33066880e-06 -2.22044587e-06]", "hess_inv": "[[   9.59120226  -17.92290517   17.78914381    5.63956678   -4.41793814\n     4.95481505]\n [ -17.92290517  134.97145214 -137.83507912  -13.99385265    9.53078619\n    -8.65167069]\n [  17.78914381 -137.83507912  144.72849524   13.05315019   -9.7494965\n     7.4457268 ]\n [   5.63956678  -13.99385265   13.05315019    6.65095839   -2.71673113\n     2.85691241]\n [  -4.41793814    9.53078619   -9.7494965    -2.71673113    6.14695467\n    -3.54750699]\n [   4.95481505   -8.65167069    7.4457268     2.85691241   -3.54750699\n     6.39953981]]", "nfev": "231", "njev": "33", "status": "0", "success": "True", "message": "Optimization terminated successfully.", "x": "[6.08677362 2.52226873 4.08671429 5.09342346 2.56041851 1.9943916 ]", "nit": "30"}, "20": {"maxiter": 1000, "gtol": 1e-10, "xrtol": 1e-05, "eps": 1e-05, "duration": 0.041172027587890625, "fun": "0.2397592569390815", "jac": "[-2.65343303e-08 -2.64233080e-09 -2.06723527e-08  5.36792832e-08\n -2.06723527e-08  1.26565425e-08]", "hess_inv": "[[   9.47188196  -16.96729282   16.70250837    5.43753396   -4.37131251\n     4.9387577 ]\n [ -16.96729282  137.27084982 -140.16925241  -13.26031572    9.75577884\n    -8.23421558]\n [  16.70250837 -140.16925241  147.32394399   12.37454452  -10.00429988\n     6.95447084]\n [   5.43753396  -13.26031572   12.37454452    6.49402343   -2.6919757\n     2.80370725]\n [  -4.37131251    9.75577884  -10.00429988   -2.6919757     6.20512194\n    -3.5680215 ]\n [   4.9387577    -8.23421558    6.95447084    2.80370725   -3.5680215\n     6.40467233]]", "nfev": "238", "njev": "34", "status": "0", "success": "True", "message": "Optimization terminated successfully.", "x": "[6.08678156 2.52224787 4.08672987 5.09342492 2.56042478 1.99439806]", "nit": "31"}, "21": {"maxiter": 1000, "gtol": 1e-10, "xrtol": 1e-05, "eps": 1e-10, "duration": 0.039904117584228516, "fun": "0.23975925698545264", "jac": "[-3.33066880e-06  1.11022293e-06  1.11022293e-06  1.11022293e-06\n -3.33066880e-06 -2.22044587e-06]", "hess_inv": "[[   9.59120226  -17.92290517   17.78914381    5.63956678   -4.41793814\n     4.95481505]\n [ -17.92290517  134.97145214 -137.83507912  -13.99385265    9.53078619\n    -8.65167069]\n [  17.78914381 -137.83507912  144.72849524   13.05315019   -9.7494965\n     7.4457268 ]\n [   5.63956678  -13.99385265   13.05315019    6.65095839   -2.71673113\n     2.85691241]\n [  -4.41793814    9.53078619   -9.7494965    -2.71673113    6.14695467\n    -3.54750699]\n [   4.95481505   -8.65167069    7.4457268     2.85691241   -3.54750699\n     6.39953981]]", "nfev": "231", "njev": "33", "status": "0", "success": "True", "message": "Optimization terminated successfully.", "x": "[6.08677362 2.52226873 4.08671429 5.09342346 2.56041851 1.9943916 ]", "nit": "30"}, "22": {"maxiter": 1000, "gtol": 1e-10, "xrtol": 1e-10, "eps": 1e-05, "duration": 0.044692039489746094, "fun": "0.2397592569389747", "jac": "[2.22044605e-11 4.44089210e-11 2.22044605e-11 4.44089210e-11\n 0.00000000e+00 2.22044605e-11]", "hess_inv": "[[   9.65122752  -18.47728098   18.36757595    5.4243963    -4.27751516\n     4.77947556]\n [ -18.47728098  141.5940314  -143.88333907  -14.24677463    9.63757464\n    -8.1451303 ]\n [  18.36757595 -143.88333907  150.26067919   13.60126263   -9.87381151\n     6.85049827]\n [   5.4243963   -14.24677463   13.60126263    6.28362188   -2.58264755\n     2.62480616]\n [  -4.27751516    9.63757464   -9.87381151   -2.58264755    6.24215491\n    -3.64295926]\n [   4.77947556   -8.1451303     6.85049827    2.62480616   -3.64295926\n     6.54690482]]", "nfev": "259", "njev": "37", "status": "0", "success": "True", "message": "Optimization terminated successfully.", "x": "[6.0867817  2.52224586 4.08673205 5.09342488 2.5604248  1.994398  ]", "nit": "34"}, "23": {"maxiter": 1000, "gtol": 1e-10, "xrtol": 1e-10, "eps": 1e-10, "duration": 0.05403494834899902, "fun": "0.2397592569293271", "jac": "[ 2.22044587e-06 -1.11022293e-06 -1.11022293e-06  0.00000000e+00\n  2.22044587e-06  0.00000000e+00]", "hess_inv": "[[  6.69696504 -16.21582012  16.85348459   3.7560145   -4.88373902\n    3.26489057]\n [-16.21582012  65.41760055 -66.18092512 -14.96254167   6.6941442\n   -6.92514705]\n [ 16.85348459 -66.18092512  70.65982543  14.68248784  -6.58957645\n    6.02138714]\n [  3.7560145  -14.96254167  14.68248784   5.57820296  -3.00604573\n    1.55651464]\n [ -4.88373902   6.6941442   -6.58957645  -3.00604573   5.94359405\n   -3.86145145]\n [  3.26489057  -6.92514705   6.02138714   1.55651464  -3.86145145\n    5.60248047]]", "nfev": "315", "njev": "45", "status": "2", "success": "False", "message": "Desired error not necessarily achieved due to precision loss.", "x": "[6.08679405 2.5222423  4.08672932 5.09342876 2.56042092 1.99440833]", "nit": "32"}}, "cobyla": {"0": {"maxiter": 100, "tol": 1e-05, "catol": 1e-05, "duration": 0.01693892478942871, "x": "[6.11704706 3.03112001 3.55206868 5.11218563 2.54036468 2.03536311]", "status": "2", "success": "False", "message": "Maximum number of function evaluations has been exceeded.", "nfev": "100", "fun": "0.24119796628515966", "maxcv": "0.0"}, "1": {"maxiter": 100, "tol": 1e-05, "catol": 1e-10, "duration": 0.017355918884277344, "x": "[6.11704706 3.03112001 3.55206868 5.11218563 2.54036468 2.03536311]", "status": "2", "success": "False", "message": "Maximum number of function evaluations has been exceeded.", "nfev": "100", "fun": "0.24119796628515966", "maxcv": "0.0"}, "2": {"maxiter": 100, "tol": 1e-10, "catol": 1e-05, "duration": 0.016711950302124023, "x": "[6.11704706 3.03112001 3.55206868 5.11218563 2.54036468 2.03536311]", "status": "2", "success": "False", "message": "Maximum number of function evaluations has been exceeded.", "nfev": "100", "fun": "0.24119796628515966", "maxcv": "0.0"}, "3": {"maxiter": 100, "tol": 1e-10, "catol": 1e-10, "duration": 0.01661396026611328, "x": "[6.11704706 3.03112001 3.55206868 5.11218563 2.54036468 2.03536311]", "status": "2", "success": "False", "message": "Maximum number of function evaluations has been exceeded.", "nfev": "100", "fun": "0.24119796628515966", "maxcv": "0.0"}, "4": {"maxiter": 500, "tol": 1e-05, "catol": 1e-05, "duration": 0.08226895332336426, "x": "[6.06974929 2.67277366 3.93132428 5.08054725 2.56805228 1.9892831 ]", "status": "2", "success": "False", "message": "Maximum number of function evaluations has been exceeded.", "nfev": "500", "fun": "0.2398573477267849", "maxcv": "0.0"}, "5": {"maxiter": 500, "tol": 1e-05, "catol": 1e-10, "duration": 0.0819859504699707, "x": "[6.06974929 2.67277366 3.93132428 5.08054725 2.56805228 1.9892831 ]", "status": "2", "success": "False", "message": "Maximum number of function evaluations has been exceeded.", "nfev": "500", "fun": "0.2398573477267849", "maxcv": "0.0"}, "6": {"maxiter": 500, "tol": 1e-10, "catol": 1e-05, "duration": 0.08508491516113281, "x": "[6.06974929 2.67277366 3.93132428 5.08054725 2.56805228 1.9892831 ]", "status": "2", "success": "False", "message": "Maximum number of function evaluations has been exceeded.", "nfev": "500", "fun": "0.2398573477267849", "maxcv": "0.0"}, "7": {"maxiter": 500, "tol": 1e-10, "catol": 1e-10, "duration": 0.08477520942687988, "x": "[6.06974929 2.67277366 3.93132428 5.08054725 2.56805228 1.9892831 ]", "status": "2", "success": "False", "message": "Maximum number of function evaluations has been exceeded.", "nfev": "500", "fun": "0.2398573477267849", "maxcv": "0.0"}, "8": {"maxiter": 1000, "tol": 1e-05, "catol": 1e-05, "duration": 0.16797804832458496, "x": "[6.08103896 2.56501487 4.04255728 5.08914269 2.56347172 1.99199894]", "status": "2", "success": "False", "message": "Maximum number of function evaluations has been exceeded.", "nfev": "1000", "fun": "0.2397661705767753", "maxcv": "0.0"}, "9": {"maxiter": 1000, "tol": 1e-05, "catol": 1e-10, "duration": 0.16499018669128418, "x": "[6.08103896 2.56501487 4.04255728 5.08914269 2.56347172 1.99199894]", "status": "2", "success": "False", "message": "Maximum number of function evaluations has been exceeded.", "nfev": "1000", "fun": "0.2397661705767753", "maxcv": "0.0"}, "10": {"maxiter": 1000, "tol": 1e-10, "catol": 1e-05, "duration": 0.16599202156066895, "x": "[6.08103896 2.56501487 4.04255728 5.08914269 2.56347172 1.99199894]", "status": "2", "success": "False", "message": "Maximum number of function evaluations has been exceeded.", "nfev": "1000", "fun": "0.2397661705767753", "maxcv": "0.0"}, "11": {"maxiter": 1000, "tol": 1e-10, "catol": 1e-10, "duration": 0.16513419151306152, "x": "[6.08103896 2.56501487 4.04255728 5.08914269 2.56347172 1.99199894]", "status": "2", "success": "False", "message": "Maximum number of function evaluations has been exceeded.", "nfev": "1000", "fun": "0.2397661705767753", "maxcv": "0.0"}}, "dual_annealing_0": {"type": "gradient-free", "0": {"maxiter": 100, "duration": 0.2297530174255371, "success": "True", "status": "0", "x": "[0.14232637 6.28318531 6.28318531 5.17641877 2.52020688 2.15461538]", "fun": "0.25358720433568527", "nit": "100", "nfev": "1306", "njev": "15", "nhev": "0", "message": "['Maximum number of iteration reached']"}, "1": {"maxiter": 500, "duration": 1.0926611423492432, "success": "True", "status": "0", "x": "[6.08691951 2.52202176 4.08691756 1.18966223 5.70195604 5.1360967 ]", "fun": "0.23975925787470265", "nit": "500", "nfev": "6148", "njev": "21", "nhev": "0", "message": "['Maximum number of iteration reached']"}, "2": {"maxiter": 1000, "duration": 2.1910440921783447, "success": "True", "status": "0", "x": "[6.08678116 2.52226869 4.0867144  5.09343081 2.56040699 1.99438991]", "fun": "0.23975925703550616", "nit": "1000", "nfev": "12260", "njev": "37", "nhev": "0", "message": "['Maximum number of iteration reached']"}, "bounds": [[0.0, 6.283185307179586], [0.0, 6.283185307179586], [0.0, 6.283185307179586], [0.0, 6.283185307179586], [0.0, 6.283185307179586], [0.0, 6.283185307179586]]}, "dual_annealing_1": {"type": "gradient-free", "0": {"maxiter": 100, "duration": 0.24877405166625977, "success": "True", "status": "0", "x": "[0.19638578 5.66380352 7.2283698  5.09343921 2.56041873 1.9944114 ]", "fun": "0.23975925691520794", "nit": "100", "nfev": "1404", "njev": "29", "nhev": "0", "message": "['Maximum number of iteration reached']"}, "1": {"maxiter": 500, "duration": 1.2009718418121338, "success": "True", "status": "0", "x": "[0.1964117  5.66404918 7.22810313 7.47296663 5.70201508 5.13601854]", "fun": "0.23975925724286873", "nit": "500", "nfev": "6281", "njev": "40", "nhev": "0", "message": "['Maximum number of iteration reached']"}, "2": {"maxiter": 1000, "duration": 2.2180299758911133, "success": "True", "status": "0", "x": "[0.1964254  5.66379192 0.94516505 1.18979012 5.70203651 5.13599559]", "fun": "0.2397592572850229", "nit": "1000", "nfev": "12267", "njev": "38", "nhev": "0", "message": "['Maximum number of iteration reached']"}, "bounds": [[0.0, 9.42477796076938], [0.0, 9.42477796076938], [0.0, 9.42477796076938], [0.0, 9.42477796076938], [0.0, 9.42477796076938], [0.0, 9.42477796076938]]}, "dual_annealing_2": {"type": "gradient-free", "0": {"maxiter": 100, "duration": 0.2754170894622803, "success": "True", "status": "0", "x": "[ 0.19638415  5.66382543  7.22832585  1.18974353  5.70204546 11.41920149]", "fun": "0.23975925712768198", "nit": "100", "nfev": "1551", "njev": "50", "nhev": "0", "message": "['Maximum number of iteration reached']"}, "1": {"maxiter": 500, "duration": 1.1016619205474854, "success": "True", "status": "0", "x": "[12.36998878  2.52213969 10.37002363 11.37662478  2.56041759  1.99441804]", "fun": "0.23975925693719258", "nit": "500", "nfev": "6197", "njev": "28", "nhev": "0", "message": "['Maximum number of iteration reached']"}, "2": {"maxiter": 1000, "duration": 2.20247220993042, "success": "True", "status": "0", "x": "[ 6.47960373 11.94696359  7.2283935   7.47294782  5.70203034 11.41917665]", "fun": "0.23975925703918444", "nit": "1000", "nfev": "12379", "njev": "54", "nhev": "0", "message": "['Maximum number of iteration reached']"}, "bounds": [[0.0, 12.566370614359172], [0.0, 12.566370614359172], [0.0, 12.566370614359172], [0.0, 12.566370614359172], [0.0, 12.566370614359172], [0.0, 12.566370614359172]]}, "dual_annealing_3": {"type": "gradient-free", "0": {"maxiter": 100, "duration": 0.24501609802246094, "success": "True", "status": "0", "x": "[ 6.28318531  5.54009378  1.04615524  1.09208881  5.61376484 -1.03528704]", "fun": "0.24248643376820522", "nit": "100", "nfev": "1320", "njev": "17", "nhev": "0", "message": "['Maximum number of iteration reached']"}, "1": {"maxiter": 500, "duration": 1.1630208492279053, "success": "True", "status": "0", "x": "[-0.19635885  2.52221829 -2.19642433  5.09348271 -3.7227797  -4.28877084]", "fun": "0.23975925710515822", "nit": "500", "nfev": "6246", "njev": "35", "nhev": "0", "message": "['Maximum number of iteration reached']"}, "2": {"maxiter": 1000, "duration": 2.233981132507324, "success": "True", "status": "0", "x": "[-0.19638219 -3.76098489 -2.19640332 -5.09344448 -0.58117432  5.13599837]", "fun": "0.23975925690902777", "nit": "1000", "nfev": "12421", "njev": "60", "nhev": "0", "message": "['Maximum number of iteration reached']"}, "bounds": [[-6.283185307179586, 6.283185307179586], [-6.283185307179586, 6.283185307179586], [-6.283185307179586, 6.283185307179586], [-6.283185307179586, 6.283185307179586], [-6.283185307179586, 6.283185307179586], [-6.283185307179586, 6.283185307179586]]}, "dual_annealing_4": {"type": "gradient-free", "0": {"maxiter": 100, "duration": 0.2476511001586914, "success": "True", "status": "0", "x": "[-6.0868279  -0.61943123 -5.33796413  5.09344732  2.56041871  8.27760937]", "fun": "0.23975925696190592", "nit": "100", "nfev": "1404", "njev": "29", "nhev": "0", "message": "['Maximum number of iteration reached']"}, "1": {"maxiter": 500, "duration": 1.1144840717315674, "success": "True", "status": "0", "x": "[-6.47956674  2.52221041 -2.19641878  5.09344066 -3.72276972  8.27759909]", "fun": "0.23975925690476008", "nit": "500", "nfev": "6323", "njev": "46", "nhev": "0", "message": "['Maximum number of iteration reached']"}, "2": {"maxiter": 1000, "duration": 2.155127763748169, "success": "True", "status": "0", "x": "[-6.47957418  8.80541756 -8.47961639 -7.47294341  2.56039128  1.99442356]", "fun": "0.2397592570360817", "nit": "1000", "nfev": "12141", "njev": "20", "nhev": "0", "message": "['Maximum number of iteration reached']"}, "bounds": [[-9.42477796076938, 9.42477796076938], [-9.42477796076938, 9.42477796076938], [-9.42477796076938, 9.42477796076938], [-9.42477796076938, 9.42477796076938], [-9.42477796076938, 9.42477796076938], [-9.42477796076938, 9.42477796076938]]}, "dual_annealing_5": {"type": "gradient-free", "0": {"maxiter": 100, "duration": 0.2659878730773926, "success": "True", "status": "0", "x": "[-6.47956804 -3.76096346  4.08674548 -7.472933    2.56038874  8.27762097]", "fun": "0.23975925704760304", "nit": "100", "nfev": "1509", "njev": "44", "nhev": "0", "message": "['Maximum number of iteration reached']"}, "1": {"maxiter": 500, "duration": 1.1317501068115234, "success": "True", "status": "0", "x": "[ 12.37001531  -3.76107221  -2.19632468  -1.18972657 -10.00596746\n   1.99443427]", "fun": "0.23975925696085743", "nit": "500", "nfev": "6274", "njev": "39", "nhev": "0", "message": "['Maximum number of iteration reached']"}, "2": {"maxiter": 1000, "duration": 2.275130033493042, "success": "True", "status": "0", "x": "[ 6.0868048  -3.7609768   4.08677093  1.18974287  5.70200984  5.13600512]", "fun": "0.23975925690278987", "nit": "1000", "nfev": "12246", "njev": "35", "nhev": "0", "message": "['Maximum number of iteration reached']"}, "bounds": [[-12.566370614359172, 12.566370614359172], [-12.566370614359172, 12.566370614359172], [-12.566370614359172, 12.566370614359172], [-12.566370614359172, 12.566370614359172], [-12.566370614359172, 12.566370614359172], [-12.566370614359172, 12.566370614359172]]}}, "duration (s)": 117.31}