{"date": "2024/07/22/, 22:16:17", "conf_id": 22, "data_type": "random\n", "num_data_points": 2, "s_rank": 0, "unitary": "[[0.18663085-0.53122324j,-0.11886349-0.70040876j,0.28555095-0.02789305j,-0.12262021-0.2844587j],[-0.16702216+0.27758472j,0.27526351-0.29738586j,-0.01109314+0.22495461j,-0.77239203+0.28900673j],[0.61935415+0.12301792j,-0.31269928-0.03315917j,-0.61902762-0.19039079j,-0.27120731-0.0968989j],[0.42341754+0.0023929j,-0.05847358+0.47832119j,0.64900495-0.16218422j,-0.37182676-0.05229966j]]", "databatch_0": {"databatch": "[[[-0.24021457-0.29103348j,0.17013249+0.19878577j,0.19848966+0.4218589j,0.19573753-0.27956997j],[-0.16153234+0.01780647j,0.11176227-0.01434422j,0.19880015+0.02810802j,-0.05447937-0.13650157j],[0.21764692+0.19174002j,-0.15325811-0.13022972j,-0.20185612-0.29610116j,-0.11463345+0.23595153j],[0.05200111+0.07604577j,-0.03699138-0.05207514j,-0.03897783-0.10693596j,-0.0537419+0.06366654j]],[[0.16197391+0.03066368j,0.29535162+0.17614959j,-0.00356071-0.07793515j,0.31566083-0.25669987j],[-0.07547833-0.01137658j,-0.13971823-0.07637832j,0.0030004+0.03599914j,-0.14160174+0.12425561j],[-0.1473825+0.11819379j,-0.37344141+0.12593663j,0.07051577+0.05496657j,-0.01166531+0.46612395j],[0.11764087-0.0563814j,0.27087724-0.02615261j,-0.03880497-0.04801821j,0.08091191-0.31163569j]]]", "initial param values": "[5.30617978,1.33106706,3.62922872,4.84790439,3.84473228,0.00544877]", "bfgs": {"type": "gradient", "0": {"maxiter": 100, "gtol": 1e-05, "xrtol": 1e-05, "eps": 1e-05, "duration": 0.03459906578063965, "fun": "0.04911382039011292", "jac": "[7.41018358e-07 1.27535760e-06 2.02192707e-06 8.39772696e-08\n 7.30970839e-08 7.50510765e-07]", "hess_inv": "[[ 4.03487319  2.77710561 -1.35325714 -0.48081534  2.9951222   4.71575121]\n [ 2.77710561  9.04999961 -4.66643335 -0.56098876  1.97329224  3.63844937]\n [-1.35325714 -4.66643335  4.46558973  0.09923887 -2.05609048 -2.99401087]\n [-0.48081534 -0.56098876  0.09923887  2.57889519 -0.49453741 -0.14305052]\n [ 2.9951222   1.97329224 -2.05609048 -0.49453741 21.16579433 22.4587511 ]\n [ 4.71575121  3.63844937 -2.99401087 -0.14305052 22.4587511  27.9664241 ]]", "nfev": "203", "njev": "29", "status": "0", "success": "True", "message": "Optimization terminated successfully.", "x": "[ 7.31577551 -0.512749    3.23467524  3.57260633  7.00442531  2.9022139 ]", "nit": "23"}, "1": {"maxiter": 100, "gtol": 1e-05, "xrtol": 1e-05, "eps": 1e-10, "duration": 0.03455996513366699, "fun": "0.0491138205080619", "jac": "[ 1.11022293e-06  4.44089173e-06  5.55111466e-06  1.11022293e-06\n -1.11022293e-06  1.11022293e-06]", "hess_inv": "[[ 4.03753159  2.76166087 -1.3403237  -0.4722284   3.04112719  4.76982737]\n [ 2.76166087  9.15044625 -4.75411025 -0.59179212  1.89442988  3.52309005]\n [-1.3403237  -4.75411025  4.54564144  0.12586422 -2.0107598  -2.90871654]\n [-0.4722284  -0.59179212  0.12586422  2.57094059 -0.41433777 -0.06420742]\n [ 3.04112719  1.89442988 -2.0107598  -0.41433777 20.92835872 22.31025302]\n [ 4.76982737  3.52309005 -2.90871654 -0.06420742 22.31025302 27.9043936 ]]", "nfev": "203", "njev": "29", "status": "0", "success": "True", "message": "Optimization terminated successfully.", "x": "[ 7.31581413 -0.51273243  3.23466909  3.57261338  7.00456345  2.90238279]", "nit": "23"}, "2": {"maxiter": 100, "gtol": 1e-05, "xrtol": 1e-10, "eps": 1e-05, "duration": 0.034448862075805664, "fun": "0.04911382039011292", "jac": "[7.41018358e-07 1.27535760e-06 2.02192707e-06 8.39772696e-08\n 7.30970839e-08 7.50510765e-07]", "hess_inv": "[[ 4.03487319  2.77710561 -1.35325714 -0.48081534  2.9951222   4.71575121]\n [ 2.77710561  9.04999961 -4.66643335 -0.56098876  1.97329224  3.63844937]\n [-1.35325714 -4.66643335  4.46558973  0.09923887 -2.05609048 -2.99401087]\n [-0.48081534 -0.56098876  0.09923887  2.57889519 -0.49453741 -0.14305052]\n [ 2.9951222   1.97329224 -2.05609048 -0.49453741 21.16579433 22.4587511 ]\n [ 4.71575121  3.63844937 -2.99401087 -0.14305052 22.4587511  27.9664241 ]]", "nfev": "203", "njev": "29", "status": "0", "success": "True", "message": "Optimization terminated successfully.", "x": "[ 7.31577551 -0.512749    3.23467524  3.57260633  7.00442531  2.9022139 ]", "nit": "23"}, "3": {"maxiter": 100, "gtol": 1e-05, "xrtol": 1e-10, "eps": 1e-10, "duration": 0.03445005416870117, "fun": "0.0491138205080619", "jac": "[ 1.11022293e-06  4.44089173e-06  5.55111466e-06  1.11022293e-06\n -1.11022293e-06  1.11022293e-06]", "hess_inv": "[[ 4.03753159  2.76166087 -1.3403237  -0.4722284   3.04112719  4.76982737]\n [ 2.76166087  9.15044625 -4.75411025 -0.59179212  1.89442988  3.52309005]\n [-1.3403237  -4.75411025  4.54564144  0.12586422 -2.0107598  -2.90871654]\n [-0.4722284  -0.59179212  0.12586422  2.57094059 -0.41433777 -0.06420742]\n [ 3.04112719  1.89442988 -2.0107598  -0.41433777 20.92835872 22.31025302]\n [ 4.76982737  3.52309005 -2.90871654 -0.06420742 22.31025302 27.9043936 ]]", "nfev": "203", "njev": "29", "status": "0", "success": "True", "message": "Optimization terminated successfully.", "x": "[ 7.31581413 -0.51273243  3.23466909  3.57261338  7.00456345  2.90238279]", "nit": "23"}, "4": {"maxiter": 100, "gtol": 1e-10, "xrtol": 1e-05, "eps": 1e-05, "duration": 0.05755805969238281, "fun": "0.04911382039011292", "jac": "[7.41018358e-07 1.27535760e-06 2.02192707e-06 8.39772696e-08\n 7.30970839e-08 7.50510765e-07]", "hess_inv": "[[ 4.14702365  2.96954052 -1.41402377 -0.52302611  3.3592663   5.14980603]\n [ 2.96954052  9.20249585 -4.65753762 -0.57227642  2.43379634  4.25133171]\n [-1.41402377 -4.65753762  4.4264488   0.0831737  -2.14875192 -3.14519895]\n [-0.52302611 -0.57227642  0.0831737   2.57374563 -0.57505543 -0.26103644]\n [ 3.3592663   2.43379634 -2.14875192 -0.57505543 22.19619634 23.74612804]\n [ 5.14980603  4.25133171 -3.14519895 -0.26103644 23.74612804 29.54844064]]", "nfev": "341", "njev": "47", "status": "2", "success": "False", "message": "Desired error not necessarily achieved due to precision loss.", "x": "[ 7.31577551 -0.512749    3.23467524  3.57260633  7.00442531  2.9022139 ]", "nit": "23"}, "5": {"maxiter": 100, "gtol": 1e-10, "xrtol": 1e-05, "eps": 1e-10, "duration": 0.03617095947265625, "fun": "0.04911382046820867", "jac": "[ 1.11022293e-06 -4.44089173e-06  2.22044587e-06  2.22044587e-06\n  1.11022293e-06  2.22044587e-06]", "hess_inv": "[[ 4.21458341  3.21363942 -1.46393127 -0.52839119  3.33001538  5.17210115]\n [ 3.21363942 10.10339109 -4.85992479 -0.64026554  2.27445277  4.24652845]\n [-1.46393127 -4.85992479  4.41295116  0.06598714 -1.83922004 -2.87268182]\n [-0.52839119 -0.64026554  0.06598714  2.5439213  -0.33709948 -0.04843155]\n [ 3.33001538  2.27445277 -1.83922004 -0.33709948 20.76362589 22.42655849]\n [ 5.17210115  4.24652845 -2.87268182 -0.04843155 22.42655849 28.35985267]]", "nfev": "210", "njev": "30", "status": "0", "success": "True", "message": "Optimization terminated successfully.", "x": "[ 7.31580184 -0.51275537  3.23466888  3.5726133   7.00455839  2.9023676 ]", "nit": "24"}, "6": {"maxiter": 100, "gtol": 1e-10, "xrtol": 1e-10, "eps": 1e-05, "duration": 0.0577547550201416, "fun": "0.04911382039011292", "jac": "[7.41018358e-07 1.27535760e-06 2.02192707e-06 8.39772696e-08\n 7.30970839e-08 7.50510765e-07]", "hess_inv": "[[ 4.14702365  2.96954052 -1.41402377 -0.52302611  3.3592663   5.14980603]\n [ 2.96954052  9.20249585 -4.65753762 -0.57227642  2.43379634  4.25133171]\n [-1.41402377 -4.65753762  4.4264488   0.0831737  -2.14875192 -3.14519895]\n [-0.52302611 -0.57227642  0.0831737   2.57374563 -0.57505543 -0.26103644]\n [ 3.3592663   2.43379634 -2.14875192 -0.57505543 22.19619634 23.74612804]\n [ 5.14980603  4.25133171 -3.14519895 -0.26103644 23.74612804 29.54844064]]", "nfev": "341", "njev": "47", "status": "2", "success": "False", "message": "Desired error not necessarily achieved due to precision loss.", "x": "[ 7.31577551 -0.512749    3.23467524  3.57260633  7.00442531  2.9022139 ]", "nit": "23"}, "7": {"maxiter": 100, "gtol": 1e-10, "xrtol": 1e-10, "eps": 1e-10, "duration": 0.060662031173706055, "fun": "0.04911382040996404", "jac": "[ 0.00000000e+00 -6.66133760e-06 -3.33066880e-06  1.11022293e-06\n -2.22044587e-06  2.22044587e-06]", "hess_inv": "[[ 5.53533954e+00 -2.35090852e+00  3.26832820e-02 -5.20474856e+00\n   1.85231968e+01  5.04346418e+00]\n [-2.35090852e+00  1.08723872e+00 -2.24616200e-02  2.36895826e+00\n  -8.30998161e+00 -2.36511861e+00]\n [ 3.26832820e-02 -2.24616200e-02  3.02036839e-01 -5.53292908e-02\n  -2.04276864e-01 -6.95913220e-02]\n [-5.20474856e+00  2.36895826e+00 -5.53292908e-02  5.49755201e+00\n  -1.88529637e+01 -5.46667795e+00]\n [ 1.85231968e+01 -8.30998161e+00 -2.04276864e-01 -1.88529637e+01\n   6.63444179e+01  1.88511001e+01]\n [ 5.04346418e+00 -2.36511861e+00 -6.95913220e-02 -5.46667795e+00\n   1.88511001e+01  5.58382225e+00]]", "nfev": "357", "njev": "51", "status": "0", "success": "True", "message": "Optimization terminated successfully.", "x": "[ 7.31578975 -0.51275937  3.2346643   3.57261519  7.00452201  2.90233117]", "nit": "32"}, "8": {"maxiter": 500, "gtol": 1e-05, "xrtol": 1e-05, "eps": 1e-05, "duration": 0.034622907638549805, "fun": "0.04911382039011292", "jac": "[7.41018358e-07 1.27535760e-06 2.02192707e-06 8.39772696e-08\n 7.30970839e-08 7.50510765e-07]", "hess_inv": "[[ 4.03487319  2.77710561 -1.35325714 -0.48081534  2.9951222   4.71575121]\n [ 2.77710561  9.04999961 -4.66643335 -0.56098876  1.97329224  3.63844937]\n [-1.35325714 -4.66643335  4.46558973  0.09923887 -2.05609048 -2.99401087]\n [-0.48081534 -0.56098876  0.09923887  2.57889519 -0.49453741 -0.14305052]\n [ 2.9951222   1.97329224 -2.05609048 -0.49453741 21.16579433 22.4587511 ]\n [ 4.71575121  3.63844937 -2.99401087 -0.14305052 22.4587511  27.9664241 ]]", "nfev": "203", "njev": "29", "status": "0", "success": "True", "message": "Optimization terminated successfully.", "x": "[ 7.31577551 -0.512749    3.23467524  3.57260633  7.00442531  2.9022139 ]", "nit": "23"}, "9": {"maxiter": 500, "gtol": 1e-05, "xrtol": 1e-05, "eps": 1e-10, "duration": 0.03537917137145996, "fun": "0.0491138205080619", "jac": "[ 1.11022293e-06  4.44089173e-06  5.55111466e-06  1.11022293e-06\n -1.11022293e-06  1.11022293e-06]", "hess_inv": "[[ 4.03753159  2.76166087 -1.3403237  -0.4722284   3.04112719  4.76982737]\n [ 2.76166087  9.15044625 -4.75411025 -0.59179212  1.89442988  3.52309005]\n [-1.3403237  -4.75411025  4.54564144  0.12586422 -2.0107598  -2.90871654]\n [-0.4722284  -0.59179212  0.12586422  2.57094059 -0.41433777 -0.06420742]\n [ 3.04112719  1.89442988 -2.0107598  -0.41433777 20.92835872 22.31025302]\n [ 4.76982737  3.52309005 -2.90871654 -0.06420742 22.31025302 27.9043936 ]]", "nfev": "203", "njev": "29", "status": "0", "success": "True", "message": "Optimization terminated successfully.", "x": "[ 7.31581413 -0.51273243  3.23466909  3.57261338  7.00456345  2.90238279]", "nit": "23"}, "10": {"maxiter": 500, "gtol": 1e-05, "xrtol": 1e-10, "eps": 1e-05, "duration": 0.035017967224121094, "fun": "0.04911382039011292", "jac": "[7.41018358e-07 1.27535760e-06 2.02192707e-06 8.39772696e-08\n 7.30970839e-08 7.50510765e-07]", "hess_inv": "[[ 4.03487319  2.77710561 -1.35325714 -0.48081534  2.9951222   4.71575121]\n [ 2.77710561  9.04999961 -4.66643335 -0.56098876  1.97329224  3.63844937]\n [-1.35325714 -4.66643335  4.46558973  0.09923887 -2.05609048 -2.99401087]\n [-0.48081534 -0.56098876  0.09923887  2.57889519 -0.49453741 -0.14305052]\n [ 2.9951222   1.97329224 -2.05609048 -0.49453741 21.16579433 22.4587511 ]\n [ 4.71575121  3.63844937 -2.99401087 -0.14305052 22.4587511  27.9664241 ]]", "nfev": "203", "njev": "29", "status": "0", "success": "True", "message": "Optimization terminated successfully.", "x": "[ 7.31577551 -0.512749    3.23467524  3.57260633  7.00442531  2.9022139 ]", "nit": "23"}, "11": {"maxiter": 500, "gtol": 1e-05, "xrtol": 1e-10, "eps": 1e-10, "duration": 0.03462982177734375, "fun": "0.0491138205080619", "jac": "[ 1.11022293e-06  4.44089173e-06  5.55111466e-06  1.11022293e-06\n -1.11022293e-06  1.11022293e-06]", "hess_inv": "[[ 4.03753159  2.76166087 -1.3403237  -0.4722284   3.04112719  4.76982737]\n [ 2.76166087  9.15044625 -4.75411025 -0.59179212  1.89442988  3.52309005]\n [-1.3403237  -4.75411025  4.54564144  0.12586422 -2.0107598  -2.90871654]\n [-0.4722284  -0.59179212  0.12586422  2.57094059 -0.41433777 -0.06420742]\n [ 3.04112719  1.89442988 -2.0107598  -0.41433777 20.92835872 22.31025302]\n [ 4.76982737  3.52309005 -2.90871654 -0.06420742 22.31025302 27.9043936 ]]", "nfev": "203", "njev": "29", "status": "0", "success": "True", "message": "Optimization terminated successfully.", "x": "[ 7.31581413 -0.51273243  3.23466909  3.57261338  7.00456345  2.90238279]", "nit": "23"}, "12": {"maxiter": 500, "gtol": 1e-10, "xrtol": 1e-05, "eps": 1e-05, "duration": 0.05774569511413574, "fun": "0.04911382039011292", "jac": "[7.41018358e-07 1.27535760e-06 2.02192707e-06 8.39772696e-08\n 7.30970839e-08 7.50510765e-07]", "hess_inv": "[[ 4.14702365  2.96954052 -1.41402377 -0.52302611  3.3592663   5.14980603]\n [ 2.96954052  9.20249585 -4.65753762 -0.57227642  2.43379634  4.25133171]\n [-1.41402377 -4.65753762  4.4264488   0.0831737  -2.14875192 -3.14519895]\n [-0.52302611 -0.57227642  0.0831737   2.57374563 -0.57505543 -0.26103644]\n [ 3.3592663   2.43379634 -2.14875192 -0.57505543 22.19619634 23.74612804]\n [ 5.14980603  4.25133171 -3.14519895 -0.26103644 23.74612804 29.54844064]]", "nfev": "341", "njev": "47", "status": "2", "success": "False", "message": "Desired error not necessarily achieved due to precision loss.", "x": "[ 7.31577551 -0.512749    3.23467524  3.57260633  7.00442531  2.9022139 ]", "nit": "23"}, "13": {"maxiter": 500, "gtol": 1e-10, "xrtol": 1e-05, "eps": 1e-10, "duration": 0.035568952560424805, "fun": "0.04911382046820867", "jac": "[ 1.11022293e-06 -4.44089173e-06  2.22044587e-06  2.22044587e-06\n  1.11022293e-06  2.22044587e-06]", "hess_inv": "[[ 4.21458341  3.21363942 -1.46393127 -0.52839119  3.33001538  5.17210115]\n [ 3.21363942 10.10339109 -4.85992479 -0.64026554  2.27445277  4.24652845]\n [-1.46393127 -4.85992479  4.41295116  0.06598714 -1.83922004 -2.87268182]\n [-0.52839119 -0.64026554  0.06598714  2.5439213  -0.33709948 -0.04843155]\n [ 3.33001538  2.27445277 -1.83922004 -0.33709948 20.76362589 22.42655849]\n [ 5.17210115  4.24652845 -2.87268182 -0.04843155 22.42655849 28.35985267]]", "nfev": "210", "njev": "30", "status": "0", "success": "True", "message": "Optimization terminated successfully.", "x": "[ 7.31580184 -0.51275537  3.23466888  3.5726133   7.00455839  2.9023676 ]", "nit": "24"}, "14": {"maxiter": 500, "gtol": 1e-10, "xrtol": 1e-10, "eps": 1e-05, "duration": 0.057385921478271484, "fun": "0.04911382039011292", "jac": "[7.41018358e-07 1.27535760e-06 2.02192707e-06 8.39772696e-08\n 7.30970839e-08 7.50510765e-07]", "hess_inv": "[[ 4.14702365  2.96954052 -1.41402377 -0.52302611  3.3592663   5.14980603]\n [ 2.96954052  9.20249585 -4.65753762 -0.57227642  2.43379634  4.25133171]\n [-1.41402377 -4.65753762  4.4264488   0.0831737  -2.14875192 -3.14519895]\n [-0.52302611 -0.57227642  0.0831737   2.57374563 -0.57505543 -0.26103644]\n [ 3.3592663   2.43379634 -2.14875192 -0.57505543 22.19619634 23.74612804]\n [ 5.14980603  4.25133171 -3.14519895 -0.26103644 23.74612804 29.54844064]]", "nfev": "341", "njev": "47", "status": "2", "success": "False", "message": "Desired error not necessarily achieved due to precision loss.", "x": "[ 7.31577551 -0.512749    3.23467524  3.57260633  7.00442531  2.9022139 ]", "nit": "23"}, "15": {"maxiter": 500, "gtol": 1e-10, "xrtol": 1e-10, "eps": 1e-10, "duration": 0.06000399589538574, "fun": "0.04911382040996404", "jac": "[ 0.00000000e+00 -6.66133760e-06 -3.33066880e-06  1.11022293e-06\n -2.22044587e-06  2.22044587e-06]", "hess_inv": "[[ 5.53533954e+00 -2.35090852e+00  3.26832820e-02 -5.20474856e+00\n   1.85231968e+01  5.04346418e+00]\n [-2.35090852e+00  1.08723872e+00 -2.24616200e-02  2.36895826e+00\n  -8.30998161e+00 -2.36511861e+00]\n [ 3.26832820e-02 -2.24616200e-02  3.02036839e-01 -5.53292908e-02\n  -2.04276864e-01 -6.95913220e-02]\n [-5.20474856e+00  2.36895826e+00 -5.53292908e-02  5.49755201e+00\n  -1.88529637e+01 -5.46667795e+00]\n [ 1.85231968e+01 -8.30998161e+00 -2.04276864e-01 -1.88529637e+01\n   6.63444179e+01  1.88511001e+01]\n [ 5.04346418e+00 -2.36511861e+00 -6.95913220e-02 -5.46667795e+00\n   1.88511001e+01  5.58382225e+00]]", "nfev": "357", "njev": "51", "status": "0", "success": "True", "message": "Optimization terminated successfully.", "x": "[ 7.31578975 -0.51275937  3.2346643   3.57261519  7.00452201  2.90233117]", "nit": "32"}, "16": {"maxiter": 1000, "gtol": 1e-05, "xrtol": 1e-05, "eps": 1e-05, "duration": 0.03494715690612793, "fun": "0.04911382039011292", "jac": "[7.41018358e-07 1.27535760e-06 2.02192707e-06 8.39772696e-08\n 7.30970839e-08 7.50510765e-07]", "hess_inv": "[[ 4.03487319  2.77710561 -1.35325714 -0.48081534  2.9951222   4.71575121]\n [ 2.77710561  9.04999961 -4.66643335 -0.56098876  1.97329224  3.63844937]\n [-1.35325714 -4.66643335  4.46558973  0.09923887 -2.05609048 -2.99401087]\n [-0.48081534 -0.56098876  0.09923887  2.57889519 -0.49453741 -0.14305052]\n [ 2.9951222   1.97329224 -2.05609048 -0.49453741 21.16579433 22.4587511 ]\n [ 4.71575121  3.63844937 -2.99401087 -0.14305052 22.4587511  27.9664241 ]]", "nfev": "203", "njev": "29", "status": "0", "success": "True", "message": "Optimization terminated successfully.", "x": "[ 7.31577551 -0.512749    3.23467524  3.57260633  7.00442531  2.9022139 ]", "nit": "23"}, "17": {"maxiter": 1000, "gtol": 1e-05, "xrtol": 1e-05, "eps": 1e-10, "duration": 0.03439903259277344, "fun": "0.0491138205080619", "jac": "[ 1.11022293e-06  4.44089173e-06  5.55111466e-06  1.11022293e-06\n -1.11022293e-06  1.11022293e-06]", "hess_inv": "[[ 4.03753159  2.76166087 -1.3403237  -0.4722284   3.04112719  4.76982737]\n [ 2.76166087  9.15044625 -4.75411025 -0.59179212  1.89442988  3.52309005]\n [-1.3403237  -4.75411025  4.54564144  0.12586422 -2.0107598  -2.90871654]\n [-0.4722284  -0.59179212  0.12586422  2.57094059 -0.41433777 -0.06420742]\n [ 3.04112719  1.89442988 -2.0107598  -0.41433777 20.92835872 22.31025302]\n [ 4.76982737  3.52309005 -2.90871654 -0.06420742 22.31025302 27.9043936 ]]", "nfev": "203", "njev": "29", "status": "0", "success": "True", "message": "Optimization terminated successfully.", "x": "[ 7.31581413 -0.51273243  3.23466909  3.57261338  7.00456345  2.90238279]", "nit": "23"}, "18": {"maxiter": 1000, "gtol": 1e-05, "xrtol": 1e-10, "eps": 1e-05, "duration": 0.03466200828552246, "fun": "0.04911382039011292", "jac": "[7.41018358e-07 1.27535760e-06 2.02192707e-06 8.39772696e-08\n 7.30970839e-08 7.50510765e-07]", "hess_inv": "[[ 4.03487319  2.77710561 -1.35325714 -0.48081534  2.9951222   4.71575121]\n [ 2.77710561  9.04999961 -4.66643335 -0.56098876  1.97329224  3.63844937]\n [-1.35325714 -4.66643335  4.46558973  0.09923887 -2.05609048 -2.99401087]\n [-0.48081534 -0.56098876  0.09923887  2.57889519 -0.49453741 -0.14305052]\n [ 2.9951222   1.97329224 -2.05609048 -0.49453741 21.16579433 22.4587511 ]\n [ 4.71575121  3.63844937 -2.99401087 -0.14305052 22.4587511  27.9664241 ]]", "nfev": "203", "njev": "29", "status": "0", "success": "True", "message": "Optimization terminated successfully.", "x": "[ 7.31577551 -0.512749    3.23467524  3.57260633  7.00442531  2.9022139 ]", "nit": "23"}, "19": {"maxiter": 1000, "gtol": 1e-05, "xrtol": 1e-10, "eps": 1e-10, "duration": 0.034403085708618164, "fun": "0.0491138205080619", "jac": "[ 1.11022293e-06  4.44089173e-06  5.55111466e-06  1.11022293e-06\n -1.11022293e-06  1.11022293e-06]", "hess_inv": "[[ 4.03753159  2.76166087 -1.3403237  -0.4722284   3.04112719  4.76982737]\n [ 2.76166087  9.15044625 -4.75411025 -0.59179212  1.89442988  3.52309005]\n [-1.3403237  -4.75411025  4.54564144  0.12586422 -2.0107598  -2.90871654]\n [-0.4722284  -0.59179212  0.12586422  2.57094059 -0.41433777 -0.06420742]\n [ 3.04112719  1.89442988 -2.0107598  -0.41433777 20.92835872 22.31025302]\n [ 4.76982737  3.52309005 -2.90871654 -0.06420742 22.31025302 27.9043936 ]]", "nfev": "203", "njev": "29", "status": "0", "success": "True", "message": "Optimization terminated successfully.", "x": "[ 7.31581413 -0.51273243  3.23466909  3.57261338  7.00456345  2.90238279]", "nit": "23"}, "20": {"maxiter": 1000, "gtol": 1e-10, "xrtol": 1e-05, "eps": 1e-05, "duration": 0.05771017074584961, "fun": "0.04911382039011292", "jac": "[7.41018358e-07 1.27535760e-06 2.02192707e-06 8.39772696e-08\n 7.30970839e-08 7.50510765e-07]", "hess_inv": "[[ 4.14702365  2.96954052 -1.41402377 -0.52302611  3.3592663   5.14980603]\n [ 2.96954052  9.20249585 -4.65753762 -0.57227642  2.43379634  4.25133171]\n [-1.41402377 -4.65753762  4.4264488   0.0831737  -2.14875192 -3.14519895]\n [-0.52302611 -0.57227642  0.0831737   2.57374563 -0.57505543 -0.26103644]\n [ 3.3592663   2.43379634 -2.14875192 -0.57505543 22.19619634 23.74612804]\n [ 5.14980603  4.25133171 -3.14519895 -0.26103644 23.74612804 29.54844064]]", "nfev": "341", "njev": "47", "status": "2", "success": "False", "message": "Desired error not necessarily achieved due to precision loss.", "x": "[ 7.31577551 -0.512749    3.23467524  3.57260633  7.00442531  2.9022139 ]", "nit": "23"}, "21": {"maxiter": 1000, "gtol": 1e-10, "xrtol": 1e-05, "eps": 1e-10, "duration": 0.03574109077453613, "fun": "0.04911382046820867", "jac": "[ 1.11022293e-06 -4.44089173e-06  2.22044587e-06  2.22044587e-06\n  1.11022293e-06  2.22044587e-06]", "hess_inv": "[[ 4.21458341  3.21363942 -1.46393127 -0.52839119  3.33001538  5.17210115]\n [ 3.21363942 10.10339109 -4.85992479 -0.64026554  2.27445277  4.24652845]\n [-1.46393127 -4.85992479  4.41295116  0.06598714 -1.83922004 -2.87268182]\n [-0.52839119 -0.64026554  0.06598714  2.5439213  -0.33709948 -0.04843155]\n [ 3.33001538  2.27445277 -1.83922004 -0.33709948 20.76362589 22.42655849]\n [ 5.17210115  4.24652845 -2.87268182 -0.04843155 22.42655849 28.35985267]]", "nfev": "210", "njev": "30", "status": "0", "success": "True", "message": "Optimization terminated successfully.", "x": "[ 7.31580184 -0.51275537  3.23466888  3.5726133   7.00455839  2.9023676 ]", "nit": "24"}, "22": {"maxiter": 1000, "gtol": 1e-10, "xrtol": 1e-10, "eps": 1e-05, "duration": 0.05778694152832031, "fun": "0.04911382039011292", "jac": "[7.41018358e-07 1.27535760e-06 2.02192707e-06 8.39772696e-08\n 7.30970839e-08 7.50510765e-07]", "hess_inv": "[[ 4.14702365  2.96954052 -1.41402377 -0.52302611  3.3592663   5.14980603]\n [ 2.96954052  9.20249585 -4.65753762 -0.57227642  2.43379634  4.25133171]\n [-1.41402377 -4.65753762  4.4264488   0.0831737  -2.14875192 -3.14519895]\n [-0.52302611 -0.57227642  0.0831737   2.57374563 -0.57505543 -0.26103644]\n [ 3.3592663   2.43379634 -2.14875192 -0.57505543 22.19619634 23.74612804]\n [ 5.14980603  4.25133171 -3.14519895 -0.26103644 23.74612804 29.54844064]]", "nfev": "341", "njev": "47", "status": "2", "success": "False", "message": "Desired error not necessarily achieved due to precision loss.", "x": "[ 7.31577551 -0.512749    3.23467524  3.57260633  7.00442531  2.9022139 ]", "nit": "23"}, "23": {"maxiter": 1000, "gtol": 1e-10, "xrtol": 1e-10, "eps": 1e-10, "duration": 0.06044578552246094, "fun": "0.04911382040996404", "jac": "[ 0.00000000e+00 -6.66133760e-06 -3.33066880e-06  1.11022293e-06\n -2.22044587e-06  2.22044587e-06]", "hess_inv": "[[ 5.53533954e+00 -2.35090852e+00  3.26832820e-02 -5.20474856e+00\n   1.85231968e+01  5.04346418e+00]\n [-2.35090852e+00  1.08723872e+00 -2.24616200e-02  2.36895826e+00\n  -8.30998161e+00 -2.36511861e+00]\n [ 3.26832820e-02 -2.24616200e-02  3.02036839e-01 -5.53292908e-02\n  -2.04276864e-01 -6.95913220e-02]\n [-5.20474856e+00  2.36895826e+00 -5.53292908e-02  5.49755201e+00\n  -1.88529637e+01 -5.46667795e+00]\n [ 1.85231968e+01 -8.30998161e+00 -2.04276864e-01 -1.88529637e+01\n   6.63444179e+01  1.88511001e+01]\n [ 5.04346418e+00 -2.36511861e+00 -6.95913220e-02 -5.46667795e+00\n   1.88511001e+01  5.58382225e+00]]", "nfev": "357", "njev": "51", "status": "0", "success": "True", "message": "Optimization terminated successfully.", "x": "[ 7.31578975 -0.51275937  3.2346643   3.57261519  7.00452201  2.90233117]", "nit": "32"}}, "cobyla": {"0": {"maxiter": 100, "tol": 1e-05, "catol": 1e-05, "duration": 0.016280174255371094, "x": "[ 7.26261749 -0.54296159  3.24942315  3.5857151   6.73646386  2.60223769]", "status": "2", "success": "False", "message": "Maximum number of function evaluations has been exceeded.", "nfev": "100", "fun": "0.050793100617551934", "maxcv": "0.0"}, "1": {"maxiter": 100, "tol": 1e-05, "catol": 1e-10, "duration": 0.01620793342590332, "x": "[ 7.26261749 -0.54296159  3.24942315  3.5857151   6.73646386  2.60223769]", "status": "2", "success": "False", "message": "Maximum number of function evaluations has been exceeded.", "nfev": "100", "fun": "0.050793100617551934", "maxcv": "0.0"}, "2": {"maxiter": 100, "tol": 1e-10, "catol": 1e-05, "duration": 0.016167163848876953, "x": "[ 7.26261749 -0.54296159  3.24942315  3.5857151   6.73646386  2.60223769]", "status": "2", "success": "False", "message": "Maximum number of function evaluations has been exceeded.", "nfev": "100", "fun": "0.050793100617551934", "maxcv": "0.0"}, "3": {"maxiter": 100, "tol": 1e-10, "catol": 1e-10, "duration": 0.016257047653198242, "x": "[ 7.26261749 -0.54296159  3.24942315  3.5857151   6.73646386  2.60223769]", "status": "2", "success": "False", "message": "Maximum number of function evaluations has been exceeded.", "nfev": "100", "fun": "0.050793100617551934", "maxcv": "0.0"}, "4": {"maxiter": 500, "tol": 1e-05, "catol": 1e-05, "duration": 0.08084988594055176, "x": "[ 7.31534951 -0.5131102   3.2349929   3.57269344  7.0022066   2.89966807]", "status": "2", "success": "False", "message": "Maximum number of function evaluations has been exceeded.", "nfev": "500", "fun": "0.04911393610931991", "maxcv": "0.0"}, "5": {"maxiter": 500, "tol": 1e-05, "catol": 1e-10, "duration": 0.08099699020385742, "x": "[ 7.31534951 -0.5131102   3.2349929   3.57269344  7.0022066   2.89966807]", "status": "2", "success": "False", "message": "Maximum number of function evaluations has been exceeded.", "nfev": "500", "fun": "0.04911393610931991", "maxcv": "0.0"}, "6": {"maxiter": 500, "tol": 1e-10, "catol": 1e-05, "duration": 0.08080792427062988, "x": "[ 7.31534951 -0.5131102   3.2349929   3.57269344  7.0022066   2.89966807]", "status": "2", "success": "False", "message": "Maximum number of function evaluations has been exceeded.", "nfev": "500", "fun": "0.04911393610931991", "maxcv": "0.0"}, "7": {"maxiter": 500, "tol": 1e-10, "catol": 1e-10, "duration": 0.08122110366821289, "x": "[ 7.31534951 -0.5131102   3.2349929   3.57269344  7.0022066   2.89966807]", "status": "2", "success": "False", "message": "Maximum number of function evaluations has been exceeded.", "nfev": "500", "fun": "0.04911393610931991", "maxcv": "0.0"}, "8": {"maxiter": 1000, "tol": 1e-05, "catol": 1e-05, "duration": 0.12091994285583496, "x": "[ 7.31575812 -0.51276581  3.23468865  3.57261512  7.00432015  2.90207861]", "status": "1", "success": "True", "message": "Optimization terminated successfully.", "nfev": "744", "fun": "0.04911382098239103", "maxcv": "0.0"}, "9": {"maxiter": 1000, "tol": 1e-05, "catol": 1e-10, "duration": 0.1210930347442627, "x": "[ 7.31575812 -0.51276581  3.23468865  3.57261512  7.00432015  2.90207861]", "status": "1", "success": "True", "message": "Optimization terminated successfully.", "nfev": "744", "fun": "0.04911382098239103", "maxcv": "0.0"}, "10": {"maxiter": 1000, "tol": 1e-10, "catol": 1e-05, "duration": 0.16388821601867676, "x": "[ 7.31578704 -0.51274318  3.23467016  3.57261027  7.00447531  2.90227159]", "status": "2", "success": "False", "message": "Maximum number of function evaluations has been exceeded.", "nfev": "1000", "fun": "0.04911382030912803", "maxcv": "0.0"}, "11": {"maxiter": 1000, "tol": 1e-10, "catol": 1e-10, "duration": 0.16347599029541016, "x": "[ 7.31578704 -0.51274318  3.23467016  3.57261027  7.00447531  2.90227159]", "status": "2", "success": "False", "message": "Maximum number of function evaluations has been exceeded.", "nfev": "1000", "fun": "0.04911382030912803", "maxcv": "0.0"}}, "dual_annealing_0": {"type": "gradient-free", "0": {"maxiter": 100, "duration": 0.24064397811889648, "success": "True", "status": "0", "x": "[5.20840146 2.65985651 0.06942277 2.71085173 4.05786558 0.        ]", "fun": "0.05004192828130005", "nit": "100", "nfev": "1390", "njev": "27", "nhev": "0", "message": "['Maximum number of iteration reached']"}, "1": {"maxiter": 500, "duration": 1.0697989463806152, "success": "True", "status": "0", "x": "[1.03262135 5.77043977 3.23467943 3.57259713 0.72129456 2.90228653]", "fun": "0.04911382041560486", "nit": "500", "nfev": "6211", "njev": "30", "nhev": "0", "message": "['Maximum number of iteration reached']"}, "2": {"maxiter": 1000, "duration": 2.0983920097351074, "success": "True", "status": "0", "x": "[5.25057718 2.62886016 0.09307184 3.57260756 0.72129014 2.9022742 ]", "fun": "0.049113820316656565", "nit": "1000", "nfev": "12218", "njev": "31", "nhev": "0", "message": "['Maximum number of iteration reached']"}, "bounds": [[0.0, 6.283185307179586], [0.0, 6.283185307179586], [0.0, 6.283185307179586], [0.0, 6.283185307179586], [0.0, 6.283185307179586], [0.0, 6.283185307179586]]}, "dual_annealing_1": {"type": "gradient-free", "0": {"maxiter": 100, "duration": 0.23346996307373047, "success": "True", "status": "0", "x": "[5.25058522 8.91203395 0.09307685 8.99375922 3.86289225 6.04386918]", "fun": "0.04911382031271161", "nit": "100", "nfev": "1383", "njev": "26", "nhev": "0", "message": "['Maximum number of iteration reached']"}, "1": {"maxiter": 500, "duration": 1.0737688541412354, "success": "True", "status": "0", "x": "[1.03261597 5.77044693 3.23467286 3.57259152 0.72131936 2.90230861]", "fun": "0.04911382040299106", "nit": "500", "nfev": "6239", "njev": "34", "nhev": "0", "message": "['Maximum number of iteration reached']"}, "2": {"maxiter": 1000, "duration": 2.099540948867798, "success": "True", "status": "0", "x": "[1.03261005 5.77044534 3.23467208 3.57261682 0.72129327 9.18547171]", "fun": "0.049113820334893865", "nit": "1000", "nfev": "12183", "njev": "26", "nhev": "0", "message": "['Maximum number of iteration reached']"}, "bounds": [[0.0, 9.42477796076938], [0.0, 9.42477796076938], [0.0, 9.42477796076938], [0.0, 9.42477796076938], [0.0, 9.42477796076938], [0.0, 9.42477796076938]]}, "dual_annealing_2": {"type": "gradient-free", "0": {"maxiter": 100, "duration": 0.2301781177520752, "success": "True", "status": "0", "x": "[11.50681724  9.00241704 12.56637061  8.9935278  10.18048771  6.09810729]", "fun": "0.05004131783991472", "nit": "100", "nfev": "1327", "njev": "18", "nhev": "0", "message": "['Maximum number of iteration reached']"}, "1": {"maxiter": 500, "duration": 1.0669057369232178, "success": "True", "status": "0", "x": "[11.53379147  8.91201467  0.09308585  8.9937544   3.86287588  6.04384546]", "fun": "0.04911382037967571", "nit": "500", "nfev": "6225", "njev": "32", "nhev": "0", "message": "['Maximum number of iteration reached']"}, "2": {"maxiter": 1000, "duration": 2.108262777328491, "success": "True", "status": "0", "x": "[ 1.0326019  12.05362887  9.5178526   8.99375828 10.14607503 12.32705876]", "fun": "0.04911382030891054", "nit": "1000", "nfev": "12197", "njev": "28", "nhev": "0", "message": "['Maximum number of iteration reached']"}, "bounds": [[0.0, 12.566370614359172], [0.0, 12.566370614359172], [0.0, 12.566370614359172], [0.0, 12.566370614359172], [0.0, 12.566370614359172], [0.0, 12.566370614359172]]}, "dual_annealing_3": {"type": "gradient-free", "0": {"maxiter": 100, "duration": 0.23567700386047363, "success": "True", "status": "0", "x": "[ 1.07480494 -0.48174326 -3.07216889 -3.57233481 -2.22531911 -6.28318531]", "fun": "0.0500419283900394", "nit": "100", "nfev": "1376", "njev": "25", "nhev": "0", "message": "['Maximum number of iteration reached']"}, "1": {"maxiter": 500, "duration": 1.0776817798614502, "success": "True", "status": "0", "x": "[ 1.03259871 -0.51276831 -3.04850982 -2.71055444 -5.56189267  2.90228329]", "fun": "0.04911382043434909", "nit": "500", "nfev": "6302", "njev": "43", "nhev": "0", "message": "['Maximum number of iteration reached']"}, "2": {"maxiter": 1000, "duration": 2.1007142066955566, "success": "True", "status": "0", "x": "[-1.03260389 -3.65432822  0.09306799 -3.57261244  3.86289556 -0.2393114 ]", "fun": "0.04911382032182887", "nit": "1000", "nfev": "12190", "njev": "27", "nhev": "0", "message": "['Maximum number of iteration reached']"}, "bounds": [[-6.283185307179586, 6.283185307179586], [-6.283185307179586, 6.283185307179586], [-6.283185307179586, 6.283185307179586], [-6.283185307179586, 6.283185307179586], [-6.283185307179586, 6.283185307179586], [-6.283185307179586, 6.283185307179586]]}, "dual_annealing_4": {"type": "gradient-free", "0": {"maxiter": 100, "duration": 0.22490715980529785, "success": "True", "status": "0", "x": "[ 1.0595924  -0.42234009  9.42477796 -2.71033849 -5.52750934 -3.32670446]", "fun": "0.05004131745860285", "nit": "100", "nfev": "1299", "njev": "14", "nhev": "0", "message": "['Maximum number of iteration reached']"}, "1": {"maxiter": 500, "duration": 1.0640840530395508, "success": "True", "status": "0", "x": "[-1.03258972  8.91202199 -6.1901043   2.71056966 -2.4202931   6.04386999]", "fun": "0.04911382033594247", "nit": "500", "nfev": "6211", "njev": "30", "nhev": "0", "message": "['Maximum number of iteration reached']"}, "2": {"maxiter": 1000, "duration": 2.1022510528564453, "success": "True", "status": "0", "x": "[ 7.31580049  5.77046485 -3.04853679  8.99375189 -2.42027658  6.04389321]", "fun": "0.04911382038125767", "nit": "1000", "nfev": "12218", "njev": "31", "nhev": "0", "message": "['Maximum number of iteration reached']"}, "bounds": [[-9.42477796076938, 9.42477796076938], [-9.42477796076938, 9.42477796076938], [-9.42477796076938, 9.42477796076938], [-9.42477796076938, 9.42477796076938], [-9.42477796076938, 9.42477796076938], [-9.42477796076938, 9.42477796076938]]}, "dual_annealing_5": {"type": "gradient-free", "0": {"maxiter": 100, "duration": 0.2402048110961914, "success": "True", "status": "0", "x": "[-7.31589273 -9.93746183 -6.19016467 -3.57259436 -8.7035092  12.32702746]", "fun": "0.04911382248831375", "nit": "100", "nfev": "1383", "njev": "26", "nhev": "0", "message": "['Maximum number of iteration reached']"}, "1": {"maxiter": 500, "duration": 1.0761620998382568, "success": "True", "status": "0", "x": "[11.53375039  8.91204505  6.37624601  2.71057257 -2.42031577 -0.2393084 ]", "fun": "0.04911382044504964", "nit": "500", "nfev": "6218", "njev": "31", "nhev": "0", "message": "['Maximum number of iteration reached']"}, "2": {"maxiter": 1000, "duration": 2.0700690746307373, "success": "True", "status": "0", "x": "[ -7.31577531  -9.93754538  -6.19009298  -8.99373815 -11.8450874\n  -3.38091932]", "fun": "0.049113820434897426", "nit": "1000", "nfev": "12127", "njev": "18", "nhev": "0", "message": "['Maximum number of iteration reached']"}, "bounds": [[-12.566370614359172, 12.566370614359172], [-12.566370614359172, 12.566370614359172], [-12.566370614359172, 12.566370614359172], [-12.566370614359172, 12.566370614359172], [-12.566370614359172, 12.566370614359172], [-12.566370614359172, 12.566370614359172]]}}, "duration (s)": 113.97}