{"date": "2024/07/22/, 23:01:46", "conf_id": 46, "data_type": "random\n", "num_data_points": 3, "s_rank": 0, "unitary": "[[-0.56303964-0.00798273j,-0.21670212-0.15784972j,-0.06047197-0.73952673j,-0.01438004+0.24552571j],[-0.06976756+0.23474685j,-0.01275565-0.5435098j,-0.02703657-0.08917885j,-0.08210486-0.79311774j],[-0.38559961+0.10714929j,0.5933431-0.2687392j,-0.24060861+0.29149289j,-0.45147719+0.26241743j],[-0.50180421+0.45931857j,-0.11617175+0.44134496j,0.49642745+0.22684508j,-0.08544628-0.15407063j]]", "databatch_0": {"databatch": "[[[-6.03546167e-02+0.01141684j,-1.23890390e-01+0.23098449j,2.05917647e-01-0.13303733j,-2.27600358e-01+0.00208647j],[4.59715226e-02-0.09188857j,-1.88095825e-01+0.16156154j,1.55876084e-01+0.16197897j,-2.37704688e-01-0.40880358j],[1.48756089e-01+0.13414503j,-5.33589205e-02+0.37636432j,-1.84874404e-01-0.20297035j,1.87332514e-01-0.25035022j],[-3.34893667e-02-0.09548103j,3.40205171e-04-0.22729949j,5.94864272e-02+0.20501727j,-6.24660736e-02-0.01669484j]],[[2.66909691e-02-0.38290254j,-1.32654828e-01-0.1234192j,-1.78482035e-01-0.11934809j,5.72926205e-02+0.19541592j],[-7.38840514e-04+0.04320383j,1.47982802e-01-0.16236394j,6.59596817e-02-0.02099805j,-2.47177016e-01-0.0174783j],[4.30957204e-02-0.12861421j,-1.96364156e-01+0.14189673j,-1.04394166e-01-0.02044537j,2.79265597e-01+0.0794786j],[3.42070700e-01-0.40115893j,2.64557534e-01+0.09610423j,-4.84698704e-02-0.1714776j,-1.19799535e-02-0.23275028j]],[[-2.69777414e-01-0.0735992j,1.12722215e-01+0.09963995j,2.10468628e-01-0.20399126j,2.36072054e-02+0.12739195j],[3.75054204e-02+0.00729773j,-6.86406487e-02+0.00702396j,-5.12374770e-02+0.07350806j,1.29376038e-02+0.0388228j],[-3.68790289e-01+0.34079488j,9.59775621e-02+0.0142376j,-1.69592651e-01-0.35784578j,3.02748059e-01+0.26146574j],[-1.97318975e-01+0.0569068j,2.13313516e-01+0.10948491j,1.77897553e-01-0.20699322j,1.63892158e-01-0.03368013j]]]", "initial param values": "[6.03310884,1.74744714,4.90272337,4.38135506,2.37979,0.52945047]", "bfgs": {"type": "gradient", "0": {"maxiter": 100, "gtol": 1e-05, "xrtol": 1e-05, "eps": 1e-05, "duration": 0.03665924072265625, "fun": "0.40203999238994437", "jac": "[-9.93487515e-06 -6.96189772e-06 -2.72493139e-06  3.91966459e-06\n -2.74315348e-05  1.61026192e-05]", "hess_inv": "[[ 4.13064005  0.85931203  0.7121821   2.06098398 -0.96932957  0.78157723]\n [ 0.85931203  7.09851837  0.52650851  2.74899945 -2.20720697 -1.01000191]\n [ 0.7121821   0.52650851  4.67284731  2.05887742 -0.46251712  0.02885687]\n [ 2.06098398  2.74899945  2.05887742  5.85334791 -0.88493698 -0.26340903]\n [-0.96932957 -2.20720697 -0.46251712 -0.88493698  2.08105297  0.42127672]\n [ 0.78157723 -1.01000191  0.02885687 -0.26340903  0.42127672  2.51823212]]", "nfev": "210", "njev": "30", "status": "0", "success": "True", "message": "Optimization terminated successfully.", "x": "[7.84980177 3.23320296 4.11426086 6.81758561 2.62736819 2.11118291]", "nit": "23"}, "1": {"maxiter": 100, "gtol": 1e-05, "xrtol": 1e-05, "eps": 1e-10, "duration": 0.03634381294250488, "fun": "0.40203998886380277", "jac": "[-5.55111466e-06 -6.66133760e-06 -1.11022293e-06  4.44089173e-06\n -2.33146816e-05  1.33226752e-05]", "hess_inv": "[[ 3.96791185  0.79602305  0.61686372  1.91940865 -0.81875652  0.60141841]\n [ 0.79602305  7.06392763  0.47652668  2.69946026 -2.22896667 -1.0034074 ]\n [ 0.61686372  0.47652668  4.5962404   2.03361604 -0.49239937  0.05518994]\n [ 1.91940865  2.69946026  2.03361604  5.8611882  -0.96430345 -0.18229499]\n [-0.81875652 -2.22896667 -0.49239937 -0.96430345  1.96109515  0.53216915]\n [ 0.60141841 -1.0034074   0.05518994 -0.18229499  0.53216915  2.42593041]]", "nfev": "210", "njev": "30", "status": "0", "success": "True", "message": "Optimization terminated successfully.", "x": "[7.84983087 3.23323355 4.11428604 6.81762019 2.62744635 2.11110866]", "nit": "23"}, "2": {"maxiter": 100, "gtol": 1e-05, "xrtol": 1e-10, "eps": 1e-05, "duration": 0.042672157287597656, "fun": "0.40203997936927427", "jac": "[-7.91777755e-07  6.89004409e-08  2.07167616e-07  4.11504164e-07\n  5.20672394e-07 -6.82787160e-08]", "hess_inv": "[[ 4.03454628  1.04326059  0.75764785  2.22378492  0.34253574 -0.52185906]\n [ 1.04326059  7.35526362  0.56664717  2.85764918 -0.58469283 -2.64307349]\n [ 0.75764785  0.56664717  4.69680567  2.0685668  -0.23013391 -0.20037966]\n [ 2.22378492  2.85764918  2.0685668   5.86771107 -0.25342409 -0.9056898 ]\n [ 0.34253574 -0.58469283 -0.23013391 -0.25342409 12.24227889 -9.82041305]\n [-0.52185906 -2.64307349 -0.20037966 -0.9056898  -9.82041305 12.84158048]]", "nfev": "245", "njev": "35", "status": "0", "success": "True", "message": "Optimization terminated successfully.", "x": "[7.84983713 3.23329226 4.11428862 6.81763331 2.62794514 2.11060797]", "nit": "28"}, "3": {"maxiter": 100, "gtol": 1e-05, "xrtol": 1e-10, "eps": 1e-10, "duration": 0.04117107391357422, "fun": "0.40203997946317416", "jac": "[-9.99200639e-06  1.11022293e-06  2.22044587e-06  1.11022293e-06\n  1.11022293e-06  1.11022293e-06]", "hess_inv": "[[ 2.29908472e+00  1.61385979e-01  3.46656896e-01  9.60713331e-01\n   1.81133460e-01 -1.09572272e-01]\n [ 1.61385979e-01  6.13387884e+00 -3.20035555e-01  1.58365341e+00\n   2.00991730e-03 -3.42961780e+00]\n [ 3.46656896e-01 -3.20035555e-01  3.20816163e+00  2.13991578e-01\n   1.08411596e-01 -7.83361142e-01]\n [ 9.60713331e-01  1.58365341e+00  2.13991578e-01  3.23902941e+00\n   3.33873181e-01 -1.63918739e+00]\n [ 1.81133460e-01  2.00991730e-03  1.08411596e-01  3.33873181e-01\n   1.34533494e+01 -1.10062784e+01]\n [-1.09572272e-01 -3.42961780e+00 -7.83361142e-01 -1.63918739e+00\n  -1.10062784e+01  1.38437480e+01]]", "nfev": "238", "njev": "34", "status": "0", "success": "True", "message": "Optimization terminated successfully.", "x": "[7.84982258 3.23330305 4.11430494 6.8176494  2.62793658 2.11062   ]", "nit": "27"}, "4": {"maxiter": 100, "gtol": 1e-10, "xrtol": 1e-05, "eps": 1e-05, "duration": 0.03630185127258301, "fun": "0.40203999238994437", "jac": "[-9.93487515e-06 -6.96189772e-06 -2.72493139e-06  3.91966459e-06\n -2.74315348e-05  1.61026192e-05]", "hess_inv": "[[ 4.13064005  0.85931203  0.7121821   2.06098398 -0.96932957  0.78157723]\n [ 0.85931203  7.09851837  0.52650851  2.74899945 -2.20720697 -1.01000191]\n [ 0.7121821   0.52650851  4.67284731  2.05887742 -0.46251712  0.02885687]\n [ 2.06098398  2.74899945  2.05887742  5.85334791 -0.88493698 -0.26340903]\n [-0.96932957 -2.20720697 -0.46251712 -0.88493698  2.08105297  0.42127672]\n [ 0.78157723 -1.01000191  0.02885687 -0.26340903  0.42127672  2.51823212]]", "nfev": "210", "njev": "30", "status": "0", "success": "True", "message": "Optimization terminated successfully.", "x": "[7.84980177 3.23320296 4.11426086 6.81758561 2.62736819 2.11118291]", "nit": "23"}, "5": {"maxiter": 100, "gtol": 1e-10, "xrtol": 1e-05, "eps": 1e-10, "duration": 0.03732800483703613, "fun": "0.40203998886380277", "jac": "[-5.55111466e-06 -6.66133760e-06 -1.11022293e-06  4.44089173e-06\n -2.33146816e-05  1.33226752e-05]", "hess_inv": "[[ 3.96791185  0.79602305  0.61686372  1.91940865 -0.81875652  0.60141841]\n [ 0.79602305  7.06392763  0.47652668  2.69946026 -2.22896667 -1.0034074 ]\n [ 0.61686372  0.47652668  4.5962404   2.03361604 -0.49239937  0.05518994]\n [ 1.91940865  2.69946026  2.03361604  5.8611882  -0.96430345 -0.18229499]\n [-0.81875652 -2.22896667 -0.49239937 -0.96430345  1.96109515  0.53216915]\n [ 0.60141841 -1.0034074   0.05518994 -0.18229499  0.53216915  2.42593041]]", "nfev": "210", "njev": "30", "status": "0", "success": "True", "message": "Optimization terminated successfully.", "x": "[7.84983087 3.23323355 4.11428604 6.81762019 2.62744635 2.11110866]", "nit": "23"}, "6": {"maxiter": 100, "gtol": 1e-10, "xrtol": 1e-10, "eps": 1e-05, "duration": 0.08064770698547363, "fun": "0.4020399793669246", "jac": "[-3.11972670e-09  1.40332190e-08  1.02362563e-08  3.43058915e-09\n  6.18616269e-08 -3.00981462e-08]", "hess_inv": "[[  4.09537299   0.94877314   0.68804881   2.13984504  -0.32045128\n    0.12118369]\n [  0.94877314   7.37699478   0.61576653   2.90526125  -0.39378413\n   -2.81517249]\n [  0.68804881   0.61576653   4.74860884   2.12555786   0.1326504\n   -0.54608581]\n [  2.13984504   2.90526125   2.12555786   5.92874722   0.10609343\n   -1.24574206]\n [ -0.32045128  -0.39378413   0.1326504    0.10609343  13.83965095\n  -11.28206325]\n [  0.12118369  -2.81517249  -0.54608581  -1.24574206 -11.28206325\n   14.1728635 ]]", "nfev": "466", "njev": "65", "status": "2", "success": "False", "message": "Desired error not necessarily achieved due to precision loss.", "x": "[7.84983945 3.23329137 4.11428725 6.81763191 2.62793806 2.11061455]", "nit": "29"}, "7": {"maxiter": 100, "gtol": 1e-10, "xrtol": 1e-10, "eps": 1e-10, "duration": 0.09839987754821777, "fun": "0.4020399793421193", "jac": "[0.00000000e+00 0.00000000e+00 2.22044587e-06 2.22044587e-06\n 2.22044587e-06 0.00000000e+00]", "hess_inv": "[[  43.01972535   -7.80089028   43.07221471  -26.44740967 -135.92423533\n    85.57687959]\n [  -7.80089028    4.23861659   -6.63971186    5.73909262   21.46136913\n   -14.09074589]\n [  43.07221471   -6.63971186   44.55148038  -26.46900879 -138.82211782\n    86.84265616]\n [ -26.44740967    5.73909262  -26.46900879   17.74141111   81.59639338\n   -52.4118516 ]\n [-135.92423533   21.46136913 -138.82211782   81.59639338  440.14686081\n  -275.61600171]\n [  85.57687959  -14.09074589   86.84265616  -52.4118516  -275.61600171\n   174.13631856]]", "nfev": "572", "njev": "81", "status": "2", "success": "False", "message": "Desired error not necessarily achieved due to precision loss.", "x": "[7.84985461 3.23330578 4.11430365 6.81765513 2.62794232 2.1106109 ]", "nit": "31"}, "8": {"maxiter": 500, "gtol": 1e-05, "xrtol": 1e-05, "eps": 1e-05, "duration": 0.03615212440490723, "fun": "0.40203999238994437", "jac": "[-9.93487515e-06 -6.96189772e-06 -2.72493139e-06  3.91966459e-06\n -2.74315348e-05  1.61026192e-05]", "hess_inv": "[[ 4.13064005  0.85931203  0.7121821   2.06098398 -0.96932957  0.78157723]\n [ 0.85931203  7.09851837  0.52650851  2.74899945 -2.20720697 -1.01000191]\n [ 0.7121821   0.52650851  4.67284731  2.05887742 -0.46251712  0.02885687]\n [ 2.06098398  2.74899945  2.05887742  5.85334791 -0.88493698 -0.26340903]\n [-0.96932957 -2.20720697 -0.46251712 -0.88493698  2.08105297  0.42127672]\n [ 0.78157723 -1.01000191  0.02885687 -0.26340903  0.42127672  2.51823212]]", "nfev": "210", "njev": "30", "status": "0", "success": "True", "message": "Optimization terminated successfully.", "x": "[7.84980177 3.23320296 4.11426086 6.81758561 2.62736819 2.11118291]", "nit": "23"}, "9": {"maxiter": 500, "gtol": 1e-05, "xrtol": 1e-05, "eps": 1e-10, "duration": 0.037224769592285156, "fun": "0.40203998886380277", "jac": "[-5.55111466e-06 -6.66133760e-06 -1.11022293e-06  4.44089173e-06\n -2.33146816e-05  1.33226752e-05]", "hess_inv": "[[ 3.96791185  0.79602305  0.61686372  1.91940865 -0.81875652  0.60141841]\n [ 0.79602305  7.06392763  0.47652668  2.69946026 -2.22896667 -1.0034074 ]\n [ 0.61686372  0.47652668  4.5962404   2.03361604 -0.49239937  0.05518994]\n [ 1.91940865  2.69946026  2.03361604  5.8611882  -0.96430345 -0.18229499]\n [-0.81875652 -2.22896667 -0.49239937 -0.96430345  1.96109515  0.53216915]\n [ 0.60141841 -1.0034074   0.05518994 -0.18229499  0.53216915  2.42593041]]", "nfev": "210", "njev": "30", "status": "0", "success": "True", "message": "Optimization terminated successfully.", "x": "[7.84983087 3.23323355 4.11428604 6.81762019 2.62744635 2.11110866]", "nit": "23"}, "10": {"maxiter": 500, "gtol": 1e-05, "xrtol": 1e-10, "eps": 1e-05, "duration": 0.04233694076538086, "fun": "0.40203997936927427", "jac": "[-7.91777755e-07  6.89004409e-08  2.07167616e-07  4.11504164e-07\n  5.20672394e-07 -6.82787160e-08]", "hess_inv": "[[ 4.03454628  1.04326059  0.75764785  2.22378492  0.34253574 -0.52185906]\n [ 1.04326059  7.35526362  0.56664717  2.85764918 -0.58469283 -2.64307349]\n [ 0.75764785  0.56664717  4.69680567  2.0685668  -0.23013391 -0.20037966]\n [ 2.22378492  2.85764918  2.0685668   5.86771107 -0.25342409 -0.9056898 ]\n [ 0.34253574 -0.58469283 -0.23013391 -0.25342409 12.24227889 -9.82041305]\n [-0.52185906 -2.64307349 -0.20037966 -0.9056898  -9.82041305 12.84158048]]", "nfev": "245", "njev": "35", "status": "0", "success": "True", "message": "Optimization terminated successfully.", "x": "[7.84983713 3.23329226 4.11428862 6.81763331 2.62794514 2.11060797]", "nit": "28"}, "11": {"maxiter": 500, "gtol": 1e-05, "xrtol": 1e-10, "eps": 1e-10, "duration": 0.04128289222717285, "fun": "0.40203997946317416", "jac": "[-9.99200639e-06  1.11022293e-06  2.22044587e-06  1.11022293e-06\n  1.11022293e-06  1.11022293e-06]", "hess_inv": "[[ 2.29908472e+00  1.61385979e-01  3.46656896e-01  9.60713331e-01\n   1.81133460e-01 -1.09572272e-01]\n [ 1.61385979e-01  6.13387884e+00 -3.20035555e-01  1.58365341e+00\n   2.00991730e-03 -3.42961780e+00]\n [ 3.46656896e-01 -3.20035555e-01  3.20816163e+00  2.13991578e-01\n   1.08411596e-01 -7.83361142e-01]\n [ 9.60713331e-01  1.58365341e+00  2.13991578e-01  3.23902941e+00\n   3.33873181e-01 -1.63918739e+00]\n [ 1.81133460e-01  2.00991730e-03  1.08411596e-01  3.33873181e-01\n   1.34533494e+01 -1.10062784e+01]\n [-1.09572272e-01 -3.42961780e+00 -7.83361142e-01 -1.63918739e+00\n  -1.10062784e+01  1.38437480e+01]]", "nfev": "238", "njev": "34", "status": "0", "success": "True", "message": "Optimization terminated successfully.", "x": "[7.84982258 3.23330305 4.11430494 6.8176494  2.62793658 2.11062   ]", "nit": "27"}, "12": {"maxiter": 500, "gtol": 1e-10, "xrtol": 1e-05, "eps": 1e-05, "duration": 0.03796505928039551, "fun": "0.40203999238994437", "jac": "[-9.93487515e-06 -6.96189772e-06 -2.72493139e-06  3.91966459e-06\n -2.74315348e-05  1.61026192e-05]", "hess_inv": "[[ 4.13064005  0.85931203  0.7121821   2.06098398 -0.96932957  0.78157723]\n [ 0.85931203  7.09851837  0.52650851  2.74899945 -2.20720697 -1.01000191]\n [ 0.7121821   0.52650851  4.67284731  2.05887742 -0.46251712  0.02885687]\n [ 2.06098398  2.74899945  2.05887742  5.85334791 -0.88493698 -0.26340903]\n [-0.96932957 -2.20720697 -0.46251712 -0.88493698  2.08105297  0.42127672]\n [ 0.78157723 -1.01000191  0.02885687 -0.26340903  0.42127672  2.51823212]]", "nfev": "210", "njev": "30", "status": "0", "success": "True", "message": "Optimization terminated successfully.", "x": "[7.84980177 3.23320296 4.11426086 6.81758561 2.62736819 2.11118291]", "nit": "23"}, "13": {"maxiter": 500, "gtol": 1e-10, "xrtol": 1e-05, "eps": 1e-10, "duration": 0.0372011661529541, "fun": "0.40203998886380277", "jac": "[-5.55111466e-06 -6.66133760e-06 -1.11022293e-06  4.44089173e-06\n -2.33146816e-05  1.33226752e-05]", "hess_inv": "[[ 3.96791185  0.79602305  0.61686372  1.91940865 -0.81875652  0.60141841]\n [ 0.79602305  7.06392763  0.47652668  2.69946026 -2.22896667 -1.0034074 ]\n [ 0.61686372  0.47652668  4.5962404   2.03361604 -0.49239937  0.05518994]\n [ 1.91940865  2.69946026  2.03361604  5.8611882  -0.96430345 -0.18229499]\n [-0.81875652 -2.22896667 -0.49239937 -0.96430345  1.96109515  0.53216915]\n [ 0.60141841 -1.0034074   0.05518994 -0.18229499  0.53216915  2.42593041]]", "nfev": "210", "njev": "30", "status": "0", "success": "True", "message": "Optimization terminated successfully.", "x": "[7.84983087 3.23323355 4.11428604 6.81762019 2.62744635 2.11110866]", "nit": "23"}, "14": {"maxiter": 500, "gtol": 1e-10, "xrtol": 1e-10, "eps": 1e-05, "duration": 0.08066201210021973, "fun": "0.4020399793669246", "jac": "[-3.11972670e-09  1.40332190e-08  1.02362563e-08  3.43058915e-09\n  6.18616269e-08 -3.00981462e-08]", "hess_inv": "[[  4.09537299   0.94877314   0.68804881   2.13984504  -0.32045128\n    0.12118369]\n [  0.94877314   7.37699478   0.61576653   2.90526125  -0.39378413\n   -2.81517249]\n [  0.68804881   0.61576653   4.74860884   2.12555786   0.1326504\n   -0.54608581]\n [  2.13984504   2.90526125   2.12555786   5.92874722   0.10609343\n   -1.24574206]\n [ -0.32045128  -0.39378413   0.1326504    0.10609343  13.83965095\n  -11.28206325]\n [  0.12118369  -2.81517249  -0.54608581  -1.24574206 -11.28206325\n   14.1728635 ]]", "nfev": "466", "njev": "65", "status": "2", "success": "False", "message": "Desired error not necessarily achieved due to precision loss.", "x": "[7.84983945 3.23329137 4.11428725 6.81763191 2.62793806 2.11061455]", "nit": "29"}, "15": {"maxiter": 500, "gtol": 1e-10, "xrtol": 1e-10, "eps": 1e-10, "duration": 0.09764289855957031, "fun": "0.4020399793421193", "jac": "[0.00000000e+00 0.00000000e+00 2.22044587e-06 2.22044587e-06\n 2.22044587e-06 0.00000000e+00]", "hess_inv": "[[  43.01972535   -7.80089028   43.07221471  -26.44740967 -135.92423533\n    85.57687959]\n [  -7.80089028    4.23861659   -6.63971186    5.73909262   21.46136913\n   -14.09074589]\n [  43.07221471   -6.63971186   44.55148038  -26.46900879 -138.82211782\n    86.84265616]\n [ -26.44740967    5.73909262  -26.46900879   17.74141111   81.59639338\n   -52.4118516 ]\n [-135.92423533   21.46136913 -138.82211782   81.59639338  440.14686081\n  -275.61600171]\n [  85.57687959  -14.09074589   86.84265616  -52.4118516  -275.61600171\n   174.13631856]]", "nfev": "572", "njev": "81", "status": "2", "success": "False", "message": "Desired error not necessarily achieved due to precision loss.", "x": "[7.84985461 3.23330578 4.11430365 6.81765513 2.62794232 2.1106109 ]", "nit": "31"}, "16": {"maxiter": 1000, "gtol": 1e-05, "xrtol": 1e-05, "eps": 1e-05, "duration": 0.03628683090209961, "fun": "0.40203999238994437", "jac": "[-9.93487515e-06 -6.96189772e-06 -2.72493139e-06  3.91966459e-06\n -2.74315348e-05  1.61026192e-05]", "hess_inv": "[[ 4.13064005  0.85931203  0.7121821   2.06098398 -0.96932957  0.78157723]\n [ 0.85931203  7.09851837  0.52650851  2.74899945 -2.20720697 -1.01000191]\n [ 0.7121821   0.52650851  4.67284731  2.05887742 -0.46251712  0.02885687]\n [ 2.06098398  2.74899945  2.05887742  5.85334791 -0.88493698 -0.26340903]\n [-0.96932957 -2.20720697 -0.46251712 -0.88493698  2.08105297  0.42127672]\n [ 0.78157723 -1.01000191  0.02885687 -0.26340903  0.42127672  2.51823212]]", "nfev": "210", "njev": "30", "status": "0", "success": "True", "message": "Optimization terminated successfully.", "x": "[7.84980177 3.23320296 4.11426086 6.81758561 2.62736819 2.11118291]", "nit": "23"}, "17": {"maxiter": 1000, "gtol": 1e-05, "xrtol": 1e-05, "eps": 1e-10, "duration": 0.03628206253051758, "fun": "0.40203998886380277", "jac": "[-5.55111466e-06 -6.66133760e-06 -1.11022293e-06  4.44089173e-06\n -2.33146816e-05  1.33226752e-05]", "hess_inv": "[[ 3.96791185  0.79602305  0.61686372  1.91940865 -0.81875652  0.60141841]\n [ 0.79602305  7.06392763  0.47652668  2.69946026 -2.22896667 -1.0034074 ]\n [ 0.61686372  0.47652668  4.5962404   2.03361604 -0.49239937  0.05518994]\n [ 1.91940865  2.69946026  2.03361604  5.8611882  -0.96430345 -0.18229499]\n [-0.81875652 -2.22896667 -0.49239937 -0.96430345  1.96109515  0.53216915]\n [ 0.60141841 -1.0034074   0.05518994 -0.18229499  0.53216915  2.42593041]]", "nfev": "210", "njev": "30", "status": "0", "success": "True", "message": "Optimization terminated successfully.", "x": "[7.84983087 3.23323355 4.11428604 6.81762019 2.62744635 2.11110866]", "nit": "23"}, "18": {"maxiter": 1000, "gtol": 1e-05, "xrtol": 1e-10, "eps": 1e-05, "duration": 0.04240012168884277, "fun": "0.40203997936927427", "jac": "[-7.91777755e-07  6.89004409e-08  2.07167616e-07  4.11504164e-07\n  5.20672394e-07 -6.82787160e-08]", "hess_inv": "[[ 4.03454628  1.04326059  0.75764785  2.22378492  0.34253574 -0.52185906]\n [ 1.04326059  7.35526362  0.56664717  2.85764918 -0.58469283 -2.64307349]\n [ 0.75764785  0.56664717  4.69680567  2.0685668  -0.23013391 -0.20037966]\n [ 2.22378492  2.85764918  2.0685668   5.86771107 -0.25342409 -0.9056898 ]\n [ 0.34253574 -0.58469283 -0.23013391 -0.25342409 12.24227889 -9.82041305]\n [-0.52185906 -2.64307349 -0.20037966 -0.9056898  -9.82041305 12.84158048]]", "nfev": "245", "njev": "35", "status": "0", "success": "True", "message": "Optimization terminated successfully.", "x": "[7.84983713 3.23329226 4.11428862 6.81763331 2.62794514 2.11060797]", "nit": "28"}, "19": {"maxiter": 1000, "gtol": 1e-05, "xrtol": 1e-10, "eps": 1e-10, "duration": 0.04164385795593262, "fun": "0.40203997946317416", "jac": "[-9.99200639e-06  1.11022293e-06  2.22044587e-06  1.11022293e-06\n  1.11022293e-06  1.11022293e-06]", "hess_inv": "[[ 2.29908472e+00  1.61385979e-01  3.46656896e-01  9.60713331e-01\n   1.81133460e-01 -1.09572272e-01]\n [ 1.61385979e-01  6.13387884e+00 -3.20035555e-01  1.58365341e+00\n   2.00991730e-03 -3.42961780e+00]\n [ 3.46656896e-01 -3.20035555e-01  3.20816163e+00  2.13991578e-01\n   1.08411596e-01 -7.83361142e-01]\n [ 9.60713331e-01  1.58365341e+00  2.13991578e-01  3.23902941e+00\n   3.33873181e-01 -1.63918739e+00]\n [ 1.81133460e-01  2.00991730e-03  1.08411596e-01  3.33873181e-01\n   1.34533494e+01 -1.10062784e+01]\n [-1.09572272e-01 -3.42961780e+00 -7.83361142e-01 -1.63918739e+00\n  -1.10062784e+01  1.38437480e+01]]", "nfev": "238", "njev": "34", "status": "0", "success": "True", "message": "Optimization terminated successfully.", "x": "[7.84982258 3.23330305 4.11430494 6.8176494  2.62793658 2.11062   ]", "nit": "27"}, "20": {"maxiter": 1000, "gtol": 1e-10, "xrtol": 1e-05, "eps": 1e-05, "duration": 0.0372159481048584, "fun": "0.40203999238994437", "jac": "[-9.93487515e-06 -6.96189772e-06 -2.72493139e-06  3.91966459e-06\n -2.74315348e-05  1.61026192e-05]", "hess_inv": "[[ 4.13064005  0.85931203  0.7121821   2.06098398 -0.96932957  0.78157723]\n [ 0.85931203  7.09851837  0.52650851  2.74899945 -2.20720697 -1.01000191]\n [ 0.7121821   0.52650851  4.67284731  2.05887742 -0.46251712  0.02885687]\n [ 2.06098398  2.74899945  2.05887742  5.85334791 -0.88493698 -0.26340903]\n [-0.96932957 -2.20720697 -0.46251712 -0.88493698  2.08105297  0.42127672]\n [ 0.78157723 -1.01000191  0.02885687 -0.26340903  0.42127672  2.51823212]]", "nfev": "210", "njev": "30", "status": "0", "success": "True", "message": "Optimization terminated successfully.", "x": "[7.84980177 3.23320296 4.11426086 6.81758561 2.62736819 2.11118291]", "nit": "23"}, "21": {"maxiter": 1000, "gtol": 1e-10, "xrtol": 1e-05, "eps": 1e-10, "duration": 0.0368959903717041, "fun": "0.40203998886380277", "jac": "[-5.55111466e-06 -6.66133760e-06 -1.11022293e-06  4.44089173e-06\n -2.33146816e-05  1.33226752e-05]", "hess_inv": "[[ 3.96791185  0.79602305  0.61686372  1.91940865 -0.81875652  0.60141841]\n [ 0.79602305  7.06392763  0.47652668  2.69946026 -2.22896667 -1.0034074 ]\n [ 0.61686372  0.47652668  4.5962404   2.03361604 -0.49239937  0.05518994]\n [ 1.91940865  2.69946026  2.03361604  5.8611882  -0.96430345 -0.18229499]\n [-0.81875652 -2.22896667 -0.49239937 -0.96430345  1.96109515  0.53216915]\n [ 0.60141841 -1.0034074   0.05518994 -0.18229499  0.53216915  2.42593041]]", "nfev": "210", "njev": "30", "status": "0", "success": "True", "message": "Optimization terminated successfully.", "x": "[7.84983087 3.23323355 4.11428604 6.81762019 2.62744635 2.11110866]", "nit": "23"}, "22": {"maxiter": 1000, "gtol": 1e-10, "xrtol": 1e-10, "eps": 1e-05, "duration": 0.0827488899230957, "fun": "0.4020399793669246", "jac": "[-3.11972670e-09  1.40332190e-08  1.02362563e-08  3.43058915e-09\n  6.18616269e-08 -3.00981462e-08]", "hess_inv": "[[  4.09537299   0.94877314   0.68804881   2.13984504  -0.32045128\n    0.12118369]\n [  0.94877314   7.37699478   0.61576653   2.90526125  -0.39378413\n   -2.81517249]\n [  0.68804881   0.61576653   4.74860884   2.12555786   0.1326504\n   -0.54608581]\n [  2.13984504   2.90526125   2.12555786   5.92874722   0.10609343\n   -1.24574206]\n [ -0.32045128  -0.39378413   0.1326504    0.10609343  13.83965095\n  -11.28206325]\n [  0.12118369  -2.81517249  -0.54608581  -1.24574206 -11.28206325\n   14.1728635 ]]", "nfev": "466", "njev": "65", "status": "2", "success": "False", "message": "Desired error not necessarily achieved due to precision loss.", "x": "[7.84983945 3.23329137 4.11428725 6.81763191 2.62793806 2.11061455]", "nit": "29"}, "23": {"maxiter": 1000, "gtol": 1e-10, "xrtol": 1e-10, "eps": 1e-10, "duration": 0.10274171829223633, "fun": "0.4020399793421193", "jac": "[0.00000000e+00 0.00000000e+00 2.22044587e-06 2.22044587e-06\n 2.22044587e-06 0.00000000e+00]", "hess_inv": "[[  43.01972535   -7.80089028   43.07221471  -26.44740967 -135.92423533\n    85.57687959]\n [  -7.80089028    4.23861659   -6.63971186    5.73909262   21.46136913\n   -14.09074589]\n [  43.07221471   -6.63971186   44.55148038  -26.46900879 -138.82211782\n    86.84265616]\n [ -26.44740967    5.73909262  -26.46900879   17.74141111   81.59639338\n   -52.4118516 ]\n [-135.92423533   21.46136913 -138.82211782   81.59639338  440.14686081\n  -275.61600171]\n [  85.57687959  -14.09074589   86.84265616  -52.4118516  -275.61600171\n   174.13631856]]", "nfev": "572", "njev": "81", "status": "2", "success": "False", "message": "Desired error not necessarily achieved due to precision loss.", "x": "[7.84985461 3.23330578 4.11430365 6.81765513 2.62794232 2.1106109 ]", "nit": "31"}}, "cobyla": {"0": {"maxiter": 100, "tol": 1e-05, "catol": 1e-05, "duration": 0.016824007034301758, "x": "[7.84782686 3.2229955  4.10976393 6.80465045 2.65596093 2.09119632]", "status": "2", "success": "False", "message": "Maximum number of function evaluations has been exceeded.", "nfev": "100", "fun": "0.40208428177738076", "maxcv": "0.0"}, "1": {"maxiter": 100, "tol": 1e-05, "catol": 1e-10, "duration": 0.017119169235229492, "x": "[7.84782686 3.2229955  4.10976393 6.80465045 2.65596093 2.09119632]", "status": "2", "success": "False", "message": "Maximum number of function evaluations has been exceeded.", "nfev": "100", "fun": "0.40208428177738076", "maxcv": "0.0"}, "2": {"maxiter": 100, "tol": 1e-10, "catol": 1e-05, "duration": 0.017123937606811523, "x": "[7.84782686 3.2229955  4.10976393 6.80465045 2.65596093 2.09119632]", "status": "2", "success": "False", "message": "Maximum number of function evaluations has been exceeded.", "nfev": "100", "fun": "0.40208428177738076", "maxcv": "0.0"}, "3": {"maxiter": 100, "tol": 1e-10, "catol": 1e-10, "duration": 0.017433643341064453, "x": "[7.84782686 3.2229955  4.10976393 6.80465045 2.65596093 2.09119632]", "status": "2", "success": "False", "message": "Maximum number of function evaluations has been exceeded.", "nfev": "100", "fun": "0.40208428177738076", "maxcv": "0.0"}, "4": {"maxiter": 500, "tol": 1e-05, "catol": 1e-05, "duration": 0.04591226577758789, "x": "[7.8498521  3.23330683 4.11429643 6.81766223 2.62799077 2.11055609]", "status": "1", "success": "True", "message": "Optimization terminated successfully.", "nfev": "265", "fun": "0.4020399794807402", "maxcv": "0.0"}, "5": {"maxiter": 500, "tol": 1e-05, "catol": 1e-10, "duration": 0.045964717864990234, "x": "[7.8498521  3.23330683 4.11429643 6.81766223 2.62799077 2.11055609]", "status": "1", "success": "True", "message": "Optimization terminated successfully.", "nfev": "265", "fun": "0.4020399794807402", "maxcv": "0.0"}, "6": {"maxiter": 500, "tol": 1e-10, "catol": 1e-05, "duration": 0.0811011791229248, "x": "[7.84985036 3.23330141 4.1142974  6.8176476  2.62793926 2.11061511]", "status": "1", "success": "True", "message": "Optimization terminated successfully.", "nfev": "471", "fun": "0.4020399793349224", "maxcv": "0.0"}, "7": {"maxiter": 500, "tol": 1e-10, "catol": 1e-10, "duration": 0.08115506172180176, "x": "[7.84985036 3.23330141 4.1142974  6.8176476  2.62793926 2.11061511]", "status": "1", "success": "True", "message": "Optimization terminated successfully.", "nfev": "471", "fun": "0.4020399793349224", "maxcv": "0.0"}, "8": {"maxiter": 1000, "tol": 1e-05, "catol": 1e-05, "duration": 0.04622006416320801, "x": "[7.8498521  3.23330683 4.11429643 6.81766223 2.62799077 2.11055609]", "status": "1", "success": "True", "message": "Optimization terminated successfully.", "nfev": "265", "fun": "0.4020399794807402", "maxcv": "0.0"}, "9": {"maxiter": 1000, "tol": 1e-05, "catol": 1e-10, "duration": 0.045747995376586914, "x": "[7.8498521  3.23330683 4.11429643 6.81766223 2.62799077 2.11055609]", "status": "1", "success": "True", "message": "Optimization terminated successfully.", "nfev": "265", "fun": "0.4020399794807402", "maxcv": "0.0"}, "10": {"maxiter": 1000, "tol": 1e-10, "catol": 1e-05, "duration": 0.08081769943237305, "x": "[7.84985036 3.23330141 4.1142974  6.8176476  2.62793926 2.11061511]", "status": "1", "success": "True", "message": "Optimization terminated successfully.", "nfev": "471", "fun": "0.4020399793349224", "maxcv": "0.0"}, "11": {"maxiter": 1000, "tol": 1e-10, "catol": 1e-10, "duration": 0.08219289779663086, "x": "[7.84985036 3.23330141 4.1142974  6.8176476  2.62793926 2.11061511]", "status": "1", "success": "True", "message": "Optimization terminated successfully.", "nfev": "471", "fun": "0.4020399793349224", "maxcv": "0.0"}}, "dual_annealing_0": {"type": "gradient-free", "0": {"maxiter": 100, "duration": 0.23635196685791016, "success": "True", "status": "0", "x": "[1.56666282 3.23329762 4.11429913 0.53446121 2.62793033 2.11062365]", "fun": "0.4020399793398496", "nit": "100", "nfev": "1299", "njev": "14", "nhev": "0", "message": "['Maximum number of iteration reached']"}, "1": {"maxiter": 500, "duration": 1.1169211864471436, "success": "True", "status": "0", "x": "[1.56666424 3.23330503 4.11430013 0.53446305 2.62793727 2.11061466]", "fun": "0.4020399793369832", "nit": "500", "nfev": "6183", "njev": "26", "nhev": "0", "message": "['Maximum number of iteration reached']"}, "2": {"maxiter": 1000, "duration": 2.1771602630615234, "success": "True", "status": "0", "x": "[1.5666636  3.23324253 4.11429392 5.74874057 5.76956139 5.25220551]", "fun": "0.40203997960918414", "nit": "1000", "nfev": "12239", "njev": "34", "nhev": "0", "message": "['Maximum number of iteration reached']"}, "bounds": [[0.0, 6.283185307179586], [0.0, 6.283185307179586], [0.0, 6.283185307179586], [0.0, 6.283185307179586], [0.0, 6.283185307179586], [0.0, 6.283185307179586]]}, "dual_annealing_1": {"type": "gradient-free", "0": {"maxiter": 100, "duration": 0.2533392906188965, "success": "True", "status": "0", "x": "[7.84985272 3.23330581 4.11429292 6.81764202 2.62793359 2.11061746]", "fun": "0.40203997934599134", "nit": "100", "nfev": "1439", "njev": "34", "nhev": "0", "message": "['Maximum number of iteration reached']"}, "1": {"maxiter": 500, "duration": 1.1349787712097168, "success": "True", "status": "0", "x": "[4.71651756 6.374899   0.97270934 0.53446996 8.91113331 2.11060147]", "fun": "0.4020399793459667", "nit": "500", "nfev": "6204", "njev": "29", "nhev": "0", "message": "['Maximum number of iteration reached']"}, "2": {"maxiter": 1000, "duration": 2.201408863067627, "success": "True", "status": "0", "x": "[7.84984153 3.23327627 4.11427794 6.81761154 2.62791911 2.11065201]", "fun": "0.4020399794855595", "nit": "1000", "nfev": "12099", "njev": "14", "nhev": "0", "message": "['Maximum number of iteration reached']"}, "bounds": [[0.0, 9.42477796076938], [0.0, 9.42477796076938], [0.0, 9.42477796076938], [0.0, 9.42477796076938], [0.0, 9.42477796076938], [0.0, 9.42477796076938]]}, "dual_annealing_2": {"type": "gradient-free", "0": {"maxiter": 100, "duration": 0.26373291015625, "success": "True", "status": "0", "x": "[10.99971577  0.09168481  0.97272637  6.81763189  8.91111596  2.11064323]", "fun": "0.4020399794845969", "nit": "100", "nfev": "1313", "njev": "16", "nhev": "0", "message": "['Maximum number of iteration reached']"}, "1": {"maxiter": 500, "duration": 1.131150722503662, "success": "True", "status": "0", "x": "[ 1.56667169  3.23321535 10.39745962  5.74875181  5.76955829  5.2522624 ]", "fun": "0.40203998011945663", "nit": "500", "nfev": "6183", "njev": "26", "nhev": "0", "message": "['Maximum number of iteration reached']"}, "2": {"maxiter": 1000, "duration": 2.2314791679382324, "success": "True", "status": "0", "x": "[ 7.84986576  3.23329637  4.11426541  5.74874571  5.76954947 11.53540139]", "fun": "0.4020399795920573", "nit": "1000", "nfev": "12232", "njev": "33", "nhev": "0", "message": "['Maximum number of iteration reached']"}, "bounds": [[0.0, 12.566370614359172], [0.0, 12.566370614359172], [0.0, 12.566370614359172], [0.0, 12.566370614359172], [0.0, 12.566370614359172], [0.0, 12.566370614359172]]}, "dual_annealing_3": {"type": "gradient-free", "0": {"maxiter": 100, "duration": 0.24630403518676758, "success": "True", "status": "0", "x": 